92;2;2;10,00293;100
92;2;2;10,00293;100
92;2;2;10,33594;100
92;2;2;10,33594;100
92;2;2;10,33594;100
92;2;2;10,33594;100
92;2;2;10,33594;100
92;2;2;10,33594;100
92;2;2;10,33594;100
92;2;2;10,33594;100
92;2;2;10,33594;100
92;2;2;10,33594;100
92;2;2;10,33594;100
92;2;2;10,33594;100
92;2;2;10,33594;100
92;2;2;10,33594;100
92;2;2;10,66895;100
92;2;2;10,66895;100
92;2;2;10,66895;100
92;2;2;10,66895;100
92;2;2;10,66895;100
92;2;2;10,66895;100
92;2;2;10,66895;100
92;2;2;10,66895;100
92;2;2;10,66895;100
92;2;2;10,66895;100
92;2;2;11,00195;100
92;2;2;11,00195;100
92;3;15;11,00195;100
92;2;2;11,00195;100
92;2;2;11,00195;100
92;2;2;11,00195;100
92;2;2;11,00195;100
92;2;2;11,00195;100
92;2;2;11,00195;100
92;2;2;11,00195;100
92;2;2;11,00195;100
92;2;2;11,00195;100
92;2;2;11,33496;100
92;2;2;11,33496;100
92;2;2;11,33496;100
92;2;2;11,33496;100
92;2;2;11,33496;100
92;2;2;11,33496;100
92;2;2;11,33496;100
92;2;2;11,33496;100
92;2;2;11,66797;100
92;2;2;11,66797;100
92;2;2;11,66797;100
92;2;2;11,66797;100
92;3;15;11,66797;100
92;2;2;11,66797;100
92;3;15;11,66797;100
92;2;2;11,66797;100
92;2;2;11,66797;100
92;2;2;11,66797;100
92;2;2;11,66797;100
92;2;2;11,66797;100
92;2;2;11,66797;100
92;2;2;11,66797;100
92;2;2;11,66797;100
92;2;2;11,66797;100
92;2;2;12,00098;100
92;2;2;12,00098;100
92;2;2;12,00098;100
92;2;2;12,00098;100
92;2;2;12,00098;100
92;2;2;12,00098;100
92;2;2;12,00098;100
92;2;2;12,00098;100
92;2;2;12,00098;100
92;2;2;12,00098;100
92;2;2;12,00098;100
92;2;2;12,00098;100
92;2;2;12,00098;100
92;2;2;12,33398;100
92;2;2;12,33398;100
92;2;2;12,33398;100
92;2;2;12,33398;100
92;2;2;12,33398;100
92;2;2;12,33398;100
92;2;2;12,33398;100
92;2;2;12,33398;100
92;2;2;12,33398;100
92;3;15;12,33398;100
92;3;15;12,66699;100
92;2;2;12,66699;100
92;2;2;12,66699;100
92;2;2;12,66699;100
92;3;15;12,66699;100
92;2;2;12,66699;100
92;2;2;12,66699;100
92;2;2;12,66699;100
92;2;2;12,66699;100
92;2;2;12,66699;100
92;2;2;12,66699;100
92;2;2;12,66699;100
92;2;2;12,66699;100
92;2;2;12,66699;100
92;3;15;12,66699;100
92;2;2;12,66699;100
92;2;2;13;100
92;2;2;13;100
92;2;2;13;100
92;2;2;13;100
92;2;2;13;100
92;2;2;13;100
92;2;2;13;100
92;2;2;13;100
92;2;2;13;100
92;2;2;13;100
92;2;2;13;100
92;2;2;13;100
92;2;2;13,33301;100
92;2;2;13,33301;100
92;3;15;13,33301;100
92;2;2;13,33301;100
92;2;2;13,33301;100
92;2;2;13,33301;100
92;2;2;13,33301;100
92;2;2;13,33301;100
92;2;2;13,33301;100
92;2;2;13,33301;100
92;2;2;13,33301;100
92;2;2;13,33301;100
92;2;2;13,66602;100
92;2;2;13,66602;100
92;3;15;13,66602;100
92;2;2;13,66602;100
92;2;2;13,66602;100
92;2;2;13,66602;100
92;3;15;13,66602;100
92;3;15;13,66602;100
92;2;2;13,66602;100
92;2;2;13,66602;100
92;2;2;13,66602;100
92;2;2;13,66602;100
92;2;2;13,99902;100
92;2;2;13,99902;100
92;2;2;13,99902;100
92;2;2;13,99902;100
92;2;2;13,99902;100
92;2;2;13,99902;100
92;2;2;13,99902;100
92;2;2;13,99902;100
92;2;2;13,99902;100
92;2;2;13,99902;100
92;2;2;13,99902;100
92;2;2;13,99902;100
92;3;15;13,99902;100
92;2;2;13,99902;100
92;2;2;13,99902;100
92;3;15;13,99902;100
92;2;2;14,33203;100
92;2;2;14,33203;100
92;2;2;14,33203;100
92;2;2;14,33203;100
92;3;15;14,33203;100
92;2;2;14,33203;100
92;2;2;14,33203;100
92;3;15;14,33203;100
92;3;15;14,33203;100
92;2;2;14,33203;100
92;2;2;14,33203;100
92;2;2;14,33203;100
92;2;2;14,33203;100
92;2;2;14,66504;100
92;3;15;14,66504;100
92;2;2;14,66504;100
92;2;2;14,66504;100
92;3;15;14,66504;100
92;3;15;14,66504;100
92;3;15;14,66504;100
92;2;2;14,66504;100
92;2;2;14,66504;100
92;2;2;14,66504;100
92;2;2;14,66504;100
92;2;2;14,66504;100
92;2;2;14,66504;100
92;2;2;14,66504;100
92;3;15;14,66504;100
92;2;2;14,99805;100
92;2;2;14,99805;100
92;2;2;14,99805;100
92;2;2;14,99805;100
92;2;2;14,99805;100
92;2;2;14,99805;100
92;3;15;14,99805;100
92;3;15;14,99805;100
92;2;2;14,99805;100
92;3;15;14,99805;100
92;2;2;14,99805;100
92;2;2;14,99805;100
92;2;2;14,99805;100
92;2;2;15,33105;100
92;2;2;15,33105;100
92;2;2;15,33105;100
92;3;15;15,33105;100
92;2;2;15,33105;100
92;2;2;15,33105;100
92;2;2;15,33105;100
92;2;2;15,33105;100
92;2;2;15,33105;100
92;2;2;15,33105;100
92;3;15;15,33105;100
92;2;2;15,33105;100
92;2;2;15,33105;100
92;3;15;15,66406;100
92;2;2;15,66406;100
92;2;2;15,66406;100
92;2;2;15,66406;100
92;3;15;15,66406;100
92;3;15;15,66406;100
92;2;2;15,66406;100
92;2;2;15,66406;100
92;2;2;15,66406;100
92;3;15;15,66406;100
92;3;15;15,66406;100
92;2;2;15,66406;100
92;2;2;15,66406;100
92;2;2;15,66406;100
92;2;2;15,66406;100
92;2;2;15,99707;100
92;2;2;15,99707;100
92;2;2;15,99707;100
92;2;2;15,99707;100
92;2;2;15,99707;100
92;3;15;15,99707;85
92;2;2;15,99707;85
92;2;2;15,99707;85
92;2;2;15,99707;85
92;2;2;15,99707;85
92;2;2;15,99707;85
92;2;2;15,99707;85
92;3;15;15,99707;70
92;2;2;15,99707;70
92;2;2;15,99707;70
92;3;15;15,99707;55
92;2;2;16,33008;55
92;2;2;16,33008;55
92;2;2;16,33008;55
92;2;2;16,33008;55
92;2;2;16,33008;55
92;2;2;16,33008;55
92;2;2;16,33008;55
92;2;2;16,33008;55
92;2;2;16,33008;55
92;2;2;16,33008;55
92;2;2;16,33008;55
92;2;2;16,33008;55
92;2;2;16,33008;55
92;2;2;16,33008;55
92;2;2;16,33008;55
92;2;2;16,33008;55
92;2;2;16,66309;55
92;2;2;16,66309;53
84;2;2;16,66309;51
76;2;2;16,66309;49
68;2;2;16,66309;47
60;3;15;16,66309;32
52;2;2;16,66309;30
36;2;2;16,66309;28
12;3;15;16,66309;13
-4;3;15;16,66309;-2
Player