92;2;2;9,891602;100
92;2;2;9,891602;100
92;2;2;10,22461;100
92;2;2;10,22461;100
92;2;2;10,22461;100
92;2;2;10,22461;100
92;2;2;10,22461;100
92;2;2;10,22461;100
92;2;2;10,22461;100
92;2;2;10,22461;100
92;2;2;10,22461;100
92;2;2;10,22461;100
92;2;2;10,22461;100
92;2;2;10,22461;100
92;2;2;10,22461;100
92;2;2;10,22461;100
92;2;2;10,22461;100
92;2;2;10,55762;100
92;2;2;10,55762;100
92;2;2;10,55762;100
92;2;2;10,55762;100
92;2;2;10,55762;100
92;2;2;10,55762;100
92;3;15;10,55762;100
92;2;2;10,55762;100
92;2;2;10,55762;100
92;2;2;10,55762;100
92;2;2;10,55762;100
92;2;2;10,55762;100
92;2;2;10,89063;100
92;2;2;10,89063;100
92;2;2;10,89063;100
92;2;2;10,89063;100
92;2;2;10,89063;100
92;2;2;10,89063;100
92;2;2;10,89063;100
92;2;2;10,89063;100
92;2;2;10,89063;100
92;2;2;10,89063;100
92;2;2;10,89063;100
92;2;2;10,89063;100
92;2;2;10,89063;100
92;2;2;10,89063;100
92;2;2;11,22363;100
92;2;2;11,22363;100
92;2;2;11,22363;100
92;2;2;11,22363;100
92;2;2;11,22363;100
92;2;2;11,22363;100
92;2;2;11,22363;100
92;2;2;11,22363;100
92;2;2;11,22363;100
92;2;2;11,22363;100
92;2;2;11,22363;100
92;2;2;11,22363;100
92;2;2;11,22363;100
92;2;2;11,55664;100
92;2;2;11,55664;100
92;2;2;11,55664;100
92;2;2;11,55664;100
92;2;2;11,55664;100
92;2;2;11,55664;100
92;2;2;11,55664;100
92;2;2;11,55664;100
92;2;2;11,55664;100
92;2;2;11,55664;100
92;2;2;11,55664;100
92;2;2;11,55664;100
92;2;2;11,55664;100
92;2;2;11,55664;100
92;2;2;11,88965;100
92;2;2;11,88965;100
92;2;2;11,88965;100
92;2;2;11,88965;100
92;2;2;11,88965;100
92;2;2;11,88965;100
92;2;2;11,88965;100
92;2;2;11,88965;100
92;2;2;11,88965;100
92;2;2;11,88965;100
92;2;2;11,88965;100
92;2;2;11,88965;100
92;2;2;12,22266;100
92;2;2;12,22266;100
92;2;2;12,22266;100
92;2;2;12,22266;100
92;2;2;12,22266;100
92;2;2;12,22266;100
92;2;2;12,22266;100
92;2;2;12,22266;100
92;2;2;12,22266;100
92;2;2;12,22266;100
92;2;2;12,22266;100
92;2;2;12,22266;100
92;2;2;12,22266;100
92;2;2;12,55566;100
92;2;2;12,55566;100
92;2;2;12,55566;100
92;2;2;12,55566;100
92;2;2;12,55566;100
92;2;2;12,55566;100
92;2;2;12,55566;100
92;2;2;12,55566;100
92;2;2;12,55566;100
92;2;2;12,55566;100
92;2;2;12,55566;100
92;2;2;12,55566;100
92;2;2;12,55566;100
92;2;2;12,55566;100
92;2;2;12,55566;100
92;2;2;12,55566;100
92;2;2;12,88867;100
92;2;2;12,88867;100
92;3;15;12,88867;100
92;2;2;12,88867;100
92;2;2;12,88867;100
92;2;2;12,88867;100
92;2;2;12,88867;100
92;2;2;12,88867;100
92;2;2;12,88867;100
92;2;2;12,88867;100
92;2;2;12,88867;100
92;3;15;12,88867;100
92;2;2;12,88867;100
92;2;2;12,88867;100
92;2;2;12,88867;100
92;2;2;12,88867;100
92;2;2;13,22168;100
92;2;2;13,22168;100
92;2;2;13,22168;100
92;2;2;13,22168;100
92;2;2;13,22168;100
92;2;2;13,22168;100
92;2;2;13,22168;100
92;3;15;13,22168;100
92;2;2;13,22168;100
92;2;2;13,22168;100
92;2;2;13,22168;100
92;2;2;13,22168;100
92;2;2;13,22168;100
92;2;2;13,22168;100
92;2;2;13,55469;100
92;2;2;13,55469;100
92;2;2;13,55469;100
92;2;2;13,55469;100
92;2;2;13,55469;100
92;2;2;13,55469;100
92;2;2;13,55469;100
92;2;2;13,55469;100
92;2;2;13,55469;100
92;2;2;13,55469;100
92;2;2;13,55469;100
92;3;15;13,55469;100
92;2;2;13,55469;100
92;2;2;13,55469;100
92;2;2;13,55469;100
92;2;2;13,8877;100
92;2;2;13,8877;100
92;2;2;13,8877;100
92;2;2;13,8877;100
92;2;2;13,8877;100
92;2;2;13,8877;100
92;2;2;13,8877;100
92;2;2;13,8877;100
92;2;2;13,8877;100
92;2;2;13,8877;100
92;2;2;13,8877;100
92;2;2;13,8877;100
92;2;2;13,8877;100
92;2;2;13,8877;100
92;2;2;14,2207;100
92;2;2;14,2207;100
92;2;2;14,2207;100
92;3;15;14,2207;100
92;2;2;14,2207;100
92;2;2;14,2207;100
92;2;2;14,2207;100
92;2;2;14,2207;100
92;2;2;14,2207;100
92;2;2;14,2207;100
92;2;2;14,2207;100
92;2;2;14,2207;100
92;2;2;14,2207;100
92;2;2;14,2207;100
92;3;15;14,55371;100
92;2;2;14,55371;100
92;2;2;14,55371;100
92;2;2;14,55371;100
92;2;2;14,55371;100
92;2;2;14,55371;100
92;2;2;14,55371;100
92;2;2;14,55371;100
92;2;2;14,55371;100
92;3;15;14,55371;100
92;3;15;14,55371;100
92;3;15;14,55371;100
92;2;2;14,55371;100
92;3;15;14,88672;100
92;2;2;14,88672;100
92;2;2;14,88672;100
92;2;2;14,88672;100
92;3;15;14,88672;100
92;2;2;14,88672;100
92;2;2;14,88672;100
92;2;2;14,88672;100
92;2;2;14,88672;100
92;2;2;14,88672;100
92;2;2;14,88672;100
92;2;2;14,88672;100
92;3;15;14,88672;100
92;2;2;15,21973;100
92;2;2;15,21973;100
92;2;2;15,21973;100
92;2;2;15,21973;100
92;3;15;15,21973;100
92;3;15;15,21973;100
92;2;2;15,21973;100
92;2;2;15,21973;100
92;2;2;15,21973;100
92;3;15;15,21973;100
92;2;2;15,21973;100
92;2;2;15,21973;100
92;2;2;15,21973;100
92;3;15;15,21973;100
92;2;2;15,55273;100
92;2;2;15,55273;100
92;2;2;15,55273;100
92;2;2;15,55273;100
92;3;15;15,55273;100
92;2;2;15,55273;100
92;3;15;15,55273;100
92;2;2;15,55273;100
92;2;2;15,55273;100
92;2;2;15,55273;100
92;2;2;15,55273;100
92;3;15;15,55273;100
92;2;2;15,55273;100
92;2;2;15,88574;100
92;3;15;15,88574;85
92;2;2;15,88574;85
92;2;2;15,88574;85
92;3;15;15,88574;70
92;2;2;15,88574;70
92;2;2;15,88574;70
92;2;2;15,88574;70
92;2;2;15,88574;70
92;2;2;15,88574;70
92;2;2;15,88574;70
92;2;2;15,88574;70
92;2;2;15,88574;70
92;2;2;15,88574;70
92;2;2;15,88574;70
92;2;2;15,88574;70
92;2;2;15,88574;70
92;2;2;16,21875;70
92;2;2;16,21875;70
92;2;2;16,21875;70
92;2;2;16,21875;70
92;2;2;16,21875;70
92;2;2;16,21875;70
92;2;2;16,21875;70
92;2;2;16,21875;70
92;2;2;16,21875;70
92;2;2;16,21875;70
92;3;15;16,21875;55
92;2;2;16,21875;55
92;2;2;16,21875;55
92;2;2;16,21875;55
92;2;2;16,21875;55
92;2;2;16,21875;55
92;2;2;16,55176;55
92;2;2;16,55176;53
84;2;2;16,55176;51
76;2;2;16,55176;49
68;2;2;16,55176;47
60;2;2;16,55176;45
52;2;2;16,55176;43
44;3;15;16,55176;28
36;2;2;16,55176;26
20;3;15;16,55176;11
12;2;2;16,55176;9
-4;3;15;16,55176;-6
Player