92;2;2;12,47559;100
92;2;2;12,80859;100
92;2;2;12,80859;100
92;2;2;12,80859;100
92;2;2;12,80859;100
92;2;2;12,80859;100
92;2;2;12,80859;100
92;2;2;12,80859;100
92;2;2;12,80859;100
92;2;2;12,80859;100
92;2;2;12,80859;100
92;2;2;12,80859;100
92;3;15;12,80859;100
92;2;2;12,80859;100
92;3;15;13,1416;100
92;2;2;13,1416;100
92;2;2;13,1416;100
92;2;2;13,1416;100
92;2;2;13,1416;100
92;2;2;13,1416;100
92;2;2;13,1416;100
92;2;2;13,1416;100
92;2;2;13,1416;100
92;2;2;13,1416;100
92;2;2;13,1416;100
92;2;2;13,1416;100
92;2;2;13,1416;100
92;2;2;13,47461;100
92;2;2;13,47461;100
92;2;2;13,47461;100
92;2;2;13,47461;100
92;2;2;13,47461;100
92;2;2;13,47461;100
92;2;2;13,47461;100
92;2;2;13,47461;100
92;2;2;13,47461;100
92;2;2;13,47461;100
92;2;2;13,47461;100
92;2;2;13,47461;100
92;2;2;13,47461;100
92;2;2;13,80762;100
92;2;2;13,80762;100
92;2;2;13,80762;100
92;2;2;13,80762;100
92;2;2;13,80762;100
92;2;2;13,80762;100
92;2;2;13,80762;100
92;2;2;13,80762;100
92;2;2;13,80762;100
92;2;2;13,80762;100
92;2;2;13,80762;100
92;2;2;13,80762;100
92;2;2;13,80762;100
92;2;2;13,80762;100
92;2;2;14,14063;100
92;2;2;14,14063;100
92;2;2;14,14063;100
92;2;2;14,14063;100
92;2;2;14,14063;100
92;2;2;14,14063;100
92;2;2;14,14063;100
92;2;2;14,14063;100
92;2;2;14,14063;100
92;2;2;14,14063;100
92;2;2;14,14063;100
92;2;2;14,14063;100
92;2;2;14,47363;100
92;2;2;14,47363;100
92;2;2;14,47363;100
92;3;15;14,47363;100
92;2;2;14,47363;100
92;2;2;14,47363;100
92;2;2;14,47363;100
92;2;2;14,47363;100
92;2;2;14,47363;100
92;2;2;14,47363;100
92;2;2;14,47363;100
92;2;2;14,47363;100
92;2;2;14,47363;100
92;2;2;14,80664;100
92;2;2;14,80664;100
92;2;2;14,80664;100
92;2;2;14,80664;100
92;2;2;14,80664;100
92;2;2;14,80664;100
92;2;2;14,80664;100
92;2;2;14,80664;100
92;2;2;14,80664;100
92;2;2;14,80664;100
92;2;2;14,80664;100
92;2;2;14,80664;100
92;2;2;14,80664;100
92;2;2;14,80664;100
92;2;2;14,80664;100
92;2;2;15,13965;100
92;2;2;15,13965;100
92;2;2;15,13965;100
92;2;2;15,13965;100
92;2;2;15,13965;100
92;2;2;15,13965;100
92;2;2;15,13965;100
92;2;2;15,13965;100
92;2;2;15,13965;100
92;2;2;15,13965;100
92;2;2;15,13965;100
92;2;2;15,13965;100
92;2;2;15,13965;100
92;2;2;15,13965;100
92;2;2;15,13965;100
92;2;2;15,13965;100
92;2;2;15,47266;100
92;2;2;15,47266;100
92;2;2;15,47266;100
92;2;2;15,47266;100
92;2;2;15,47266;100
92;2;2;15,47266;100
92;2;2;15,47266;100
92;2;2;15,47266;100
92;2;2;15,47266;100
92;2;2;15,47266;100
92;2;2;15,47266;100
92;2;2;15,47266;100
92;2;2;15,47266;100
92;3;15;15,47266;100
92;2;2;15,47266;100
92;2;2;15,80566;100
92;2;2;15,80566;100
92;2;2;15,80566;100
92;2;2;15,80566;100
92;2;2;15,80566;100
92;2;2;15,80566;100
92;2;2;15,80566;100
92;2;2;15,80566;100
92;2;2;15,80566;100
92;2;2;15,80566;100
92;2;2;15,80566;100
92;2;2;15,80566;100
92;2;2;15,80566;100
92;2;2;15,80566;100
92;2;2;16,13867;100
92;2;2;16,13867;100
92;2;2;16,13867;100
92;2;2;16,13867;100
92;2;2;16,13867;100
92;2;2;16,13867;100
92;3;15;16,13867;100
92;2;2;16,13867;100
92;2;2;16,13867;100
92;2;2;16,13867;100
92;3;15;16,13867;100
92;2;2;16,13867;100
92;3;15;16,13867;100
92;2;2;16,13867;100
92;2;2;16,47168;100
92;3;15;16,47168;100
92;2;2;16,47168;100
92;2;2;16,47168;100
92;2;2;16,47168;100
92;2;2;16,47168;100
92;2;2;16,47168;100
92;2;2;16,47168;100
92;2;2;16,47168;100
92;2;2;16,47168;100
92;2;2;16,47168;100
92;2;2;16,47168;100
92;2;2;16,47168;100
92;2;2;16,47168;100
92;2;2;16,47168;100
92;2;2;16,80469;100
92;2;2;16,80469;100
92;3;15;16,80469;100
92;2;2;16,80469;100
92;3;15;16,80469;100
92;3;15;16,80469;100
92;2;2;16,80469;100
92;3;15;16,80469;100
92;3;15;16,80469;100
92;2;2;16,80469;100
92;2;2;16,80469;100
92;2;2;16,80469;100
92;2;2;16,80469;100
92;2;2;16,80469;100
92;2;2;17,1377;100
92;2;2;17,1377;100
92;2;2;17,1377;100
92;2;2;17,1377;100
92;3;15;17,1377;100
92;2;2;17,1377;100
92;2;2;17,1377;100
92;2;2;17,1377;100
92;2;2;17,1377;100
92;2;2;17,1377;100
92;2;2;17,4707;100
92;3;15;17,4707;100
92;2;2;17,4707;100
92;2;2;17,4707;100
92;2;2;17,4707;100
92;2;2;17,4707;100
92;3;15;17,4707;100
92;2;2;17,4707;100
92;2;2;17,4707;100
92;2;2;17,4707;100
92;3;15;17,4707;100
92;2;2;17,4707;100
92;2;2;17,4707;100
92;2;2;17,4707;100
92;2;2;17,4707;100
92;2;2;17,80371;100
92;3;15;17,80371;100
92;2;2;17,80371;100
92;2;2;17,80371;100
92;2;2;17,80371;100
92;2;2;17,80371;100
92;3;15;17,80371;100
92;2;2;17,80371;100
92;3;15;17,80371;100
92;2;2;17,80371;100
92;3;15;17,80371;100
92;2;2;17,80371;100
92;3;15;17,80371;100
92;3;15;17,80371;100
92;2;2;18,13672;100
92;3;15;18,13672;100
92;2;2;18,13672;100
92;2;2;18,13672;100
92;2;2;18,13672;100
92;2;2;18,13672;100
92;2;2;18,13672;100
92;2;2;18,13672;100
92;2;2;18,13672;100
92;2;2;18,13672;100
92;2;2;18,13672;100
92;2;2;18,13672;100
92;2;2;18,13672;100
92;2;2;18,13672;100
92;3;15;18,13672;100
92;2;2;18,46973;100
92;3;15;18,46973;85
92;3;15;18,46973;70
92;2;2;18,46973;70
92;2;2;18,46973;70
92;2;2;18,46973;70
92;2;2;18,46973;70
92;2;2;18,46973;70
92;2;2;18,46973;70
92;2;2;18,46973;70
92;3;15;18,46973;55
92;2;2;18,46973;55
92;2;2;18,46973;55
92;2;2;18,46973;55
92;2;2;18,46973;55
92;2;2;18,46973;55
92;3;15;18,80273;40
92;2;2;18,80273;40
92;3;15;18,80273;25
92;2;2;18,80273;25
92;3;15;18,80273;10
92;2;2;18,80273;10
92;2;2;18,80273;10
60;2;2;19,13574;8
4;2;2;19,13574;6
-4;3;15;19,13574;-9
Player