92;2;2;34,58105;100
92;2;2;34,58105;100
92;2;2;34,58105;100
92;2;2;34,58105;100
92;2;2;34,91406;100
92;2;2;34,91406;100
92;2;2;34,91406;100
92;2;2;34,91406;100
92;2;2;34,91406;100
92;2;2;34,91406;100
92;2;2;34,91406;100
92;2;2;34,91406;100
92;2;2;34,91406;100
92;2;2;34,91406;100
92;2;2;34,91406;100
92;2;2;34,91406;100
92;2;2;34,91406;100
92;2;2;35,24707;100
92;2;2;35,24707;100
92;2;2;35,24707;100
92;2;2;35,24707;100
92;2;2;35,24707;100
92;2;2;35,24707;100
92;2;2;35,24707;100
92;2;2;35,24707;100
92;2;2;35,24707;100
92;2;2;35,24707;100
92;2;2;35,24707;100
92;2;2;35,24707;100
92;2;2;35,24707;100
92;2;2;35,24707;100
92;2;2;35,58008;100
92;2;2;35,58008;100
92;2;2;35,58008;100
92;2;2;35,58008;100
92;2;2;35,58008;100
92;2;2;35,58008;100
92;2;2;35,58008;100
92;2;2;35,58008;100
92;2;2;35,58008;100
92;2;2;35,58008;100
92;2;2;35,58008;100
92;2;2;35,58008;100
92;2;2;35,58008;100
92;2;2;35,58008;100
92;2;2;35,91309;100
92;2;2;35,91309;100
92;2;2;35,91309;100
92;2;2;35,91309;100
92;2;2;35,91309;100
92;2;2;35,91309;100
92;2;2;35,91309;100
92;2;2;35,91309;100
92;2;2;35,91309;100
92;2;2;35,91309;100
92;2;2;35,91309;100
92;2;2;35,91309;100
92;2;2;35,91309;100
92;2;2;35,91309;100
92;2;2;36,24609;100
92;2;2;36,24609;100
92;2;2;36,24609;100
92;2;2;36,24609;100
92;2;2;36,24609;100
92;2;2;36,24609;100
92;2;2;36,24609;100
92;2;2;36,24609;100
92;2;2;36,24609;100
92;2;2;36,24609;100
92;2;2;36,24609;100
92;2;2;36,24609;100
92;2;2;36,5791;100
92;2;2;36,5791;100
92;2;2;36,5791;100
92;2;2;36,5791;100
92;2;2;36,5791;100
92;2;2;36,5791;100
92;2;2;36,5791;100
92;2;2;36,5791;100
92;2;2;36,5791;100
92;2;2;36,5791;100
92;2;2;36,5791;100
92;2;2;36,5791;100
92;2;2;36,5791;100
92;2;2;36,5791;100
92;2;2;36,5791;100
92;3;15;36,91211;100
92;2;2;36,91211;100
92;2;2;36,91211;100
92;2;2;36,91211;100
92;2;2;36,91211;100
92;2;2;36,91211;100
92;2;2;36,91211;100
92;2;2;36,91211;100
92;2;2;36,91211;100
92;3;15;36,91211;100
92;2;2;36,91211;100
92;2;2;36,91211;100
92;2;2;36,91211;100
92;2;2;36,91211;100
92;2;2;36,91211;100
92;2;2;37,24512;100
92;2;2;37,24512;100
92;2;2;37,24512;100
92;2;2;37,24512;100
92;2;2;37,24512;100
92;2;2;37,24512;100
92;2;2;37,24512;100
92;2;2;37,24512;100
92;2;2;37,24512;100
92;2;2;37,24512;100
92;2;2;37,24512;100
92;3;15;37,57813;100
92;2;2;37,57813;100
92;3;15;37,57813;100
92;2;2;37,57813;100
92;2;2;37,57813;100
92;2;2;37,57813;100
92;2;2;37,57813;100
92;2;2;37,57813;100
92;2;2;37,57813;100
92;2;2;37,57813;100
92;2;2;37,91113;100
92;2;2;37,91113;100
92;2;2;37,91113;100
92;2;2;37,91113;100
92;2;2;37,91113;100
92;2;2;37,91113;100
92;3;15;37,91113;100
92;2;2;37,91113;100
92;2;2;37,91113;100
92;2;2;37,91113;100
92;2;2;37,91113;100
92;2;2;37,91113;100
92;2;2;37,91113;100
92;2;2;37,91113;100
92;2;2;38,24414;100
92;2;2;38,24414;100
92;2;2;38,24414;100
92;2;2;38,24414;100
92;2;2;38,24414;100
92;2;2;38,24414;100
92;2;2;38,24414;100
92;2;2;38,24414;100
92;2;2;38,24414;100
92;2;2;38,24414;100
92;2;2;38,24414;100
92;2;2;38,57715;100
92;2;2;38,57715;100
92;2;2;38,57715;100
92;2;2;38,57715;100
92;2;2;38,57715;100
92;2;2;38,57715;100
92;2;2;38,57715;100
92;2;2;38,57715;100
92;2;2;38,57715;100
92;2;2;38,57715;100
92;2;2;38,91016;100
92;3;15;38,91016;100
92;2;2;38,91016;100
92;2;2;38,91016;100
92;2;2;38,91016;100
92;3;15;38,91016;100
92;2;2;38,91016;100
92;2;2;38,91016;100
92;2;2;38,91016;100
92;2;2;39,24316;100
92;2;2;39,24316;100
92;2;2;39,24316;100
92;2;2;39,24316;100
92;2;2;39,24316;100
92;2;2;39,24316;100
92;2;2;39,24316;100
92;2;2;39,24316;100
92;2;2;39,24316;100
92;2;2;39,24316;100
92;2;2;39,24316;100
92;2;2;39,57617;100
92;2;2;39,57617;100
92;3;15;39,57617;100
92;2;2;39,57617;100
92;2;2;39,57617;100
92;2;2;39,57617;100
92;2;2;39,57617;100
92;2;2;39,57617;100
92;3;15;39,57617;100
92;2;2;39,57617;100
92;2;2;39,57617;100
92;2;2;39,57617;100
92;2;2;39,57617;100
92;2;2;39,57617;100
92;3;15;39,57617;100
92;3;15;39,90918;100
92;2;2;39,90918;100
92;3;15;39,90918;100
92;2;2;39,90918;100
92;2;2;39,90918;100
92;2;2;39,90918;100
92;2;2;39,90918;100
92;2;2;39,90918;100
92;2;2;39,90918;100
92;2;2;39,90918;100
92;2;2;39,90918;100
92;2;2;40,24219;100
92;2;2;40,24219;100
92;2;2;40,24219;100
92;2;2;40,24219;100
92;2;2;40,24219;100
92;2;2;40,24219;100
92;2;2;40,24219;100
92;2;2;40,24219;100
92;2;2;40,24219;100
92;2;2;40,24219;100
92;2;2;40,24219;100
92;2;2;40,24219;100
92;2;2;40,5752;100
92;2;2;40,5752;100
92;2;2;40,5752;100
92;3;15;40,5752;85
92;3;15;40,5752;70
92;2;2;40,5752;70
92;2;2;40,5752;70
92;2;2;40,5752;70
92;2;2;40,5752;70
92;2;2;40,5752;70
92;2;2;40,5752;70
92;2;2;40,5752;70
92;2;2;40,5752;70
92;2;2;40,5752;70
92;2;2;40,5752;70
92;2;2;40,5752;70
92;2;2;40,9082;70
92;2;2;40,9082;70
92;2;2;40,9082;70
92;2;2;40,9082;70
92;2;2;40,9082;70
92;2;2;40,9082;70
92;2;2;40,9082;70
92;2;2;40,9082;70
92;2;2;40,9082;70
92;2;2;40,9082;70
92;2;2;40,9082;70
92;2;2;40,9082;70
92;2;2;40,9082;70
92;2;2;40,9082;70
92;2;2;40,9082;70
92;2;2;40,9082;70
92;2;2;41,24121;70
92;2;2;41,24121;68
84;2;2;41,24121;66
68;2;2;41,24121;64
60;2;2;41,24121;62
52;3;15;41,24121;47
44;2;2;41,24121;45
36;3;15;41,24121;30
20;2;2;41,24121;28
4;3;15;41,24121;13
-4;3;15;41,24121;-2
Player