92;2;2;59,30127;100
92;2;2;59,30127;100
92;2;2;59,30127;100
92;2;2;59,63477;100
92;2;2;59,63477;100
92;2;2;59,63477;100
92;2;2;59,63477;100
92;2;2;59,63477;100
92;2;2;59,63477;100
92;2;2;59,63477;100
92;2;2;59,63477;100
92;2;2;59,63477;100
92;2;2;59,63477;100
92;2;2;59,63477;100
92;2;2;59,63477;100
92;2;2;59,63477;100
92;2;2;59,63477;100
92;2;2;59,63477;100
92;2;2;59,63477;100
92;2;2;59,63477;100
92;2;2;59,96826;100
92;2;2;59,96826;100
92;2;2;59,96826;100
92;2;2;59,96826;100
92;2;2;59,96826;100
92;2;2;59,96826;100
92;2;2;59,96826;100
92;2;2;59,96826;100
92;2;2;59,96826;100
92;2;2;59,96826;100
92;2;2;59,96826;100
92;2;2;59,96826;100
92;2;2;59,96826;100
92;2;2;59,96826;100
92;2;2;59,96826;100
92;2;2;59,96826;100
92;2;2;0,3017578;100
92;2;2;0,3017578;100
92;2;2;0,3017578;100
92;2;2;0,3017578;100
92;2;2;0,3017578;100
92;2;2;0,3017578;100
92;2;2;0,3017578;100
92;2;2;0,3017578;100
92;2;2;0,3017578;100
92;2;2;0,3017578;100
92;2;2;0,3017578;100
92;2;2;0,3017578;100
92;2;2;0,3017578;100
92;2;2;0,3017578;100
92;2;2;0,3017578;100
92;2;2;0,3017578;100
92;2;2;0,3017578;100
92;2;2;0,6352539;100
92;2;2;0,6352539;100
92;2;2;0,6352539;100
92;2;2;0,6352539;100
92;2;2;0,6352539;100
92;2;2;0,6352539;100
92;2;2;0,6352539;100
92;2;2;0,6352539;100
92;2;2;0,6352539;100
92;2;2;0,6352539;100
92;2;2;0,6352539;100
92;2;2;0,6352539;100
92;2;2;0,6352539;100
92;2;2;0,6352539;100
92;2;2;0,6352539;100
92;2;2;0,6352539;100
92;2;2;0,6352539;100
92;2;2;0,96875;100
92;2;2;0,96875;100
92;2;2;0,96875;100
92;2;2;0,96875;100
92;2;2;0,96875;100
92;2;2;0,96875;100
92;2;2;0,96875;100
92;2;2;0,96875;100
92;2;2;0,96875;100
92;2;2;0,96875;100
92;2;2;0,96875;100
92;2;2;0,96875;100
92;2;2;0,96875;100
92;2;2;0,96875;100
92;2;2;0,96875;100
92;2;2;1,302246;100
92;2;2;1,302246;100
92;2;2;1,302246;100
92;2;2;1,302246;100
92;2;2;1,302246;100
92;2;2;1,302246;100
92;2;2;1,302246;100
92;2;2;1,302246;100
92;2;2;1,302246;100
92;2;2;1,302246;100
92;2;2;1,302246;100
92;2;2;1,302246;100
92;2;2;1,302246;100
92;2;2;1,302246;100
92;2;2;1,302246;100
92;2;2;1,302246;100
92;2;2;1,302246;100
92;2;2;1,635742;100
92;2;2;1,635742;100
92;2;2;1,635742;100
92;2;2;1,635742;100
92;2;2;1,635742;100
92;2;2;1,635742;100
92;2;2;1,635742;100
92;2;2;1,635742;100
92;2;2;1,635742;100
92;2;2;1,635742;100
92;2;2;1,635742;100
92;2;2;1,635742;100
92;2;2;1,635742;100
92;2;2;1,635742;100
92;2;2;1,635742;100
92;2;2;1,635742;100
92;2;2;1,635742;100
92;2;2;1,969238;100
92;2;2;1,969238;100
92;2;2;1,969238;100
92;2;2;1,969238;100
92;2;2;1,969238;100
92;2;2;1,969238;100
92;2;2;1,969238;100
92;2;2;1,969238;100
92;2;2;1,969238;100
92;2;2;1,969238;100
92;2;2;1,969238;100
92;2;2;1,969238;100
92;2;2;1,969238;100
92;2;2;1,969238;100
92;2;2;1,969238;100
92;2;2;2,302734;100
92;2;2;2,302734;100
92;2;2;2,302734;100
92;2;2;2,302734;100
92;2;2;2,302734;100
92;2;2;2,302734;100
92;2;2;2,302734;100
92;2;2;2,302734;100
92;2;2;2,302734;100
92;2;2;2,302734;100
92;2;2;2,302734;100
92;2;2;2,302734;100
92;2;2;2,302734;100
92;2;2;2,302734;100
92;2;2;2,63623;100
92;2;2;2,63623;100
92;2;2;2,63623;100
92;2;2;2,63623;100
92;2;2;2,63623;100
92;2;2;2,63623;100
92;2;2;2,63623;100
92;2;2;2,63623;100
92;2;2;2,63623;100
92;2;2;2,63623;100
92;2;2;2,63623;100
92;2;2;2,63623;100
92;2;2;2,63623;100
92;2;2;2,63623;100
92;2;2;2,63623;100
92;2;2;2,969727;100
92;2;2;2,969727;100
92;2;2;2,969727;100
92;2;2;2,969727;100
92;2;2;2,969727;100
92;2;2;2,969727;100
92;2;2;2,969727;100
92;2;2;2,969727;100
92;2;2;2,969727;100
92;2;2;2,969727;100
92;2;2;2,969727;100
92;2;2;2,969727;100
92;2;2;2,969727;100
92;2;2;3,303223;100
92;2;2;3,303223;100
92;2;2;3,303223;100
92;2;2;3,303223;100
92;2;2;3,303223;100
92;2;2;3,303223;100
92;2;2;3,303223;100
92;2;2;3,303223;100
92;2;2;3,303223;100
92;2;2;3,303223;100
92;2;2;3,303223;100
92;2;2;3,303223;100
92;2;2;3,303223;100
92;2;2;3,303223;100
92;2;2;3,303223;100
92;2;2;3,636719;100
92;2;2;3,636719;100
92;2;2;3,636719;100
92;2;2;3,636719;100
92;2;2;3,636719;100
92;2;2;3,636719;100
92;2;2;3,636719;100
92;2;2;3,636719;100
92;2;2;3,636719;100
92;2;2;3,636719;100
92;2;2;3,636719;100
92;2;2;3,636719;100
92;2;2;3,636719;100
92;2;2;3,970215;100
92;2;2;3,970215;100
92;2;2;3,970215;100
92;2;2;3,970215;100
92;2;2;3,970215;100
92;2;2;3,970215;100
92;2;2;3,970215;100
92;2;2;3,970215;100
92;2;2;3,970215;100
92;2;2;4,303711;100
92;2;2;4,303711;100
92;2;2;4,303711;100
92;2;2;4,303711;100
92;2;2;4,303711;100
92;2;2;4,303711;100
92;2;2;4,303711;100
92;2;2;4,303711;100
92;2;2;4,303711;100
92;2;2;4,303711;100
92;2;2;4,303711;100
92;2;2;4,303711;100
92;2;2;4,637207;100
92;2;2;4,637207;100
92;2;2;4,637207;100
92;2;2;4,637207;100
92;2;2;4,637207;100
92;2;2;4,637207;100
92;2;2;4,637207;100
92;2;2;4,637207;100
92;2;2;4,637207;100
92;2;2;4,637207;100
92;2;2;4,637207;100
92;2;2;4,970703;100
92;2;2;4,970703;100
92;2;2;4,970703;100
92;2;2;4,970703;100
92;2;2;4,970703;100
92;2;2;4,970703;100
92;2;2;4,970703;100
92;2;2;4,970703;100
92;2;2;4,970703;100
92;2;2;4,970703;100
92;2;2;5,304199;100
92;2;2;5,304199;100
92;2;2;5,304199;100
92;2;2;5,304199;100
92;2;2;5,304199;100
92;2;2;5,304199;100
92;2;2;5,304199;100
92;2;2;5,304199;100
92;2;2;5,304199;100
92;2;2;5,304199;100
92;2;2;5,304199;100
92;2;2;5,304199;100
92;2;2;5,637695;100
92;2;2;5,637695;100
92;2;2;5,637695;100
92;2;2;5,637695;100
92;2;2;5,637695;100
92;2;2;5,637695;100
92;2;2;5,637695;100
92;2;2;5,637695;100
92;2;2;5,637695;100
92;2;2;5,971191;100
92;2;2;5,971191;100
92;2;2;5,971191;100
92;2;2;5,971191;100
92;2;2;5,971191;100
92;2;2;5,971191;100
92;2;2;5,971191;100
92;2;2;5,971191;100
92;2;2;5,971191;100
92;2;2;5,971191;100
92;2;2;6,304688;100
92;2;2;6,304688;100
92;2;2;6,304688;100
92;2;2;6,304688;100
92;2;2;6,304688;100
92;2;2;6,304688;100
92;2;2;6,304688;100
92;2;2;6,638184;100
92;2;2;6,638184;100
92;2;2;6,638184;100
92;2;2;6,638184;100
92;2;2;6,638184;100
92;2;2;6,638184;100
92;2;2;6,638184;100
92;2;2;6,638184;100
92;2;2;6,638184;100
92;2;2;6,638184;100
92;2;2;6,638184;100
92;2;2;6,97168;100
76;2;2;6,97168;98
36;3;15;6,97168;83
Boss