92;2;2;35,9248;100
92;2;2;35,9248;100
92;2;2;35,9248;100
92;2;2;36,25781;100
92;2;2;36,25781;100
92;2;2;36,25781;100
92;2;2;36,25781;100
92;2;2;36,25781;100
92;2;2;36,25781;100
92;2;2;36,25781;100
92;2;2;36,25781;100
92;2;2;36,25781;100
92;2;2;36,25781;100
92;2;2;36,25781;100
92;2;2;36,25781;100
92;2;2;36,25781;100
92;2;2;36,25781;100
92;2;2;36,59082;100
92;2;2;36,59082;100
92;2;2;36,59082;100
92;2;2;36,59082;100
92;2;2;36,59082;100
92;2;2;36,59082;100
92;2;2;36,59082;100
92;2;2;36,59082;100
92;2;2;36,59082;100
92;2;2;36,59082;100
92;2;2;36,59082;100
92;2;2;36,59082;100
92;2;2;36,59082;100
92;3;15;36,59082;100
92;2;2;36,59082;100
92;2;2;36,92383;100
92;2;2;36,92383;100
92;2;2;36,92383;100
92;2;2;36,92383;100
92;2;2;36,92383;100
92;2;2;36,92383;100
92;2;2;36,92383;100
92;2;2;36,92383;100
92;2;2;36,92383;100
92;2;2;36,92383;100
92;2;2;36,92383;100
92;2;2;36,92383;100
92;2;2;36,92383;100
92;2;2;37,25684;100
92;2;2;37,25684;100
92;2;2;37,25684;100
92;2;2;37,25684;100
92;2;2;37,25684;100
92;2;2;37,25684;100
92;2;2;37,25684;100
92;2;2;37,25684;100
92;2;2;37,25684;100
92;2;2;37,25684;100
92;2;2;37,25684;100
92;2;2;37,25684;100
92;2;2;37,25684;100
92;2;2;37,25684;100
92;2;2;37,25684;100
92;2;2;37,58984;100
92;2;2;37,58984;100
92;2;2;37,58984;100
92;2;2;37,58984;100
92;2;2;37,58984;100
92;2;2;37,58984;100
92;3;15;37,58984;100
92;2;2;37,58984;100
92;2;2;37,58984;100
92;2;2;37,58984;100
92;2;2;37,58984;100
92;2;2;37,58984;100
92;2;2;37,92285;100
92;2;2;37,92285;100
92;2;2;37,92285;100
92;2;2;37,92285;100
92;2;2;37,92285;100
92;2;2;37,92285;100
92;2;2;37,92285;100
92;2;2;37,92285;100
92;2;2;37,92285;100
92;2;2;37,92285;100
92;2;2;37,92285;100
92;2;2;37,92285;100
92;2;2;37,92285;100
92;2;2;37,92285;100
92;2;2;37,92285;100
92;2;2;38,25586;100
92;2;2;38,25586;100
92;2;2;38,25586;100
92;2;2;38,25586;100
92;2;2;38,25586;100
92;2;2;38,25586;100
92;2;2;38,25586;100
92;2;2;38,25586;100
92;2;2;38,25586;100
92;2;2;38,25586;100
92;2;2;38,25586;100
92;2;2;38,25586;100
92;2;2;38,25586;100
92;2;2;38,25586;100
92;2;2;38,58887;100
92;2;2;38,58887;100
92;2;2;38,58887;100
92;2;2;38,58887;100
92;2;2;38,58887;100
92;2;2;38,58887;100
92;2;2;38,58887;100
92;2;2;38,58887;100
92;2;2;38,58887;100
92;2;2;38,58887;100
92;2;2;38,58887;100
92;2;2;38,58887;100
92;2;2;38,58887;100
92;2;2;38,58887;100
92;2;2;38,58887;100
92;2;2;38,58887;100
92;2;2;38,58887;100
92;2;2;38,92188;100
92;2;2;38,92188;100
92;2;2;38,92188;100
92;2;2;38,92188;100
92;2;2;38,92188;100
92;2;2;38,92188;100
92;2;2;38,92188;100
92;2;2;38,92188;100
92;2;2;38,92188;100
92;2;2;38,92188;100
92;2;2;38,92188;100
92;2;2;38,92188;100
92;2;2;38,92188;100
92;2;2;38,92188;100
92;2;2;39,25488;100
92;2;2;39,25488;100
92;2;2;39,25488;100
92;2;2;39,25488;100
92;2;2;39,25488;100
92;2;2;39,25488;100
92;2;2;39,25488;100
92;2;2;39,25488;100
92;2;2;39,25488;100
92;2;2;39,25488;100
92;2;2;39,25488;100
92;2;2;39,25488;100
92;2;2;39,25488;100
92;2;2;39,58789;100
92;2;2;39,58789;100
92;2;2;39,58789;100
92;2;2;39,58789;100
92;2;2;39,58789;100
92;2;2;39,58789;100
92;2;2;39,58789;100
92;2;2;39,58789;100
92;2;2;39,58789;100
92;2;2;39,58789;100
92;3;15;39,58789;100
92;2;2;39,58789;100
92;2;2;39,58789;100
92;2;2;39,58789;100
92;2;2;39,58789;100
92;2;2;39,9209;100
92;2;2;39,9209;100
92;2;2;39,9209;100
92;2;2;39,9209;100
92;2;2;39,9209;100
92;2;2;39,9209;100
92;2;2;39,9209;100
92;2;2;39,9209;100
92;2;2;39,9209;100
92;2;2;39,9209;100
92;2;2;39,9209;100
92;2;2;39,9209;100
92;2;2;39,9209;100
92;2;2;39,9209;100
92;2;2;39,9209;100
92;2;2;39,9209;100
92;2;2;40,25391;100
92;2;2;40,25391;100
92;2;2;40,25391;100
92;2;2;40,25391;100
92;2;2;40,25391;100
92;2;2;40,25391;100
92;2;2;40,25391;100
92;2;2;40,25391;100
92;2;2;40,25391;100
92;2;2;40,25391;100
92;2;2;40,25391;100
92;2;2;40,25391;100
92;2;2;40,25391;100
92;3;15;40,25391;100
92;2;2;40,25391;100
92;2;2;40,58691;100
92;2;2;40,58691;100
92;2;2;40,58691;100
92;2;2;40,58691;100
92;3;15;40,58691;100
92;2;2;40,58691;100
92;3;15;40,58691;100
92;2;2;40,58691;100
92;2;2;40,58691;100
92;2;2;40,91992;100
92;2;2;40,91992;100
92;2;2;40,91992;100
92;2;2;40,91992;100
92;2;2;40,91992;100
92;2;2;40,91992;100
92;2;2;40,91992;100
92;2;2;40,91992;100
92;2;2;40,91992;100
92;2;2;40,91992;100
92;2;2;40,91992;100
92;3;15;40,91992;100
92;2;2;40,91992;100
92;2;2;40,91992;100
92;2;2;40,91992;100
92;2;2;41,25293;100
92;2;2;41,25293;100
92;2;2;41,25293;100
92;2;2;41,25293;100
92;2;2;41,25293;100
92;2;2;41,25293;100
92;3;15;41,25293;100
92;2;2;41,25293;100
92;2;2;41,25293;100
92;2;2;41,25293;100
92;2;2;41,25293;100
92;2;2;41,25293;100
92;2;2;41,25293;100
92;2;2;41,58594;100
92;2;2;41,58594;100
92;2;2;41,58594;100
92;2;2;41,58594;100
92;3;15;41,58594;100
92;2;2;41,58594;100
92;3;15;41,58594;100
92;2;2;41,58594;100
92;3;15;41,58594;100
92;2;2;41,58594;100
92;3;15;41,58594;100
92;3;15;41,58594;100
92;3;15;41,58594;100
92;2;2;41,58594;100
92;2;2;41,58594;100
92;2;2;41,58594;100
92;2;2;41,91895;100
92;3;15;41,91895;100
92;2;2;41,91895;100
92;2;2;41,91895;100
92;3;15;41,91895;100
92;2;2;41,91895;100
92;2;2;41,91895;100
92;2;2;41,91895;100
92;2;2;41,91895;100
92;3;15;41,91895;100
92;2;2;41,91895;100
92;2;2;41,91895;100
92;3;15;41,91895;100
92;2;2;42,25195;100
92;3;15;42,25195;85
92;3;15;42,25195;70
92;2;2;42,25195;70
92;2;2;42,25195;70
92;2;2;42,25195;70
92;2;2;42,25195;70
92;2;2;42,25195;70
92;3;15;42,25195;55
92;2;2;42,25195;55
92;2;2;42,25195;55
92;2;2;42,25195;55
92;2;2;42,25195;55
92;2;2;42,25195;55
92;2;2;42,25195;55
92;2;2;42,58496;55
92;2;2;42,58496;55
92;2;2;42,58496;55
92;2;2;42,58496;55
92;2;2;42,58496;55
92;2;2;42,58496;55
92;2;2;42,58496;55
92;2;2;42,58496;55
92;2;2;42,58496;55
92;2;2;42,58496;55
92;2;2;42,58496;55
92;3;15;42,58496;40
92;2;2;42,58496;40
92;2;2;42,58496;40
92;2;2;42,58496;40
92;2;2;42,58496;40
92;2;2;42,91797;40
92;2;2;42,91797;38
84;2;2;42,91797;36
68;2;2;42,91797;34
60;2;2;42,91797;32
52;2;2;42,91797;30
44;2;2;42,91797;28
28;3;15;42,91797;13
20;2;2;42,91797;11
-4;3;15;42,91797;-4
Player