92;2;2;34,45361;100
92;2;2;34,45361;100
92;2;2;34,78711;100
92;2;2;34,78711;100
92;2;2;34,78711;100
92;2;2;34,78711;100
92;2;2;34,78711;100
92;2;2;34,78711;100
92;2;2;34,78711;100
92;2;2;34,78711;100
92;2;2;34,78711;100
92;2;2;34,78711;100
92;2;2;34,78711;100
92;2;2;34,78711;100
92;2;2;34,78711;100
92;2;2;34,78711;100
92;2;2;35,12061;100
92;2;2;35,12061;100
92;2;2;35,12061;100
92;2;2;35,12061;100
92;2;2;35,12061;100
92;2;2;35,12061;100
92;2;2;35,12061;100
92;2;2;35,12061;100
92;2;2;35,12061;100
92;2;2;35,12061;100
92;2;2;35,12061;100
92;2;2;35,12061;100
92;2;2;35,12061;100
92;2;2;35,12061;100
92;2;2;35,12061;100
92;2;2;35,12061;100
92;2;2;35,4541;100
92;2;2;35,4541;100
92;2;2;35,4541;100
92;2;2;35,4541;100
92;2;2;35,4541;100
92;2;2;35,4541;100
92;2;2;35,4541;100
92;2;2;35,4541;100
92;2;2;35,4541;100
92;2;2;35,4541;100
92;2;2;35,4541;100
92;2;2;35,4541;100
92;2;2;35,4541;100
92;2;2;35,4541;100
92;2;2;35,7876;100
92;2;2;35,7876;100
92;2;2;35,7876;100
92;2;2;35,7876;100
92;2;2;35,7876;100
92;2;2;35,7876;100
92;2;2;35,7876;100
92;2;2;35,7876;100
92;2;2;35,7876;100
92;2;2;35,7876;100
92;2;2;35,7876;100
92;2;2;35,7876;100
92;2;2;35,7876;100
92;2;2;35,7876;100
92;2;2;35,7876;100
92;2;2;35,7876;100
92;2;2;35,7876;100
92;2;2;36,12109;100
92;2;2;36,12109;100
92;2;2;36,12109;100
92;2;2;36,12109;100
92;2;2;36,12109;100
92;2;2;36,12109;100
92;2;2;36,12109;100
92;2;2;36,12109;100
92;2;2;36,12109;100
92;2;2;36,12109;100
92;2;2;36,12109;100
92;2;2;36,12109;100
92;2;2;36,12109;100
92;2;2;36,12109;100
92;2;2;36,12109;100
92;2;2;36,12109;100
92;2;2;36,45459;100
92;2;2;36,45459;100
92;3;15;36,45459;100
92;3;15;36,45459;100
92;2;2;36,45459;100
92;2;2;36,45459;100
92;2;2;36,45459;100
92;2;2;36,45459;100
92;2;2;36,45459;100
92;2;2;36,45459;100
92;2;2;36,45459;100
92;2;2;36,45459;100
92;2;2;36,45459;100
92;2;2;36,45459;100
92;2;2;36,45459;100
92;2;2;36,78809;100
92;2;2;36,78809;100
92;2;2;36,78809;100
92;2;2;36,78809;100
92;2;2;36,78809;100
92;2;2;36,78809;100
92;2;2;36,78809;100
92;2;2;36,78809;100
92;2;2;36,78809;100
92;2;2;36,78809;100
92;2;2;36,78809;100
92;2;2;36,78809;100
92;2;2;36,78809;100
92;2;2;36,78809;100
92;2;2;37,12158;100
92;2;2;37,12158;100
92;2;2;37,12158;100
92;2;2;37,12158;100
92;2;2;37,12158;100
92;2;2;37,12158;100
92;2;2;37,12158;100
92;2;2;37,12158;100
92;2;2;37,12158;100
92;2;2;37,12158;100
92;2;2;37,12158;100
92;2;2;37,12158;100
92;2;2;37,12158;100
92;2;2;37,12158;100
92;2;2;37,12158;100
92;2;2;37,45508;100
92;2;2;37,45508;100
92;2;2;37,45508;100
92;2;2;37,45508;100
92;2;2;37,45508;100
92;2;2;37,45508;100
92;2;2;37,45508;100
92;2;2;37,45508;100
92;2;2;37,45508;100
92;2;2;37,45508;100
92;2;2;37,45508;100
92;2;2;37,45508;100
92;2;2;37,45508;100
92;2;2;37,45508;100
92;2;2;37,45508;100
92;2;2;37,78857;100
92;2;2;37,78857;100
92;2;2;37,78857;100
92;2;2;37,78857;100
92;2;2;37,78857;100
92;2;2;37,78857;100
92;2;2;37,78857;100
92;2;2;37,78857;100
92;2;2;37,78857;100
92;2;2;37,78857;100
92;2;2;37,78857;100
92;2;2;37,78857;100
92;2;2;37,78857;100
92;2;2;37,78857;100
92;2;2;37,78857;100
92;2;2;37,78857;100
92;2;2;38,12207;100
92;2;2;38,12207;100
92;2;2;38,12207;100
92;2;2;38,12207;100
92;2;2;38,12207;100
92;2;2;38,12207;100
92;2;2;38,12207;100
92;2;2;38,12207;100
92;2;2;38,12207;100
92;2;2;38,12207;100
92;2;2;38,12207;100
92;2;2;38,12207;100
92;2;2;38,12207;100
92;2;2;38,12207;100
92;2;2;38,12207;100
92;2;2;38,12207;100
92;2;2;38,45557;100
92;2;2;38,45557;100
92;2;2;38,45557;100
92;2;2;38,45557;100
92;2;2;38,45557;100
92;2;2;38,45557;100
92;2;2;38,45557;100
92;2;2;38,45557;100
92;2;2;38,45557;100
92;2;2;38,45557;100
92;2;2;38,45557;100
92;2;2;38,45557;100
92;2;2;38,45557;100
92;2;2;38,45557;100
92;2;2;38,78906;100
92;2;2;38,78906;100
92;2;2;38,78906;100
92;2;2;38,78906;100
92;2;2;38,78906;100
92;2;2;38,78906;100
92;2;2;38,78906;100
92;2;2;38,78906;100
92;2;2;38,78906;100
92;2;2;38,78906;100
92;2;2;38,78906;100
92;2;2;38,78906;100
92;2;2;38,78906;100
92;2;2;38,78906;100
92;2;2;38,78906;100
92;2;2;39,12256;100
92;2;2;39,12256;100
92;2;2;39,12256;100
92;2;2;39,12256;100
92;2;2;39,12256;100
92;2;2;39,12256;100
92;2;2;39,12256;100
92;2;2;39,12256;100
92;2;2;39,12256;100
92;2;2;39,12256;100
92;2;2;39,12256;100
92;2;2;39,12256;100
92;2;2;39,12256;100
92;2;2;39,12256;100
92;2;2;39,12256;100
92;2;2;39,12256;100
92;2;2;39,45605;100
92;2;2;39,45605;100
92;2;2;39,45605;100
92;2;2;39,45605;100
92;2;2;39,45605;100
92;2;2;39,45605;100
92;2;2;39,45605;100
92;2;2;39,45605;100
92;2;2;39,45605;100
92;2;2;39,45605;100
92;2;2;39,45605;100
92;2;2;39,45605;100
92;2;2;39,45605;100
92;2;2;39,45605;100
92;2;2;39,45605;100
92;2;2;39,78955;100
92;2;2;39,78955;100
92;2;2;39,78955;100
92;2;2;39,78955;100
92;2;2;39,78955;100
92;2;2;39,78955;100
92;2;2;39,78955;100
92;2;2;39,78955;100
92;2;2;39,78955;100
92;2;2;39,78955;100
92;2;2;39,78955;100
92;2;2;40,12305;100
92;2;2;40,12305;100
92;2;2;40,12305;100
92;2;2;40,12305;100
92;2;2;40,12305;100
92;2;2;40,12305;100
92;2;2;40,12305;100
92;2;2;40,12305;100
92;2;2;40,12305;100
92;2;2;40,12305;100
92;2;2;40,12305;100
92;2;2;40,12305;100
92;2;2;40,12305;100
92;2;2;40,45654;100
92;2;2;40,45654;100
92;2;2;40,45654;100
92;2;2;40,45654;100
92;2;2;40,45654;100
92;2;2;40,45654;100
92;2;2;40,45654;100
92;2;2;40,45654;100
92;3;15;40,45654;100
92;2;2;40,45654;100
92;2;2;40,45654;100
92;2;2;40,45654;100
92;2;2;40,45654;100
92;2;2;40,45654;100
92;2;2;40,79004;100
92;2;2;40,79004;100
92;2;2;40,79004;100
92;2;2;40,79004;100
92;2;2;40,79004;100
92;2;2;40,79004;100
92;2;2;40,79004;100
92;2;2;40,79004;100
92;2;2;40,79004;100
92;2;2;40,79004;100
92;2;2;40,79004;100
92;2;2;41,12354;100
92;2;2;41,12354;100
92;2;2;41,12354;100
92;2;2;41,12354;100
92;2;2;41,12354;100
92;2;2;41,12354;100
92;2;2;41,12354;100
92;2;2;41,12354;100
92;2;2;41,12354;100
92;2;2;41,12354;100
92;2;2;41,12354;100
92;2;2;41,12354;100
92;2;2;41,12354;100
92;2;2;41,12354;100
92;2;2;41,12354;100
68;2;2;41,45703;98
Boss