92;2;2;54,41602;100
92;2;2;54,41602;100
92;2;2;54,74902;100
92;2;2;54,74902;100
92;2;2;54,74902;100
92;2;2;54,74902;100
92;2;2;54,74902;100
92;2;2;54,74902;100
92;2;2;54,74902;100
92;2;2;54,74902;100
92;2;2;54,74902;100
92;2;2;54,74902;100
92;2;2;54,74902;100
92;2;2;54,74902;100
92;2;2;54,74902;100
92;2;2;54,74902;100
92;2;2;55,08203;100
92;2;2;55,08203;100
92;2;2;55,08203;100
92;2;2;55,08203;100
92;2;2;55,08203;100
92;2;2;55,08203;100
92;2;2;55,08203;100
92;2;2;55,08203;100
92;2;2;55,08203;100
92;2;2;55,08203;100
92;2;2;55,08203;100
92;2;2;55,08203;100
92;2;2;55,08203;100
92;2;2;55,08203;100
92;2;2;55,08203;100
92;2;2;55,41504;100
92;2;2;55,41504;100
92;2;2;55,41504;100
92;2;2;55,41504;100
92;2;2;55,41504;100
92;2;2;55,41504;100
92;2;2;55,41504;100
92;2;2;55,41504;100
92;2;2;55,41504;100
92;2;2;55,41504;100
92;2;2;55,41504;100
92;2;2;55,41504;100
92;2;2;55,41504;100
92;2;2;55,74805;100
92;2;2;55,74805;100
92;2;2;55,74805;100
92;2;2;55,74805;100
92;2;2;55,74805;100
92;2;2;55,74805;100
92;2;2;55,74805;100
92;2;2;55,74805;100
92;2;2;55,74805;100
92;2;2;55,74805;100
92;2;2;55,74805;100
92;2;2;55,74805;100
92;2;2;55,74805;100
92;2;2;55,74805;100
92;2;2;55,74805;100
92;2;2;56,08105;100
92;2;2;56,08105;100
92;2;2;56,08105;100
92;2;2;56,08105;100
92;2;2;56,08105;100
92;2;2;56,08105;100
92;2;2;56,08105;100
92;2;2;56,08105;100
92;2;2;56,08105;100
92;2;2;56,08105;100
92;2;2;56,08105;100
92;2;2;56,08105;100
92;2;2;56,08105;100
92;2;2;56,08105;100
92;2;2;56,08105;100
92;2;2;56,08105;100
92;2;2;56,41406;100
92;2;2;56,41406;100
92;2;2;56,41406;100
92;2;2;56,41406;100
92;2;2;56,41406;100
92;2;2;56,41406;100
92;2;2;56,41406;100
92;2;2;56,41406;100
92;2;2;56,41406;100
92;2;2;56,41406;100
92;2;2;56,41406;100
92;2;2;56,41406;100
92;2;2;56,41406;100
92;2;2;56,41406;100
92;2;2;56,41406;100
92;2;2;56,74707;100
92;2;2;56,74707;100
92;2;2;56,74707;100
92;2;2;56,74707;100
92;2;2;56,74707;100
92;3;15;56,74707;100
92;2;2;56,74707;100
92;2;2;56,74707;100
92;2;2;56,74707;100
92;2;2;56,74707;100
92;2;2;56,74707;100
92;2;2;56,74707;100
92;2;2;56,74707;100
92;2;2;56,74707;100
92;2;2;56,74707;100
92;2;2;57,08008;100
92;2;2;57,08008;100
92;2;2;57,08008;100
92;2;2;57,08008;100
92;2;2;57,08008;100
92;2;2;57,08008;100
92;2;2;57,08008;100
92;2;2;57,08008;100
92;2;2;57,08008;100
92;2;2;57,08008;100
92;2;2;57,08008;100
92;2;2;57,08008;100
92;2;2;57,41309;100
92;3;15;57,41309;100
92;2;2;57,41309;100
92;2;2;57,41309;100
92;2;2;57,41309;100
92;2;2;57,41309;100
92;2;2;57,41309;100
92;2;2;57,41309;100
92;2;2;57,41309;100
92;2;2;57,41309;100
92;2;2;57,41309;100
92;2;2;57,41309;100
92;2;2;57,41309;100
92;2;2;57,41309;100
92;2;2;57,41309;100
92;2;2;57,74609;100
92;2;2;57,74609;100
92;2;2;57,74609;100
92;2;2;57,74609;100
92;2;2;57,74609;100
92;2;2;57,74609;100
92;2;2;57,74609;100
92;2;2;57,74609;100
92;2;2;57,74609;100
92;2;2;57,74609;100
92;2;2;57,74609;100
92;2;2;57,74609;100
92;2;2;57,74609;100
92;2;2;57,74609;100
92;3;15;58,0791;100
92;2;2;58,0791;100
92;2;2;58,0791;100
92;2;2;58,0791;100
92;2;2;58,0791;100
92;2;2;58,0791;100
92;2;2;58,0791;100
92;2;2;58,0791;100
92;2;2;58,0791;100
92;2;2;58,0791;100
92;2;2;58,0791;100
92;2;2;58,0791;100
92;2;2;58,0791;100
92;2;2;58,0791;100
92;2;2;58,0791;100
92;2;2;58,41211;100
92;2;2;58,41211;100
92;2;2;58,41211;100
92;2;2;58,41211;100
92;2;2;58,41211;100
92;2;2;58,41211;100
92;2;2;58,41211;100
92;2;2;58,41211;100
92;2;2;58,41211;100
92;2;2;58,41211;100
92;2;2;58,41211;100
92;2;2;58,41211;100
92;2;2;58,41211;100
92;2;2;58,74512;100
92;2;2;58,74512;100
92;2;2;58,74512;100
92;2;2;58,74512;100
92;2;2;58,74512;100
92;2;2;58,74512;100
92;2;2;58,74512;100
92;2;2;58,74512;100
92;2;2;58,74512;100
92;2;2;58,74512;100
92;2;2;58,74512;100
92;2;2;58,74512;100
92;2;2;58,74512;100
92;2;2;58,74512;100
92;2;2;59,07813;100
92;2;2;59,07813;100
92;2;2;59,07813;100
92;2;2;59,07813;100
92;2;2;59,07813;100
92;2;2;59,07813;100
92;2;2;59,07813;100
92;2;2;59,07813;100
92;2;2;59,07813;100
92;2;2;59,07813;100
92;2;2;59,07813;100
92;3;15;59,07813;100
92;2;2;59,07813;100
92;2;2;59,41113;100
92;2;2;59,41113;100
92;2;2;59,41113;100
92;2;2;59,41113;100
92;2;2;59,41113;100
92;2;2;59,41113;100
92;2;2;59,41113;100
92;2;2;59,41113;100
92;2;2;59,41113;100
92;2;2;59,41113;100
92;2;2;59,74414;100
92;2;2;59,74414;100
92;2;2;59,74414;100
92;2;2;59,74414;100
92;2;2;59,74414;100
92;2;2;59,74414;100
92;2;2;59,74414;100
92;2;2;59,74414;100
92;2;2;59,74414;100
92;2;2;59,74414;100
92;2;2;59,74414;100
92;2;2;59,74414;100
92;2;2;59,74414;100
92;2;2;59,74414;100
92;2;2;59,74414;100
92;2;2;59,74414;100
92;2;2;59,74414;100
92;2;2;0,07714844;100
92;2;2;0,07714844;100
92;2;2;0,07714844;100
92;2;2;0,07714844;100
92;2;2;0,07714844;100
92;3;15;0,07714844;100
92;2;2;0,07714844;100
92;2;2;0,07714844;100
92;2;2;0,07714844;100
92;2;2;0,07714844;100
92;3;15;0,07714844;100
92;2;2;0,07714844;100
92;3;15;0,07714844;100
92;2;2;0,07714844;100
92;2;2;0,4101563;100
92;2;2;0,4101563;100
92;2;2;0,4101563;100
92;2;2;0,4101563;100
92;2;2;0,4101563;100
92;2;2;0,4101563;100
92;2;2;0,4101563;100
92;3;15;0,4101563;100
92;2;2;0,4101563;100
92;3;15;0,4101563;100
92;2;2;0,4101563;100
92;2;2;0,4101563;100
92;2;2;0,4101563;100
92;2;2;0,4101563;100
92;2;2;0,4101563;100
92;2;2;0,7431641;100
92;2;2;0,7431641;100
92;2;2;0,7431641;100
92;2;2;0,7431641;100
92;2;2;0,7431641;100
92;2;2;0,7431641;100
92;3;15;0,7431641;85
92;3;15;0,7431641;70
92;2;2;0,7431641;70
92;2;2;0,7431641;70
92;2;2;0,7431641;70
92;2;2;0,7431641;70
92;2;2;0,7431641;70
92;2;2;0,7431641;70
92;2;2;0,7431641;70
92;2;2;0,7431641;70
92;2;2;1,076172;70
92;2;2;1,076172;70
92;2;2;1,076172;70
92;2;2;1,076172;70
92;2;2;1,076172;70
92;2;2;1,076172;70
92;2;2;1,076172;70
92;2;2;1,076172;70
92;2;2;1,076172;70
92;2;2;1,076172;70
92;2;2;1,076172;70
92;2;2;1,076172;70
92;2;2;1,076172;70
92;2;2;1,076172;70
92;2;2;1,076172;70
92;2;2;1,40918;70
92;2;2;1,40918;68
84;2;2;1,40918;66
76;2;2;1,40918;64
68;3;15;1,40918;49
60;2;2;1,40918;47
44;3;15;1,40918;32
36;2;2;1,40918;30
12;3;15;1,40918;15
4;3;15;1,40918;0
Player