92;2;2;33,33496;100
92;2;2;33,66797;100
92;2;2;33,66797;100
92;2;2;33,66797;100
92;2;2;33,66797;100
92;2;2;33,66797;100
92;2;2;33,66797;100
92;2;2;33,66797;100
92;2;2;33,66797;100
92;2;2;33,66797;100
92;2;2;34,00098;100
92;2;2;34,00098;100
92;2;2;34,00098;100
92;2;2;34,00098;100
92;3;15;34,00098;100
92;2;2;34,00098;100
92;2;2;34,00098;100
92;2;2;34,00098;100
92;2;2;34,00098;100
92;2;2;34,00098;100
92;2;2;34,33398;100
92;2;2;34,33398;100
92;2;2;34,33398;100
92;2;2;34,33398;100
92;2;2;34,33398;100
92;2;2;34,33398;100
92;2;2;34,33398;100
92;2;2;34,33398;100
92;2;2;34,33398;100
92;2;2;34,33398;100
92;3;15;34,66699;100
92;3;15;34,66699;100
92;2;2;34,66699;100
92;2;2;34,66699;100
92;2;2;34,66699;100
92;2;2;34,66699;100
92;2;2;34,66699;100
92;2;2;34,66699;100
92;2;2;34,66699;100
92;2;2;34,66699;100
92;2;2;34,66699;100
92;2;2;34,66699;100
92;2;2;34,66699;100
92;2;2;35;100
92;2;2;35;100
92;2;2;35;100
92;2;2;35;100
92;2;2;35;100
92;2;2;35;100
92;2;2;35;100
92;2;2;35;100
92;2;2;35;100
92;3;15;35;100
92;3;15;35,33301;100
92;2;2;35,33301;100
92;2;2;35,33301;100
92;2;2;35,33301;100
92;2;2;35,33301;100
92;2;2;35,33301;100
92;2;2;35,33301;100
92;2;2;35,33301;100
92;2;2;35,33301;100
92;2;2;35,33301;100
92;2;2;35,33301;100
92;2;2;35,66602;100
92;2;2;35,66602;100
92;2;2;35,66602;100
92;2;2;35,66602;100
92;2;2;35,66602;100
92;2;2;35,66602;100
92;2;2;35,66602;100
92;2;2;35,66602;100
92;2;2;35,66602;100
92;2;2;35,66602;100
92;3;15;35,66602;100
92;2;2;35,99902;100
92;2;2;35,99902;100
92;3;15;35,99902;100
92;2;2;35,99902;100
92;2;2;35,99902;100
92;2;2;35,99902;100
92;2;2;35,99902;100
92;2;2;35,99902;100
92;2;2;35,99902;100
92;2;2;35,99902;100
92;2;2;35,99902;100
92;2;2;35,99902;100
92;2;2;36,33203;100
92;2;2;36,33203;100
92;2;2;36,33203;100
92;2;2;36,33203;100
92;2;2;36,33203;100
92;2;2;36,33203;100
92;2;2;36,33203;100
92;2;2;36,33203;100
92;2;2;36,33203;100
92;2;2;36,33203;100
92;2;2;36,33203;100
92;2;2;36,33203;100
92;2;2;36,33203;100
92;3;15;36,66504;100
92;2;2;36,66504;100
92;2;2;36,66504;100
92;2;2;36,66504;100
92;3;15;36,66504;100
92;2;2;36,66504;100
92;2;2;36,66504;100
92;2;2;36,66504;100
92;2;2;36,66504;100
92;2;2;36,66504;100
92;2;2;36,66504;100
92;2;2;36,66504;100
92;2;2;36,66504;100
92;2;2;36,99805;100
92;2;2;36,99805;100
92;2;2;36,99805;100
92;2;2;36,99805;100
92;2;2;36,99805;100
92;2;2;36,99805;100
92;2;2;36,99805;100
92;2;2;36,99805;100
92;2;2;36,99805;100
92;3;15;37,33105;100
92;2;2;37,33105;100
92;2;2;37,33105;100
92;2;2;37,33105;100
92;2;2;37,33105;100
92;2;2;37,33105;100
92;2;2;37,33105;100
92;2;2;37,33105;100
92;2;2;37,33105;100
92;2;2;37,33105;100
92;2;2;37,33105;100
92;3;15;37,33105;100
92;2;2;37,66406;100
92;2;2;37,66406;100
92;2;2;37,66406;100
92;2;2;37,66406;100
92;2;2;37,66406;100
92;2;2;37,66406;100
92;3;15;37,66406;100
92;3;15;37,66406;100
92;2;2;37,66406;100
92;2;2;37,66406;100
92;2;2;37,99707;100
92;2;2;37,99707;100
92;2;2;37,99707;100
92;2;2;37,99707;100
92;2;2;37,99707;100
92;2;2;37,99707;100
92;2;2;37,99707;100
92;3;15;37,99707;100
92;2;2;37,99707;100
92;2;2;37,99707;100
92;2;2;37,99707;100
92;3;15;37,99707;100
92;2;2;37,99707;100
92;2;2;37,99707;100
92;2;2;37,99707;100
92;2;2;38,33008;100
92;2;2;38,33008;100
92;3;15;38,33008;100
92;2;2;38,33008;100
92;2;2;38,33008;100
92;2;2;38,33008;100
92;3;15;38,33008;100
92;3;15;38,33008;100
92;2;2;38,33008;100
92;3;15;38,33008;100
92;2;2;38,33008;100
92;2;2;38,33008;100
92;2;2;38,33008;100
92;2;2;38,66309;100
92;2;2;38,66309;100
92;2;2;38,66309;100
92;2;2;38,66309;100
92;2;2;38,66309;100
92;2;2;38,66309;100
92;2;2;38,66309;100
92;2;2;38,66309;100
92;2;2;38,66309;100
92;3;15;38,66309;100
92;2;2;38,66309;100
92;2;2;38,66309;100
92;2;2;38,66309;100
92;2;2;38,99609;100
92;2;2;38,99609;100
92;2;2;38,99609;100
92;2;2;38,99609;100
92;3;15;38,99609;100
92;2;2;38,99609;100
92;2;2;38,99609;100
92;3;15;38,99609;100
92;2;2;38,99609;100
92;2;2;38,99609;100
92;3;15;38,99609;100
92;3;15;38,99609;100
92;3;15;39,3291;100
92;3;15;39,3291;85
92;3;15;39,3291;70
92;2;2;39,3291;70
92;2;2;39,3291;70
92;3;15;39,3291;55
92;2;2;39,3291;55
92;2;2;39,3291;55
92;2;2;39,3291;55
92;2;2;39,3291;55
92;2;2;39,3291;55
92;2;2;39,3291;55
92;2;2;39,3291;55
92;2;2;39,3291;55
92;2;2;39,3291;55
92;2;2;39,3291;55
92;2;2;39,66211;55
92;2;2;39,66211;55
92;2;2;39,66211;55
92;2;2;39,66211;55
92;2;2;39,66211;55
92;2;2;39,66211;55
92;2;2;39,66211;55
92;2;2;39,66211;55
92;2;2;39,66211;55
92;2;2;39,66211;55
92;2;2;39,66211;55
92;2;2;39,66211;55
92;2;2;39,66211;55
92;2;2;39,66211;55
92;2;2;39,99512;55
92;2;2;39,99512;53
84;2;2;39,99512;51
68;2;2;39,99512;49
60;2;2;39,99512;47
52;3;15;39,99512;32
44;2;2;39,99512;30
36;2;2;39,99512;28
20;3;15;39,99512;13
4;2;2;39,99512;11
-4;3;15;39,99512;-4
Player