92;2;2;26,31152;100
92;2;2;26,64453;100
92;2;2;26,64453;100
92;2;2;26,64453;100
92;2;2;26,64453;100
92;2;2;26,64453;100
92;2;2;26,64453;100
92;2;2;26,64453;100
92;2;2;26,64453;100
92;2;2;26,64453;100
92;2;2;26,64453;100
92;2;2;26,64453;100
92;2;2;26,64453;100
92;2;2;26,64453;100
92;2;2;26,64453;100
92;2;2;26,64453;100
92;2;2;26,64453;100
92;2;2;26,97754;100
92;2;2;26,97754;100
92;2;2;26,97754;100
92;2;2;26,97754;100
92;2;2;26,97754;100
92;2;2;26,97754;100
92;2;2;26,97754;100
92;2;2;26,97754;100
92;2;2;26,97754;100
92;2;2;26,97754;100
92;2;2;26,97754;100
92;2;2;26,97754;100
92;2;2;26,97754;100
92;2;2;26,97754;100
92;2;2;27,31055;100
92;2;2;27,31055;100
92;2;2;27,31055;100
92;2;2;27,31055;100
92;2;2;27,31055;100
92;2;2;27,31055;100
92;2;2;27,31055;100
92;2;2;27,31055;100
92;2;2;27,31055;100
92;2;2;27,31055;100
92;2;2;27,31055;100
92;2;2;27,31055;100
92;2;2;27,31055;100
92;2;2;27,31055;100
92;2;2;27,31055;100
92;2;2;27,64355;100
92;2;2;27,64355;100
92;2;2;27,64355;100
92;2;2;27,64355;100
92;2;2;27,64355;100
92;2;2;27,64355;100
92;2;2;27,64355;100
92;2;2;27,64355;100
92;2;2;27,64355;100
92;2;2;27,64355;100
92;2;2;27,64355;100
92;2;2;27,64355;100
92;2;2;27,64355;100
92;2;2;27,64355;100
92;2;2;27,64355;100
92;2;2;27,64355;100
92;2;2;27,97656;100
92;2;2;27,97656;100
92;2;2;27,97656;100
92;2;2;27,97656;100
92;2;2;27,97656;100
92;2;2;27,97656;100
92;2;2;27,97656;100
92;2;2;27,97656;100
92;2;2;27,97656;100
92;3;15;27,97656;100
92;2;2;27,97656;100
92;2;2;27,97656;100
92;2;2;27,97656;100
92;2;2;27,97656;100
92;2;2;28,30957;100
92;2;2;28,30957;100
92;2;2;28,30957;100
92;2;2;28,30957;100
92;2;2;28,30957;100
92;2;2;28,30957;100
92;2;2;28,30957;100
92;2;2;28,30957;100
92;2;2;28,30957;100
92;2;2;28,30957;100
92;2;2;28,30957;100
92;2;2;28,30957;100
92;2;2;28,30957;100
92;2;2;28,30957;100
92;2;2;28,30957;100
92;2;2;28,30957;100
92;2;2;28,64258;100
92;2;2;28,64258;100
92;2;2;28,64258;100
92;2;2;28,64258;100
92;2;2;28,64258;100
92;2;2;28,64258;100
92;2;2;28,64258;100
92;2;2;28,64258;100
92;2;2;28,64258;100
92;2;2;28,64258;100
92;2;2;28,64258;100
92;2;2;28,64258;100
92;2;2;28,64258;100
92;2;2;28,64258;100
92;2;2;28,64258;100
92;2;2;28,97559;100
92;2;2;28,97559;100
92;2;2;28,97559;100
92;2;2;28,97559;100
92;2;2;28,97559;100
92;2;2;28,97559;100
92;2;2;28,97559;100
92;2;2;28,97559;100
92;2;2;28,97559;100
92;2;2;28,97559;100
92;2;2;28,97559;100
92;2;2;28,97559;100
92;2;2;28,97559;100
92;2;2;29,30859;100
92;2;2;29,30859;100
92;2;2;29,30859;100
92;2;2;29,30859;100
92;2;2;29,30859;100
92;2;2;29,30859;100
92;2;2;29,30859;100
92;2;2;29,30859;100
92;2;2;29,30859;100
92;2;2;29,30859;100
92;2;2;29,30859;100
92;2;2;29,30859;100
92;2;2;29,30859;100
92;2;2;29,30859;100
92;2;2;29,6416;100
92;2;2;29,6416;100
92;2;2;29,6416;100
92;2;2;29,6416;100
92;2;2;29,6416;100
92;2;2;29,6416;100
92;2;2;29,6416;100
92;2;2;29,6416;100
92;2;2;29,6416;100
92;2;2;29,6416;100
92;2;2;29,6416;100
92;2;2;29,6416;100
92;2;2;29,6416;100
92;2;2;29,6416;100
92;2;2;29,6416;100
92;2;2;29,97461;100
92;2;2;29,97461;100
92;2;2;29,97461;100
92;2;2;29,97461;100
92;2;2;29,97461;100
92;2;2;29,97461;100
92;2;2;29,97461;100
92;2;2;29,97461;100
92;2;2;29,97461;100
92;2;2;29,97461;100
92;2;2;29,97461;100
92;2;2;29,97461;100
92;2;2;29,97461;100
92;2;2;30,30762;100
92;2;2;30,30762;100
92;2;2;30,30762;100
92;2;2;30,30762;100
92;2;2;30,30762;100
92;2;2;30,30762;100
92;2;2;30,30762;100
92;2;2;30,30762;100
92;2;2;30,30762;100
92;2;2;30,30762;100
92;2;2;30,30762;100
92;2;2;30,30762;100
92;2;2;30,64063;100
92;2;2;30,64063;100
92;2;2;30,64063;100
92;2;2;30,64063;100
92;2;2;30,64063;100
92;2;2;30,64063;100
92;2;2;30,64063;100
92;2;2;30,64063;100
92;2;2;30,64063;100
92;2;2;30,64063;100
92;2;2;30,64063;100
92;2;2;30,64063;100
92;2;2;30,64063;100
92;2;2;30,64063;100
92;2;2;30,64063;100
92;2;2;30,64063;100
92;2;2;30,97363;100
92;2;2;30,97363;100
92;2;2;30,97363;100
92;2;2;30,97363;100
92;2;2;30,97363;100
92;2;2;30,97363;100
92;2;2;30,97363;100
92;2;2;30,97363;100
92;2;2;30,97363;100
92;2;2;30,97363;100
92;2;2;30,97363;100
92;2;2;30,97363;100
92;2;2;30,97363;100
92;2;2;30,97363;100
92;2;2;30,97363;100
92;2;2;31,30664;100
92;2;2;31,30664;100
92;2;2;31,30664;100
92;3;15;31,30664;100
92;2;2;31,30664;100
92;3;15;31,30664;100
92;2;2;31,30664;100
92;2;2;31,30664;100
92;2;2;31,30664;100
92;2;2;31,30664;100
92;2;2;31,30664;100
92;2;2;31,30664;100
92;2;2;31,63965;100
92;2;2;31,63965;100
92;2;2;31,63965;100
92;2;2;31,63965;100
92;2;2;31,63965;100
92;2;2;31,63965;100
92;2;2;31,63965;100
92;2;2;31,63965;100
92;2;2;31,63965;100
92;2;2;31,63965;100
92;2;2;31,63965;100
92;2;2;31,63965;100
92;2;2;31,63965;100
92;2;2;31,63965;100
92;2;2;31,97266;100
92;2;2;31,97266;100
92;2;2;31,97266;100
92;2;2;31,97266;100
92;2;2;31,97266;100
92;2;2;31,97266;100
92;2;2;31,97266;100
92;2;2;31,97266;100
92;3;15;31,97266;100
92;2;2;31,97266;100
92;2;2;31,97266;100
92;2;2;31,97266;100
92;3;15;31,97266;100
92;2;2;31,97266;100
92;2;2;31,97266;100
92;2;2;32,30566;100
92;2;2;32,30566;100
92;3;15;32,30566;85
92;2;2;32,30566;85
92;2;2;32,30566;85
92;2;2;32,30566;85
92;2;2;32,30566;85
92;2;2;32,30566;85
92;2;2;32,30566;85
92;2;2;32,63867;85
92;2;2;32,63867;85
92;2;2;32,63867;85
92;2;2;32,63867;85
92;2;2;32,63867;85
92;2;2;32,63867;85
92;2;2;32,63867;85
92;2;2;32,63867;85
92;2;2;32,63867;85
92;2;2;32,63867;85
92;2;2;32,63867;85
92;2;2;32,63867;85
92;2;2;32,63867;85
92;2;2;32,97168;85
92;2;2;32,97168;83
76;2;2;32,97168;81
52;2;2;32,97168;79
Boss