92;2;2;3,560059;100
92;2;2;3,560059;100
92;2;2;3,893555;100
92;2;2;3,893555;100
92;2;2;3,893555;100
92;2;2;3,893555;100
92;2;2;3,893555;100
92;2;2;3,893555;100
92;2;2;3,893555;100
92;2;2;3,893555;100
92;2;2;3,893555;100
92;2;2;3,893555;100
92;2;2;3,893555;100
92;2;2;3,893555;100
92;2;2;3,893555;100
92;2;2;3,893555;100
92;2;2;3,893555;100
92;2;2;3,893555;100
92;2;2;3,893555;100
92;2;2;4,227051;100
92;2;2;4,227051;100
92;2;2;4,227051;100
92;2;2;4,227051;100
92;2;2;4,227051;100
92;2;2;4,227051;100
92;2;2;4,227051;100
92;2;2;4,227051;100
92;2;2;4,227051;100
92;2;2;4,227051;100
92;2;2;4,227051;100
92;2;2;4,227051;100
92;2;2;4,227051;100
92;2;2;4,227051;100
92;2;2;4,227051;100
92;2;2;4,227051;100
92;2;2;4,227051;100
92;2;2;4,560547;100
92;2;2;4,560547;100
92;2;2;4,560547;100
92;2;2;4,560547;100
92;2;2;4,560547;100
92;2;2;4,560547;100
92;2;2;4,560547;100
92;2;2;4,560547;100
92;2;2;4,560547;100
92;2;2;4,560547;100
92;2;2;4,560547;100
92;2;2;4,560547;100
92;2;2;4,560547;100
92;2;2;4,560547;100
92;2;2;4,560547;100
92;2;2;4,560547;100
92;2;2;4,894043;100
92;2;2;4,894043;100
92;2;2;4,894043;100
92;2;2;4,894043;100
92;2;2;4,894043;100
92;2;2;4,894043;100
92;2;2;4,894043;100
92;2;2;4,894043;100
92;2;2;4,894043;100
92;2;2;4,894043;100
92;2;2;4,894043;100
92;2;2;4,894043;100
92;2;2;4,894043;100
92;2;2;4,894043;100
92;2;2;4,894043;100
92;2;2;4,894043;100
92;2;2;5,227539;100
92;2;2;5,227539;100
92;2;2;5,227539;100
92;2;2;5,227539;100
92;2;2;5,227539;100
92;2;2;5,227539;100
92;2;2;5,227539;100
92;2;2;5,227539;100
92;2;2;5,227539;100
92;2;2;5,227539;100
92;2;2;5,227539;100
92;2;2;5,227539;100
92;2;2;5,227539;100
92;2;2;5,227539;100
92;2;2;5,227539;100
92;2;2;5,227539;100
92;2;2;5,227539;100
92;2;2;5,561035;100
92;2;2;5,561035;100
92;2;2;5,561035;100
92;2;2;5,561035;100
92;2;2;5,561035;100
92;2;2;5,561035;100
92;2;2;5,561035;100
92;2;2;5,561035;100
92;2;2;5,561035;100
92;2;2;5,561035;100
92;2;2;5,561035;100
92;2;2;5,561035;100
92;2;2;5,561035;100
92;2;2;5,561035;100
92;2;2;5,561035;100
92;2;2;5,561035;100
92;2;2;5,894531;100
92;2;2;5,894531;100
92;2;2;5,894531;100
92;2;2;5,894531;100
92;2;2;5,894531;100
92;2;2;5,894531;100
92;2;2;5,894531;100
92;2;2;5,894531;100
92;2;2;5,894531;100
92;2;2;5,894531;100
92;2;2;5,894531;100
92;2;2;5,894531;100
92;2;2;5,894531;100
92;2;2;5,894531;100
92;2;2;5,894531;100
92;2;2;5,894531;100
92;2;2;5,894531;100
92;2;2;6,228027;100
92;2;2;6,228027;100
92;2;2;6,228027;100
92;2;2;6,228027;100
92;2;2;6,228027;100
92;2;2;6,228027;100
92;2;2;6,228027;100
92;2;2;6,228027;100
92;2;2;6,228027;100
92;2;2;6,228027;100
92;2;2;6,228027;100
92;2;2;6,228027;100
92;2;2;6,228027;100
92;2;2;6,228027;100
92;2;2;6,228027;100
92;2;2;6,228027;100
92;2;2;6,228027;100
92;2;2;6,561523;100
92;2;2;6,561523;100
92;2;2;6,561523;100
92;2;2;6,561523;100
92;2;2;6,561523;100
92;2;2;6,561523;100
92;2;2;6,561523;100
92;2;2;6,561523;100
92;2;2;6,561523;100
92;2;2;6,561523;100
92;2;2;6,561523;100
92;2;2;6,561523;100
92;2;2;6,561523;100
92;2;2;6,561523;100
92;2;2;6,561523;100
92;2;2;6,561523;100
92;2;2;6,89502;100
92;2;2;6,89502;100
92;2;2;6,89502;100
92;2;2;6,89502;100
92;2;2;6,89502;100
92;2;2;6,89502;100
92;2;2;6,89502;100
92;2;2;6,89502;100
92;2;2;6,89502;100
92;2;2;6,89502;100
92;2;2;6,89502;100
92;2;2;6,89502;100
92;2;2;6,89502;100
92;2;2;6,89502;100
92;2;2;6,89502;100
92;2;2;7,228516;100
92;2;2;7,228516;100
92;2;2;7,228516;100
92;2;2;7,228516;100
92;2;2;7,228516;100
92;2;2;7,228516;100
92;2;2;7,228516;100
92;2;2;7,228516;100
92;2;2;7,228516;100
92;2;2;7,228516;100
92;2;2;7,228516;100
92;2;2;7,228516;100
92;2;2;7,228516;100
92;2;2;7,228516;100
92;2;2;7,228516;100
92;2;2;7,562012;100
92;2;2;7,562012;100
92;2;2;7,562012;100
92;2;2;7,562012;100
92;2;2;7,562012;100
92;2;2;7,562012;100
92;2;2;7,562012;100
92;2;2;7,562012;100
92;2;2;7,562012;100
92;2;2;7,562012;100
92;2;2;7,562012;100
92;2;2;7,562012;100
92;2;2;7,562012;100
92;2;2;7,562012;100
92;2;2;7,562012;100
92;2;2;7,895508;100
92;2;2;7,895508;100
92;2;2;7,895508;100
92;2;2;7,895508;100
92;2;2;7,895508;100
92;2;2;7,895508;100
92;2;2;7,895508;100
92;2;2;7,895508;100
92;2;2;7,895508;100
92;2;2;7,895508;100
92;2;2;7,895508;100
92;2;2;7,895508;100
92;2;2;7,895508;100
92;2;2;7,895508;100
92;2;2;8,229004;100
92;2;2;8,229004;100
92;2;2;8,229004;100
92;2;2;8,229004;100
92;2;2;8,229004;100
92;2;2;8,229004;100
92;2;2;8,229004;100
92;2;2;8,229004;100
92;2;2;8,229004;100
92;2;2;8,229004;100
92;2;2;8,229004;100
92;2;2;8,229004;100
92;2;2;8,229004;100
92;2;2;8,229004;100
92;2;2;8,229004;100
92;2;2;8,229004;100
92;2;2;8,5625;100
92;2;2;8,5625;100
92;2;2;8,5625;100
92;2;2;8,5625;100
92;2;2;8,5625;100
92;2;2;8,5625;100
92;2;2;8,5625;100
92;2;2;8,5625;100
92;2;2;8,5625;100
92;2;2;8,5625;100
92;2;2;8,5625;100
92;2;2;8,5625;100
92;2;2;8,5625;100
92;2;2;8,895996;100
92;2;2;8,895996;100
92;2;2;8,895996;100
92;2;2;8,895996;100
92;2;2;8,895996;100
92;2;2;8,895996;100
92;2;2;8,895996;100
92;2;2;8,895996;100
92;2;2;8,895996;100
92;2;2;8,895996;100
92;2;2;8,895996;100
92;2;2;9,229492;100
92;2;2;9,229492;100
92;2;2;9,229492;100
92;2;2;9,229492;100
92;2;2;9,229492;100
92;2;2;9,229492;100
92;2;2;9,229492;100
92;2;2;9,229492;100
92;2;2;9,229492;100
92;2;2;9,229492;100
92;2;2;9,562988;100
92;2;2;9,562988;100
92;2;2;9,562988;100
92;2;2;9,562988;100
92;2;2;9,562988;100
92;2;2;9,562988;100
92;2;2;9,562988;100
92;2;2;9,562988;100
92;2;2;9,562988;100
92;2;2;9,562988;100
92;2;2;9,896484;100
92;2;2;9,896484;100
92;2;2;9,896484;100
92;2;2;9,896484;100
92;2;2;9,896484;100
92;2;2;9,896484;100
92;2;2;9,896484;100
92;2;2;9,896484;100
92;2;2;9,896484;100
92;2;2;9,896484;100
92;2;2;9,896484;100
92;2;2;9,896484;100
92;2;2;10,22998;100
92;2;2;10,22998;100
92;2;2;10,22998;100
92;2;2;10,22998;100
92;2;2;10,22998;100
92;2;2;10,22998;100
92;2;2;10,22998;100
92;2;2;10,22998;100
92;2;2;10,22998;100
92;2;2;10,22998;100
92;2;2;10,22998;100
92;2;2;10,56348;100
92;2;2;10,56348;100
92;2;2;10,56348;100
92;2;2;10,56348;100
92;2;2;10,56348;100
92;2;2;10,56348;100
92;2;2;10,56348;100
92;2;2;10,56348;100
92;2;2;10,56348;100
92;2;2;10,56348;100
92;2;2;10,89697;100
92;2;2;10,89697;98
84;2;2;10,89697;96
68;3;15;10,89697;81
52;2;2;10,89697;79
20;2;2;10,89697;77
-4;2;2;10,89697;75
Boss