92;2;2;21,17236;100
92;2;2;21,17236;100
92;2;2;21,17236;100
92;2;2;21,50586;100
92;2;2;21,50586;100
92;2;2;21,50586;100
92;2;2;21,50586;100
92;2;2;21,50586;100
92;2;2;21,50586;100
92;2;2;21,50586;100
92;2;2;21,50586;100
92;2;2;21,50586;100
92;2;2;21,50586;100
92;2;2;21,50586;100
92;2;2;21,50586;100
92;2;2;21,50586;100
92;2;2;21,50586;100
92;2;2;21,50586;100
92;2;2;21,50586;100
92;2;2;21,83936;100
92;2;2;21,83936;100
92;2;2;21,83936;100
92;2;2;21,83936;100
92;2;2;21,83936;100
92;2;2;21,83936;100
92;2;2;21,83936;100
92;2;2;21,83936;100
92;2;2;21,83936;100
92;2;2;21,83936;100
92;2;2;21,83936;100
92;2;2;21,83936;100
92;2;2;21,83936;100
92;2;2;21,83936;100
92;2;2;21,83936;100
92;2;2;21,83936;100
92;2;2;21,83936;100
92;2;2;22,17285;100
92;2;2;22,17285;100
92;2;2;22,17285;100
92;2;2;22,17285;100
92;2;2;22,17285;100
92;2;2;22,17285;100
92;2;2;22,17285;100
92;2;2;22,17285;100
92;2;2;22,17285;100
92;2;2;22,17285;100
92;2;2;22,17285;100
92;2;2;22,17285;100
92;2;2;22,17285;100
92;2;2;22,17285;100
92;2;2;22,17285;100
92;2;2;22,17285;100
92;2;2;22,17285;100
92;2;2;22,50635;100
92;2;2;22,50635;100
92;2;2;22,50635;100
92;2;2;22,50635;100
92;2;2;22,50635;100
92;2;2;22,50635;100
92;2;2;22,50635;100
92;2;2;22,50635;100
92;2;2;22,50635;100
92;2;2;22,50635;100
92;2;2;22,50635;100
92;2;2;22,50635;100
92;2;2;22,50635;100
92;2;2;22,50635;100
92;2;2;22,50635;100
92;2;2;22,50635;100
92;2;2;22,83984;100
92;2;2;22,83984;100
92;2;2;22,83984;100
92;2;2;22,83984;100
92;2;2;22,83984;100
92;2;2;22,83984;100
92;2;2;22,83984;100
92;2;2;22,83984;100
92;2;2;22,83984;100
92;2;2;22,83984;100
92;2;2;22,83984;100
92;2;2;22,83984;100
92;2;2;22,83984;100
92;2;2;22,83984;100
92;2;2;23,17334;100
92;2;2;23,17334;100
92;2;2;23,17334;100
92;2;2;23,17334;100
92;2;2;23,17334;100
92;2;2;23,17334;100
92;2;2;23,17334;100
92;2;2;23,17334;100
92;2;2;23,17334;100
92;2;2;23,17334;100
92;2;2;23,17334;100
92;2;2;23,17334;100
92;2;2;23,17334;100
92;2;2;23,17334;100
92;2;2;23,17334;100
92;2;2;23,17334;100
92;2;2;23,50684;100
92;2;2;23,50684;100
92;2;2;23,50684;100
92;2;2;23,50684;100
92;2;2;23,50684;100
92;2;2;23,50684;100
92;2;2;23,50684;100
92;2;2;23,50684;100
92;2;2;23,50684;100
92;2;2;23,50684;100
92;2;2;23,50684;100
92;2;2;23,50684;100
92;2;2;23,50684;100
92;2;2;23,50684;100
92;2;2;23,84033;100
92;2;2;23,84033;100
92;2;2;23,84033;100
92;2;2;23,84033;100
92;2;2;23,84033;100
92;2;2;23,84033;100
92;2;2;23,84033;100
92;2;2;23,84033;100
92;2;2;23,84033;100
92;2;2;23,84033;100
92;2;2;23,84033;100
92;2;2;23,84033;100
92;2;2;23,84033;100
92;2;2;23,84033;100
92;2;2;23,84033;100
92;2;2;23,84033;100
92;2;2;23,84033;100
92;2;2;24,17383;100
92;2;2;24,17383;100
92;2;2;24,17383;100
92;2;2;24,17383;100
92;2;2;24,17383;100
92;2;2;24,17383;100
92;2;2;24,17383;100
92;2;2;24,17383;100
92;2;2;24,17383;100
92;2;2;24,17383;100
92;2;2;24,17383;100
92;2;2;24,17383;100
92;2;2;24,17383;100
92;2;2;24,17383;100
92;2;2;24,17383;100
92;2;2;24,50732;100
92;2;2;24,50732;100
92;2;2;24,50732;100
92;2;2;24,50732;100
92;2;2;24,50732;100
92;2;2;24,50732;100
92;2;2;24,50732;100
92;2;2;24,50732;100
92;2;2;24,50732;100
92;2;2;24,50732;100
92;2;2;24,50732;100
92;2;2;24,50732;100
92;2;2;24,50732;100
92;2;2;24,84082;100
92;2;2;24,84082;100
92;2;2;24,84082;100
92;2;2;24,84082;100
92;2;2;24,84082;100
92;2;2;24,84082;100
92;2;2;24,84082;100
92;2;2;24,84082;100
92;2;2;24,84082;100
92;2;2;24,84082;100
92;2;2;24,84082;100
92;2;2;24,84082;100
92;2;2;24,84082;100
92;2;2;24,84082;100
92;2;2;25,17432;100
92;2;2;25,17432;100
92;2;2;25,17432;100
92;2;2;25,17432;100
92;2;2;25,17432;100
92;2;2;25,17432;100
92;2;2;25,17432;100
92;2;2;25,17432;100
92;2;2;25,17432;100
92;2;2;25,17432;100
92;2;2;25,17432;100
92;2;2;25,17432;100
92;2;2;25,17432;100
92;2;2;25,17432;100
92;2;2;25,17432;100
92;2;2;25,50781;100
92;2;2;25,50781;100
92;2;2;25,50781;100
92;3;15;25,50781;100
92;2;2;25,50781;100
92;2;2;25,50781;100
92;2;2;25,50781;100
92;2;2;25,50781;100
92;2;2;25,50781;100
92;2;2;25,50781;100
92;2;2;25,50781;100
92;2;2;25,50781;100
92;2;2;25,50781;100
92;2;2;25,84131;100
92;2;2;25,84131;100
92;2;2;25,84131;100
92;2;2;25,84131;100
92;2;2;25,84131;100
92;2;2;25,84131;100
92;2;2;25,84131;100
92;2;2;25,84131;100
92;2;2;25,84131;100
92;2;2;25,84131;100
92;2;2;25,84131;100
92;2;2;25,84131;100
92;2;2;25,84131;100
92;2;2;26,1748;100
92;2;2;26,1748;100
92;2;2;26,1748;100
92;2;2;26,1748;100
92;2;2;26,1748;100
92;2;2;26,1748;100
92;2;2;26,1748;100
92;2;2;26,1748;100
92;2;2;26,1748;100
92;2;2;26,1748;100
92;2;2;26,1748;100
92;2;2;26,1748;100
92;2;2;26,1748;100
92;2;2;26,5083;100
92;2;2;26,5083;100
92;2;2;26,5083;100
92;2;2;26,5083;100
92;2;2;26,5083;100
92;2;2;26,5083;100
92;2;2;26,5083;100
92;2;2;26,5083;100
92;2;2;26,5083;100
92;2;2;26,5083;100
92;2;2;26,5083;100
92;2;2;26,5083;100
92;2;2;26,5083;100
92;2;2;26,8418;100
92;2;2;26,8418;100
92;2;2;26,8418;100
92;3;15;26,8418;100
92;2;2;26,8418;100
92;2;2;26,8418;100
92;2;2;26,8418;100
92;2;2;26,8418;100
92;2;2;26,8418;100
92;2;2;26,8418;100
92;2;2;26,8418;100
92;2;2;26,8418;100
92;2;2;27,17529;100
92;2;2;27,17529;100
92;2;2;27,17529;100
92;2;2;27,17529;100
92;2;2;27,17529;100
92;2;2;27,17529;100
92;2;2;27,17529;100
92;2;2;27,17529;100
92;2;2;27,17529;100
92;2;2;27,17529;100
92;2;2;27,50879;100
92;2;2;27,50879;100
92;2;2;27,50879;100
92;2;2;27,50879;100
92;2;2;27,50879;100
92;2;2;27,50879;100
92;2;2;27,50879;100
92;2;2;27,50879;100
92;2;2;27,50879;100
92;2;2;27,50879;100
92;2;2;27,50879;100
92;2;2;27,50879;100
92;2;2;27,84229;100
92;2;2;27,84229;100
92;2;2;27,84229;100
92;2;2;27,84229;100
92;2;2;27,84229;100
92;2;2;27,84229;100
92;2;2;27,84229;100
92;2;2;27,84229;100
92;2;2;27,84229;100
92;2;2;27,84229;100
92;2;2;27,84229;100
68;2;2;28,17578;98
60;2;2;28,17578;96
52;3;15;28,17578;81
44;2;2;28,17578;79
4;3;15;28,17578;64
Boss