92;2;2;19,46582;100
92;2;2;19,46582;100
92;2;2;19,79883;100
92;2;2;19,79883;100
92;2;2;19,79883;100
92;2;2;19,79883;100
92;3;15;19,79883;100
92;2;2;19,79883;100
92;2;2;19,79883;100
92;2;2;19,79883;100
92;2;2;19,79883;100
92;2;2;19,79883;100
92;2;2;19,79883;100
92;2;2;19,79883;100
92;2;2;19,79883;100
92;2;2;20,13184;100
92;2;2;20,13184;100
92;2;2;20,13184;100
92;2;2;20,13184;100
92;2;2;20,13184;100
92;2;2;20,13184;100
92;2;2;20,13184;100
92;2;2;20,13184;100
92;2;2;20,13184;100
92;2;2;20,13184;100
92;2;2;20,13184;100
92;3;15;20,13184;100
92;2;2;20,13184;100
92;2;2;20,13184;100
92;2;2;20,13184;100
92;2;2;20,46484;100
92;3;15;20,46484;100
92;2;2;20,46484;100
92;2;2;20,46484;100
92;2;2;20,46484;100
92;2;2;20,46484;100
92;2;2;20,46484;100
92;2;2;20,46484;100
92;2;2;20,46484;100
92;2;2;20,46484;100
92;2;2;20,79785;100
92;2;2;20,79785;100
92;2;2;20,79785;100
92;2;2;20,79785;100
92;2;2;20,79785;100
92;2;2;20,79785;100
92;3;15;20,79785;100
92;2;2;20,79785;100
92;2;2;20,79785;100
92;2;2;20,79785;100
92;2;2;20,79785;100
92;3;15;21,13086;100
92;2;2;21,13086;100
92;2;2;21,13086;100
92;2;2;21,13086;100
92;2;2;21,13086;100
92;2;2;21,13086;100
92;2;2;21,13086;100
92;2;2;21,13086;100
92;2;2;21,13086;100
92;2;2;21,13086;100
92;2;2;21,13086;100
92;2;2;21,13086;100
92;2;2;21,13086;100
92;2;2;21,13086;100
92;2;2;21,46387;100
92;2;2;21,46387;100
92;2;2;21,46387;100
92;2;2;21,46387;100
92;2;2;21,46387;100
92;2;2;21,46387;100
92;2;2;21,46387;100
92;2;2;21,46387;100
92;2;2;21,46387;100
92;2;2;21,46387;100
92;2;2;21,46387;100
92;2;2;21,46387;100
92;2;2;21,46387;100
92;2;2;21,79688;100
92;2;2;21,79688;100
92;3;15;21,79688;100
92;2;2;21,79688;100
92;2;2;21,79688;100
92;2;2;21,79688;100
92;2;2;21,79688;100
92;2;2;21,79688;100
92;2;2;21,79688;100
92;2;2;21,79688;100
92;2;2;21,79688;100
92;2;2;21,79688;100
92;2;2;22,12988;100
92;2;2;22,12988;100
92;3;15;22,12988;100
92;3;15;22,12988;100
92;2;2;22,12988;100
92;2;2;22,12988;100
92;2;2;22,12988;100
92;2;2;22,12988;100
92;2;2;22,12988;100
92;2;2;22,12988;100
92;2;2;22,12988;100
92;2;2;22,12988;100
92;2;2;22,12988;100
92;2;2;22,12988;100
92;2;2;22,12988;100
92;2;2;22,46289;100
92;2;2;22,46289;100
92;2;2;22,46289;100
92;3;15;22,46289;100
92;2;2;22,46289;100
92;3;15;22,46289;100
92;2;2;22,46289;100
92;3;15;22,46289;100
92;2;2;22,46289;100
92;3;15;22,46289;100
92;3;15;22,46289;100
92;2;2;22,7959;100
92;2;2;22,7959;100
92;2;2;22,7959;100
92;3;15;22,7959;100
92;2;2;22,7959;100
92;3;15;22,7959;100
92;2;2;22,7959;100
92;3;15;22,7959;100
92;2;2;22,7959;100
92;2;2;22,7959;100
92;3;15;22,7959;100
92;3;15;22,7959;100
92;2;2;22,7959;100
92;3;15;23,12891;100
92;2;2;23,12891;100
92;2;2;23,12891;100
92;2;2;23,12891;100
92;2;2;23,12891;100
92;2;2;23,12891;100
92;2;2;23,12891;100
92;2;2;23,12891;100
92;2;2;23,12891;100
92;3;15;23,12891;100
92;2;2;23,12891;100
92;2;2;23,12891;100
92;3;15;23,12891;100
92;2;2;23,12891;100
92;2;2;23,12891;100
92;3;15;23,46191;100
92;3;15;23,46191;100
92;2;2;23,46191;100
92;2;2;23,46191;100
92;2;2;23,46191;100
92;2;2;23,46191;100
92;2;2;23,46191;100
92;2;2;23,46191;100
92;3;15;23,46191;100
92;2;2;23,46191;100
92;2;2;23,46191;100
92;2;2;23,46191;100
92;2;2;23,46191;100
92;2;2;23,46191;100
92;2;2;23,46191;100
92;2;2;23,46191;100
92;2;2;23,79492;100
92;2;2;23,79492;100
92;2;2;23,79492;100
92;2;2;23,79492;100
92;2;2;23,79492;100
92;3;15;23,79492;100
92;2;2;23,79492;100
92;2;2;23,79492;100
92;3;15;23,79492;100
92;2;2;23,79492;100
92;2;2;23,79492;100
92;2;2;24,12793;100
92;2;2;24,12793;100
92;3;15;24,12793;100
92;2;2;24,12793;100
92;2;2;24,12793;100
92;2;2;24,12793;100
92;2;2;24,12793;100
92;2;2;24,12793;100
92;2;2;24,12793;100
92;3;15;24,12793;100
92;3;15;24,12793;100
92;2;2;24,12793;100
92;3;15;24,12793;100
92;2;2;24,12793;100
92;2;2;24,46094;100
92;3;15;24,46094;100
92;3;15;24,46094;100
92;2;2;24,46094;100
92;3;15;24,46094;100
92;2;2;24,46094;100
92;2;2;24,46094;100
92;2;2;24,46094;100
92;3;15;24,46094;100
92;2;2;24,46094;100
92;2;2;24,46094;100
92;2;2;24,79395;100
92;2;2;24,79395;100
92;3;15;24,79395;100
92;2;2;24,79395;100
92;2;2;24,79395;100
92;2;2;24,79395;100
92;2;2;24,79395;100
92;2;2;24,79395;100
92;3;15;24,79395;100
92;2;2;24,79395;100
92;2;2;24,79395;100
92;3;15;24,79395;100
92;3;15;25,12695;100
92;2;2;25,12695;100
92;2;2;25,12695;100
92;3;15;25,12695;100
92;2;2;25,12695;100
92;3;15;25,12695;100
92;2;2;25,12695;100
92;2;2;25,12695;100
92;3;15;25,12695;100
92;3;15;25,12695;100
92;3;15;25,12695;100
92;2;2;25,12695;100
92;2;2;25,12695;100
92;3;15;25,12695;100
92;3;15;25,45996;100
92;3;15;25,45996;85
92;3;15;25,45996;70
92;3;15;25,45996;55
92;2;2;25,45996;55
92;2;2;25,45996;55
92;2;2;25,45996;55
92;2;2;25,45996;55
92;2;2;25,45996;55
92;2;2;25,45996;55
92;2;2;25,45996;55
92;2;2;25,45996;55
92;2;2;25,45996;55
92;2;2;25,45996;55
92;2;2;25,45996;55
92;2;2;25,45996;55
92;2;2;25,45996;55
92;2;2;25,79297;55
92;2;2;25,79297;55
92;2;2;25,79297;55
92;2;2;25,79297;55
92;2;2;25,79297;55
92;2;2;25,79297;55
92;2;2;25,79297;55
92;2;2;25,79297;55
92;3;15;25,79297;40
92;2;2;25,79297;40
92;2;2;25,79297;40
92;2;2;25,79297;40
92;2;2;25,79297;40
92;2;2;25,79297;40
92;2;2;25,79297;40
92;2;2;25,79297;40
92;2;2;26,12598;40
92;2;2;26,12598;38
84;2;2;26,12598;36
76;2;2;26,12598;34
68;2;2;26,12598;32
60;2;2;26,12598;30
52;2;2;26,12598;28
44;2;2;26,12598;26
28;3;15;26,12598;11
20;2;2;26,12598;9
12;3;15;26,12598;-6
Player