92;2;2;47,07129;100
92;2;2;47,07129;100
92;2;2;47,07129;100
92;2;2;47,4043;100
92;2;2;47,4043;100
92;2;2;47,4043;100
92;2;2;47,4043;100
92;2;2;47,4043;100
92;2;2;47,4043;100
92;2;2;47,4043;100
92;2;2;47,4043;100
92;2;2;47,4043;100
92;2;2;47,4043;100
92;2;2;47,4043;100
92;2;2;47,4043;100
92;2;2;47,4043;100
92;2;2;47,4043;100
92;2;2;47,4043;100
92;2;2;47,7373;100
92;2;2;47,7373;100
92;2;2;47,7373;100
92;2;2;47,7373;100
92;2;2;47,7373;100
92;2;2;47,7373;100
92;2;2;47,7373;100
92;2;2;47,7373;100
92;2;2;47,7373;100
92;2;2;47,7373;100
92;2;2;47,7373;100
92;2;2;47,7373;100
92;2;2;47,7373;100
92;2;2;47,7373;100
92;2;2;47,7373;100
92;2;2;47,7373;100
92;2;2;48,07031;100
92;2;2;48,07031;100
92;2;2;48,07031;100
92;2;2;48,07031;100
92;2;2;48,07031;100
92;2;2;48,07031;100
92;2;2;48,07031;100
92;2;2;48,07031;100
92;2;2;48,07031;100
92;2;2;48,07031;100
92;2;2;48,07031;100
92;2;2;48,07031;100
92;2;2;48,07031;100
92;2;2;48,07031;100
92;2;2;48,40332;100
92;2;2;48,40332;100
92;2;2;48,40332;100
92;2;2;48,40332;100
92;2;2;48,40332;100
92;2;2;48,40332;100
92;2;2;48,40332;100
92;2;2;48,40332;100
92;2;2;48,40332;100
92;2;2;48,40332;100
92;2;2;48,40332;100
92;2;2;48,40332;100
92;2;2;48,40332;100
92;2;2;48,40332;100
92;2;2;48,73633;100
92;2;2;48,73633;100
92;2;2;48,73633;100
92;2;2;48,73633;100
92;2;2;48,73633;100
92;2;2;48,73633;100
92;2;2;48,73633;100
92;2;2;48,73633;100
92;2;2;48,73633;100
92;2;2;48,73633;100
92;2;2;48,73633;100
92;2;2;48,73633;100
92;2;2;48,73633;100
92;2;2;48,73633;100
92;2;2;48,73633;100
92;2;2;49,06934;100
92;2;2;49,06934;100
92;2;2;49,06934;100
92;2;2;49,06934;100
92;2;2;49,06934;100
92;2;2;49,06934;100
92;2;2;49,06934;100
92;2;2;49,06934;100
92;2;2;49,06934;100
92;2;2;49,06934;100
92;2;2;49,06934;100
92;2;2;49,06934;100
92;2;2;49,06934;100
92;2;2;49,06934;100
92;2;2;49,40234;100
92;2;2;49,40234;100
92;2;2;49,40234;100
92;2;2;49,40234;100
92;2;2;49,40234;100
92;2;2;49,40234;100
92;2;2;49,40234;100
92;2;2;49,40234;100
92;2;2;49,40234;100
92;2;2;49,40234;100
92;2;2;49,40234;100
92;2;2;49,40234;100
92;2;2;49,40234;100
92;2;2;49,40234;100
92;2;2;49,40234;100
92;3;15;49,73535;100
92;2;2;49,73535;100
92;2;2;49,73535;100
92;2;2;49,73535;100
92;2;2;49,73535;100
92;2;2;49,73535;100
92;2;2;49,73535;100
92;2;2;49,73535;100
92;2;2;49,73535;100
92;2;2;49,73535;100
92;2;2;49,73535;100
92;2;2;49,73535;100
92;2;2;49,73535;100
92;2;2;49,73535;100
92;2;2;49,73535;100
92;2;2;50,06836;100
92;2;2;50,06836;100
92;2;2;50,06836;100
92;2;2;50,06836;100
92;2;2;50,06836;100
92;2;2;50,06836;100
92;2;2;50,06836;100
92;2;2;50,06836;100
92;2;2;50,06836;100
92;2;2;50,06836;100
92;2;2;50,06836;100
92;2;2;50,06836;100
92;2;2;50,40137;100
92;2;2;50,40137;100
92;2;2;50,40137;100
92;2;2;50,40137;100
92;2;2;50,40137;100
92;2;2;50,40137;100
92;3;15;50,40137;100
92;2;2;50,40137;100
92;2;2;50,40137;100
92;2;2;50,40137;100
92;2;2;50,40137;100
92;2;2;50,40137;100
92;2;2;50,40137;100
92;2;2;50,40137;100
92;2;2;50,73438;100
92;2;2;50,73438;100
92;2;2;50,73438;100
92;2;2;50,73438;100
92;2;2;50,73438;100
92;2;2;50,73438;100
92;3;15;50,73438;100
92;2;2;50,73438;100
92;2;2;50,73438;100
92;2;2;50,73438;100
92;2;2;50,73438;100
92;3;15;50,73438;100
92;2;2;50,73438;100
92;2;2;50,73438;100
92;2;2;51,06738;100
92;2;2;51,06738;100
92;2;2;51,06738;100
92;2;2;51,06738;100
92;3;15;51,06738;100
92;2;2;51,06738;100
92;2;2;51,06738;100
92;2;2;51,06738;100
92;2;2;51,06738;100
92;2;2;51,06738;100
92;2;2;51,06738;100
92;2;2;51,06738;100
92;2;2;51,06738;100
92;2;2;51,06738;100
92;2;2;51,40039;100
92;2;2;51,40039;100
92;2;2;51,40039;100
92;2;2;51,40039;100
92;2;2;51,40039;100
92;2;2;51,40039;100
92;2;2;51,40039;100
92;2;2;51,40039;100
92;2;2;51,40039;100
92;2;2;51,40039;100
92;3;15;51,40039;100
92;2;2;51,40039;100
92;2;2;51,40039;100
92;2;2;51,7334;100
92;2;2;51,7334;100
92;2;2;51,7334;100
92;2;2;51,7334;100
92;2;2;51,7334;100
92;2;2;51,7334;100
92;2;2;51,7334;100
92;2;2;51,7334;100
92;2;2;51,7334;100
92;2;2;51,7334;100
92;2;2;51,7334;100
92;3;15;51,7334;100
92;2;2;51,7334;100
92;2;2;52,06641;100
92;2;2;52,06641;100
92;2;2;52,06641;100
92;2;2;52,06641;100
92;2;2;52,06641;100
92;2;2;52,06641;100
92;2;2;52,06641;100
92;2;2;52,06641;100
92;2;2;52,06641;100
92;3;15;52,06641;100
92;2;2;52,06641;100
92;2;2;52,06641;100
92;2;2;52,39941;100
92;2;2;52,39941;100
92;2;2;52,39941;100
92;2;2;52,39941;100
92;2;2;52,39941;100
92;2;2;52,39941;100
92;2;2;52,39941;100
92;2;2;52,39941;100
92;2;2;52,39941;100
92;2;2;52,39941;100
92;2;2;52,39941;100
92;3;15;52,39941;100
92;2;2;52,39941;100
92;2;2;52,39941;100
92;2;2;52,39941;100
92;3;15;52,39941;100
92;2;2;52,73242;100
92;2;2;52,73242;100
92;2;2;52,73242;100
92;2;2;52,73242;100
92;2;2;52,73242;100
92;2;2;52,73242;100
92;2;2;52,73242;100
92;2;2;52,73242;100
92;2;2;52,73242;100
92;2;2;52,73242;100
92;2;2;52,73242;100
92;2;2;52,73242;100
92;2;2;53,06543;100
92;2;2;53,06543;100
92;3;15;53,06543;85
92;3;15;53,06543;70
92;2;2;53,06543;70
92;2;2;53,06543;70
92;2;2;53,06543;70
92;2;2;53,06543;70
92;2;2;53,06543;70
92;2;2;53,06543;70
92;2;2;53,06543;70
92;2;2;53,06543;70
92;2;2;53,06543;70
92;2;2;53,06543;70
92;2;2;53,06543;70
92;2;2;53,39844;70
92;3;15;53,39844;55
92;2;2;53,39844;55
92;2;2;53,39844;55
92;2;2;53,39844;55
92;2;2;53,39844;55
92;2;2;53,39844;55
92;2;2;53,39844;55
92;2;2;53,39844;55
92;2;2;53,39844;55
92;2;2;53,39844;55
92;2;2;53,39844;55
92;2;2;53,39844;55
92;2;2;53,39844;55
92;2;2;53,39844;55
92;2;2;53,39844;55
92;2;2;53,73145;55
92;2;2;53,73145;53
84;2;2;53,73145;51
76;2;2;53,73145;49
68;2;2;53,73145;47
60;2;2;53,73145;45
52;2;2;53,73145;43
44;2;2;53,73145;41
36;2;2;53,73145;39
28;3;15;53,73145;24
20;2;2;53,73145;22
12;3;15;53,73145;7
-4;3;15;53,73145;-8
Player