92;2;2;49,09131;100
92;2;2;49,09131;100
92;2;2;49,09131;100
92;2;2;49,4248;100
92;2;2;49,4248;100
92;2;2;49,4248;100
92;2;2;49,4248;100
92;2;2;49,4248;100
92;2;2;49,4248;100
92;2;2;49,4248;100
92;2;2;49,4248;100
92;2;2;49,4248;100
92;2;2;49,4248;100
92;2;2;49,4248;100
92;2;2;49,4248;100
92;2;2;49,4248;100
92;2;2;49,4248;100
92;2;2;49,4248;100
92;2;2;49,4248;100
92;2;2;49,4248;100
92;2;2;49,7583;100
92;2;2;49,7583;100
92;2;2;49,7583;100
92;2;2;49,7583;100
92;2;2;49,7583;100
92;2;2;49,7583;100
92;2;2;49,7583;100
92;2;2;49,7583;100
92;2;2;49,7583;100
92;2;2;49,7583;100
92;2;2;49,7583;100
92;2;2;49,7583;100
92;2;2;49,7583;100
92;2;2;49,7583;100
92;2;2;49,7583;100
92;2;2;49,7583;100
92;2;2;50,0918;100
92;2;2;50,0918;100
92;2;2;50,0918;100
92;2;2;50,0918;100
92;2;2;50,0918;100
92;2;2;50,0918;100
92;2;2;50,0918;100
92;2;2;50,0918;100
92;2;2;50,0918;100
92;2;2;50,0918;100
92;2;2;50,0918;100
92;2;2;50,0918;100
92;2;2;50,0918;100
92;2;2;50,0918;100
92;2;2;50,0918;100
92;2;2;50,0918;100
92;2;2;50,0918;100
92;2;2;50,42529;100
92;2;2;50,42529;100
92;2;2;50,42529;100
92;2;2;50,42529;100
92;2;2;50,42529;100
92;2;2;50,42529;100
92;2;2;50,42529;100
92;2;2;50,42529;100
92;2;2;50,42529;100
92;2;2;50,42529;100
92;2;2;50,42529;100
92;2;2;50,42529;100
92;2;2;50,42529;100
92;2;2;50,42529;100
92;2;2;50,42529;100
92;2;2;50,42529;100
92;2;2;50,42529;100
92;2;2;50,75879;100
92;2;2;50,75879;100
92;2;2;50,75879;100
92;2;2;50,75879;100
92;2;2;50,75879;100
92;2;2;50,75879;100
92;2;2;50,75879;100
92;2;2;50,75879;100
92;2;2;50,75879;100
92;2;2;50,75879;100
92;2;2;50,75879;100
92;2;2;50,75879;100
92;2;2;50,75879;100
92;2;2;50,75879;100
92;2;2;50,75879;100
92;2;2;50,75879;100
92;2;2;51,09229;100
92;2;2;51,09229;100
92;2;2;51,09229;100
92;2;2;51,09229;100
92;2;2;51,09229;100
92;2;2;51,09229;100
92;2;2;51,09229;100
92;2;2;51,09229;100
92;2;2;51,09229;100
92;2;2;51,09229;100
92;2;2;51,09229;100
92;2;2;51,09229;100
92;2;2;51,09229;100
92;2;2;51,09229;100
92;2;2;51,09229;100
92;2;2;51,09229;100
92;2;2;51,09229;100
92;2;2;51,42578;100
92;2;2;51,42578;100
92;2;2;51,42578;100
92;2;2;51,42578;100
92;2;2;51,42578;100
92;2;2;51,42578;100
92;2;2;51,42578;100
92;2;2;51,42578;100
92;2;2;51,42578;100
92;2;2;51,42578;100
92;2;2;51,42578;100
92;2;2;51,42578;100
92;2;2;51,42578;100
92;2;2;51,42578;100
92;2;2;51,42578;100
92;2;2;51,42578;100
92;2;2;51,42578;100
92;2;2;51,75928;100
92;2;2;51,75928;100
92;2;2;51,75928;100
92;2;2;51,75928;100
92;2;2;51,75928;100
92;2;2;51,75928;100
92;2;2;51,75928;100
92;2;2;51,75928;100
92;2;2;51,75928;100
92;2;2;51,75928;100
92;2;2;51,75928;100
92;2;2;51,75928;100
92;2;2;51,75928;100
92;2;2;51,75928;100
92;2;2;51,75928;100
92;2;2;51,75928;100
92;2;2;52,09277;100
92;2;2;52,09277;100
92;2;2;52,09277;100
92;2;2;52,09277;100
92;2;2;52,09277;100
92;2;2;52,09277;100
92;2;2;52,09277;100
92;2;2;52,09277;100
92;2;2;52,09277;100
92;2;2;52,09277;100
92;2;2;52,09277;100
92;2;2;52,09277;100
92;2;2;52,09277;100
92;2;2;52,09277;100
92;2;2;52,09277;100
92;2;2;52,09277;100
92;2;2;52,09277;100
92;2;2;52,42627;100
92;2;2;52,42627;100
92;2;2;52,42627;100
92;2;2;52,42627;100
92;2;2;52,42627;100
92;2;2;52,42627;100
92;2;2;52,42627;100
92;2;2;52,42627;100
92;2;2;52,42627;100
92;2;2;52,42627;100
92;2;2;52,42627;100
92;2;2;52,42627;100
92;2;2;52,42627;100
92;2;2;52,42627;100
92;2;2;52,42627;100
92;2;2;52,42627;100
92;2;2;52,75977;100
92;2;2;52,75977;100
92;2;2;52,75977;100
92;2;2;52,75977;100
92;2;2;52,75977;100
92;2;2;52,75977;100
92;2;2;52,75977;100
92;2;2;52,75977;100
92;2;2;52,75977;100
92;2;2;52,75977;100
92;2;2;52,75977;100
92;2;2;52,75977;100
92;2;2;52,75977;100
92;2;2;53,09326;100
92;2;2;53,09326;100
92;2;2;53,09326;100
92;2;2;53,09326;100
92;2;2;53,09326;100
92;2;2;53,09326;100
92;2;2;53,09326;100
92;2;2;53,09326;100
92;2;2;53,09326;100
92;2;2;53,09326;100
92;2;2;53,09326;100
92;2;2;53,09326;100
92;2;2;53,09326;100
92;2;2;53,09326;100
92;2;2;53,09326;100
92;2;2;53,42676;100
92;2;2;53,42676;100
92;2;2;53,42676;100
92;2;2;53,42676;100
92;2;2;53,42676;100
92;2;2;53,42676;100
92;2;2;53,42676;100
92;2;2;53,42676;100
92;2;2;53,42676;100
92;2;2;53,42676;100
92;2;2;53,42676;100
92;2;2;53,42676;100
92;2;2;53,42676;100
92;2;2;53,76025;100
92;2;2;53,76025;100
92;2;2;53,76025;100
92;2;2;53,76025;100
92;2;2;53,76025;100
92;2;2;53,76025;100
92;2;2;53,76025;100
92;2;2;53,76025;100
92;2;2;53,76025;100
92;2;2;53,76025;100
92;2;2;53,76025;100
92;2;2;53,76025;100
92;2;2;54,09375;100
92;2;2;54,09375;100
92;2;2;54,09375;100
92;2;2;54,09375;100
92;2;2;54,09375;100
92;2;2;54,09375;100
92;2;2;54,09375;100
92;2;2;54,09375;100
92;2;2;54,09375;100
92;2;2;54,09375;100
92;2;2;54,09375;100
92;2;2;54,42725;100
92;2;2;54,42725;100
92;2;2;54,42725;100
92;2;2;54,42725;100
92;2;2;54,42725;100
92;2;2;54,42725;100
92;2;2;54,42725;100
92;2;2;54,42725;100
92;2;2;54,42725;100
92;2;2;54,42725;100
92;2;2;54,42725;100
92;2;2;54,76074;100
92;2;2;54,76074;100
92;2;2;54,76074;100
92;2;2;54,76074;100
92;2;2;54,76074;100
92;2;2;54,76074;100
92;2;2;54,76074;100
92;2;2;54,76074;100
92;2;2;54,76074;100
92;2;2;54,76074;100
92;2;2;54,76074;100
92;2;2;55,09424;100
92;2;2;55,09424;100
92;2;2;55,09424;100
92;2;2;55,09424;100
92;2;2;55,09424;100
92;2;2;55,09424;100
92;2;2;55,09424;100
92;2;2;55,42773;100
92;2;2;55,42773;100
92;2;2;55,42773;100
92;2;2;55,42773;100
92;2;2;55,42773;100
92;2;2;55,42773;100
92;2;2;55,42773;100
92;2;2;55,42773;100
92;2;2;55,76123;100
92;2;2;55,76123;100
92;2;2;55,76123;100
92;2;2;55,76123;100
92;2;2;55,76123;100
92;2;2;55,76123;100
92;2;2;55,76123;100
92;2;2;55,76123;100
92;2;2;55,76123;100
92;2;2;55,76123;100
92;2;2;56,09473;98
52;2;2;56,09473;96
Boss