92;2;2;30,41504;100
92;2;2;30,41504;100
92;2;2;30,74805;100
92;2;2;30,74805;100
92;2;2;30,74805;100
92;2;2;30,74805;100
92;2;2;30,74805;100
92;2;2;30,74805;100
92;2;2;30,74805;100
92;2;2;30,74805;100
92;2;2;30,74805;100
92;2;2;31,08105;100
92;2;2;31,08105;100
92;2;2;31,08105;100
92;3;15;31,08105;100
92;2;2;31,08105;100
92;2;2;31,08105;100
92;2;2;31,08105;100
92;2;2;31,08105;100
92;2;2;31,08105;100
92;2;2;31,08105;100
92;2;2;31,08105;100
92;2;2;31,08105;100
92;2;2;31,08105;100
92;2;2;31,08105;100
92;2;2;31,41406;100
92;2;2;31,41406;100
92;2;2;31,41406;100
92;2;2;31,41406;100
92;2;2;31,41406;100
92;2;2;31,41406;100
92;2;2;31,41406;100
92;2;2;31,41406;100
92;2;2;31,41406;100
92;2;2;31,41406;100
92;2;2;31,41406;100
92;2;2;31,41406;100
92;2;2;31,41406;100
92;2;2;31,74707;100
92;2;2;31,74707;100
92;2;2;31,74707;100
92;3;15;31,74707;100
92;2;2;31,74707;100
92;2;2;31,74707;100
92;3;15;31,74707;100
92;2;2;31,74707;100
92;2;2;31,74707;100
92;2;2;31,74707;100
92;3;15;31,74707;100
92;2;2;32,08008;100
92;2;2;32,08008;100
92;2;2;32,08008;100
92;2;2;32,08008;100
92;2;2;32,08008;100
92;2;2;32,08008;100
92;2;2;32,08008;100
92;2;2;32,08008;100
92;2;2;32,08008;100
92;2;2;32,08008;100
92;2;2;32,08008;100
92;2;2;32,08008;100
92;2;2;32,08008;100
92;2;2;32,41309;100
92;3;15;32,41309;100
92;2;2;32,41309;100
92;2;2;32,41309;100
92;2;2;32,41309;100
92;2;2;32,41309;100
92;2;2;32,41309;100
92;2;2;32,41309;100
92;2;2;32,41309;100
92;2;2;32,41309;100
92;2;2;32,41309;100
92;2;2;32,41309;100
92;2;2;32,41309;100
92;2;2;32,41309;100
92;2;2;32,41309;100
92;2;2;32,41309;100
92;2;2;32,74609;100
92;2;2;32,74609;100
92;2;2;32,74609;100
92;2;2;32,74609;100
92;2;2;32,74609;100
92;2;2;32,74609;100
92;2;2;32,74609;100
92;2;2;32,74609;100
92;2;2;32,74609;100
92;3;15;32,74609;100
92;2;2;32,74609;100
92;2;2;32,74609;100
92;2;2;32,74609;100
92;2;2;32,74609;100
92;2;2;33,0791;100
92;2;2;33,0791;100
92;2;2;33,0791;100
92;2;2;33,0791;100
92;2;2;33,0791;100
92;2;2;33,0791;100
92;2;2;33,0791;100
92;2;2;33,0791;100
92;2;2;33,0791;100
92;2;2;33,0791;100
92;2;2;33,0791;100
92;2;2;33,0791;100
92;2;2;33,0791;100
92;2;2;33,41211;100
92;2;2;33,41211;100
92;2;2;33,41211;100
92;2;2;33,41211;100
92;2;2;33,41211;100
92;2;2;33,41211;100
92;2;2;33,41211;100
92;2;2;33,41211;100
92;2;2;33,41211;100
92;2;2;33,41211;100
92;2;2;33,41211;100
92;2;2;33,41211;100
92;2;2;33,41211;100
92;2;2;33,74512;100
92;2;2;33,74512;100
92;2;2;33,74512;100
92;2;2;33,74512;100
92;2;2;33,74512;100
92;2;2;33,74512;100
92;3;15;33,74512;100
92;2;2;33,74512;100
92;2;2;33,74512;100
92;2;2;33,74512;100
92;2;2;33,74512;100
92;2;2;33,74512;100
92;2;2;34,07813;100
92;2;2;34,07813;100
92;2;2;34,07813;100
92;2;2;34,07813;100
92;2;2;34,07813;100
92;2;2;34,07813;100
92;2;2;34,07813;100
92;2;2;34,07813;100
92;2;2;34,07813;100
92;2;2;34,07813;100
92;2;2;34,07813;100
92;2;2;34,41113;100
92;3;15;34,41113;100
92;2;2;34,41113;100
92;2;2;34,41113;100
92;2;2;34,41113;100
92;2;2;34,41113;100
92;2;2;34,41113;100
92;3;15;34,41113;100
92;2;2;34,41113;100
92;2;2;34,41113;100
92;2;2;34,41113;100
92;2;2;34,41113;100
92;2;2;34,41113;100
92;2;2;34,41113;100
92;3;15;34,41113;100
92;2;2;34,74414;100
92;3;15;34,74414;100
92;3;15;34,74414;100
92;2;2;34,74414;100
92;2;2;34,74414;100
92;2;2;34,74414;100
92;2;2;34,74414;100
92;2;2;34,74414;100
92;2;2;34,74414;100
92;2;2;34,74414;100
92;2;2;34,74414;100
92;2;2;34,74414;100
92;2;2;34,74414;100
92;2;2;34,74414;100
92;2;2;35,07715;100
92;2;2;35,07715;100
92;2;2;35,07715;100
92;2;2;35,07715;100
92;2;2;35,07715;100
92;2;2;35,07715;100
92;2;2;35,07715;100
92;3;15;35,07715;100
92;2;2;35,07715;100
92;3;15;35,07715;100
92;2;2;35,07715;100
92;3;15;35,07715;100
92;2;2;35,07715;100
92;2;2;35,07715;100
92;2;2;35,07715;100
92;2;2;35,07715;100
92;2;2;35,41016;100
92;2;2;35,41016;100
92;2;2;35,41016;100
92;2;2;35,41016;100
92;2;2;35,41016;100
92;2;2;35,41016;100
92;3;15;35,41016;100
92;2;2;35,41016;100
92;2;2;35,41016;100
92;3;15;35,41016;100
92;3;15;35,41016;100
92;2;2;35,41016;100
92;2;2;35,41016;100
92;2;2;35,41016;100
92;2;2;35,74316;100
92;2;2;35,74316;100
92;2;2;35,74316;100
92;2;2;35,74316;100
92;2;2;35,74316;100
92;2;2;35,74316;100
92;2;2;35,74316;100
92;2;2;35,74316;100
92;2;2;35,74316;100
92;2;2;35,74316;100
92;2;2;35,74316;100
92;2;2;35,74316;100
92;3;15;35,74316;100
92;2;2;35,74316;100
92;3;15;35,74316;100
92;2;2;36,07617;100
92;2;2;36,07617;100
92;2;2;36,07617;100
92;2;2;36,07617;100
92;2;2;36,07617;100
92;2;2;36,07617;100
92;2;2;36,07617;100
92;3;15;36,07617;100
92;3;15;36,07617;100
92;3;15;36,07617;100
92;3;15;36,07617;100
92;2;2;36,07617;100
92;2;2;36,07617;100
92;2;2;36,40918;100
92;2;2;36,40918;100
92;2;2;36,40918;100
92;3;15;36,40918;85
92;2;2;36,40918;85
92;3;15;36,40918;70
92;2;2;36,40918;70
92;2;2;36,40918;70
92;3;15;36,40918;55
92;2;2;36,40918;55
92;2;2;36,40918;55
92;2;2;36,40918;55
92;2;2;36,40918;55
92;2;2;36,40918;55
92;2;2;36,74219;55
92;2;2;36,74219;55
92;2;2;36,74219;55
92;2;2;36,74219;55
92;2;2;36,74219;55
92;3;15;36,74219;40
92;2;2;36,74219;40
92;2;2;36,74219;40
92;2;2;36,74219;40
92;2;2;36,74219;40
92;2;2;36,74219;40
92;2;2;36,74219;40
92;2;2;36,74219;40
92;2;2;36,74219;40
92;2;2;36,74219;40
92;2;2;36,74219;40
92;2;2;37,0752;40
92;2;2;37,0752;38
84;2;2;37,0752;36
76;2;2;37,0752;34
68;2;2;37,0752;32
60;2;2;37,0752;30
52;2;2;37,0752;28
44;3;15;37,0752;13
28;2;2;37,0752;11
20;2;2;37,0752;9
12;2;2;37,0752;7
-4;3;15;37,0752;-8
Player