92;2;2;15,57813;100
92;2;2;15,57813;100
92;2;2;15,57813;100
92;2;2;15,91113;100
92;2;2;15,91113;100
92;2;2;15,91113;100
92;2;2;15,91113;100
92;2;2;15,91113;100
92;2;2;15,91113;100
92;2;2;15,91113;100
92;2;2;15,91113;100
92;3;15;15,91113;100
92;2;2;15,91113;100
92;2;2;15,91113;100
92;2;2;15,91113;100
92;2;2;15,91113;100
92;2;2;15,91113;100
92;2;2;15,91113;100
92;2;2;15,91113;100
92;2;2;16,24414;100
92;2;2;16,24414;100
92;2;2;16,24414;100
92;2;2;16,24414;100
92;2;2;16,24414;100
92;2;2;16,24414;100
92;2;2;16,24414;100
92;2;2;16,24414;100
92;2;2;16,24414;100
92;2;2;16,24414;100
92;2;2;16,24414;100
92;2;2;16,24414;100
92;2;2;16,24414;100
92;2;2;16,24414;100
92;2;2;16,24414;100
92;2;2;16,24414;100
92;2;2;16,57715;100
92;2;2;16,57715;100
92;2;2;16,57715;100
92;2;2;16,57715;100
92;2;2;16,57715;100
92;2;2;16,57715;100
92;2;2;16,57715;100
92;2;2;16,57715;100
92;2;2;16,57715;100
92;2;2;16,57715;100
92;2;2;16,57715;100
92;2;2;16,57715;100
92;2;2;16,57715;100
92;2;2;16,57715;100
92;2;2;16,57715;100
92;2;2;16,57715;100
92;2;2;16,91016;100
92;2;2;16,91016;100
92;2;2;16,91016;100
92;2;2;16,91016;100
92;2;2;16,91016;100
92;2;2;16,91016;100
92;2;2;16,91016;100
92;2;2;16,91016;100
92;2;2;16,91016;100
92;2;2;16,91016;100
92;2;2;16,91016;100
92;2;2;16,91016;100
92;2;2;16,91016;100
92;2;2;16,91016;100
92;2;2;17,24316;100
92;2;2;17,24316;100
92;2;2;17,24316;100
92;2;2;17,24316;100
92;2;2;17,24316;100
92;2;2;17,24316;100
92;2;2;17,24316;100
92;2;2;17,24316;100
92;2;2;17,24316;100
92;2;2;17,24316;100
92;2;2;17,24316;100
92;2;2;17,24316;100
92;2;2;17,24316;100
92;2;2;17,24316;100
92;2;2;17,57617;100
92;2;2;17,57617;100
92;2;2;17,57617;100
92;2;2;17,57617;100
92;2;2;17,57617;100
92;2;2;17,57617;100
92;2;2;17,57617;100
92;2;2;17,57617;100
92;2;2;17,57617;100
92;2;2;17,57617;100
92;2;2;17,57617;100
92;2;2;17,57617;100
92;2;2;17,57617;100
92;2;2;17,57617;100
92;2;2;17,57617;100
92;2;2;17,57617;100
92;2;2;17,57617;100
92;2;2;17,90918;100
92;2;2;17,90918;100
92;2;2;17,90918;100
92;2;2;17,90918;100
92;2;2;17,90918;100
92;2;2;17,90918;100
92;2;2;17,90918;100
92;2;2;17,90918;100
92;2;2;17,90918;100
92;2;2;17,90918;100
92;2;2;17,90918;100
92;2;2;17,90918;100
92;2;2;17,90918;100
92;2;2;17,90918;100
92;2;2;17,90918;100
92;2;2;18,24219;100
92;2;2;18,24219;100
92;2;2;18,24219;100
92;2;2;18,24219;100
92;2;2;18,24219;100
92;2;2;18,24219;100
92;2;2;18,24219;100
92;2;2;18,24219;100
92;2;2;18,24219;100
92;2;2;18,24219;100
92;2;2;18,24219;100
92;2;2;18,24219;100
92;2;2;18,24219;100
92;2;2;18,5752;100
92;2;2;18,5752;100
92;2;2;18,5752;100
92;2;2;18,5752;100
92;2;2;18,5752;100
92;2;2;18,5752;100
92;2;2;18,5752;100
92;2;2;18,5752;100
92;2;2;18,5752;100
92;2;2;18,5752;100
92;2;2;18,5752;100
92;3;15;18,5752;100
92;2;2;18,5752;100
92;2;2;18,5752;100
92;2;2;18,5752;100
92;2;2;18,5752;100
92;2;2;18,5752;100
92;2;2;18,9082;100
92;2;2;18,9082;100
92;2;2;18,9082;100
92;2;2;18,9082;100
92;2;2;18,9082;100
92;2;2;18,9082;100
92;2;2;18,9082;100
92;2;2;18,9082;100
92;2;2;18,9082;100
92;2;2;18,9082;100
92;2;2;18,9082;100
92;2;2;18,9082;100
92;2;2;18,9082;100
92;2;2;18,9082;100
92;2;2;18,9082;100
92;2;2;19,24121;100
92;2;2;19,24121;100
92;2;2;19,24121;100
92;2;2;19,24121;100
92;2;2;19,24121;100
92;2;2;19,24121;100
92;2;2;19,24121;100
92;2;2;19,24121;100
92;2;2;19,24121;100
92;2;2;19,24121;100
92;2;2;19,24121;100
92;2;2;19,24121;100
92;2;2;19,24121;100
92;2;2;19,24121;100
92;2;2;19,24121;100
92;2;2;19,57422;100
92;2;2;19,57422;100
92;2;2;19,57422;100
92;2;2;19,57422;100
92;2;2;19,57422;100
92;2;2;19,57422;100
92;2;2;19,57422;100
92;2;2;19,57422;100
92;2;2;19,57422;100
92;2;2;19,57422;100
92;2;2;19,57422;100
92;2;2;19,57422;100
92;2;2;19,57422;100
92;2;2;19,57422;100
92;2;2;19,57422;100
92;2;2;19,57422;100
92;2;2;19,57422;100
92;2;2;19,90723;100
92;2;2;19,90723;100
92;2;2;19,90723;100
92;2;2;19,90723;100
92;2;2;19,90723;100
92;2;2;19,90723;100
92;2;2;19,90723;100
92;2;2;19,90723;100
92;2;2;19,90723;100
92;2;2;19,90723;100
92;2;2;19,90723;100
92;2;2;19,90723;100
92;2;2;19,90723;100
92;2;2;19,90723;100
92;2;2;19,90723;100
92;2;2;20,24023;100
92;2;2;20,24023;100
92;2;2;20,24023;100
92;2;2;20,24023;100
92;2;2;20,24023;100
92;2;2;20,24023;100
92;2;2;20,24023;100
92;2;2;20,24023;100
92;2;2;20,24023;100
92;2;2;20,24023;100
92;2;2;20,24023;100
92;2;2;20,24023;100
92;2;2;20,24023;100
92;2;2;20,24023;100
92;2;2;20,24023;100
92;2;2;20,24023;100
92;2;2;20,57324;100
92;2;2;20,57324;100
92;2;2;20,57324;100
92;2;2;20,57324;100
92;2;2;20,57324;100
92;2;2;20,57324;100
92;2;2;20,57324;100
92;2;2;20,57324;100
92;2;2;20,57324;100
92;2;2;20,57324;100
92;2;2;20,57324;100
92;2;2;20,57324;100
92;2;2;20,57324;100
92;2;2;20,57324;100
92;2;2;20,57324;100
92;2;2;20,57324;100
92;2;2;20,57324;100
92;2;2;20,90625;100
92;2;2;20,90625;100
92;2;2;20,90625;100
92;2;2;20,90625;100
92;2;2;20,90625;100
92;2;2;20,90625;100
92;2;2;20,90625;100
92;2;2;20,90625;100
92;2;2;20,90625;100
92;2;2;20,90625;100
92;2;2;20,90625;100
92;2;2;20,90625;100
92;2;2;20,90625;100
92;2;2;20,90625;100
92;2;2;20,90625;100
92;2;2;21,23926;100
92;2;2;21,23926;100
92;2;2;21,23926;100
92;2;2;21,23926;100
92;2;2;21,23926;100
92;2;2;21,23926;100
92;2;2;21,23926;100
92;2;2;21,23926;100
92;2;2;21,23926;100
92;2;2;21,23926;100
92;2;2;21,23926;100
92;2;2;21,23926;100
92;2;2;21,23926;100
92;2;2;21,57227;100
92;2;2;21,57227;100
92;2;2;21,57227;100
92;2;2;21,57227;100
92;2;2;21,57227;100
92;2;2;21,57227;100
92;2;2;21,57227;100
92;2;2;21,57227;100
92;2;2;21,57227;100
92;2;2;21,57227;100
92;2;2;21,57227;100
92;2;2;21,57227;100
92;2;2;21,57227;100
92;2;2;21,90527;100
92;2;2;21,90527;100
92;2;2;21,90527;100
92;2;2;21,90527;100
92;2;2;21,90527;100
92;2;2;21,90527;100
92;2;2;21,90527;100
92;2;2;21,90527;100
92;2;2;21,90527;100
92;2;2;21,90527;100
92;2;2;21,90527;100
92;2;2;21,90527;100
92;2;2;22,23828;100
92;2;2;22,23828;100
92;2;2;22,23828;100
92;2;2;22,23828;100
92;2;2;22,23828;100
92;2;2;22,23828;100
92;2;2;22,23828;100
92;2;2;22,23828;100
92;2;2;22,23828;100
92;2;2;22,23828;100
92;2;2;22,57129;100
92;2;2;22,57129;100
92;2;2;22,57129;100
92;2;2;22,57129;100
92;2;2;22,57129;100
92;3;15;22,57129;100
92;2;2;22,57129;100
92;2;2;22,57129;100
92;2;2;22,57129;100
92;2;2;22,57129;100
92;3;15;22,57129;100
92;2;2;22,9043;100
92;2;2;22,9043;100
92;2;2;22,9043;100
92;2;2;22,9043;100
92;2;2;22,9043;100
92;2;2;22,9043;100
92;2;2;22,9043;100
92;2;2;22,9043;100
92;2;2;23,2373;100
92;2;2;23,2373;100
92;2;2;23,2373;100
92;2;2;23,2373;100
92;2;2;23,2373;100
92;2;2;23,2373;100
92;2;2;23,2373;100
92;2;2;23,2373;100
92;2;2;23,2373;100
92;2;2;23,2373;100
92;2;2;23,2373;100
92;3;15;23,2373;85
92;2;2;23,2373;85
92;2;2;23,57031;85
92;2;2;23,57031;83
84;2;2;23,57031;81
76;2;2;23,57031;79
60;2;2;23,57031;77
36;2;2;23,57031;75
28;2;2;23,57031;73
Boss