92;2;2;37,09082;100
92;2;2;37,09082;100
92;2;2;37,42383;100
92;2;2;37,42383;100
92;2;2;37,42383;100
92;2;2;37,42383;100
92;2;2;37,42383;100
92;2;2;37,42383;100
92;2;2;37,42383;100
92;2;2;37,42383;100
92;2;2;37,42383;100
92;2;2;37,42383;100
92;2;2;37,42383;100
92;2;2;37,42383;100
92;2;2;37,42383;100
92;2;2;37,75684;100
92;2;2;37,75684;100
92;2;2;37,75684;100
92;2;2;37,75684;100
92;2;2;37,75684;100
92;2;2;37,75684;100
92;2;2;37,75684;100
92;2;2;37,75684;100
92;2;2;37,75684;100
92;2;2;37,75684;100
92;2;2;37,75684;100
92;2;2;38,08984;100
92;2;2;38,08984;100
92;2;2;38,08984;100
92;3;15;38,08984;100
92;2;2;38,08984;100
92;2;2;38,08984;100
92;2;2;38,08984;100
92;2;2;38,08984;100
92;2;2;38,08984;100
92;2;2;38,08984;100
92;2;2;38,08984;100
92;2;2;38,42285;100
92;2;2;38,42285;100
92;2;2;38,42285;100
92;2;2;38,42285;100
92;2;2;38,42285;100
92;2;2;38,42285;100
92;2;2;38,42285;100
92;2;2;38,42285;100
92;2;2;38,42285;100
92;2;2;38,42285;100
92;2;2;38,42285;100
92;2;2;38,75586;100
92;2;2;38,75586;100
92;2;2;38,75586;100
92;2;2;38,75586;100
92;2;2;38,75586;100
92;2;2;38,75586;100
92;2;2;38,75586;100
92;2;2;38,75586;100
92;2;2;38,75586;100
92;2;2;38,75586;100
92;2;2;38,75586;100
92;2;2;39,08887;100
92;2;2;39,08887;100
92;2;2;39,08887;100
92;2;2;39,08887;100
92;2;2;39,08887;100
92;2;2;39,08887;100
92;2;2;39,08887;100
92;2;2;39,08887;100
92;2;2;39,08887;100
92;2;2;39,08887;100
92;2;2;39,08887;100
92;2;2;39,08887;100
92;2;2;39,42188;100
92;3;15;39,42188;100
92;2;2;39,42188;100
92;3;15;39,42188;100
92;3;15;39,42188;100
92;2;2;39,42188;100
92;3;15;39,42188;100
92;2;2;39,42188;100
92;2;2;39,42188;100
92;2;2;39,42188;100
92;2;2;39,42188;100
92;2;2;39,42188;100
92;2;2;39,42188;100
92;2;2;39,42188;100
92;2;2;39,75488;100
92;2;2;39,75488;100
92;2;2;39,75488;100
92;2;2;39,75488;100
92;2;2;39,75488;100
92;2;2;39,75488;100
92;2;2;39,75488;100
92;2;2;39,75488;100
92;2;2;39,75488;100
92;2;2;39,75488;100
92;2;2;39,75488;100
92;2;2;39,75488;100
92;2;2;39,75488;100
92;2;2;39,75488;100
92;2;2;40,08789;100
92;3;15;40,08789;100
92;2;2;40,08789;100
92;2;2;40,08789;100
92;2;2;40,08789;100
92;2;2;40,08789;100
92;2;2;40,08789;100
92;2;2;40,08789;100
92;2;2;40,08789;100
92;2;2;40,08789;100
92;2;2;40,4209;100
92;2;2;40,4209;100
92;2;2;40,4209;100
92;2;2;40,4209;100
92;2;2;40,4209;100
92;2;2;40,4209;100
92;2;2;40,4209;100
92;2;2;40,4209;100
92;2;2;40,4209;100
92;2;2;40,4209;100
92;2;2;40,75391;100
92;2;2;40,75391;100
92;2;2;40,75391;100
92;2;2;40,75391;100
92;2;2;40,75391;100
92;3;15;40,75391;100
92;2;2;40,75391;100
92;2;2;40,75391;100
92;3;15;40,75391;100
92;2;2;40,75391;100
92;2;2;40,75391;100
92;2;2;41,08691;100
92;2;2;41,08691;100
92;2;2;41,08691;100
92;2;2;41,08691;100
92;2;2;41,08691;100
92;2;2;41,08691;100
92;2;2;41,08691;100
92;2;2;41,08691;100
92;2;2;41,41992;100
92;2;2;41,41992;100
92;2;2;41,41992;100
92;2;2;41,41992;100
92;2;2;41,41992;100
92;2;2;41,41992;100
92;2;2;41,41992;100
92;2;2;41,41992;100
92;2;2;41,41992;100
92;2;2;41,41992;100
92;2;2;41,75293;100
92;2;2;41,75293;100
92;2;2;41,75293;100
92;2;2;41,75293;100
92;2;2;41,75293;100
92;2;2;41,75293;100
92;2;2;41,75293;100
92;3;15;41,75293;100
92;2;2;41,75293;100
92;2;2;41,75293;100
92;2;2;41,75293;100
92;2;2;41,75293;100
92;2;2;41,75293;100
92;2;2;42,08594;100
92;2;2;42,08594;100
92;3;15;42,08594;100
92;2;2;42,08594;100
92;2;2;42,08594;100
92;2;2;42,08594;100
92;3;15;42,08594;100
92;2;2;42,08594;100
92;2;2;42,08594;100
92;2;2;42,08594;100
92;2;2;42,08594;100
92;3;15;42,08594;100
92;3;15;42,08594;100
92;3;15;42,08594;100
92;2;2;42,41895;100
92;2;2;42,41895;100
92;2;2;42,41895;100
92;2;2;42,41895;100
92;2;2;42,41895;100
92;2;2;42,41895;100
92;2;2;42,41895;100
92;3;15;42,41895;100
92;2;2;42,41895;100
92;3;15;42,41895;100
92;2;2;42,41895;100
92;3;15;42,75195;100
92;2;2;42,75195;100
92;2;2;42,75195;100
92;2;2;42,75195;100
92;3;15;42,75195;100
92;3;15;42,75195;100
92;2;2;42,75195;100
92;2;2;42,75195;100
92;2;2;42,75195;100
92;2;2;42,75195;100
92;2;2;42,75195;100
92;3;15;42,75195;100
92;2;2;42,75195;100
92;2;2;42,75195;100
92;3;15;43,08496;100
92;2;2;43,08496;100
92;2;2;43,08496;100
92;2;2;43,08496;100
92;3;15;43,08496;85
92;3;15;43,08496;70
92;2;2;43,08496;70
92;2;2;43,08496;70
92;2;2;43,08496;70
92;2;2;43,08496;70
92;3;15;43,08496;55
92;2;2;43,08496;55
92;2;2;43,08496;55
92;2;2;43,08496;55
92;2;2;43,41797;55
92;2;2;43,41797;55
92;2;2;43,41797;55
92;2;2;43,41797;55
92;2;2;43,41797;55
92;2;2;43,41797;55
92;2;2;43,41797;55
92;2;2;43,41797;55
92;2;2;43,41797;55
92;2;2;43,41797;55
92;2;2;43,41797;55
92;2;2;43,41797;55
92;2;2;43,41797;55
92;2;2;43,41797;55
92;2;2;43,41797;55
92;2;2;43,41797;55
92;2;2;43,75098;55
92;2;2;43,75098;53
84;3;15;43,75098;38
76;2;2;43,75098;36
68;2;2;43,75098;34
60;2;2;43,75098;32
52;2;2;43,75098;30
44;2;2;43,75098;28
28;2;2;43,75098;26
20;3;15;43,75098;11
4;3;15;43,75098;-4
Player