92;2;2;12,3125;100
92;3;15;12,3125;100
92;2;2;12,3125;100
92;2;2;12,3125;100
92;2;2;12,3125;100
92;2;2;12,64551;100
92;2;2;12,64551;100
92;2;2;12,64551;100
92;2;2;12,64551;100
92;2;2;12,64551;100
92;2;2;12,64551;100
92;3;15;12,64551;100
92;2;2;12,64551;100
92;2;2;12,64551;100
92;2;2;12,64551;100
92;2;2;12,64551;100
92;2;2;12,64551;100
92;2;2;12,64551;100
92;2;2;12,97852;100
92;2;2;12,97852;100
92;2;2;12,97852;100
92;2;2;12,97852;100
92;2;2;12,97852;100
92;2;2;12,97852;100
92;2;2;12,97852;100
92;2;2;12,97852;100
92;2;2;12,97852;100
92;2;2;12,97852;100
92;2;2;12,97852;100
92;2;2;13,31152;100
92;2;2;13,31152;100
92;2;2;13,31152;100
92;2;2;13,31152;100
92;2;2;13,31152;100
92;2;2;13,31152;100
92;2;2;13,31152;100
92;2;2;13,31152;100
92;2;2;13,31152;100
92;2;2;13,31152;100
92;2;2;13,64453;100
92;2;2;13,64453;100
92;2;2;13,64453;100
92;2;2;13,64453;100
92;2;2;13,64453;100
92;2;2;13,64453;100
92;3;15;13,64453;100
92;2;2;13,64453;100
92;2;2;13,64453;100
92;2;2;13,64453;100
92;2;2;13,97754;100
92;2;2;13,97754;100
92;2;2;13,97754;100
92;2;2;13,97754;100
92;2;2;13,97754;100
92;2;2;13,97754;100
92;2;2;13,97754;100
92;2;2;13,97754;100
92;2;2;13,97754;100
92;2;2;13,97754;100
92;2;2;13,97754;100
92;2;2;13,97754;100
92;2;2;14,31055;100
92;2;2;14,31055;100
92;3;15;14,31055;100
92;2;2;14,31055;100
92;2;2;14,31055;100
92;2;2;14,31055;100
92;2;2;14,31055;100
92;2;2;14,31055;100
92;2;2;14,31055;100
92;2;2;14,31055;100
92;2;2;14,31055;100
92;2;2;14,31055;100
92;2;2;14,31055;100
92;2;2;14,64355;100
92;2;2;14,64355;100
92;2;2;14,64355;100
92;2;2;14,64355;100
92;2;2;14,64355;100
92;2;2;14,64355;100
92;2;2;14,64355;100
92;2;2;14,64355;100
92;2;2;14,64355;100
92;2;2;14,64355;100
92;2;2;14,97656;100
92;2;2;14,97656;100
92;3;15;14,97656;100
92;2;2;14,97656;100
92;2;2;14,97656;100
92;2;2;14,97656;100
92;2;2;14,97656;100
92;3;15;14,97656;100
92;2;2;14,97656;100
92;3;15;14,97656;100
92;2;2;14,97656;100
92;2;2;14,97656;100
92;3;15;15,30957;100
92;2;2;15,30957;100
92;3;15;15,30957;100
92;2;2;15,30957;100
92;2;2;15,30957;100
92;3;15;15,30957;100
92;2;2;15,30957;100
92;2;2;15,30957;100
92;2;2;15,30957;100
92;2;2;15,30957;100
92;2;2;15,30957;100
92;2;2;15,30957;100
92;2;2;15,30957;100
92;2;2;15,64258;100
92;2;2;15,64258;100
92;2;2;15,64258;100
92;2;2;15,64258;100
92;2;2;15,64258;100
92;2;2;15,64258;100
92;2;2;15,64258;100
92;2;2;15,64258;100
92;3;15;15,64258;100
92;3;15;15,64258;100
92;2;2;15,64258;100
92;2;2;15,64258;100
92;3;15;15,64258;100
92;2;2;15,97559;100
92;2;2;15,97559;100
92;3;15;15,97559;100
92;3;15;15,97559;100
92;2;2;15,97559;100
92;2;2;15,97559;100
92;2;2;15,97559;100
92;2;2;15,97559;100
92;2;2;15,97559;100
92;2;2;15,97559;100
92;2;2;15,97559;100
92;2;2;15,97559;100
92;2;2;15,97559;100
92;2;2;16,30859;100
92;2;2;16,30859;100
92;2;2;16,30859;100
92;2;2;16,30859;100
92;2;2;16,30859;100
92;2;2;16,30859;100
92;2;2;16,30859;100
92;3;15;16,30859;100
92;2;2;16,30859;100
92;2;2;16,30859;100
92;2;2;16,30859;100
92;2;2;16,30859;100
92;3;15;16,30859;100
92;2;2;16,30859;100
92;3;15;16,6416;100
92;2;2;16,6416;100
92;2;2;16,6416;100
92;2;2;16,6416;100
92;2;2;16,6416;100
92;2;2;16,6416;100
92;2;2;16,6416;100
92;2;2;16,6416;100
92;2;2;16,6416;100
92;2;2;16,6416;100
92;2;2;16,6416;100
92;2;2;16,6416;100
92;2;2;16,6416;100
92;3;15;16,97461;100
92;2;2;16,97461;100
92;2;2;16,97461;100
92;3;15;16,97461;100
92;2;2;16,97461;100
92;2;2;16,97461;100
92;2;2;16,97461;100
92;3;15;16,97461;100
92;2;2;16,97461;100
92;2;2;16,97461;100
92;2;2;16,97461;100
92;2;2;16,97461;100
92;2;2;16,97461;100
92;3;15;16,97461;100
92;2;2;17,30762;100
92;2;2;17,30762;100
92;2;2;17,30762;100
92;2;2;17,30762;100
92;2;2;17,30762;100
92;2;2;17,30762;100
92;2;2;17,30762;100
92;3;15;17,30762;100
92;2;2;17,30762;100
92;3;15;17,30762;100
92;2;2;17,30762;100
92;2;2;17,30762;100
92;2;2;17,30762;100
92;3;15;17,30762;100
92;2;2;17,64063;100
92;2;2;17,64063;100
92;2;2;17,64063;100
92;2;2;17,64063;100
92;2;2;17,64063;100
92;2;2;17,64063;100
92;2;2;17,64063;100
92;2;2;17,64063;100
92;2;2;17,64063;100
92;3;15;17,64063;100
92;2;2;17,64063;100
92;2;2;17,64063;100
92;2;2;17,64063;100
92;2;2;17,64063;100
92;2;2;17,64063;100
92;2;2;17,97363;100
92;3;15;17,97363;100
92;2;2;17,97363;100
92;3;15;17,97363;100
92;2;2;17,97363;100
92;2;2;17,97363;100
92;3;15;17,97363;100
92;3;15;17,97363;100
92;2;2;17,97363;100
92;2;2;17,97363;100
92;2;2;17,97363;100
92;3;15;17,97363;100
92;2;2;17,97363;100
92;2;2;17,97363;100
92;2;2;17,97363;100
92;2;2;18,30664;100
92;2;2;18,30664;100
92;2;2;18,30664;100
92;2;2;18,30664;100
92;2;2;18,30664;100
92;3;15;18,30664;85
92;3;15;18,30664;70
92;2;2;18,30664;70
92;2;2;18,30664;70
92;2;2;18,30664;70
92;2;2;18,30664;70
92;2;2;18,30664;70
92;2;2;18,30664;70
92;2;2;18,30664;70
92;2;2;18,63965;70
92;2;2;18,63965;70
92;2;2;18,63965;70
92;2;2;18,63965;70
92;2;2;18,63965;70
92;2;2;18,63965;70
92;2;2;18,63965;70
92;2;2;18,63965;70
92;2;2;18,63965;70
92;2;2;18,63965;70
92;2;2;18,63965;70
92;2;2;18,63965;70
92;2;2;18,63965;70
92;2;2;18,63965;70
92;2;2;18,63965;70
92;3;15;18,63965;55
92;2;2;18,97266;55
92;2;2;18,97266;53
84;2;2;18,97266;51
76;2;2;18,97266;49
68;2;2;18,97266;47
60;2;2;18,97266;45
52;3;15;18,97266;30
44;2;2;18,97266;28
28;2;2;18,97266;26
20;2;2;18,97266;24
12;2;2;18,97266;22
4;3;15;18,97266;7
-4;3;15;18,97266;-8
Player