92;2;2;54,50391;100
92;2;2;54,50391;100
92;2;2;54,50391;100
92;2;2;54,8374;100
92;2;2;54,8374;100
92;2;2;54,8374;100
92;2;2;54,8374;100
92;2;2;54,8374;100
92;2;2;54,8374;100
92;2;2;54,8374;100
92;2;2;54,8374;100
92;2;2;54,8374;100
92;2;2;54,8374;100
92;2;2;54,8374;100
92;2;2;54,8374;100
92;2;2;54,8374;100
92;2;2;54,8374;100
92;2;2;54,8374;100
92;2;2;54,8374;100
92;2;2;54,8374;100
92;2;2;55,1709;100
92;2;2;55,1709;100
92;2;2;55,1709;100
92;2;2;55,1709;100
92;2;2;55,1709;100
92;2;2;55,1709;100
92;2;2;55,1709;100
92;2;2;55,1709;100
92;2;2;55,1709;100
92;2;2;55,1709;100
92;2;2;55,1709;100
92;2;2;55,1709;100
92;2;2;55,1709;100
92;2;2;55,1709;100
92;2;2;55,1709;100
92;2;2;55,1709;100
92;2;2;55,50439;100
92;2;2;55,50439;100
92;2;2;55,50439;100
92;2;2;55,50439;100
92;2;2;55,50439;100
92;2;2;55,50439;100
92;2;2;55,50439;100
92;2;2;55,50439;100
92;2;2;55,50439;100
92;2;2;55,50439;100
92;2;2;55,50439;100
92;2;2;55,50439;100
92;2;2;55,50439;100
92;2;2;55,50439;100
92;2;2;55,50439;100
92;2;2;55,50439;100
92;2;2;55,50439;100
92;2;2;55,83789;100
92;2;2;55,83789;100
92;2;2;55,83789;100
92;2;2;55,83789;100
92;2;2;55,83789;100
92;2;2;55,83789;100
92;2;2;55,83789;100
92;2;2;55,83789;100
92;2;2;55,83789;100
92;2;2;55,83789;100
92;2;2;55,83789;100
92;2;2;55,83789;100
92;2;2;55,83789;100
92;2;2;55,83789;100
92;2;2;55,83789;100
92;2;2;56,17139;100
92;2;2;56,17139;100
92;2;2;56,17139;100
92;2;2;56,17139;100
92;3;15;56,17139;100
92;2;2;56,17139;100
92;2;2;56,17139;100
92;2;2;56,17139;100
92;2;2;56,17139;100
92;2;2;56,17139;100
92;2;2;56,17139;100
92;2;2;56,17139;100
92;2;2;56,17139;100
92;2;2;56,17139;100
92;2;2;56,50488;100
92;2;2;56,50488;100
92;2;2;56,50488;100
92;2;2;56,50488;100
92;2;2;56,50488;100
92;2;2;56,50488;100
92;2;2;56,50488;100
92;2;2;56,50488;100
92;2;2;56,50488;100
92;2;2;56,50488;100
92;2;2;56,50488;100
92;2;2;56,50488;100
92;2;2;56,50488;100
92;2;2;56,50488;100
92;2;2;56,50488;100
92;2;2;56,50488;100
92;2;2;56,50488;100
92;2;2;56,83838;100
92;2;2;56,83838;100
92;2;2;56,83838;100
92;2;2;56,83838;100
92;2;2;56,83838;100
92;2;2;56,83838;100
92;2;2;56,83838;100
92;2;2;56,83838;100
92;2;2;56,83838;100
92;2;2;56,83838;100
92;2;2;56,83838;100
92;2;2;56,83838;100
92;2;2;56,83838;100
92;2;2;56,83838;100
92;2;2;56,83838;100
92;2;2;56,83838;100
92;2;2;57,17188;100
92;2;2;57,17188;100
92;2;2;57,17188;100
92;2;2;57,17188;100
92;2;2;57,17188;100
92;2;2;57,17188;100
92;2;2;57,17188;100
92;2;2;57,17188;100
92;2;2;57,17188;100
92;2;2;57,17188;100
92;2;2;57,17188;100
92;2;2;57,17188;100
92;2;2;57,50537;100
92;2;2;57,50537;100
92;2;2;57,50537;100
92;2;2;57,50537;100
92;2;2;57,50537;100
92;2;2;57,50537;100
92;2;2;57,50537;100
92;2;2;57,50537;100
92;2;2;57,50537;100
92;2;2;57,50537;100
92;2;2;57,50537;100
92;2;2;57,50537;100
92;2;2;57,50537;100
92;2;2;57,50537;100
92;2;2;57,50537;100
92;2;2;57,50537;100
92;2;2;57,50537;100
92;2;2;57,83887;100
92;2;2;57,83887;100
92;2;2;57,83887;100
92;2;2;57,83887;100
92;2;2;57,83887;100
92;2;2;57,83887;100
92;2;2;57,83887;100
92;2;2;57,83887;100
92;2;2;57,83887;100
92;2;2;57,83887;100
92;2;2;57,83887;100
92;2;2;57,83887;100
92;2;2;57,83887;100
92;2;2;57,83887;100
92;2;2;57,83887;100
92;2;2;58,17236;100
92;2;2;58,17236;100
92;2;2;58,17236;100
92;2;2;58,17236;100
92;2;2;58,17236;100
92;2;2;58,17236;100
92;2;2;58,17236;100
92;2;2;58,17236;100
92;2;2;58,17236;100
92;2;2;58,17236;100
92;2;2;58,17236;100
92;2;2;58,17236;100
92;2;2;58,17236;100
92;2;2;58,17236;100
92;2;2;58,17236;100
92;2;2;58,50586;100
92;2;2;58,50586;100
92;2;2;58,50586;100
92;2;2;58,50586;100
92;2;2;58,50586;100
92;2;2;58,50586;100
92;2;2;58,50586;100
92;2;2;58,50586;100
92;2;2;58,50586;100
92;2;2;58,50586;100
92;2;2;58,50586;100
92;2;2;58,50586;100
92;2;2;58,50586;100
92;2;2;58,50586;100
92;2;2;58,83936;100
92;2;2;58,83936;100
92;2;2;58,83936;100
92;2;2;58,83936;100
92;2;2;58,83936;100
92;2;2;58,83936;100
92;2;2;58,83936;100
92;2;2;58,83936;100
92;2;2;58,83936;100
92;2;2;58,83936;100
92;2;2;58,83936;100
92;2;2;58,83936;100
92;2;2;58,83936;100
92;2;2;58,83936;100
92;2;2;58,83936;100
92;2;2;59,17285;100
92;2;2;59,17285;100
92;2;2;59,17285;100
92;2;2;59,17285;100
92;2;2;59,17285;100
92;2;2;59,17285;100
92;2;2;59,17285;100
92;2;2;59,17285;100
92;2;2;59,17285;100
92;2;2;59,17285;100
92;2;2;59,17285;100
92;2;2;59,50635;100
92;2;2;59,50635;100
92;2;2;59,50635;100
92;3;15;59,50635;100
92;2;2;59,50635;100
92;2;2;59,50635;100
92;2;2;59,50635;100
92;2;2;59,50635;100
92;2;2;59,50635;100
92;2;2;59,50635;100
92;2;2;59,50635;100
92;2;2;59,50635;100
92;2;2;59,50635;100
92;2;2;59,50635;100
92;2;2;59,83984;100
92;2;2;59,83984;100
92;2;2;59,83984;100
92;2;2;59,83984;100
92;2;2;59,83984;100
92;2;2;59,83984;100
92;2;2;59,83984;100
92;2;2;59,83984;100
92;2;2;59,83984;100
92;2;2;59,83984;100
92;2;2;0,1733398;100
92;2;2;0,1733398;100
92;2;2;0,1733398;100
92;2;2;0,1733398;100
92;2;2;0,1733398;100
92;2;2;0,1733398;100
92;2;2;0,1733398;100
92;2;2;0,1733398;100
92;2;2;0,1733398;100
92;2;2;0,1733398;100
92;2;2;0,5068359;100
92;2;2;0,5068359;100
92;2;2;0,5068359;100
92;2;2;0,5068359;100
92;2;2;0,5068359;100
92;2;2;0,5068359;100
92;2;2;0,5068359;100
92;2;2;0,5068359;100
92;2;2;0,5068359;100
92;2;2;0,5068359;100
92;2;2;0,5068359;100
92;2;2;0,5068359;100
92;2;2;0,5068359;100
92;2;2;0,5068359;100
92;2;2;0,5068359;100
92;2;2;0,5068359;100
92;2;2;0,840332;100
92;2;2;0,840332;100
92;2;2;0,840332;100
92;2;2;0,840332;100
92;2;2;0,840332;100
92;2;2;0,840332;100
92;2;2;0,840332;100
92;2;2;0,840332;100
92;2;2;0,840332;100
92;2;2;0,840332;100
92;2;2;0,840332;100
92;2;2;0,840332;100
92;2;2;0,840332;100
92;2;2;1,173828;100
92;2;2;1,173828;100
92;2;2;1,173828;100
92;2;2;1,173828;100
92;2;2;1,173828;100
92;2;2;1,173828;100
92;2;2;1,173828;100
92;2;2;1,173828;100
92;2;2;1,173828;100
92;2;2;1,173828;100
92;2;2;1,173828;100
92;2;2;1,173828;100
92;2;2;1,173828;100
92;2;2;1,507324;100
92;2;2;1,507324;100
92;2;2;1,507324;100
92;2;2;1,507324;100
92;2;2;1,507324;100
92;2;2;1,507324;100
92;2;2;1,507324;100
92;2;2;1,507324;100
92;2;2;1,507324;100
92;2;2;1,507324;100
92;2;2;1,507324;100
92;2;2;1,507324;100
92;2;2;1,84082;100
92;2;2;1,84082;100
92;2;2;1,84082;100
92;2;2;1,84082;100
92;2;2;1,84082;100
92;2;2;1,84082;100
92;2;2;1,84082;100
92;2;2;1,84082;100
92;2;2;1,84082;100
92;2;2;2,174316;100
92;2;2;2,174316;100
92;2;2;2,174316;100
92;2;2;2,174316;100
92;2;2;2,174316;100
92;2;2;2,174316;100
92;2;2;2,174316;100
92;2;2;2,174316;100
92;2;2;2,174316;100
92;2;2;2,174316;100
92;2;2;2,174316;100
92;2;2;2,174316;100
92;2;2;2,507813;100
92;2;2;2,507813;100
92;2;2;2,507813;100
92;2;2;2,507813;100
92;2;2;2,507813;100
92;2;2;2,507813;100
92;2;2;2,507813;100
92;2;2;2,507813;100
92;2;2;2,507813;100
92;2;2;2,507813;100
92;2;2;2,507813;100
92;2;2;2,507813;100
92;2;2;2,841309;100
92;2;2;2,841309;100
92;2;2;2,841309;100
92;2;2;2,841309;100
92;2;2;2,841309;100
92;2;2;2,841309;100
92;2;2;2,841309;100
92;2;2;2,841309;100
92;2;2;3,174805;100
92;2;2;3,174805;100
92;2;2;3,174805;100
92;2;2;3,174805;100
92;2;2;3,174805;100
92;2;2;3,174805;100
92;2;2;3,174805;100
92;2;2;3,174805;100
92;2;2;3,174805;100
92;2;2;3,508301;100
92;2;2;3,508301;100
92;2;2;3,508301;100
92;2;2;3,508301;100
92;2;2;3,508301;100
92;2;2;3,508301;100
92;2;2;3,508301;100
92;2;2;3,508301;100
92;2;2;3,508301;100
92;2;2;3,508301;100
92;2;2;3,508301;100
92;2;2;3,841797;100
92;2;2;3,841797;98
84;2;2;3,841797;96
60;2;2;3,841797;94
Boss