92;2;2;7,94043;100
92;2;2;7,94043;100
92;2;2;7,94043;100
92;2;2;8,273438;100
92;2;2;8,273438;100
92;2;2;8,273438;100
92;2;2;8,273438;100
92;2;2;8,273438;100
92;2;2;8,273438;100
92;2;2;8,273438;100
92;2;2;8,273438;100
92;2;2;8,273438;100
92;2;2;8,273438;100
92;2;2;8,273438;100
92;2;2;8,273438;100
92;2;2;8,273438;100
92;2;2;8,273438;100
92;2;2;8,273438;100
92;2;2;8,273438;100
92;2;2;8,606445;100
92;2;2;8,606445;100
92;2;2;8,606445;100
92;2;2;8,606445;100
92;2;2;8,606445;100
92;2;2;8,606445;100
92;2;2;8,606445;100
92;2;2;8,606445;100
92;2;2;8,606445;100
92;2;2;8,606445;100
92;2;2;8,606445;100
92;2;2;8,606445;100
92;2;2;8,939453;100
92;2;2;8,939453;100
92;2;2;8,939453;100
92;2;2;8,939453;100
92;2;2;8,939453;100
92;2;2;8,939453;100
92;2;2;8,939453;100
92;2;2;8,939453;100
92;2;2;8,939453;100
92;2;2;8,939453;100
92;2;2;8,939453;100
92;2;2;8,939453;100
92;2;2;8,939453;100
92;2;2;9,272461;100
92;2;2;9,272461;100
92;2;2;9,272461;100
92;2;2;9,272461;100
92;2;2;9,272461;100
92;2;2;9,272461;100
92;2;2;9,272461;100
92;2;2;9,272461;100
92;2;2;9,272461;100
92;2;2;9,272461;100
92;2;2;9,272461;100
92;3;15;9,272461;100
92;2;2;9,272461;100
92;2;2;9,272461;100
92;2;2;9,272461;100
92;2;2;9,605469;100
92;2;2;9,605469;100
92;3;15;9,605469;100
92;2;2;9,605469;100
92;2;2;9,605469;100
92;2;2;9,605469;100
92;2;2;9,605469;100
92;2;2;9,605469;100
92;2;2;9,605469;100
92;2;2;9,605469;100
92;2;2;9,605469;100
92;2;2;9,605469;100
92;2;2;9,605469;100
92;2;2;9,605469;100
92;2;2;9,605469;100
92;2;2;9,605469;100
92;2;2;9,605469;100
92;2;2;9,938477;100
92;2;2;9,938477;100
92;2;2;9,938477;100
92;2;2;9,938477;100
92;2;2;9,938477;100
92;2;2;9,938477;100
92;2;2;9,938477;100
92;2;2;9,938477;100
92;2;2;9,938477;100
92;2;2;9,938477;100
92;3;15;9,938477;100
92;2;2;9,938477;100
92;2;2;9,938477;100
92;2;2;10,27148;100
92;2;2;10,27148;100
92;2;2;10,27148;100
92;2;2;10,27148;100
92;2;2;10,27148;100
92;2;2;10,27148;100
92;2;2;10,27148;100
92;2;2;10,27148;100
92;2;2;10,27148;100
92;2;2;10,27148;100
92;2;2;10,27148;100
92;2;2;10,27148;100
92;2;2;10,27148;100
92;2;2;10,60449;100
92;2;2;10,60449;100
92;2;2;10,60449;100
92;3;15;10,60449;100
92;2;2;10,60449;100
92;2;2;10,60449;100
92;2;2;10,60449;100
92;2;2;10,60449;100
92;2;2;10,60449;100
92;2;2;10,60449;100
92;2;2;10,60449;100
92;2;2;10,60449;100
92;2;2;10,60449;100
92;2;2;10,60449;100
92;2;2;10,9375;100
92;2;2;10,9375;100
92;2;2;10,9375;100
92;2;2;10,9375;100
92;2;2;10,9375;100
92;2;2;10,9375;100
92;2;2;10,9375;100
92;3;15;10,9375;100
92;2;2;10,9375;100
92;2;2;10,9375;100
92;2;2;10,9375;100
92;2;2;10,9375;100
92;2;2;10,9375;100
92;3;15;11,27051;100
92;2;2;11,27051;100
92;2;2;11,27051;100
92;2;2;11,27051;100
92;2;2;11,27051;100
92;2;2;11,27051;100
92;2;2;11,27051;100
92;2;2;11,27051;100
92;2;2;11,27051;100
92;3;15;11,27051;100
92;2;2;11,27051;100
92;2;2;11,27051;100
92;2;2;11,60352;100
92;2;2;11,60352;100
92;2;2;11,60352;100
92;2;2;11,60352;100
92;2;2;11,60352;100
92;2;2;11,60352;100
92;2;2;11,60352;100
92;2;2;11,60352;100
92;2;2;11,60352;100
92;2;2;11,60352;100
92;2;2;11,60352;100
92;2;2;11,60352;100
92;2;2;11,60352;100
92;2;2;11,60352;100
92;2;2;11,93652;100
92;2;2;11,93652;100
92;2;2;11,93652;100
92;2;2;11,93652;100
92;2;2;11,93652;100
92;2;2;11,93652;100
92;2;2;11,93652;100
92;2;2;11,93652;100
92;2;2;11,93652;100
92;2;2;11,93652;100
92;2;2;11,93652;100
92;2;2;11,93652;100
92;2;2;11,93652;100
92;2;2;11,93652;100
92;2;2;11,93652;100
92;2;2;12,26953;100
92;2;2;12,26953;100
92;2;2;12,26953;100
92;2;2;12,26953;100
92;2;2;12,26953;100
92;2;2;12,26953;100
92;2;2;12,26953;100
92;2;2;12,26953;100
92;2;2;12,26953;100
92;2;2;12,26953;100
92;2;2;12,26953;100
92;2;2;12,26953;100
92;2;2;12,60254;100
92;2;2;12,60254;100
92;2;2;12,60254;100
92;2;2;12,60254;100
92;2;2;12,60254;100
92;2;2;12,60254;100
92;2;2;12,60254;100
92;2;2;12,60254;100
92;2;2;12,60254;100
92;2;2;12,60254;100
92;2;2;12,60254;100
92;3;15;12,93555;100
92;2;2;12,93555;100
92;3;15;12,93555;100
92;3;15;12,93555;100
92;2;2;12,93555;100
92;2;2;12,93555;100
92;2;2;12,93555;100
92;2;2;12,93555;100
92;2;2;12,93555;100
92;2;2;12,93555;100
92;2;2;12,93555;100
92;2;2;12,93555;100
92;2;2;13,26855;100
92;2;2;13,26855;100
92;2;2;13,26855;100
92;3;15;13,26855;100
92;2;2;13,26855;100
92;2;2;13,26855;100
92;2;2;13,26855;100
92;2;2;13,26855;100
92;2;2;13,26855;100
92;2;2;13,26855;100
92;2;2;13,26855;100
92;2;2;13,26855;100
92;2;2;13,60156;100
92;3;15;13,60156;100
92;2;2;13,60156;100
92;2;2;13,60156;100
92;2;2;13,60156;100
92;3;15;13,60156;100
92;2;2;13,60156;100
92;2;2;13,60156;100
92;2;2;13,60156;100
92;2;2;13,60156;100
92;2;2;13,60156;100
92;2;2;13,60156;100
92;2;2;13,60156;100
92;2;2;13,93457;100
92;2;2;13,93457;100
92;3;15;13,93457;85
92;2;2;13,93457;85
92;2;2;13,93457;85
92;2;2;13,93457;85
92;2;2;13,93457;85
92;2;2;13,93457;85
92;2;2;13,93457;85
92;2;2;13,93457;85
92;2;2;13,93457;85
92;2;2;13,93457;85
92;2;2;13,93457;85
92;2;2;13,93457;85
92;3;15;14,26758;70
92;2;2;14,26758;70
92;2;2;14,26758;70
92;2;2;14,26758;70
92;2;2;14,26758;70
92;2;2;14,26758;70
92;2;2;14,26758;70
92;2;2;14,26758;70
92;2;2;14,26758;70
92;2;2;14,26758;70
92;2;2;14,26758;70
92;2;2;14,26758;70
92;2;2;14,26758;70
92;2;2;14,26758;70
92;3;15;14,26758;55
92;2;2;14,60059;55
92;2;2;14,60059;53
84;2;2;14,60059;51
76;2;2;14,60059;49
44;2;2;14,60059;47
28;3;15;14,60059;32
20;3;15;14,60059;17
12;3;15;14,60059;2
4;2;2;14,60059;0
Player