92;2;2;16,49316;100
92;2;2;16,49316;100
92;2;2;16,82617;100
92;2;2;16,82617;100
92;2;2;16,82617;100
92;2;2;16,82617;100
92;2;2;16,82617;100
92;2;2;16,82617;100
92;2;2;16,82617;100
92;2;2;16,82617;100
92;2;2;16,82617;100
92;2;2;16,82617;100
92;2;2;16,82617;100
92;2;2;16,82617;100
92;2;2;16,82617;100
92;2;2;17,15918;100
92;2;2;17,15918;100
92;2;2;17,15918;100
92;2;2;17,15918;100
92;2;2;17,15918;100
92;2;2;17,15918;100
92;2;2;17,15918;100
92;2;2;17,15918;100
92;2;2;17,15918;100
92;2;2;17,15918;100
92;2;2;17,15918;100
92;2;2;17,15918;100
92;2;2;17,15918;100
92;2;2;17,15918;100
92;2;2;17,15918;100
92;2;2;17,49219;100
92;2;2;17,49219;100
92;2;2;17,49219;100
92;2;2;17,49219;100
92;2;2;17,49219;100
92;2;2;17,49219;100
92;2;2;17,49219;100
92;2;2;17,49219;100
92;2;2;17,49219;100
92;2;2;17,49219;100
92;2;2;17,49219;100
92;2;2;17,49219;100
92;2;2;17,49219;100
92;2;2;17,49219;100
92;2;2;17,49219;100
92;2;2;17,49219;100
92;2;2;17,8252;100
92;2;2;17,8252;100
92;2;2;17,8252;100
92;2;2;17,8252;100
92;2;2;17,8252;100
92;2;2;17,8252;100
92;2;2;17,8252;100
92;2;2;17,8252;100
92;2;2;17,8252;100
92;2;2;17,8252;100
92;2;2;17,8252;100
92;2;2;17,8252;100
92;2;2;17,8252;100
92;2;2;17,8252;100
92;2;2;17,8252;100
92;2;2;17,8252;100
92;2;2;17,8252;100
92;2;2;18,1582;100
92;2;2;18,1582;100
92;2;2;18,1582;100
92;2;2;18,1582;100
92;2;2;18,1582;100
92;2;2;18,1582;100
92;2;2;18,1582;100
92;2;2;18,1582;100
92;2;2;18,1582;100
92;2;2;18,1582;100
92;3;15;18,49121;100
92;2;2;18,49121;100
92;2;2;18,49121;100
92;2;2;18,49121;100
92;2;2;18,49121;100
92;2;2;18,49121;100
92;2;2;18,49121;100
92;2;2;18,49121;100
92;2;2;18,49121;100
92;2;2;18,49121;100
92;2;2;18,49121;100
92;3;15;18,49121;100
92;2;2;18,49121;100
92;2;2;18,49121;100
92;2;2;18,82422;100
92;2;2;18,82422;100
92;2;2;18,82422;100
92;2;2;18,82422;100
92;2;2;18,82422;100
92;2;2;18,82422;100
92;2;2;18,82422;100
92;2;2;18,82422;100
92;2;2;18,82422;100
92;2;2;18,82422;100
92;2;2;18,82422;100
92;2;2;18,82422;100
92;2;2;19,15723;100
92;2;2;19,15723;100
92;2;2;19,15723;100
92;2;2;19,15723;100
92;2;2;19,15723;100
92;2;2;19,15723;100
92;2;2;19,15723;100
92;2;2;19,15723;100
92;2;2;19,15723;100
92;2;2;19,15723;100
92;2;2;19,15723;100
92;2;2;19,49023;100
92;2;2;19,49023;100
92;2;2;19,49023;100
92;2;2;19,49023;100
92;2;2;19,49023;100
92;2;2;19,49023;100
92;2;2;19,49023;100
92;2;2;19,49023;100
92;2;2;19,49023;100
92;2;2;19,49023;100
92;2;2;19,49023;100
92;2;2;19,49023;100
92;2;2;19,49023;100
92;2;2;19,49023;100
92;2;2;19,49023;100
92;2;2;19,82324;100
92;2;2;19,82324;100
92;2;2;19,82324;100
92;2;2;19,82324;100
92;2;2;19,82324;100
92;2;2;19,82324;100
92;3;15;19,82324;100
92;2;2;19,82324;100
92;2;2;19,82324;100
92;2;2;19,82324;100
92;2;2;19,82324;100
92;2;2;19,82324;100
92;2;2;19,82324;100
92;3;15;19,82324;100
92;2;2;19,82324;100
92;2;2;19,82324;100
92;2;2;20,15625;100
92;2;2;20,15625;100
92;2;2;20,15625;100
92;2;2;20,15625;100
92;2;2;20,15625;100
92;2;2;20,15625;100
92;2;2;20,15625;100
92;2;2;20,15625;100
92;2;2;20,15625;100
92;2;2;20,15625;100
92;2;2;20,15625;100
92;2;2;20,48926;100
92;2;2;20,48926;100
92;2;2;20,48926;100
92;2;2;20,48926;100
92;2;2;20,48926;100
92;2;2;20,48926;100
92;2;2;20,48926;100
92;2;2;20,48926;100
92;2;2;20,48926;100
92;2;2;20,48926;100
92;2;2;20,48926;100
92;2;2;20,48926;100
92;3;15;20,48926;100
92;2;2;20,48926;100
92;2;2;20,82227;100
92;2;2;20,82227;100
92;3;15;20,82227;100
92;2;2;20,82227;100
92;2;2;20,82227;100
92;3;15;20,82227;100
92;2;2;20,82227;100
92;2;2;20,82227;100
92;2;2;20,82227;100
92;2;2;20,82227;100
92;2;2;20,82227;100
92;2;2;20,82227;100
92;2;2;20,82227;100
92;2;2;21,15527;100
92;2;2;21,15527;100
92;2;2;21,15527;100
92;2;2;21,15527;100
92;2;2;21,15527;100
92;2;2;21,15527;100
92;2;2;21,15527;100
92;2;2;21,15527;100
92;2;2;21,15527;100
92;2;2;21,15527;100
92;2;2;21,15527;100
92;2;2;21,48828;100
92;3;15;21,48828;100
92;2;2;21,48828;100
92;2;2;21,48828;100
92;2;2;21,48828;100
92;2;2;21,48828;100
92;2;2;21,48828;100
92;2;2;21,48828;100
92;2;2;21,48828;100
92;2;2;21,48828;100
92;2;2;21,48828;100
92;2;2;21,48828;100
92;2;2;21,48828;100
92;2;2;21,82129;100
92;2;2;21,82129;100
92;2;2;21,82129;100
92;2;2;21,82129;100
92;2;2;21,82129;100
92;2;2;21,82129;100
92;2;2;21,82129;100
92;2;2;21,82129;100
92;3;15;21,82129;100
92;2;2;21,82129;100
92;2;2;21,82129;100
92;2;2;21,82129;100
92;2;2;21,82129;100
92;2;2;22,1543;100
92;2;2;22,1543;100
92;2;2;22,1543;100
92;2;2;22,1543;100
92;2;2;22,1543;100
92;3;15;22,1543;100
92;3;15;22,1543;100
92;2;2;22,1543;100
92;2;2;22,1543;100
92;2;2;22,1543;100
92;2;2;22,1543;100
92;2;2;22,1543;100
92;2;2;22,4873;100
92;2;2;22,4873;100
92;2;2;22,4873;100
92;3;15;22,4873;85
92;3;15;22,4873;70
92;2;2;22,4873;70
92;3;15;22,4873;55
92;2;2;22,4873;55
92;2;2;22,4873;55
92;2;2;22,4873;55
92;3;15;22,4873;40
92;2;2;22,4873;40
92;2;2;22,4873;40
92;2;2;22,4873;40
92;2;2;22,4873;40
92;2;2;22,82031;40
92;2;2;22,82031;40
92;2;2;22,82031;40
92;2;2;22,82031;40
92;2;2;22,82031;40
92;2;2;22,82031;40
92;2;2;22,82031;40
92;2;2;22,82031;40
92;2;2;22,82031;40
92;2;2;22,82031;40
92;2;2;22,82031;40
92;2;2;22,82031;40
92;2;2;22,82031;40
92;2;2;22,82031;40
92;2;2;22,82031;40
92;2;2;22,82031;40
92;2;2;22,82031;40
92;2;2;23,15332;40
92;2;2;23,15332;40
92;2;2;23,15332;40
92;2;2;23,15332;40
92;2;2;23,15332;40
92;2;2;23,15332;40
92;2;2;23,15332;40
92;2;2;23,15332;40
92;2;2;23,15332;40
92;2;2;23,15332;40
92;2;2;23,15332;40
92;2;2;23,15332;40
92;2;2;23,15332;40
92;2;2;23,48633;40
92;2;2;23,48633;40
92;2;2;23,48633;40
92;2;2;23,48633;40
92;2;2;23,48633;40
92;2;2;23,48633;40
92;2;2;23,48633;40
92;2;2;23,48633;40
92;2;2;23,48633;40
92;2;2;23,48633;40
92;2;2;23,48633;40
92;2;2;23,48633;40
92;2;2;23,48633;40
92;2;2;23,48633;40
92;2;2;23,48633;40
92;2;2;23,81934;40
92;2;2;23,81934;40
92;2;2;23,81934;40
92;2;2;23,81934;40
92;2;2;23,81934;40
92;2;2;23,81934;40
92;2;2;23,81934;40
92;2;2;23,81934;40
92;2;2;23,81934;40
92;2;2;23,81934;40
92;2;2;23,81934;40
92;2;2;23,81934;40
92;2;2;23,81934;40
92;2;2;23,81934;40
92;2;2;23,81934;40
92;2;2;23,81934;40
92;2;2;24,15234;40
92;2;2;24,15234;40
92;2;2;24,15234;40
92;2;2;24,15234;40
92;3;15;24,15234;40
92;2;2;24,15234;40
92;2;2;24,15234;40
92;2;2;24,15234;40
92;2;2;24,15234;40
92;2;2;24,15234;40
92;2;2;24,15234;40
92;2;2;24,15234;40
92;2;2;24,15234;40
92;2;2;24,15234;40
92;2;2;24,15234;40
92;2;2;24,15234;40
92;2;2;24,48535;40
92;2;2;24,48535;40
92;2;2;24,48535;40
92;2;2;24,48535;40
92;2;2;24,48535;40
92;2;2;24,48535;40
92;2;2;24,48535;40
92;2;2;24,48535;40
92;2;2;24,48535;40
92;2;2;24,48535;40
92;2;2;24,48535;40
92;2;2;24,48535;40
92;2;2;24,48535;40
92;2;2;24,48535;40
92;2;2;24,48535;40
92;2;2;24,48535;40
92;2;2;24,81836;40
92;2;2;24,81836;40
92;2;2;24,81836;40
92;2;2;24,81836;40
92;2;2;24,81836;40
92;2;2;24,81836;40
92;2;2;24,81836;40
92;2;2;24,81836;40
92;2;2;24,81836;40
92;2;2;24,81836;40
92;2;2;24,81836;40
92;2;2;24,81836;40
92;2;2;24,81836;40
92;2;2;24,81836;40
92;2;2;24,81836;40
92;2;2;25,15137;40
92;2;2;25,15137;40
92;2;2;25,15137;40
92;2;2;25,15137;40
92;2;2;25,15137;40
92;2;2;25,15137;40
92;2;2;25,15137;40
92;2;2;25,15137;40
92;2;2;25,15137;40
92;2;2;25,15137;40
92;2;2;25,15137;40
92;2;2;25,15137;40
92;2;2;25,15137;40
92;2;2;25,15137;40
92;2;2;25,15137;40
92;2;2;25,48438;40
92;2;2;25,48438;40
92;2;2;25,48438;40
92;2;2;25,48438;40
92;2;2;25,48438;40
92;2;2;25,48438;40
92;2;2;25,48438;40
92;2;2;25,48438;40
92;2;2;25,48438;40
92;2;2;25,48438;40
92;2;2;25,48438;40
92;2;2;25,48438;40
92;2;2;25,48438;40
92;2;2;25,48438;40
92;2;2;25,48438;40
92;2;2;25,48438;40
92;2;2;25,81738;40
92;2;2;25,81738;40
92;2;2;25,81738;40
92;2;2;25,81738;40
92;2;2;25,81738;40
92;2;2;25,81738;40
92;2;2;25,81738;40
92;2;2;25,81738;40
92;2;2;25,81738;40
92;2;2;25,81738;40
92;2;2;25,81738;40
92;2;2;25,81738;40
92;2;2;25,81738;40
92;2;2;25,81738;40
92;2;2;25,81738;40
92;2;2;25,81738;40
92;2;2;25,81738;40
92;2;2;26,15039;40
92;2;2;26,15039;40
92;2;2;26,15039;40
92;2;2;26,15039;40
92;2;2;26,15039;40
92;2;2;26,15039;40
92;2;2;26,15039;40
92;3;15;26,15039;40
92;2;2;26,15039;40
92;2;2;26,15039;40
92;2;2;26,15039;40
92;3;15;26,15039;40
92;2;2;26,15039;40
92;2;2;26,15039;40
92;2;2;26,4834;40
92;2;2;26,4834;40
92;2;2;26,4834;40
92;2;2;26,4834;40
92;2;2;26,4834;40
92;2;2;26,4834;40
92;2;2;26,4834;40
92;2;2;26,4834;40
92;2;2;26,4834;40
92;2;2;26,4834;40
92;2;2;26,4834;40
92;2;2;26,4834;40
92;2;2;26,4834;40
92;2;2;26,4834;40
92;2;2;26,4834;40
92;2;2;26,81641;40
92;2;2;26,81641;40
92;2;2;26,81641;40
92;2;2;26,81641;40
92;2;2;26,81641;40
92;2;2;26,81641;40
92;2;2;26,81641;40
92;2;2;26,81641;40
92;2;2;26,81641;40
92;2;2;26,81641;40
92;2;2;26,81641;40
92;2;2;26,81641;40
92;2;2;26,81641;40
92;2;2;26,81641;40
92;2;2;27,14941;40
92;2;2;27,14941;40
92;2;2;27,14941;40
92;2;2;27,14941;40
92;2;2;27,14941;40
92;2;2;27,14941;40
92;2;2;27,14941;40
92;2;2;27,14941;40
92;2;2;27,14941;40
92;2;2;27,14941;40
92;2;2;27,14941;40
92;2;2;27,14941;40
92;2;2;27,14941;40
92;2;2;27,14941;40
92;2;2;27,14941;40
92;2;2;27,48242;40
92;2;2;27,48242;40
92;3;15;27,48242;40
92;2;2;27,48242;40
92;2;2;27,48242;40
92;2;2;27,48242;40
92;2;2;27,48242;40
92;2;2;27,48242;40
92;2;2;27,48242;40
92;2;2;27,48242;40
92;2;2;27,48242;40
92;2;2;27,48242;40
92;2;2;27,48242;40
92;2;2;27,48242;40
92;2;2;27,48242;40
92;2;2;27,48242;40
92;2;2;27,81543;40
92;2;2;27,81543;40
92;2;2;27,81543;40
92;2;2;27,81543;40
92;2;2;27,81543;40
92;2;2;27,81543;40
92;2;2;27,81543;40
92;2;2;27,81543;40
92;2;2;27,81543;40
92;2;2;27,81543;40
92;2;2;27,81543;40
92;2;2;27,81543;40
92;2;2;27,81543;40
92;2;2;27,81543;40
92;2;2;27,81543;40
92;2;2;28,14844;40
92;2;2;28,14844;40
92;2;2;28,14844;40
92;2;2;28,14844;40
92;2;2;28,14844;40
92;2;2;28,14844;40
92;2;2;28,14844;40
92;2;2;28,14844;40
92;2;2;28,14844;40
92;2;2;28,14844;40
92;2;2;28,14844;40
92;2;2;28,14844;40
92;2;2;28,14844;40
92;3;15;28,14844;40
92;2;2;28,14844;40
92;2;2;28,14844;40
92;2;2;28,48145;40
92;2;2;28,48145;40
92;2;2;28,48145;40
92;2;2;28,48145;40
92;2;2;28,48145;40
92;2;2;28,48145;40
92;2;2;28,48145;40
92;2;2;28,48145;40
92;2;2;28,48145;40
92;2;2;28,48145;40
92;2;2;28,48145;40
92;2;2;28,48145;40
92;2;2;28,48145;40
92;2;2;28,48145;40
92;2;2;28,48145;40
92;2;2;28,48145;40
92;2;2;28,48145;40
92;2;2;28,81445;40
92;2;2;28,81445;40
92;2;2;28,81445;40
92;2;2;28,81445;40
92;2;2;28,81445;40
92;2;2;28,81445;40
92;2;2;28,81445;40
92;2;2;28,81445;40
92;2;2;28,81445;40
92;2;2;28,81445;40
92;2;2;28,81445;40
92;2;2;28,81445;40
92;2;2;28,81445;40
92;3;15;28,81445;40
92;2;2;28,81445;40
92;2;2;28,81445;40
92;2;2;29,14746;40
92;2;2;29,14746;40
92;2;2;29,14746;40
92;3;15;29,14746;25
92;2;2;29,14746;25
92;2;2;29,14746;25
92;2;2;29,14746;25
92;2;2;29,48047;25
92;2;2;29,48047;25
92;2;2;29,48047;25
92;2;2;29,48047;25
92;2;2;29,48047;25
92;2;2;29,48047;25
92;2;2;29,48047;25
92;2;2;29,48047;25
92;2;2;29,81348;25
92;2;2;29,81348;25
92;2;2;29,81348;25
92;2;2;29,81348;25
92;2;2;29,81348;25
92;2;2;29,81348;25
92;2;2;29,81348;25
92;2;2;29,81348;25
92;2;2;29,81348;25
92;2;2;29,81348;25
92;2;2;29,81348;25
92;2;2;30,14648;25
92;2;2;30,14648;25
92;2;2;30,14648;25
92;2;2;30,14648;25
92;2;2;30,14648;25
92;2;2;30,14648;25
92;2;2;30,14648;25
92;2;2;30,14648;25
92;2;2;30,14648;25
92;2;2;30,14648;25
92;2;2;30,47949;25
92;2;2;30,47949;25
92;2;2;30,47949;25
92;2;2;30,47949;25
92;2;2;30,47949;25
92;2;2;30,47949;25
92;2;2;30,47949;25
92;2;2;30,47949;25
92;2;2;30,8125;25
92;2;2;30,8125;25
92;2;2;30,8125;25
92;2;2;30,8125;25
92;2;2;30,8125;25
92;2;2;30,8125;25
92;2;2;30,8125;25
92;2;2;30,8125;25
92;2;2;30,8125;25
92;2;2;30,8125;25
92;2;2;30,8125;25
92;2;2;30,8125;25
92;2;2;31,14551;25
92;2;2;31,14551;25
92;2;2;31,14551;25
92;2;2;31,14551;25
92;2;2;31,14551;25
92;2;2;31,14551;25
92;2;2;31,14551;25
92;2;2;31,14551;25
92;2;2;31,14551;25
92;2;2;31,14551;25
92;2;2;31,14551;25
92;2;2;31,47852;25
92;2;2;31,47852;25
92;2;2;31,47852;25
92;2;2;31,47852;25
92;2;2;31,47852;25
92;2;2;31,47852;25
92;2;2;31,47852;25
92;2;2;31,81152;25
92;2;2;31,81152;25
92;2;2;31,81152;25
92;2;2;31,81152;25
92;2;2;31,81152;25
92;2;2;31,81152;25
92;2;2;31,81152;25
92;2;2;31,81152;25
92;2;2;31,81152;25
92;2;2;31,81152;25
92;2;2;31,81152;25
92;2;2;31,81152;25
92;2;2;32,14453;25
92;2;2;32,14453;25
92;2;2;32,14453;25
92;2;2;32,14453;25
92;2;2;32,14453;25
92;2;2;32,14453;25
92;2;2;32,14453;25
92;2;2;32,14453;25
92;2;2;32,14453;25
92;2;2;32,14453;25
92;2;2;32,47754;25
92;2;2;32,47754;25
92;2;2;32,47754;25
92;2;2;32,47754;25
92;2;2;32,47754;25
92;2;2;32,47754;25
92;2;2;32,47754;25
92;2;2;32,47754;25
92;2;2;32,47754;25
92;2;2;32,47754;25
92;2;2;32,81055;25
92;2;2;32,81055;25
92;2;2;32,81055;25
92;2;2;32,81055;25
92;2;2;32,81055;25
92;2;2;32,81055;25
92;2;2;32,81055;25
92;2;2;32,81055;25
92;2;2;32,81055;25
92;2;2;32,81055;25
92;2;2;32,81055;25
92;2;2;33,14355;25
92;3;15;33,14355;25
92;2;2;33,14355;25
92;2;2;33,14355;25
92;3;15;33,14355;25
92;2;2;33,14355;25
92;2;2;33,47656;25
92;2;2;33,47656;25
92;2;2;33,47656;25
92;2;2;33,47656;25
92;2;2;33,47656;25
92;2;2;33,47656;25
92;2;2;33,47656;25
92;2;2;33,47656;25
92;2;2;33,47656;25
92;2;2;33,47656;25
92;2;2;33,47656;25
92;2;2;33,47656;25
92;2;2;33,80957;25
92;2;2;33,80957;25
92;2;2;33,80957;25
92;2;2;33,80957;25
92;2;2;33,80957;25
92;2;2;33,80957;25
92;2;2;33,80957;25
92;2;2;33,80957;25
92;2;2;33,80957;25
92;2;2;34,14258;25
92;2;2;34,14258;25
92;2;2;34,14258;25
92;2;2;34,14258;25
92;2;2;34,14258;25
92;2;2;34,14258;25
92;2;2;34,14258;25
92;2;2;34,14258;25
92;2;2;34,47559;25
92;2;2;34,47559;25
92;2;2;34,47559;25
92;2;2;34,47559;25
92;2;2;34,47559;25
92;2;2;34,47559;25
92;2;2;34,47559;25
92;2;2;34,47559;25
92;2;2;34,47559;25
92;2;2;34,47559;25
92;2;2;34,47559;25
92;2;2;34,80859;25
92;2;2;34,80859;25
92;2;2;34,80859;25
92;2;2;34,80859;25
92;2;2;34,80859;25
92;2;2;34,80859;25
92;2;2;34,80859;25
92;2;2;34,80859;25
92;2;2;34,80859;25
92;2;2;34,80859;25
92;2;2;34,80859;25
92;2;2;35,1416;25
92;2;2;35,1416;25
92;2;2;35,1416;25
92;2;2;35,1416;25
92;3;15;35,1416;10
92;2;2;35,1416;10
92;2;2;35,1416;10
92;2;2;35,47461;10
92;2;2;35,47461;10
92;2;2;35,80762;10
92;2;2;35,80762;10
92;2;2;36,14063;10
92;2;2;36,47363;10
92;2;2;36,47363;10
92;2;2;36,80664;10
92;2;2;36,80664;10
92;2;2;37,13965;10
92;2;2;37,47266;10
92;2;2;37,80566;10
92;2;2;37,80566;10
92;2;2;38,13867;10
92;2;2;38,13867;10
92;2;2;38,80469;10
92;2;2;38,80469;10
92;2;2;38,80469;10
92;2;2;38,80469;10
92;2;2;39,1377;10
92;2;2;39,1377;10
92;2;2;39,4707;10
92;2;2;39,4707;10
92;2;2;39,4707;10
92;2;2;39,80371;10
92;2;2;39,80371;10
92;2;2;40,13672;10
92;2;2;40,13672;10
92;2;2;40,46973;10
92;2;2;40,46973;10
92;2;2;40,80273;10
92;2;2;40,80273;10
92;2;2;40,80273;10
92;2;2;40,80273;10
92;2;2;40,80273;10
92;2;2;41,13574;10
92;2;2;41,13574;10
92;2;2;41,46875;10
92;2;2;41,46875;10
92;2;2;41,46875;10
92;2;2;41,80176;10
92;2;2;41,80176;10
92;2;2;41,80176;10
92;2;2;41,80176;10
92;2;2;41,80176;10
92;2;2;41,80176;10
92;2;2;42,13477;10
92;2;2;42,13477;10
92;2;2;42,13477;10
92;2;2;42,13477;10
92;2;2;42,46777;10
92;2;2;42,46777;10
92;2;2;43,13379;10
92;2;2;43,13379;10
92;2;2;43,13379;10
92;2;2;43,4668;10
92;2;2;43,4668;10
92;2;2;43,4668;10
92;2;2;43,7998;10
92;2;2;43,7998;10
92;2;2;43,7998;10
92;2;2;43,7998;10
92;2;2;44,13281;10
92;2;2;44,13281;10
92;2;2;44,13281;10
92;2;2;44,13281;10
92;2;2;44,46582;10
92;2;2;44,46582;10
92;2;2;44,46582;10
92;2;2;44,46582;10
92;3;15;44,79883;10
92;2;2;44,79883;10
92;2;2;45,13184;10
92;2;2;45,46484;10
92;2;2;45,46484;10
92;2;2;45,46484;10
92;2;2;45,79785;10
92;2;2;45,79785;10
92;3;15;45,79785;10
92;2;2;45,79785;10
92;2;2;46,13086;10
92;2;2;46,13086;10
92;2;2;46,13086;10
92;2;2;46,46387;10
92;2;2;46,46387;10
92;2;2;46,46387;10
100;2;2;46,46387;100
100;2;2;46,46387;100
100;2;2;46,46387;100
100;2;2;46,79688;100
100;2;2;46,79688;100
100;2;2;46,79688;100
100;2;2;46,79688;100
100;2;2;46,79688;100
100;2;2;46,79688;100
100;2;2;46,79688;100
100;2;2;46,79688;100
100;2;2;46,79688;100
100;2;2;46,79688;100
100;2;2;46,79688;100
100;2;2;46,79688;100
100;2;2;46,79688;100
100;2;2;46,79688;100
100;2;2;46,79688;100
100;2;2;46,79688;100
100;2;2;46,79688;100
100;2;2;47,12988;100
100;3;15;47,12988;100
100;2;2;47,12988;100
100;2;2;47,12988;100
100;2;2;47,12988;100
100;2;2;47,12988;100
100;2;2;47,12988;100
100;2;2;47,12988;100
100;2;2;47,12988;100
100;2;2;47,12988;100
100;2;2;47,12988;100
100;2;2;47,12988;100
100;2;2;47,12988;100
100;2;2;47,12988;100
100;2;2;47,12988;100
100;2;2;47,12988;100
100;2;2;47,46289;100
100;2;2;47,46289;100
100;2;2;47,46289;100
100;2;2;47,46289;100
100;2;2;47,46289;100
100;2;2;47,46289;100
100;2;2;47,46289;100
100;2;2;47,46289;100
100;2;2;47,46289;100
100;2;2;47,46289;100
100;2;2;47,46289;100
100;2;2;47,46289;100
100;2;2;47,46289;100
100;2;2;47,46289;100
100;2;2;47,46289;100
100;2;2;47,46289;100
100;2;2;47,7959;100
100;2;2;47,7959;100
100;2;2;47,7959;100
100;2;2;47,7959;100
100;2;2;47,7959;100
100;2;2;47,7959;100
100;2;2;47,7959;100
100;2;2;47,7959;100
100;2;2;47,7959;100
100;2;2;47,7959;100
100;2;2;47,7959;100
100;2;2;47,7959;100
100;2;2;47,7959;100
100;2;2;47,7959;100
100;2;2;47,7959;100
100;2;2;47,7959;100
100;2;2;48,12891;100
100;2;2;48,12891;100
100;2;2;48,12891;100
100;2;2;48,12891;100
100;2;2;48,12891;100
100;2;2;48,12891;100
100;2;2;48,12891;100
100;2;2;48,12891;100
100;2;2;48,12891;100
100;2;2;48,12891;100
100;2;2;48,12891;100
100;2;2;48,12891;100
100;2;2;48,12891;100
100;3;15;48,46191;100
100;2;2;48,46191;100
100;2;2;48,46191;100
100;2;2;48,46191;100
100;2;2;48,46191;100
100;2;2;48,46191;100
100;3;15;48,46191;100
100;2;2;48,46191;100
100;2;2;48,46191;100
100;2;2;48,46191;100
100;2;2;48,46191;100
100;2;2;48,46191;100
100;2;2;48,46191;100
100;2;2;48,46191;100
100;2;2;48,46191;100
100;2;2;48,46191;100
100;2;2;48,79492;100
100;2;2;48,79492;100
100;2;2;48,79492;100
100;2;2;48,79492;100
100;2;2;48,79492;100
100;2;2;48,79492;100
100;2;2;48,79492;100
100;2;2;48,79492;100
100;2;2;48,79492;100
100;2;2;48,79492;100
100;3;15;48,79492;100
100;2;2;48,79492;100
100;2;2;48,79492;100
100;2;2;48,79492;100
100;2;2;49,12793;100
100;2;2;49,12793;100
100;2;2;49,12793;100
100;2;2;49,12793;100
100;2;2;49,12793;100
100;2;2;49,12793;100
100;2;2;49,12793;100
100;2;2;49,12793;100
100;2;2;49,12793;100
100;2;2;49,12793;100
100;2;2;49,12793;100
100;2;2;49,12793;100
100;2;2;49,12793;100
100;2;2;49,46094;100
100;2;2;49,46094;100
100;2;2;49,46094;100
100;2;2;49,46094;100
100;2;2;49,46094;100
100;2;2;49,46094;100
100;2;2;49,46094;100
100;2;2;49,46094;100
100;2;2;49,46094;100
100;2;2;49,46094;100
100;2;2;49,46094;100
100;2;2;49,46094;100
100;2;2;49,46094;100
100;2;2;49,46094;100
100;2;2;49,46094;100
100;2;2;49,79395;100
100;2;2;49,79395;100
100;2;2;49,79395;100
100;2;2;49,79395;100
100;2;2;49,79395;100
100;2;2;49,79395;100
100;2;2;49,79395;100
100;2;2;49,79395;100
100;2;2;49,79395;100
100;2;2;49,79395;100
100;2;2;49,79395;100
100;2;2;49,79395;100
100;2;2;49,79395;100
100;2;2;49,79395;100
100;2;2;49,79395;100
100;2;2;50,12695;100
100;2;2;50,12695;100
100;2;2;50,12695;100
100;2;2;50,12695;100
100;2;2;50,12695;100
100;2;2;50,12695;100
100;2;2;50,12695;100
100;2;2;50,12695;100
100;2;2;50,12695;100
100;2;2;50,12695;100
100;2;2;50,12695;100
100;2;2;50,12695;100
100;2;2;50,12695;100
100;2;2;50,12695;100
100;2;2;50,12695;100
100;2;2;50,45996;100
100;2;2;50,45996;100
100;2;2;50,45996;100
100;2;2;50,45996;100
100;2;2;50,45996;100
100;2;2;50,45996;100
100;2;2;50,45996;100
100;2;2;50,45996;100
100;2;2;50,45996;100
100;2;2;50,45996;100
100;2;2;50,45996;100
100;2;2;50,45996;100
100;2;2;50,45996;100
100;2;2;50,45996;100
100;2;2;50,45996;100
100;2;2;50,79297;100
100;2;2;50,79297;100
100;2;2;50,79297;100
100;2;2;50,79297;100
100;2;2;50,79297;100
100;2;2;50,79297;100
100;2;2;50,79297;100
100;2;2;50,79297;100
100;2;2;50,79297;100
100;2;2;50,79297;100
100;2;2;50,79297;100
100;2;2;50,79297;100
100;2;2;50,79297;100
100;2;2;50,79297;100
100;2;2;50,79297;100
100;2;2;50,79297;100
100;2;2;51,12598;100
100;2;2;51,12598;100
100;2;2;51,12598;100
100;2;2;51,12598;100
100;2;2;51,12598;100
100;2;2;51,12598;100
100;2;2;51,12598;100
100;2;2;51,12598;100
100;2;2;51,12598;100
100;3;15;51,12598;100
100;2;2;51,12598;100
100;2;2;51,12598;100
100;2;2;51,12598;100
100;2;2;51,12598;100
100;2;2;51,45898;100
100;2;2;51,45898;100
100;2;2;51,45898;100
100;2;2;51,45898;100
100;2;2;51,45898;100
100;2;2;51,45898;100
100;2;2;51,45898;100
100;2;2;51,45898;100
100;2;2;51,45898;100
100;2;2;51,45898;100
100;2;2;51,45898;100
100;2;2;51,45898;100
100;2;2;51,45898;100
100;2;2;51,45898;100
100;2;2;51,45898;100
100;2;2;51,79199;100
100;2;2;51,79199;100
100;2;2;51,79199;100
100;3;15;51,79199;100
100;2;2;51,79199;100
100;2;2;51,79199;100
100;2;2;51,79199;100
100;2;2;51,79199;100
100;3;15;51,79199;100
100;2;2;51,79199;100
100;3;15;51,79199;100
100;2;2;51,79199;100
100;2;2;51,79199;100
100;2;2;51,79199;100
100;3;15;51,79199;100
100;2;2;52,125;100
100;2;2;52,125;100
100;2;2;52,125;100
100;3;15;52,125;100
100;2;2;52,125;100
100;2;2;52,125;100
100;2;2;52,125;100
100;2;2;52,125;100
100;2;2;52,125;100
100;2;2;52,125;100
100;2;2;52,125;100
100;2;2;52,125;100
100;2;2;52,125;100
100;2;2;52,125;100
100;2;2;52,125;100
100;2;2;52,45801;100
100;2;2;52,45801;100
100;3;15;52,45801;100
100;3;15;52,45801;100
100;2;2;52,45801;100
100;3;15;52,45801;100
100;2;2;52,45801;100
100;2;2;52,45801;100
100;2;2;52,45801;100
100;2;2;52,45801;100
100;3;15;52,45801;100
100;2;2;52,45801;100
100;2;2;52,45801;100
100;2;2;52,45801;100
100;3;15;52,79102;100
100;2;2;52,79102;100
100;3;15;52,79102;85
100;2;2;52,79102;85
100;2;2;52,79102;85
100;2;2;52,79102;85
100;2;2;52,79102;85
100;2;2;52,79102;85
100;2;2;52,79102;85
100;2;2;52,79102;85
100;2;2;52,79102;85
100;2;2;52,79102;85
100;2;2;52,79102;85
100;3;15;52,79102;70
100;2;2;52,79102;70
100;2;2;52,79102;70
100;2;2;52,79102;70
100;2;2;53,12402;70
100;2;2;53,12402;70
100;2;2;53,12402;70
100;2;2;53,12402;70
100;2;2;53,12402;70
100;2;2;53,12402;70
100;2;2;53,12402;70
100;2;2;53,12402;70
100;2;2;53,12402;70
100;2;2;53,12402;70
100;2;2;53,12402;70
100;2;2;53,12402;70
100;2;2;53,12402;70
100;2;2;53,12402;70
100;2;2;53,12402;70
100;2;2;53,12402;70
100;2;2;53,45703;70
100;2;2;53,45703;68
84;2;2;53,45703;66
76;2;2;53,45703;64
60;2;2;53,45703;62
44;2;2;53,45703;60
28;3;15;53,45703;45
20;3;15;53,45703;30
12;3;15;53,45703;15
4;3;15;53,45703;0
Player