92;2;2;15,64258;100
92;2;2;15,64258;100
92;2;2;15,64258;100
92;2;2;15,97607;100
92;2;2;15,97607;100
92;2;2;15,97607;100
92;2;2;15,97607;100
92;2;2;15,97607;100
92;2;2;15,97607;100
92;2;2;15,97607;100
92;2;2;15,97607;100
92;2;2;15,97607;100
92;2;2;15,97607;100
92;2;2;15,97607;100
92;2;2;15,97607;100
92;2;2;15,97607;100
92;2;2;15,97607;100
92;2;2;15,97607;100
92;2;2;15,97607;100
92;2;2;16,30957;100
92;2;2;16,30957;100
92;2;2;16,30957;100
92;2;2;16,30957;100
92;2;2;16,30957;100
92;2;2;16,30957;100
92;2;2;16,30957;100
92;2;2;16,30957;100
92;2;2;16,30957;100
92;2;2;16,30957;100
92;2;2;16,30957;100
92;2;2;16,30957;100
92;2;2;16,30957;100
92;2;2;16,30957;100
92;2;2;16,30957;100
92;2;2;16,30957;100
92;2;2;16,30957;100
92;2;2;16,64307;100
92;2;2;16,64307;100
92;2;2;16,64307;100
92;2;2;16,64307;100
92;2;2;16,64307;100
92;2;2;16,64307;100
92;2;2;16,64307;100
92;2;2;16,64307;100
92;2;2;16,64307;100
92;2;2;16,64307;100
92;2;2;16,64307;100
92;2;2;16,64307;100
92;2;2;16,64307;100
92;2;2;16,64307;100
92;2;2;16,64307;100
92;2;2;16,64307;100
92;2;2;16,97656;100
92;2;2;16,97656;100
92;2;2;16,97656;100
92;2;2;16,97656;100
92;2;2;16,97656;100
92;2;2;16,97656;100
92;2;2;16,97656;100
92;2;2;16,97656;100
92;2;2;16,97656;100
92;2;2;16,97656;100
92;2;2;16,97656;100
92;2;2;16,97656;100
92;2;2;16,97656;100
92;2;2;16,97656;100
92;2;2;16,97656;100
92;2;2;17,31006;100
92;2;2;17,31006;100
92;2;2;17,31006;100
92;2;2;17,31006;100
92;2;2;17,31006;100
92;2;2;17,31006;100
92;2;2;17,31006;100
92;2;2;17,31006;100
92;2;2;17,31006;100
92;2;2;17,31006;100
92;2;2;17,31006;100
92;2;2;17,31006;100
92;2;2;17,31006;100
92;2;2;17,31006;100
92;2;2;17,31006;100
92;2;2;17,31006;100
92;2;2;17,31006;100
92;2;2;17,64355;100
92;2;2;17,64355;100
92;2;2;17,64355;100
92;2;2;17,64355;100
92;2;2;17,64355;100
92;2;2;17,64355;100
92;2;2;17,64355;100
92;2;2;17,64355;100
92;2;2;17,64355;100
92;2;2;17,64355;100
92;2;2;17,64355;100
92;2;2;17,64355;100
92;2;2;17,64355;100
92;2;2;17,64355;100
92;2;2;17,64355;100
92;2;2;17,64355;100
92;2;2;17,97705;100
92;2;2;17,97705;100
92;2;2;17,97705;100
92;2;2;17,97705;100
92;2;2;17,97705;100
92;2;2;17,97705;100
92;2;2;17,97705;100
92;2;2;17,97705;100
92;2;2;17,97705;100
92;2;2;17,97705;100
92;2;2;17,97705;100
92;2;2;17,97705;100
92;2;2;17,97705;100
92;2;2;17,97705;100
92;2;2;17,97705;100
92;2;2;18,31055;100
92;2;2;18,31055;100
92;2;2;18,31055;100
92;2;2;18,31055;100
92;2;2;18,31055;100
92;2;2;18,31055;100
92;2;2;18,31055;100
92;2;2;18,31055;100
92;2;2;18,31055;100
92;2;2;18,31055;100
92;2;2;18,31055;100
92;2;2;18,31055;100
92;2;2;18,31055;100
92;2;2;18,31055;100
92;2;2;18,64404;100
92;2;2;18,64404;100
92;2;2;18,64404;100
92;2;2;18,64404;100
92;2;2;18,64404;100
92;2;2;18,64404;100
92;2;2;18,64404;100
92;2;2;18,64404;100
92;2;2;18,64404;100
92;2;2;18,64404;100
92;2;2;18,64404;100
92;2;2;18,64404;100
92;2;2;18,64404;100
92;2;2;18,97754;100
92;2;2;18,97754;100
92;2;2;18,97754;100
92;2;2;18,97754;100
92;2;2;18,97754;100
92;2;2;18,97754;100
92;2;2;18,97754;100
92;2;2;18,97754;100
92;2;2;18,97754;100
92;2;2;18,97754;100
92;2;2;19,31104;100
92;2;2;19,31104;100
92;2;2;19,31104;100
92;2;2;19,31104;100
92;2;2;19,31104;100
92;2;2;19,31104;100
92;2;2;19,31104;100
92;2;2;19,31104;100
92;2;2;19,31104;100
92;2;2;19,31104;100
92;2;2;19,31104;100
92;2;2;19,64453;100
92;2;2;19,64453;100
92;2;2;19,64453;100
92;2;2;19,64453;100
92;2;2;19,64453;100
92;2;2;19,64453;100
92;2;2;19,64453;100
92;2;2;19,64453;100
92;2;2;19,64453;100
92;2;2;19,64453;100
92;2;2;19,64453;100
92;2;2;19,64453;100
92;2;2;19,97803;100
92;2;2;19,97803;100
92;2;2;19,97803;100
92;2;2;19,97803;100
92;2;2;19,97803;100
92;2;2;19,97803;100
92;2;2;19,97803;100
92;2;2;19,97803;100
92;2;2;19,97803;100
92;2;2;19,97803;100
92;2;2;19,97803;100
92;2;2;19,97803;100
92;2;2;20,31152;100
92;2;2;20,31152;100
92;2;2;20,31152;100
92;2;2;20,31152;100
92;2;2;20,31152;100
92;2;2;20,31152;100
92;2;2;20,31152;100
92;2;2;20,31152;100
92;2;2;20,31152;100
92;2;2;20,31152;100
92;2;2;20,31152;100
92;2;2;20,31152;100
92;2;2;20,31152;100
92;2;2;20,31152;100
92;3;15;20,31152;100
92;2;2;20,64502;100
92;2;2;20,64502;100
92;2;2;20,64502;100
92;2;2;20,64502;100
92;2;2;20,64502;100
92;2;2;20,64502;100
92;2;2;20,64502;100
92;2;2;20,64502;100
92;2;2;20,64502;100
92;2;2;20,64502;100
92;2;2;20,97852;100
92;2;2;20,97852;100
92;2;2;20,97852;100
92;2;2;20,97852;100
92;2;2;20,97852;100
92;2;2;20,97852;100
92;2;2;20,97852;100
92;2;2;20,97852;100
92;2;2;20,97852;100
92;2;2;21,31201;100
92;2;2;21,31201;100
92;2;2;21,31201;100
92;2;2;21,31201;100
92;2;2;21,31201;100
92;2;2;21,31201;100
92;2;2;21,31201;100
92;2;2;21,31201;100
92;2;2;21,31201;100
92;2;2;21,31201;100
92;2;2;21,31201;100
92;2;2;21,64551;100
92;2;2;21,64551;100
92;2;2;21,64551;100
92;2;2;21,64551;100
92;2;2;21,64551;100
92;2;2;21,64551;100
92;2;2;21,64551;100
92;2;2;21,64551;100
92;2;2;21,64551;100
92;2;2;21,64551;100
92;2;2;21,64551;100
92;2;2;21,64551;100
92;2;2;21,64551;100
92;2;2;21,64551;100
92;2;2;21,64551;100
92;2;2;21,64551;100
92;2;2;21,979;100
92;2;2;21,979;100
92;2;2;21,979;100
92;2;2;21,979;100
92;3;15;21,979;100
92;2;2;21,979;100
92;2;2;21,979;100
92;2;2;21,979;100
92;2;2;21,979;100
92;2;2;21,979;100
92;2;2;21,979;100
92;2;2;21,979;100
92;2;2;21,979;100
92;2;2;22,3125;100
92;2;2;22,3125;100
92;2;2;22,3125;100
92;2;2;22,3125;100
92;2;2;22,3125;100
92;2;2;22,3125;100
92;2;2;22,3125;100
92;2;2;22,3125;100
92;2;2;22,3125;100
92;2;2;22,646;100
92;2;2;22,646;100
92;2;2;22,646;100
92;2;2;22,646;100
92;2;2;22,646;100
92;2;2;22,646;100
92;2;2;22,646;100
92;2;2;22,646;100
92;2;2;22,97949;100
92;2;2;22,97949;100
92;2;2;22,97949;100
92;2;2;22,97949;100
92;2;2;22,97949;100
92;3;15;22,97949;100
92;2;2;22,97949;100
92;2;2;22,97949;100
92;3;15;22,97949;100
92;2;2;23,31299;100
92;2;2;23,31299;100
92;2;2;23,31299;100
92;2;2;23,31299;100
92;2;2;23,31299;100
92;2;2;23,31299;100
92;2;2;23,31299;100
92;2;2;23,31299;100
92;2;2;23,31299;100
92;2;2;23,31299;100
92;2;2;23,64648;100
92;2;2;23,64648;100
92;2;2;23,64648;100
92;2;2;23,64648;100
92;2;2;23,64648;100
92;3;15;23,64648;85
92;2;2;23,64648;85
92;2;2;23,64648;85
92;2;2;23,64648;85
92;2;2;23,64648;85
92;2;2;23,64648;85
92;2;2;23,64648;85
92;2;2;23,97998;85
92;2;2;23,97998;83
84;2;2;23,97998;81
76;2;2;23,97998;79
68;2;2;23,97998;77
52;3;15;23,97998;62
28;3;15;23,97998;47
Boss