92;2;2;23,79297;100
92;2;2;23,79297;100
92;2;2;23,79297;100
92;2;2;24,12646;100
92;2;2;24,12646;100
92;2;2;24,12646;100
92;2;2;24,12646;100
92;2;2;24,12646;100
92;2;2;24,12646;100
92;2;2;24,12646;100
92;2;2;24,12646;100
92;2;2;24,12646;100
92;2;2;24,12646;100
92;2;2;24,12646;100
92;2;2;24,12646;100
92;2;2;24,12646;100
92;2;2;24,12646;100
92;2;2;24,12646;100
92;2;2;24,12646;100
92;2;2;24,45996;100
92;2;2;24,45996;100
92;2;2;24,45996;100
92;2;2;24,45996;100
92;2;2;24,45996;100
92;2;2;24,45996;100
92;2;2;24,45996;100
92;2;2;24,45996;100
92;2;2;24,45996;100
92;2;2;24,45996;100
92;2;2;24,45996;100
92;2;2;24,45996;100
92;2;2;24,45996;100
92;2;2;24,45996;100
92;2;2;24,45996;100
92;2;2;24,45996;100
92;2;2;24,45996;100
92;2;2;24,79346;100
92;2;2;24,79346;100
92;2;2;24,79346;100
92;2;2;24,79346;100
92;2;2;24,79346;100
92;2;2;24,79346;100
92;2;2;24,79346;100
92;2;2;24,79346;100
92;2;2;24,79346;100
92;2;2;24,79346;100
92;2;2;24,79346;100
92;2;2;24,79346;100
92;2;2;24,79346;100
92;2;2;24,79346;100
92;2;2;24,79346;100
92;2;2;24,79346;100
92;2;2;25,12695;100
92;2;2;25,12695;100
92;2;2;25,12695;100
92;2;2;25,12695;100
92;2;2;25,12695;100
92;2;2;25,12695;100
92;2;2;25,12695;100
92;2;2;25,12695;100
92;2;2;25,12695;100
92;2;2;25,12695;100
92;2;2;25,12695;100
92;2;2;25,12695;100
92;2;2;25,12695;100
92;2;2;25,12695;100
92;2;2;25,46045;100
92;2;2;25,46045;100
92;2;2;25,46045;100
92;2;2;25,46045;100
92;2;2;25,46045;100
92;2;2;25,46045;100
92;2;2;25,46045;100
92;2;2;25,46045;100
92;2;2;25,46045;100
92;2;2;25,46045;100
92;2;2;25,46045;100
92;2;2;25,46045;100
92;2;2;25,46045;100
92;2;2;25,46045;100
92;2;2;25,46045;100
92;2;2;25,46045;100
92;2;2;25,46045;100
92;2;2;25,79395;100
92;2;2;25,79395;100
92;2;2;25,79395;100
92;2;2;25,79395;100
92;2;2;25,79395;100
92;2;2;25,79395;100
92;2;2;25,79395;100
92;2;2;25,79395;100
92;2;2;25,79395;100
92;2;2;25,79395;100
92;2;2;25,79395;100
92;2;2;25,79395;100
92;2;2;25,79395;100
92;2;2;25,79395;100
92;2;2;25,79395;100
92;2;2;26,12744;100
92;2;2;26,12744;100
92;2;2;26,12744;100
92;2;2;26,12744;100
92;2;2;26,12744;100
92;2;2;26,12744;100
92;2;2;26,12744;100
92;2;2;26,12744;100
92;2;2;26,12744;100
92;2;2;26,12744;100
92;2;2;26,12744;100
92;2;2;26,12744;100
92;2;2;26,12744;100
92;2;2;26,46094;100
92;2;2;26,46094;100
92;2;2;26,46094;100
92;2;2;26,46094;100
92;2;2;26,46094;100
92;2;2;26,46094;100
92;2;2;26,46094;100
92;2;2;26,46094;100
92;2;2;26,46094;100
92;2;2;26,46094;100
92;2;2;26,46094;100
92;2;2;26,46094;100
92;2;2;26,46094;100
92;2;2;26,46094;100
92;2;2;26,79443;100
92;2;2;26,79443;100
92;2;2;26,79443;100
92;2;2;26,79443;100
92;2;2;26,79443;100
92;2;2;26,79443;100
92;2;2;26,79443;100
92;2;2;26,79443;100
92;2;2;26,79443;100
92;2;2;26,79443;100
92;2;2;26,79443;100
92;2;2;26,79443;100
92;2;2;26,79443;100
92;2;2;26,79443;100
92;2;2;27,12793;100
92;2;2;27,12793;100
92;2;2;27,12793;100
92;2;2;27,12793;100
92;2;2;27,12793;100
92;2;2;27,12793;100
92;2;2;27,12793;100
92;2;2;27,12793;100
92;2;2;27,12793;100
92;2;2;27,12793;100
92;2;2;27,12793;100
92;2;2;27,12793;100
92;2;2;27,12793;100
92;2;2;27,12793;100
92;2;2;27,12793;100
92;2;2;27,46143;100
92;2;2;27,46143;100
92;2;2;27,46143;100
92;2;2;27,46143;100
92;2;2;27,46143;100
92;2;2;27,46143;100
92;2;2;27,46143;100
92;2;2;27,46143;100
92;2;2;27,46143;100
92;2;2;27,46143;100
92;2;2;27,46143;100
92;2;2;27,46143;100
92;2;2;27,79492;100
92;2;2;27,79492;100
92;2;2;27,79492;100
92;2;2;27,79492;100
92;2;2;27,79492;100
92;2;2;27,79492;100
92;2;2;27,79492;100
92;2;2;27,79492;100
92;2;2;27,79492;100
92;2;2;27,79492;100
92;2;2;27,79492;100
92;2;2;27,79492;100
92;2;2;28,12842;100
92;2;2;28,12842;100
92;2;2;28,12842;100
92;2;2;28,12842;100
92;2;2;28,12842;100
92;2;2;28,12842;100
92;2;2;28,12842;100
92;2;2;28,12842;100
92;2;2;28,46191;100
92;2;2;28,46191;100
92;2;2;28,46191;100
92;2;2;28,46191;100
92;2;2;28,46191;100
92;2;2;28,46191;100
92;2;2;28,46191;100
92;2;2;28,46191;100
92;2;2;28,46191;100
92;2;2;28,46191;100
92;2;2;28,46191;100
92;2;2;28,46191;100
92;2;2;28,46191;100
92;2;2;28,46191;100
92;2;2;28,79541;100
92;2;2;28,79541;100
92;2;2;28,79541;100
92;2;2;28,79541;100
92;2;2;28,79541;100
92;2;2;28,79541;100
92;2;2;28,79541;100
92;2;2;28,79541;100
92;2;2;28,79541;100
92;2;2;28,79541;100
92;2;2;28,79541;100
92;2;2;28,79541;100
92;2;2;29,12891;100
92;2;2;29,12891;100
92;2;2;29,12891;100
92;2;2;29,12891;100
92;2;2;29,12891;100
92;2;2;29,12891;100
92;2;2;29,12891;100
92;2;2;29,12891;100
92;2;2;29,12891;100
92;2;2;29,12891;100
92;2;2;29,12891;100
92;2;2;29,4624;100
92;2;2;29,4624;100
92;2;2;29,4624;100
92;2;2;29,4624;100
92;2;2;29,4624;100
92;2;2;29,4624;100
92;2;2;29,4624;100
92;2;2;29,4624;100
92;2;2;29,4624;100
92;2;2;29,4624;100
92;2;2;29,4624;100
92;2;2;29,4624;100
92;2;2;29,7959;100
92;2;2;29,7959;100
92;2;2;29,7959;100
92;2;2;29,7959;100
92;2;2;29,7959;100
92;2;2;29,7959;100
92;2;2;29,7959;100
92;2;2;29,7959;100
92;2;2;29,7959;100
92;2;2;29,7959;100
92;2;2;29,7959;100
92;2;2;29,7959;100
92;2;2;29,7959;100
92;2;2;30,12939;100
92;2;2;30,12939;100
92;2;2;30,12939;100
92;2;2;30,12939;100
92;2;2;30,12939;100
92;2;2;30,12939;100
92;2;2;30,12939;100
92;2;2;30,12939;100
92;2;2;30,46289;100
92;2;2;30,46289;100
92;2;2;30,46289;100
92;2;2;30,46289;100
92;2;2;30,46289;100
92;2;2;30,46289;100
92;2;2;30,46289;100
92;2;2;30,46289;100
92;2;2;30,46289;100
92;2;2;30,46289;100
92;2;2;30,46289;100
92;2;2;30,79639;100
92;2;2;30,79639;100
92;2;2;30,79639;100
92;2;2;30,79639;100
92;2;2;30,79639;100
92;2;2;30,79639;100
92;2;2;30,79639;100
92;2;2;30,79639;100
92;2;2;30,79639;100
92;2;2;31,12988;100
92;2;2;31,12988;100
92;2;2;31,12988;100
92;2;2;31,12988;100
92;2;2;31,12988;100
92;2;2;31,12988;100
92;2;2;31,12988;100
92;2;2;31,12988;100
92;2;2;31,46338;98
76;2;2;31,46338;96
52;2;2;31,46338;94
36;2;2;31,46338;92
Boss