92;2;2;27,4502;100
92;2;2;27,4502;100
92;2;2;27,78369;100
92;2;2;27,78369;100
92;2;2;27,78369;100
92;2;2;27,78369;100
92;2;2;27,78369;100
92;2;2;27,78369;100
92;2;2;27,78369;100
92;2;2;27,78369;100
92;2;2;27,78369;100
92;2;2;27,78369;100
92;2;2;27,78369;100
92;2;2;27,78369;100
92;2;2;27,78369;100
92;2;2;27,78369;100
92;2;2;27,78369;100
92;2;2;27,78369;100
92;2;2;27,78369;100
92;2;2;28,11719;100
92;2;2;28,11719;100
92;2;2;28,11719;100
92;2;2;28,11719;100
92;2;2;28,11719;100
92;2;2;28,11719;100
92;2;2;28,11719;100
92;2;2;28,11719;100
92;2;2;28,11719;100
92;2;2;28,11719;100
92;2;2;28,11719;100
92;2;2;28,11719;100
92;2;2;28,11719;100
92;2;2;28,11719;100
92;2;2;28,11719;100
92;2;2;28,45068;100
92;2;2;28,45068;100
92;2;2;28,45068;100
92;2;2;28,45068;100
92;2;2;28,45068;100
92;2;2;28,45068;100
92;2;2;28,45068;100
92;2;2;28,45068;100
92;2;2;28,45068;100
92;2;2;28,45068;100
92;2;2;28,45068;100
92;2;2;28,45068;100
92;2;2;28,45068;100
92;2;2;28,78418;100
92;2;2;28,78418;100
92;2;2;28,78418;100
92;2;2;28,78418;100
92;2;2;28,78418;100
92;2;2;28,78418;100
92;2;2;28,78418;100
92;2;2;28,78418;100
92;2;2;28,78418;100
92;2;2;28,78418;100
92;2;2;28,78418;100
92;2;2;28,78418;100
92;2;2;28,78418;100
92;2;2;28,78418;100
92;2;2;28,78418;100
92;2;2;28,78418;100
92;2;2;29,11768;100
92;2;2;29,11768;100
92;2;2;29,11768;100
92;2;2;29,11768;100
92;2;2;29,11768;100
92;2;2;29,11768;100
92;2;2;29,11768;100
92;2;2;29,11768;100
92;2;2;29,11768;100
92;2;2;29,11768;100
92;2;2;29,11768;100
92;2;2;29,11768;100
92;2;2;29,11768;100
92;2;2;29,11768;100
92;2;2;29,11768;100
92;2;2;29,11768;100
92;2;2;29,11768;100
92;2;2;29,45117;100
92;2;2;29,45117;100
92;2;2;29,45117;100
92;2;2;29,45117;100
92;2;2;29,45117;100
92;2;2;29,45117;100
92;2;2;29,45117;100
92;2;2;29,45117;100
92;2;2;29,45117;100
92;2;2;29,45117;100
92;2;2;29,45117;100
92;2;2;29,45117;100
92;2;2;29,45117;100
92;2;2;29,78467;100
92;2;2;29,78467;100
92;2;2;29,78467;100
92;2;2;29,78467;100
92;2;2;29,78467;100
92;2;2;29,78467;100
92;2;2;29,78467;100
92;2;2;29,78467;100
92;2;2;29,78467;100
92;2;2;29,78467;100
92;2;2;29,78467;100
92;2;2;29,78467;100
92;2;2;29,78467;100
92;2;2;29,78467;100
92;2;2;29,78467;100
92;2;2;29,78467;100
92;2;2;29,78467;100
92;2;2;30,11816;100
92;2;2;30,11816;100
92;2;2;30,11816;100
92;2;2;30,11816;100
92;2;2;30,11816;100
92;2;2;30,11816;100
92;2;2;30,11816;100
92;2;2;30,11816;100
92;2;2;30,11816;100
92;2;2;30,11816;100
92;2;2;30,11816;100
92;2;2;30,11816;100
92;2;2;30,11816;100
92;2;2;30,11816;100
92;2;2;30,11816;100
92;2;2;30,45166;100
92;2;2;30,45166;100
92;2;2;30,45166;100
92;2;2;30,45166;100
92;2;2;30,45166;100
92;2;2;30,45166;100
92;2;2;30,45166;100
92;2;2;30,45166;100
92;2;2;30,45166;100
92;2;2;30,45166;100
92;2;2;30,45166;100
92;2;2;30,45166;100
92;2;2;30,45166;100
92;2;2;30,45166;100
92;2;2;30,78516;100
92;2;2;30,78516;100
92;2;2;30,78516;100
92;2;2;30,78516;100
92;2;2;30,78516;100
92;2;2;30,78516;100
92;2;2;30,78516;100
92;2;2;30,78516;100
92;2;2;30,78516;100
92;2;2;30,78516;100
92;2;2;30,78516;100
92;2;2;30,78516;100
92;2;2;30,78516;100
92;2;2;30,78516;100
92;2;2;31,11865;100
92;2;2;31,11865;100
92;2;2;31,11865;100
92;2;2;31,11865;100
92;2;2;31,11865;100
92;2;2;31,11865;100
92;2;2;31,11865;100
92;2;2;31,11865;100
92;2;2;31,11865;100
92;2;2;31,11865;100
92;2;2;31,11865;100
92;2;2;31,11865;100
92;2;2;31,11865;100
92;2;2;31,11865;100
92;2;2;31,45215;100
92;2;2;31,45215;100
92;2;2;31,45215;100
92;2;2;31,45215;100
92;2;2;31,45215;100
92;2;2;31,45215;100
92;2;2;31,45215;100
92;2;2;31,45215;100
92;2;2;31,45215;100
92;2;2;31,45215;100
92;2;2;31,45215;100
92;2;2;31,45215;100
92;2;2;31,45215;100
92;2;2;31,45215;100
92;2;2;31,45215;100
92;2;2;31,78564;100
92;2;2;31,78564;100
92;2;2;31,78564;100
92;2;2;31,78564;100
92;2;2;31,78564;100
92;2;2;31,78564;100
92;2;2;31,78564;100
92;2;2;31,78564;100
92;3;15;31,78564;100
92;2;2;31,78564;100
92;2;2;31,78564;100
92;2;2;31,78564;100
92;2;2;31,78564;100
92;2;2;32,11914;100
92;2;2;32,11914;100
92;2;2;32,11914;100
92;2;2;32,11914;100
92;2;2;32,11914;100
92;2;2;32,11914;100
92;2;2;32,11914;100
92;2;2;32,11914;100
92;2;2;32,11914;100
92;2;2;32,11914;100
92;2;2;32,11914;100
92;2;2;32,11914;100
92;2;2;32,11914;100
92;2;2;32,11914;100
92;2;2;32,45264;100
92;2;2;32,45264;100
92;2;2;32,45264;100
92;2;2;32,45264;100
92;2;2;32,45264;100
92;2;2;32,45264;100
92;2;2;32,45264;100
92;2;2;32,45264;100
92;2;2;32,45264;100
92;2;2;32,45264;100
92;2;2;32,78613;100
92;2;2;32,78613;100
92;2;2;32,78613;100
92;2;2;32,78613;100
92;2;2;32,78613;100
92;2;2;32,78613;100
92;2;2;32,78613;100
92;2;2;32,78613;100
92;2;2;32,78613;100
92;2;2;32,78613;100
92;2;2;32,78613;100
92;2;2;32,78613;100
92;2;2;32,78613;100
92;2;2;33,11963;100
92;2;2;33,11963;100
92;2;2;33,11963;100
92;2;2;33,11963;100
92;2;2;33,11963;100
92;2;2;33,11963;100
92;2;2;33,11963;100
92;2;2;33,11963;100
92;2;2;33,11963;100
92;2;2;33,11963;100
92;2;2;33,11963;100
92;2;2;33,11963;100
92;2;2;33,11963;100
92;2;2;33,45313;100
92;2;2;33,45313;100
92;2;2;33,45313;100
92;2;2;33,45313;100
92;2;2;33,45313;100
92;2;2;33,45313;100
92;2;2;33,45313;100
92;2;2;33,45313;100
92;2;2;33,45313;100
92;2;2;33,45313;100
92;2;2;33,78662;100
92;2;2;33,78662;100
92;2;2;33,78662;100
92;2;2;33,78662;100
92;2;2;33,78662;100
92;3;15;33,78662;100
92;2;2;33,78662;100
92;2;2;33,78662;100
92;2;2;33,78662;100
92;2;2;34,12012;100
92;2;2;34,12012;100
92;2;2;34,12012;100
92;2;2;34,12012;100
92;2;2;34,12012;100
92;2;2;34,12012;100
92;2;2;34,12012;100
92;2;2;34,12012;100
92;2;2;34,12012;100
92;2;2;34,12012;100
92;2;2;34,45361;100
84;2;2;34,45361;98
68;2;2;34,45361;96
Boss