92;2;2;12,89355;100
92;2;2;12,89355;100
92;2;2;12,89355;100
92;2;2;13,22705;100
92;2;2;13,22705;100
92;2;2;13,22705;100
92;2;2;13,22705;100
92;2;2;13,22705;100
92;2;2;13,22705;100
92;2;2;13,22705;100
92;2;2;13,22705;100
92;2;2;13,22705;100
92;2;2;13,22705;100
92;2;2;13,22705;100
92;2;2;13,22705;100
92;2;2;13,22705;100
92;2;2;13,22705;100
92;2;2;13,22705;100
92;2;2;13,22705;100
92;2;2;13,56055;100
92;2;2;13,56055;100
92;2;2;13,56055;100
92;2;2;13,56055;100
92;2;2;13,56055;100
92;2;2;13,56055;100
92;2;2;13,56055;100
92;2;2;13,56055;100
92;2;2;13,56055;100
92;2;2;13,56055;100
92;2;2;13,56055;100
92;2;2;13,56055;100
92;2;2;13,56055;100
92;2;2;13,56055;100
92;2;2;13,56055;100
92;2;2;13,89404;100
92;2;2;13,89404;100
92;2;2;13,89404;100
92;2;2;13,89404;100
92;2;2;13,89404;100
92;3;15;13,89404;100
92;2;2;13,89404;100
92;2;2;13,89404;100
92;2;2;13,89404;100
92;2;2;13,89404;100
92;2;2;13,89404;100
92;2;2;13,89404;100
92;2;2;13,89404;100
92;2;2;13,89404;100
92;2;2;13,89404;100
92;2;2;13,89404;100
92;2;2;14,22754;100
92;2;2;14,22754;100
92;2;2;14,22754;100
92;2;2;14,22754;100
92;2;2;14,22754;100
92;2;2;14,22754;100
92;2;2;14,22754;100
92;2;2;14,22754;100
92;2;2;14,22754;100
92;2;2;14,22754;100
92;2;2;14,22754;100
92;2;2;14,22754;100
92;2;2;14,22754;100
92;2;2;14,22754;100
92;2;2;14,22754;100
92;2;2;14,22754;100
92;2;2;14,56104;100
92;2;2;14,56104;100
92;2;2;14,56104;100
92;2;2;14,56104;100
92;2;2;14,56104;100
92;2;2;14,56104;100
92;2;2;14,56104;100
92;2;2;14,56104;100
92;2;2;14,56104;100
92;2;2;14,56104;100
92;2;2;14,56104;100
92;2;2;14,56104;100
92;2;2;14,56104;100
92;2;2;14,56104;100
92;2;2;14,56104;100
92;2;2;14,89453;100
92;2;2;14,89453;100
92;2;2;14,89453;100
92;2;2;14,89453;100
92;2;2;14,89453;100
92;2;2;14,89453;100
92;2;2;14,89453;100
92;2;2;14,89453;100
92;2;2;14,89453;100
92;2;2;14,89453;100
92;2;2;14,89453;100
92;2;2;14,89453;100
92;2;2;14,89453;100
92;2;2;14,89453;100
92;3;15;14,89453;100
92;2;2;15,22803;100
92;2;2;15,22803;100
92;2;2;15,22803;100
92;2;2;15,22803;100
92;2;2;15,22803;100
92;2;2;15,22803;100
92;2;2;15,22803;100
92;2;2;15,22803;100
92;2;2;15,22803;100
92;2;2;15,22803;100
92;2;2;15,22803;100
92;2;2;15,22803;100
92;2;2;15,22803;100
92;2;2;15,22803;100
92;2;2;15,22803;100
92;2;2;15,56152;100
92;2;2;15,56152;100
92;2;2;15,56152;100
92;2;2;15,56152;100
92;2;2;15,56152;100
92;2;2;15,56152;100
92;2;2;15,56152;100
92;2;2;15,56152;100
92;2;2;15,56152;100
92;2;2;15,56152;100
92;2;2;15,56152;100
92;2;2;15,56152;100
92;2;2;15,56152;100
92;2;2;15,56152;100
92;2;2;15,56152;100
92;2;2;15,89502;100
92;2;2;15,89502;100
92;2;2;15,89502;100
92;2;2;15,89502;100
92;2;2;15,89502;100
92;2;2;15,89502;100
92;2;2;15,89502;100
92;2;2;15,89502;100
92;2;2;15,89502;100
92;2;2;15,89502;100
92;2;2;15,89502;100
92;2;2;15,89502;100
92;2;2;15,89502;100
92;2;2;15,89502;100
92;2;2;15,89502;100
92;3;15;15,89502;100
92;2;2;16,22852;100
92;2;2;16,22852;100
92;2;2;16,22852;100
92;2;2;16,22852;100
92;2;2;16,22852;100
92;2;2;16,22852;100
92;2;2;16,22852;100
92;2;2;16,22852;100
92;2;2;16,22852;100
92;2;2;16,22852;100
92;2;2;16,22852;100
92;2;2;16,22852;100
92;2;2;16,22852;100
92;2;2;16,22852;100
92;2;2;16,22852;100
92;2;2;16,56201;100
92;2;2;16,56201;100
92;2;2;16,56201;100
92;2;2;16,56201;100
92;2;2;16,56201;100
92;2;2;16,56201;100
92;2;2;16,56201;100
92;2;2;16,56201;100
92;2;2;16,56201;100
92;2;2;16,56201;100
92;2;2;16,56201;100
92;2;2;16,56201;100
92;2;2;16,56201;100
92;2;2;16,89551;100
92;2;2;16,89551;100
92;2;2;16,89551;100
92;2;2;16,89551;100
92;2;2;16,89551;100
92;2;2;16,89551;100
92;2;2;16,89551;100
92;2;2;16,89551;100
92;2;2;16,89551;100
92;2;2;16,89551;100
92;2;2;16,89551;100
92;2;2;16,89551;100
92;2;2;16,89551;100
92;2;2;16,89551;100
92;2;2;17,229;100
92;2;2;17,229;100
92;2;2;17,229;100
92;2;2;17,229;100
92;2;2;17,229;100
92;2;2;17,229;100
92;2;2;17,229;100
92;2;2;17,229;100
92;2;2;17,229;100
92;2;2;17,229;100
92;2;2;17,229;100
92;2;2;17,229;100
92;2;2;17,229;100
92;2;2;17,5625;100
92;2;2;17,5625;100
92;2;2;17,5625;100
92;2;2;17,5625;100
92;2;2;17,5625;100
92;2;2;17,5625;100
92;2;2;17,5625;100
92;2;2;17,5625;100
92;2;2;17,5625;100
92;2;2;17,5625;100
92;2;2;17,5625;100
92;2;2;17,5625;100
92;2;2;17,896;100
92;2;2;17,896;100
92;2;2;17,896;100
92;2;2;17,896;100
92;2;2;17,896;100
92;2;2;17,896;100
92;2;2;17,896;100
92;2;2;17,896;100
92;2;2;17,896;100
92;2;2;17,896;100
92;2;2;18,22949;100
92;2;2;18,22949;100
92;2;2;18,22949;100
92;2;2;18,22949;100
92;2;2;18,22949;100
92;2;2;18,22949;100
92;2;2;18,22949;100
92;2;2;18,22949;100
92;2;2;18,22949;100
92;2;2;18,22949;100
92;2;2;18,22949;100
92;2;2;18,22949;100
92;2;2;18,22949;100
92;2;2;18,56299;100
92;2;2;18,56299;100
92;2;2;18,56299;100
92;2;2;18,56299;100
92;2;2;18,56299;100
92;2;2;18,56299;100
92;2;2;18,56299;100
92;2;2;18,89648;100
92;3;15;18,89648;85
92;2;2;18,89648;85
92;2;2;18,89648;85
92;2;2;18,89648;85
92;2;2;18,89648;85
92;2;2;18,89648;85
92;2;2;18,89648;85
92;2;2;18,89648;85
92;2;2;18,89648;85
92;2;2;18,89648;85
92;2;2;18,89648;85
92;2;2;18,89648;85
92;2;2;18,89648;85
92;2;2;19,22998;85
92;2;2;19,22998;85
92;2;2;19,22998;85
92;2;2;19,22998;85
92;2;2;19,22998;85
92;2;2;19,22998;85
92;2;2;19,22998;85
92;2;2;19,22998;85
92;2;2;19,22998;85
92;2;2;19,22998;85
92;2;2;19,22998;85
92;2;2;19,22998;85
92;2;2;19,22998;85
92;2;2;19,22998;85
92;2;2;19,56348;85
92;2;2;19,56348;83
84;2;2;19,56348;81
68;2;2;19,56348;79
36;2;2;19,56348;77
4;2;2;19,56348;75
Boss