92;2;2;8,503906;100
92;2;2;8,503906;100
92;2;2;8,837402;100
92;2;2;8,837402;100
92;2;2;8,837402;100
92;2;2;8,837402;100
92;2;2;8,837402;100
92;2;2;8,837402;100
92;2;2;8,837402;100
92;2;2;8,837402;100
92;2;2;8,837402;100
92;2;2;8,837402;100
92;2;2;8,837402;100
92;2;2;8,837402;100
92;2;2;8,837402;100
92;2;2;8,837402;100
92;2;2;8,837402;100
92;2;2;8,837402;100
92;2;2;8,837402;100
92;2;2;9,170898;100
92;2;2;9,170898;100
92;2;2;9,170898;100
92;2;2;9,170898;100
92;2;2;9,170898;100
92;2;2;9,170898;100
92;2;2;9,170898;100
92;2;2;9,170898;100
92;2;2;9,170898;100
92;2;2;9,170898;100
92;2;2;9,170898;100
92;2;2;9,170898;100
92;2;2;9,170898;100
92;2;2;9,170898;100
92;2;2;9,170898;100
92;2;2;9,170898;100
92;2;2;9,170898;100
92;2;2;9,504395;100
92;2;2;9,504395;100
92;2;2;9,504395;100
92;2;2;9,504395;100
92;2;2;9,504395;100
92;2;2;9,504395;100
92;2;2;9,504395;100
92;2;2;9,504395;100
92;2;2;9,504395;100
92;2;2;9,504395;100
92;2;2;9,504395;100
92;2;2;9,504395;100
92;2;2;9,504395;100
92;2;2;9,504395;100
92;2;2;9,504395;100
92;2;2;9,504395;100
92;2;2;9,837891;100
92;2;2;9,837891;100
92;2;2;9,837891;100
92;2;2;9,837891;100
92;2;2;9,837891;100
92;2;2;9,837891;100
92;2;2;9,837891;100
92;2;2;9,837891;100
92;2;2;9,837891;100
92;2;2;9,837891;100
92;2;2;9,837891;100
92;2;2;9,837891;100
92;2;2;9,837891;100
92;2;2;9,837891;100
92;2;2;9,837891;100
92;2;2;9,837891;100
92;2;2;9,837891;100
92;2;2;10,17139;100
92;2;2;10,17139;100
92;2;2;10,17139;100
92;2;2;10,17139;100
92;2;2;10,17139;100
92;2;2;10,17139;100
92;2;2;10,17139;100
92;2;2;10,17139;100
92;2;2;10,17139;100
92;2;2;10,17139;100
92;2;2;10,17139;100
92;2;2;10,17139;100
92;2;2;10,17139;100
92;2;2;10,17139;100
92;2;2;10,17139;100
92;2;2;10,17139;100
92;2;2;10,17139;100
92;2;2;10,50488;100
92;2;2;10,50488;100
92;2;2;10,50488;100
92;2;2;10,50488;100
92;2;2;10,50488;100
92;2;2;10,50488;100
92;2;2;10,50488;100
92;2;2;10,50488;100
92;2;2;10,50488;100
92;2;2;10,50488;100
92;2;2;10,50488;100
92;2;2;10,50488;100
92;2;2;10,50488;100
92;2;2;10,50488;100
92;2;2;10,50488;100
92;2;2;10,50488;100
92;2;2;10,83838;100
92;2;2;10,83838;100
92;2;2;10,83838;100
92;2;2;10,83838;100
92;2;2;10,83838;100
92;2;2;10,83838;100
92;2;2;10,83838;100
92;2;2;10,83838;100
92;2;2;10,83838;100
92;2;2;10,83838;100
92;2;2;10,83838;100
92;2;2;10,83838;100
92;2;2;10,83838;100
92;2;2;10,83838;100
92;2;2;10,83838;100
92;2;2;10,83838;100
92;2;2;10,83838;100
92;2;2;11,17188;100
92;2;2;11,17188;100
92;2;2;11,17188;100
92;2;2;11,17188;100
92;2;2;11,17188;100
92;2;2;11,17188;100
92;2;2;11,17188;100
92;2;2;11,17188;100
92;2;2;11,17188;100
92;2;2;11,17188;100
92;2;2;11,17188;100
92;2;2;11,17188;100
92;2;2;11,17188;100
92;2;2;11,17188;100
92;2;2;11,17188;100
92;2;2;11,17188;100
92;2;2;11,17188;100
92;2;2;11,50537;100
92;2;2;11,50537;100
92;2;2;11,50537;100
92;2;2;11,50537;100
92;2;2;11,50537;100
92;2;2;11,50537;100
92;2;2;11,50537;100
92;2;2;11,50537;100
92;2;2;11,50537;100
92;2;2;11,50537;100
92;2;2;11,50537;100
92;2;2;11,50537;100
92;2;2;11,50537;100
92;2;2;11,50537;100
92;2;2;11,50537;100
92;2;2;11,50537;100
92;2;2;11,83887;100
92;2;2;11,83887;100
92;2;2;11,83887;100
92;2;2;11,83887;100
92;2;2;11,83887;100
92;2;2;11,83887;100
92;2;2;11,83887;100
92;2;2;11,83887;100
92;2;2;11,83887;100
92;2;2;11,83887;100
92;2;2;11,83887;100
92;2;2;11,83887;100
92;2;2;11,83887;100
92;2;2;11,83887;100
92;2;2;11,83887;100
92;2;2;11,83887;100
92;2;2;11,83887;100
92;2;2;12,17236;100
92;2;2;12,17236;100
92;2;2;12,17236;100
92;2;2;12,17236;100
92;2;2;12,17236;100
92;2;2;12,17236;100
92;2;2;12,17236;100
92;2;2;12,17236;100
92;2;2;12,17236;100
92;2;2;12,17236;100
92;2;2;12,17236;100
92;2;2;12,17236;100
92;2;2;12,17236;100
92;2;2;12,17236;100
92;2;2;12,17236;100
92;2;2;12,17236;100
92;2;2;12,17236;100
92;2;2;12,50586;100
92;2;2;12,50586;100
92;2;2;12,50586;100
92;2;2;12,50586;100
92;2;2;12,50586;100
92;2;2;12,50586;100
92;2;2;12,50586;100
92;2;2;12,50586;100
92;2;2;12,50586;100
92;2;2;12,50586;100
92;2;2;12,50586;100
92;2;2;12,50586;100
92;2;2;12,50586;100
92;2;2;12,50586;100
92;2;2;12,50586;100
92;2;2;12,83936;100
92;2;2;12,83936;100
92;2;2;12,83936;100
92;2;2;12,83936;100
92;2;2;12,83936;100
92;2;2;12,83936;100
92;2;2;12,83936;100
92;2;2;12,83936;100
92;2;2;12,83936;100
92;2;2;12,83936;100
92;2;2;12,83936;100
92;2;2;12,83936;100
92;2;2;12,83936;100
92;2;2;12,83936;100
92;2;2;12,83936;100
92;2;2;12,83936;100
92;2;2;12,83936;100
92;2;2;13,17285;100
92;2;2;13,17285;100
92;2;2;13,17285;100
92;2;2;13,17285;100
92;2;2;13,17285;100
92;2;2;13,17285;100
92;2;2;13,17285;100
92;2;2;13,17285;100
92;2;2;13,17285;100
92;2;2;13,17285;100
92;2;2;13,17285;100
92;2;2;13,17285;100
92;2;2;13,17285;100
92;2;2;13,50635;100
92;2;2;13,50635;100
92;2;2;13,50635;100
92;2;2;13,50635;100
92;2;2;13,50635;100
92;2;2;13,50635;100
92;2;2;13,50635;100
92;2;2;13,50635;100
92;2;2;13,50635;100
92;2;2;13,50635;100
92;2;2;13,50635;100
92;2;2;13,50635;100
92;2;2;13,50635;100
92;2;2;13,83984;100
92;2;2;13,83984;100
92;2;2;13,83984;100
92;2;2;13,83984;100
92;2;2;13,83984;100
92;2;2;13,83984;100
92;2;2;13,83984;100
92;2;2;13,83984;100
92;2;2;13,83984;100
92;2;2;13,83984;100
92;2;2;13,83984;100
92;2;2;13,83984;100
92;2;2;13,83984;100
92;2;2;13,83984;100
92;2;2;13,83984;100
92;2;2;14,17334;100
92;2;2;14,17334;100
92;2;2;14,17334;100
92;2;2;14,17334;100
92;2;2;14,17334;100
92;2;2;14,17334;100
92;2;2;14,17334;100
92;2;2;14,17334;100
92;2;2;14,17334;100
92;2;2;14,17334;100
92;2;2;14,17334;100
92;2;2;14,17334;100
92;2;2;14,17334;100
92;2;2;14,50684;100
92;2;2;14,50684;100
92;2;2;14,50684;100
92;2;2;14,50684;100
92;2;2;14,50684;100
92;2;2;14,50684;100
92;2;2;14,50684;100
92;2;2;14,50684;100
92;2;2;14,50684;100
92;2;2;14,50684;100
92;2;2;14,84033;100
92;2;2;14,84033;100
92;2;2;14,84033;100
92;2;2;14,84033;100
92;2;2;14,84033;100
92;2;2;14,84033;100
92;3;15;14,84033;100
92;2;2;14,84033;100
92;2;2;14,84033;100
92;2;2;14,84033;100
92;2;2;14,84033;100
92;2;2;14,84033;100
92;2;2;14,84033;100
92;2;2;14,84033;100
92;2;2;14,84033;100
92;2;2;15,17383;100
92;2;2;15,17383;100
92;2;2;15,17383;100
92;2;2;15,17383;100
92;2;2;15,17383;100
92;2;2;15,17383;100
92;2;2;15,17383;100
92;2;2;15,17383;100
92;2;2;15,17383;100
92;2;2;15,17383;100
92;2;2;15,17383;100
92;2;2;15,17383;100
92;2;2;15,17383;100
92;2;2;15,17383;100
92;2;2;15,50732;100
92;2;2;15,50732;100
92;2;2;15,50732;100
92;2;2;15,50732;100
92;2;2;15,50732;100
92;2;2;15,50732;100
92;2;2;15,50732;100
92;2;2;15,50732;100
92;2;2;15,50732;100
92;2;2;15,50732;100
92;2;2;15,50732;100
92;2;2;15,50732;100
92;2;2;15,50732;100
92;2;2;15,50732;100
92;2;2;15,50732;100
92;2;2;15,50732;100
92;2;2;15,84082;100
92;2;2;15,84082;100
92;2;2;15,84082;100
92;2;2;15,84082;100
92;2;2;15,84082;100
92;2;2;15,84082;100
92;2;2;15,84082;100
92;2;2;15,84082;100
92;2;2;15,84082;100
92;2;2;15,84082;100
92;2;2;15,84082;100
92;2;2;15,84082;100
92;2;2;15,84082;100
92;2;2;15,84082;100
92;2;2;16,17432;100
92;2;2;16,17432;100
92;2;2;16,17432;100
92;2;2;16,17432;100
92;2;2;16,17432;100
92;2;2;16,17432;100
92;2;2;16,17432;100
92;2;2;16,17432;100
92;2;2;16,17432;100
92;2;2;16,17432;100
92;2;2;16,17432;100
92;2;2;16,17432;100
92;2;2;16,17432;100
92;2;2;16,17432;100
92;2;2;16,17432;100
92;2;2;16,17432;100
92;2;2;16,50781;100
92;2;2;16,50781;100
92;2;2;16,50781;100
92;2;2;16,50781;100
92;2;2;16,50781;100
92;2;2;16,50781;100
92;2;2;16,50781;100
92;2;2;16,50781;100
92;2;2;16,50781;100
92;2;2;16,50781;100
92;2;2;16,50781;100
92;2;2;16,50781;100
92;2;2;16,50781;100
92;2;2;16,50781;100
92;2;2;16,84131;100
92;2;2;16,84131;100
92;2;2;16,84131;100
92;2;2;16,84131;100
92;2;2;16,84131;100
92;2;2;16,84131;100
92;2;2;16,84131;100
92;2;2;16,84131;100
92;2;2;16,84131;100
92;2;2;16,84131;100
92;2;2;16,84131;100
92;2;2;16,84131;100
92;2;2;16,84131;100
92;2;2;17,1748;100
92;2;2;17,1748;100
92;2;2;17,1748;100
92;2;2;17,1748;100
92;2;2;17,1748;100
92;2;2;17,1748;100
92;2;2;17,1748;100
92;2;2;17,1748;100
92;2;2;17,1748;100
92;2;2;17,1748;100
92;2;2;17,1748;100
92;2;2;17,1748;100
92;2;2;17,1748;100
92;2;2;17,1748;100
92;2;2;17,5083;100
92;2;2;17,5083;100
92;2;2;17,5083;100
92;2;2;17,5083;100
92;2;2;17,5083;100
92;2;2;17,5083;100
92;2;2;17,5083;100
92;2;2;17,5083;100
92;2;2;17,5083;100
92;2;2;17,5083;100
92;2;2;17,5083;100
92;2;2;17,8418;100
92;2;2;17,8418;100
92;2;2;17,8418;100
92;2;2;17,8418;100
92;2;2;17,8418;100
92;2;2;17,8418;100
92;2;2;17,8418;100
92;3;15;17,8418;100
92;2;2;17,8418;100
92;2;2;18,17529;100
92;2;2;18,17529;100
92;2;2;18,17529;100
92;2;2;18,17529;100
92;2;2;18,17529;100
92;2;2;18,17529;100
92;2;2;18,17529;100
92;2;2;18,17529;100
92;2;2;18,50879;100
92;2;2;18,50879;100
92;2;2;18,50879;100
92;2;2;18,50879;100
92;2;2;18,50879;100
92;2;2;18,50879;100
92;2;2;18,50879;100
92;2;2;18,50879;100
92;2;2;18,50879;100
92;2;2;18,84229;100
92;2;2;18,84229;100
92;2;2;18,84229;100
92;2;2;18,84229;100
92;2;2;18,84229;100
92;2;2;18,84229;100
92;2;2;18,84229;100
92;3;15;18,84229;85
92;2;2;18,84229;85
92;2;2;18,84229;85
92;2;2;18,84229;85
92;2;2;18,84229;85
92;2;2;19,17578;83
60;2;2;19,17578;81
52;2;2;19,17578;79
36;3;15;19,17578;64
-4;2;2;19,17578;62
Boss