92;2;2;14,31934;100
92;2;2;14,31934;100
92;2;2;14,65234;100
92;2;2;14,65234;100
92;2;2;14,65234;100
92;2;2;14,65234;100
92;2;2;14,65234;100
92;2;2;14,65234;100
92;2;2;14,65234;100
92;2;2;14,65234;100
92;2;2;14,65234;100
92;2;2;14,65234;100
92;2;2;14,65234;100
92;2;2;14,65234;100
92;2;2;14,65234;100
92;2;2;14,65234;100
92;2;2;14,65234;100
92;2;2;14,65234;100
92;2;2;14,98535;100
92;2;2;14,98535;100
92;2;2;14,98535;100
92;2;2;14,98535;100
92;2;2;14,98535;100
92;2;2;14,98535;100
92;2;2;14,98535;100
92;2;2;14,98535;100
92;2;2;14,98535;100
92;2;2;14,98535;100
92;2;2;14,98535;100
92;2;2;14,98535;100
92;2;2;14,98535;100
92;2;2;15,31836;100
92;2;2;15,31836;100
92;2;2;15,31836;100
92;2;2;15,31836;100
92;2;2;15,31836;100
92;2;2;15,31836;100
92;2;2;15,31836;100
92;2;2;15,31836;100
92;2;2;15,31836;100
92;2;2;15,31836;100
92;2;2;15,31836;100
92;2;2;15,65137;100
92;2;2;15,65137;100
92;2;2;15,65137;100
92;2;2;15,65137;100
92;2;2;15,65137;100
92;2;2;15,65137;100
92;2;2;15,65137;100
92;2;2;15,65137;100
92;2;2;15,65137;100
92;2;2;15,65137;100
92;2;2;15,65137;100
92;2;2;15,65137;100
92;2;2;15,65137;100
92;2;2;15,65137;100
92;2;2;15,98438;100
92;2;2;15,98438;100
92;2;2;15,98438;100
92;2;2;15,98438;100
92;2;2;15,98438;100
92;2;2;15,98438;100
92;2;2;15,98438;100
92;2;2;15,98438;100
92;2;2;15,98438;100
92;2;2;15,98438;100
92;2;2;15,98438;100
92;2;2;15,98438;100
92;2;2;16,31738;100
92;2;2;16,31738;100
92;2;2;16,31738;100
92;2;2;16,31738;100
92;2;2;16,31738;100
92;2;2;16,31738;100
92;2;2;16,31738;100
92;2;2;16,31738;100
92;2;2;16,31738;100
92;2;2;16,31738;100
92;2;2;16,31738;100
92;2;2;16,31738;100
92;2;2;16,31738;100
92;2;2;16,31738;100
92;2;2;16,31738;100
92;2;2;16,65039;100
92;2;2;16,65039;100
92;2;2;16,65039;100
92;2;2;16,65039;100
92;2;2;16,65039;100
92;2;2;16,65039;100
92;2;2;16,65039;100
92;2;2;16,65039;100
92;2;2;16,65039;100
92;2;2;16,65039;100
92;2;2;16,65039;100
92;2;2;16,65039;100
92;2;2;16,65039;100
92;2;2;16,65039;100
92;2;2;16,9834;100
92;2;2;16,9834;100
92;2;2;16,9834;100
92;2;2;16,9834;100
92;2;2;16,9834;100
92;2;2;16,9834;100
92;2;2;16,9834;100
92;2;2;16,9834;100
92;2;2;16,9834;100
92;2;2;16,9834;100
92;2;2;16,9834;100
92;2;2;16,9834;100
92;2;2;16,9834;100
92;2;2;16,9834;100
92;2;2;16,9834;100
92;2;2;17,31641;100
92;3;15;17,31641;100
92;2;2;17,31641;100
92;2;2;17,31641;100
92;2;2;17,31641;100
92;2;2;17,31641;100
92;2;2;17,31641;100
92;2;2;17,31641;100
92;2;2;17,31641;100
92;2;2;17,31641;100
92;2;2;17,31641;100
92;2;2;17,31641;100
92;2;2;17,31641;100
92;2;2;17,31641;100
92;2;2;17,31641;100
92;2;2;17,31641;100
92;2;2;17,31641;100
92;2;2;17,64941;100
92;2;2;17,64941;100
92;2;2;17,64941;100
92;2;2;17,64941;100
92;2;2;17,64941;100
92;2;2;17,64941;100
92;2;2;17,64941;100
92;2;2;17,64941;100
92;2;2;17,64941;100
92;2;2;17,64941;100
92;2;2;17,64941;100
92;2;2;17,64941;100
92;2;2;17,64941;100
92;2;2;17,64941;100
92;2;2;17,64941;100
92;2;2;17,64941;100
92;2;2;17,98242;100
92;2;2;17,98242;100
92;2;2;17,98242;100
92;2;2;17,98242;100
92;2;2;17,98242;100
92;2;2;17,98242;100
92;2;2;17,98242;100
92;2;2;17,98242;100
92;2;2;17,98242;100
92;2;2;17,98242;100
92;2;2;17,98242;100
92;2;2;17,98242;100
92;2;2;17,98242;100
92;2;2;18,31543;100
92;2;2;18,31543;100
92;2;2;18,31543;100
92;2;2;18,31543;100
92;2;2;18,31543;100
92;2;2;18,31543;100
92;2;2;18,31543;100
92;2;2;18,31543;100
92;2;2;18,31543;100
92;2;2;18,31543;100
92;2;2;18,31543;100
92;2;2;18,31543;100
92;3;15;18,31543;100
92;2;2;18,31543;100
92;2;2;18,31543;100
92;3;15;18,64844;100
92;2;2;18,64844;100
92;2;2;18,64844;100
92;2;2;18,64844;100
92;2;2;18,64844;100
92;2;2;18,64844;100
92;2;2;18,64844;100
92;2;2;18,64844;100
92;2;2;18,64844;100
92;2;2;18,64844;100
92;2;2;18,64844;100
92;2;2;18,64844;100
92;3;15;18,64844;100
92;2;2;18,64844;100
92;2;2;18,64844;100
92;2;2;18,98145;100
92;2;2;18,98145;100
92;2;2;18,98145;100
92;2;2;18,98145;100
92;2;2;18,98145;100
92;2;2;18,98145;100
92;2;2;18,98145;100
92;3;15;18,98145;100
92;2;2;18,98145;100
92;2;2;18,98145;100
92;2;2;18,98145;100
92;2;2;18,98145;100
92;2;2;19,31445;100
92;2;2;19,31445;100
92;2;2;19,31445;100
92;2;2;19,31445;100
92;2;2;19,31445;100
92;2;2;19,31445;100
92;2;2;19,31445;100
92;2;2;19,31445;100
92;2;2;19,31445;100
92;2;2;19,31445;100
92;3;15;19,31445;100
92;2;2;19,31445;100
92;2;2;19,31445;100
92;2;2;19,31445;100
92;3;15;19,64746;100
92;2;2;19,64746;100
92;2;2;19,64746;100
92;2;2;19,64746;100
92;2;2;19,64746;100
92;2;2;19,64746;100
92;2;2;19,64746;100
92;3;15;19,64746;100
92;2;2;19,64746;100
92;2;2;19,64746;100
92;2;2;19,64746;100
92;3;15;19,64746;100
92;2;2;19,64746;100
92;3;15;19,64746;100
92;2;2;19,64746;100
92;2;2;19,64746;100
92;2;2;19,98047;100
92;2;2;19,98047;100
92;2;2;19,98047;100
92;2;2;19,98047;100
92;2;2;19,98047;100
92;2;2;19,98047;100
92;2;2;19,98047;100
92;2;2;19,98047;100
92;2;2;19,98047;100
92;2;2;19,98047;100
92;2;2;19,98047;100
92;2;2;19,98047;100
92;2;2;19,98047;100
92;2;2;19,98047;100
92;2;2;20,31348;100
92;2;2;20,31348;100
92;2;2;20,31348;100
92;2;2;20,31348;100
92;2;2;20,31348;100
92;2;2;20,31348;100
92;2;2;20,31348;100
92;2;2;20,31348;100
92;2;2;20,31348;100
92;3;15;20,31348;85
92;2;2;20,31348;85
92;2;2;20,31348;85
92;3;15;20,31348;70
92;2;2;20,31348;70
92;2;2;20,31348;70
92;2;2;20,31348;70
92;2;2;20,64648;70
92;2;2;20,64648;70
92;2;2;20,64648;70
92;2;2;20,64648;70
92;2;2;20,64648;70
92;2;2;20,64648;70
92;2;2;20,64648;70
92;2;2;20,64648;70
92;2;2;20,64648;70
92;2;2;20,64648;70
92;3;15;20,64648;55
92;2;2;20,64648;55
92;2;2;20,64648;55
92;2;2;20,64648;55
92;2;2;20,64648;55
92;2;2;20,64648;55
92;2;2;20,64648;55
92;2;2;20,97949;55
92;2;2;20,97949;53
84;2;2;20,97949;51
76;2;2;20,97949;49
68;2;2;20,97949;47
60;2;2;20,97949;45
52;2;2;20,97949;43
44;2;2;20,97949;41
36;3;15;20,97949;26
28;2;2;20,97949;24
20;2;2;20,97949;22
4;3;15;20,97949;7
-4;3;15;20,97949;-8
Player