92;2;2;55,35645;100
92;2;2;55,35645;100
92;2;2;55,68945;100
92;2;2;55,68945;100
92;2;2;55,68945;100
92;2;2;55,68945;100
92;2;2;55,68945;100
92;2;2;55,68945;100
92;2;2;55,68945;100
92;2;2;55,68945;100
92;2;2;55,68945;100
92;2;2;55,68945;100
92;2;2;55,68945;100
92;2;2;55,68945;100
92;2;2;55,68945;100
92;2;2;55,68945;100
92;2;2;56,02246;100
92;2;2;56,02246;100
92;2;2;56,02246;100
92;2;2;56,02246;100
92;2;2;56,02246;100
92;2;2;56,02246;100
92;2;2;56,02246;100
92;2;2;56,02246;100
92;2;2;56,02246;100
92;2;2;56,02246;100
92;2;2;56,02246;100
92;2;2;56,02246;100
92;2;2;56,35547;100
92;2;2;56,35547;100
92;2;2;56,35547;100
92;2;2;56,35547;100
92;2;2;56,35547;100
92;2;2;56,35547;100
92;2;2;56,35547;100
92;2;2;56,35547;100
92;2;2;56,35547;100
92;2;2;56,35547;100
92;2;2;56,35547;100
92;2;2;56,35547;100
92;2;2;56,35547;100
92;2;2;56,35547;100
92;2;2;56,68848;100
92;2;2;56,68848;100
92;2;2;56,68848;100
92;2;2;56,68848;100
92;2;2;56,68848;100
92;2;2;56,68848;100
92;2;2;56,68848;100
92;2;2;56,68848;100
92;2;2;56,68848;100
92;2;2;56,68848;100
92;2;2;56,68848;100
92;2;2;56,68848;100
92;2;2;56,68848;100
92;2;2;56,68848;100
92;2;2;57,02148;100
92;2;2;57,02148;100
92;2;2;57,02148;100
92;2;2;57,02148;100
92;2;2;57,02148;100
92;2;2;57,02148;100
92;2;2;57,02148;100
92;2;2;57,02148;100
92;2;2;57,02148;100
92;2;2;57,02148;100
92;2;2;57,02148;100
92;2;2;57,02148;100
92;2;2;57,02148;100
92;2;2;57,02148;100
92;2;2;57,02148;100
92;2;2;57,02148;100
92;2;2;57,35449;100
92;2;2;57,35449;100
92;2;2;57,35449;100
92;2;2;57,35449;100
92;2;2;57,35449;100
92;2;2;57,35449;100
92;2;2;57,35449;100
92;2;2;57,35449;100
92;2;2;57,35449;100
92;2;2;57,35449;100
92;2;2;57,35449;100
92;2;2;57,6875;100
92;2;2;57,6875;100
92;2;2;57,6875;100
92;2;2;57,6875;100
92;2;2;57,6875;100
92;2;2;57,6875;100
92;2;2;57,6875;100
92;2;2;57,6875;100
92;2;2;57,6875;100
92;2;2;57,6875;100
92;2;2;57,6875;100
92;2;2;57,6875;100
92;2;2;57,6875;100
92;2;2;57,6875;100
92;2;2;57,6875;100
92;2;2;58,02051;100
92;2;2;58,02051;100
92;2;2;58,02051;100
92;2;2;58,02051;100
92;2;2;58,02051;100
92;2;2;58,02051;100
92;2;2;58,02051;100
92;2;2;58,02051;100
92;2;2;58,02051;100
92;2;2;58,02051;100
92;2;2;58,02051;100
92;2;2;58,02051;100
92;2;2;58,02051;100
92;2;2;58,02051;100
92;2;2;58,02051;100
92;2;2;58,02051;100
92;2;2;58,35352;100
92;2;2;58,35352;100
92;2;2;58,35352;100
92;2;2;58,35352;100
92;2;2;58,35352;100
92;2;2;58,35352;100
92;2;2;58,35352;100
92;2;2;58,35352;100
92;2;2;58,35352;100
92;2;2;58,35352;100
92;2;2;58,35352;100
92;2;2;58,35352;100
92;2;2;58,35352;100
92;2;2;58,35352;100
92;2;2;58,35352;100
92;2;2;58,68652;100
92;2;2;58,68652;100
92;2;2;58,68652;100
92;2;2;58,68652;100
92;2;2;58,68652;100
92;2;2;58,68652;100
92;2;2;58,68652;100
92;3;15;58,68652;100
92;2;2;58,68652;100
92;2;2;58,68652;100
92;2;2;58,68652;100
92;2;2;58,68652;100
92;2;2;59,01953;100
92;2;2;59,01953;100
92;2;2;59,01953;100
92;3;15;59,01953;100
92;2;2;59,01953;100
92;2;2;59,01953;100
92;2;2;59,01953;100
92;2;2;59,01953;100
92;2;2;59,01953;100
92;2;2;59,01953;100
92;3;15;59,01953;100
92;2;2;59,01953;100
92;2;2;59,01953;100
92;2;2;59,01953;100
92;2;2;59,35254;100
92;2;2;59,35254;100
92;2;2;59,35254;100
92;2;2;59,35254;100
92;2;2;59,35254;100
92;3;15;59,35254;100
92;2;2;59,35254;100
92;2;2;59,35254;100
92;3;15;59,35254;100
92;2;2;59,35254;100
92;2;2;59,35254;100
92;2;2;59,35254;100
92;2;2;59,35254;100
92;2;2;59,35254;100
92;2;2;59,68555;100
92;2;2;59,68555;100
92;3;15;59,68555;100
92;2;2;59,68555;100
92;2;2;59,68555;100
92;2;2;59,68555;100
92;2;2;59,68555;100
92;2;2;59,68555;100
92;2;2;59,68555;100
92;2;2;59,68555;100
92;2;2;59,68555;100
92;2;2;59,68555;100
92;2;2;59,68555;100
92;2;2;59,68555;100
92;2;2;59,68555;100
92;2;2;59,68555;100
92;2;2;59,68555;100
92;2;2;0,01855469;100
92;2;2;0,01855469;100
92;2;2;0,01855469;100
92;2;2;0,01855469;100
92;2;2;0,01855469;100
92;2;2;0,01855469;100
92;2;2;0,01855469;100
92;2;2;0,01855469;100
92;2;2;0,01855469;100
92;2;2;0,01855469;100
92;2;2;0,01855469;100
92;2;2;0,01855469;100
92;2;2;0,01855469;100
92;2;2;0,01855469;100
92;2;2;0,01855469;100
92;2;2;0,01855469;100
92;2;2;0,3515625;100
92;2;2;0,3515625;100
92;2;2;0,3515625;100
92;2;2;0,3515625;100
92;2;2;0,3515625;100
92;2;2;0,3515625;100
92;2;2;0,3515625;100
92;3;15;0,3515625;100
92;2;2;0,3515625;100
92;2;2;0,3515625;100
92;2;2;0,3515625;100
92;2;2;0,3515625;100
92;2;2;0,3515625;100
92;2;2;0,6845703;100
92;2;2;0,6845703;100
92;2;2;0,6845703;100
92;2;2;0,6845703;100
92;2;2;0,6845703;100
92;2;2;0,6845703;100
92;2;2;0,6845703;100
92;3;15;0,6845703;100
92;2;2;0,6845703;100
92;2;2;0,6845703;100
92;2;2;0,6845703;100
92;2;2;0,6845703;100
92;3;15;0,6845703;100
92;3;15;1,017578;100
92;2;2;1,017578;100
92;2;2;1,017578;100
92;2;2;1,017578;100
92;2;2;1,017578;100
92;2;2;1,017578;100
92;2;2;1,017578;100
92;2;2;1,017578;100
92;3;15;1,017578;100
92;3;15;1,017578;100
92;3;15;1,017578;100
92;3;15;1,017578;100
92;2;2;1,017578;100
92;2;2;1,017578;100
92;2;2;1,350586;100
92;2;2;1,350586;100
92;2;2;1,350586;100
92;2;2;1,350586;100
92;3;15;1,350586;85
92;3;15;1,350586;70
92;2;2;1,350586;70
92;2;2;1,350586;70
92;2;2;1,350586;70
92;2;2;1,350586;70
92;2;2;1,350586;70
92;2;2;1,350586;70
92;2;2;1,350586;70
92;2;2;1,350586;70
92;2;2;1,683594;70
92;2;2;1,683594;70
92;2;2;1,683594;70
92;2;2;1,683594;70
92;2;2;1,683594;70
92;2;2;1,683594;70
92;2;2;1,683594;70
92;2;2;1,683594;70
92;2;2;1,683594;70
92;2;2;1,683594;70
92;2;2;1,683594;70
92;2;2;1,683594;70
92;2;2;1,683594;70
92;2;2;1,683594;70
92;2;2;1,683594;70
92;2;2;1,683594;70
92;3;15;1,683594;55
92;2;2;2,016602;55
92;2;2;2,016602;53
84;2;2;2,016602;51
76;2;2;2,016602;49
68;2;2;2,016602;47
60;3;15;2,016602;32
52;2;2;2,016602;30
44;2;2;2,016602;28
36;2;2;2,016602;26
12;3;15;2,016602;11
4;2;2;2,016602;9
-4;3;15;2,016602;-6
Player