92;2;2;51,8584;100
92;2;2;51,8584;100
92;2;2;51,8584;100
92;2;2;52,19189;100
92;2;2;52,19189;100
92;2;2;52,19189;100
92;2;2;52,19189;100
92;2;2;52,19189;100
92;2;2;52,19189;100
92;2;2;52,19189;100
92;2;2;52,19189;100
92;2;2;52,19189;100
92;2;2;52,19189;100
92;2;2;52,19189;100
92;2;2;52,19189;100
92;2;2;52,19189;100
92;2;2;52,19189;100
92;2;2;52,19189;100
92;2;2;52,19189;100
92;2;2;52,19189;100
92;2;2;52,52539;100
92;2;2;52,52539;100
92;2;2;52,52539;100
92;2;2;52,52539;100
92;2;2;52,52539;100
92;2;2;52,52539;100
92;2;2;52,52539;100
92;2;2;52,52539;100
92;2;2;52,52539;100
92;2;2;52,52539;100
92;2;2;52,52539;100
92;2;2;52,52539;100
92;2;2;52,52539;100
92;2;2;52,52539;100
92;2;2;52,52539;100
92;2;2;52,52539;100
92;2;2;52,85889;100
92;2;2;52,85889;100
92;2;2;52,85889;100
92;2;2;52,85889;100
92;2;2;52,85889;100
92;2;2;52,85889;100
92;2;2;52,85889;100
92;2;2;52,85889;100
92;2;2;52,85889;100
92;2;2;52,85889;100
92;2;2;52,85889;100
92;2;2;52,85889;100
92;2;2;52,85889;100
92;2;2;52,85889;100
92;2;2;52,85889;100
92;2;2;52,85889;100
92;2;2;52,85889;100
92;2;2;53,19238;100
92;2;2;53,19238;100
92;2;2;53,19238;100
92;2;2;53,19238;100
92;2;2;53,19238;100
92;2;2;53,19238;100
92;2;2;53,19238;100
92;2;2;53,19238;100
92;2;2;53,19238;100
92;2;2;53,19238;100
92;2;2;53,19238;100
92;2;2;53,19238;100
92;2;2;53,19238;100
92;2;2;53,19238;100
92;2;2;53,19238;100
92;2;2;53,19238;100
92;2;2;53,19238;100
92;2;2;53,52588;100
92;2;2;53,52588;100
92;2;2;53,52588;100
92;2;2;53,52588;100
92;2;2;53,52588;100
92;2;2;53,52588;100
92;2;2;53,52588;100
92;2;2;53,52588;100
92;2;2;53,52588;100
92;2;2;53,52588;100
92;2;2;53,52588;100
92;2;2;53,52588;100
92;2;2;53,52588;100
92;2;2;53,52588;100
92;2;2;53,52588;100
92;2;2;53,52588;100
92;2;2;53,85938;100
92;2;2;53,85938;100
92;2;2;53,85938;100
92;2;2;53,85938;100
92;2;2;53,85938;100
92;2;2;53,85938;100
92;2;2;53,85938;100
92;2;2;53,85938;100
92;2;2;53,85938;100
92;2;2;53,85938;100
92;2;2;53,85938;100
92;2;2;53,85938;100
92;2;2;53,85938;100
92;2;2;53,85938;100
92;2;2;53,85938;100
92;2;2;53,85938;100
92;2;2;54,19287;100
92;2;2;54,19287;100
92;2;2;54,19287;100
92;2;2;54,19287;100
92;2;2;54,19287;100
92;2;2;54,19287;100
92;2;2;54,19287;100
92;2;2;54,19287;100
92;2;2;54,19287;100
92;2;2;54,19287;100
92;2;2;54,19287;100
92;2;2;54,19287;100
92;2;2;54,19287;100
92;2;2;54,19287;100
92;2;2;54,19287;100
92;2;2;54,19287;100
92;2;2;54,19287;100
92;2;2;54,52637;100
92;2;2;54,52637;100
92;2;2;54,52637;100
92;2;2;54,52637;100
92;2;2;54,52637;100
92;2;2;54,52637;100
92;2;2;54,52637;100
92;2;2;54,52637;100
92;2;2;54,52637;100
92;2;2;54,52637;100
92;2;2;54,52637;100
92;2;2;54,52637;100
92;2;2;54,52637;100
92;2;2;54,52637;100
92;2;2;54,52637;100
92;3;15;54,85986;100
92;2;2;54,85986;100
92;2;2;54,85986;100
92;2;2;54,85986;100
92;2;2;54,85986;100
92;2;2;54,85986;100
92;2;2;54,85986;100
92;2;2;54,85986;100
92;2;2;54,85986;100
92;2;2;54,85986;100
92;2;2;54,85986;100
92;2;2;54,85986;100
92;2;2;54,85986;100
92;2;2;54,85986;100
92;2;2;54,85986;100
92;2;2;54,85986;100
92;2;2;54,85986;100
92;2;2;55,19336;100
92;2;2;55,19336;100
92;2;2;55,19336;100
92;2;2;55,19336;100
92;2;2;55,19336;100
92;2;2;55,19336;100
92;2;2;55,19336;100
92;2;2;55,19336;100
92;2;2;55,19336;100
92;2;2;55,19336;100
92;2;2;55,19336;100
92;2;2;55,19336;100
92;2;2;55,19336;100
92;2;2;55,19336;100
92;2;2;55,19336;100
92;2;2;55,19336;100
92;2;2;55,52686;100
92;2;2;55,52686;100
92;2;2;55,52686;100
92;2;2;55,52686;100
92;2;2;55,52686;100
92;2;2;55,52686;100
92;2;2;55,52686;100
92;2;2;55,52686;100
92;2;2;55,52686;100
92;2;2;55,52686;100
92;2;2;55,52686;100
92;2;2;55,52686;100
92;2;2;55,52686;100
92;2;2;55,52686;100
92;2;2;55,52686;100
92;2;2;55,86035;100
92;2;2;55,86035;100
92;2;2;55,86035;100
92;2;2;55,86035;100
92;2;2;55,86035;100
92;2;2;55,86035;100
92;2;2;55,86035;100
92;2;2;55,86035;100
92;2;2;55,86035;100
92;2;2;55,86035;100
92;2;2;55,86035;100
92;2;2;55,86035;100
92;2;2;55,86035;100
92;2;2;55,86035;100
92;2;2;55,86035;100
92;2;2;56,19385;100
92;2;2;56,19385;100
92;2;2;56,19385;100
92;2;2;56,19385;100
92;2;2;56,19385;100
92;2;2;56,19385;100
92;2;2;56,19385;100
92;2;2;56,19385;100
92;2;2;56,19385;100
92;2;2;56,19385;100
92;2;2;56,19385;100
92;2;2;56,19385;100
92;2;2;56,19385;100
92;2;2;56,19385;100
92;2;2;56,52734;100
92;2;2;56,52734;100
92;2;2;56,52734;100
92;2;2;56,52734;100
92;2;2;56,52734;100
92;2;2;56,52734;100
92;2;2;56,52734;100
92;2;2;56,52734;100
92;2;2;56,52734;100
92;2;2;56,52734;100
92;2;2;56,52734;100
92;2;2;56,52734;100
92;2;2;56,52734;100
92;2;2;56,52734;100
92;2;2;56,86084;100
92;2;2;56,86084;100
92;2;2;56,86084;100
92;2;2;56,86084;100
92;2;2;56,86084;100
92;2;2;56,86084;100
92;2;2;56,86084;100
92;2;2;56,86084;100
92;2;2;56,86084;100
92;2;2;56,86084;100
92;2;2;56,86084;100
92;2;2;56,86084;100
92;2;2;56,86084;100
92;2;2;56,86084;100
92;2;2;56,86084;100
92;2;2;56,86084;100
92;2;2;56,86084;100
92;2;2;57,19434;100
92;2;2;57,19434;100
92;2;2;57,19434;100
92;2;2;57,19434;100
92;2;2;57,19434;100
92;2;2;57,19434;100
92;2;2;57,19434;100
92;2;2;57,19434;100
92;2;2;57,19434;100
92;2;2;57,19434;100
92;2;2;57,19434;100
92;2;2;57,19434;100
92;2;2;57,19434;100
92;2;2;57,19434;100
92;2;2;57,19434;100
92;2;2;57,52783;100
92;2;2;57,52783;100
92;2;2;57,52783;100
92;2;2;57,52783;100
92;2;2;57,52783;100
92;2;2;57,52783;100
92;2;2;57,52783;100
92;2;2;57,52783;100
92;2;2;57,52783;100
92;2;2;57,52783;100
92;2;2;57,52783;100
92;2;2;57,52783;100
92;2;2;57,52783;100
92;2;2;57,52783;100
92;2;2;57,86133;100
92;2;2;57,86133;100
92;2;2;57,86133;100
92;2;2;57,86133;100
92;2;2;57,86133;100
92;2;2;57,86133;100
92;2;2;57,86133;100
92;2;2;57,86133;100
92;2;2;57,86133;100
92;2;2;57,86133;100
92;2;2;57,86133;100
92;2;2;57,86133;100
92;2;2;57,86133;100
92;2;2;57,86133;100
92;2;2;57,86133;100
92;2;2;58,19482;100
92;2;2;58,19482;100
92;2;2;58,19482;100
92;2;2;58,19482;100
92;2;2;58,19482;100
92;2;2;58,19482;100
92;2;2;58,19482;100
92;2;2;58,19482;100
92;2;2;58,19482;100
92;2;2;58,19482;100
92;2;2;58,19482;100
92;3;15;58,19482;100
92;2;2;58,52832;100
92;2;2;58,52832;100
92;2;2;58,52832;100
92;2;2;58,52832;100
92;2;2;58,52832;100
92;2;2;58,52832;100
92;2;2;58,52832;100
92;2;2;58,52832;100
92;2;2;58,52832;100
92;2;2;58,52832;100
92;2;2;58,86182;100
92;2;2;58,86182;100
92;2;2;58,86182;100
92;2;2;58,86182;100
92;2;2;58,86182;100
92;2;2;58,86182;100
92;2;2;58,86182;100
92;2;2;58,86182;100
92;2;2;58,86182;100
92;2;2;58,86182;100
92;2;2;58,86182;100
92;2;2;58,86182;100
92;2;2;58,86182;100
92;2;2;58,86182;100
92;2;2;58,86182;100
92;2;2;59,19531;100
92;2;2;59,19531;100
92;3;15;59,19531;100
92;2;2;59,19531;100
92;2;2;59,19531;100
92;2;2;59,19531;100
92;2;2;59,19531;100
92;2;2;59,19531;100
92;2;2;59,19531;100
92;2;2;59,19531;100
92;2;2;59,19531;100
92;2;2;59,19531;100
92;2;2;59,19531;100
92;2;2;59,19531;100
92;2;2;59,52881;100
92;2;2;59,52881;100
92;2;2;59,52881;100
92;2;2;59,52881;100
92;2;2;59,52881;100
92;2;2;59,52881;100
92;2;2;59,52881;100
92;2;2;59,52881;100
92;2;2;59,52881;100
92;2;2;59,52881;100
92;2;2;59,8623;100
76;2;2;59,8623;98
52;2;2;59,8623;96
36;2;2;59,8623;94
12;2;2;59,8623;92
Boss