92;2;2;14,49902;100
92;2;2;14,49902;100
92;2;2;14,83203;100
92;2;2;14,83203;100
92;2;2;14,83203;100
92;2;2;14,83203;100
92;2;2;14,83203;100
92;2;2;14,83203;100
92;2;2;14,83203;100
92;2;2;14,83203;100
92;2;2;14,83203;100
92;2;2;14,83203;100
92;2;2;14,83203;100
92;2;2;14,83203;100
92;2;2;14,83203;100
92;2;2;14,83203;100
92;2;2;14,83203;100
92;2;2;14,83203;100
92;2;2;14,83203;100
92;2;2;15,16504;100
92;2;2;15,16504;100
92;2;2;15,16504;100
92;2;2;15,16504;100
92;2;2;15,16504;100
92;2;2;15,16504;100
92;2;2;15,16504;100
92;2;2;15,16504;100
92;2;2;15,16504;100
92;2;2;15,16504;100
92;2;2;15,16504;100
92;2;2;15,16504;100
92;2;2;15,16504;100
92;2;2;15,16504;100
92;2;2;15,16504;100
92;2;2;15,49805;100
92;2;2;15,49805;100
92;2;2;15,49805;100
92;2;2;15,49805;100
92;2;2;15,49805;100
92;2;2;15,49805;100
92;2;2;15,49805;100
92;2;2;15,49805;100
92;2;2;15,49805;100
92;2;2;15,49805;100
92;2;2;15,49805;100
92;2;2;15,49805;100
92;2;2;15,49805;100
92;2;2;15,49805;100
92;2;2;15,49805;100
92;2;2;15,49805;100
92;2;2;15,83105;100
92;2;2;15,83105;100
92;2;2;15,83105;100
92;2;2;15,83105;100
92;2;2;15,83105;100
92;2;2;15,83105;100
92;2;2;15,83105;100
92;2;2;15,83105;100
92;2;2;15,83105;100
92;2;2;15,83105;100
92;2;2;15,83105;100
92;2;2;15,83105;100
92;2;2;15,83105;100
92;2;2;15,83105;100
92;2;2;15,83105;100
92;2;2;16,16406;100
92;2;2;16,16406;100
92;2;2;16,16406;100
92;2;2;16,16406;100
92;2;2;16,16406;100
92;2;2;16,16406;100
92;2;2;16,16406;100
92;2;2;16,16406;100
92;2;2;16,16406;100
92;2;2;16,16406;100
92;2;2;16,16406;100
92;2;2;16,16406;100
92;2;2;16,16406;100
92;2;2;16,16406;100
92;2;2;16,16406;100
92;2;2;16,49707;100
92;2;2;16,49707;100
92;2;2;16,49707;100
92;2;2;16,49707;100
92;2;2;16,49707;100
92;2;2;16,49707;100
92;2;2;16,49707;100
92;2;2;16,49707;100
92;2;2;16,49707;100
92;2;2;16,49707;100
92;2;2;16,49707;100
92;2;2;16,49707;100
92;2;2;16,49707;100
92;2;2;16,49707;100
92;2;2;16,49707;100
92;2;2;16,83008;100
92;2;2;16,83008;100
92;2;2;16,83008;100
92;2;2;16,83008;100
92;2;2;16,83008;100
92;2;2;16,83008;100
92;2;2;16,83008;100
92;2;2;16,83008;100
92;2;2;16,83008;100
92;2;2;16,83008;100
92;2;2;16,83008;100
92;2;2;16,83008;100
92;2;2;16,83008;100
92;2;2;16,83008;100
92;2;2;16,83008;100
92;2;2;16,83008;100
92;2;2;17,16309;100
92;2;2;17,16309;100
92;2;2;17,16309;100
92;2;2;17,16309;100
92;2;2;17,16309;100
92;3;15;17,16309;100
92;2;2;17,16309;100
92;2;2;17,16309;100
92;2;2;17,16309;100
92;2;2;17,16309;100
92;2;2;17,16309;100
92;2;2;17,16309;100
92;2;2;17,16309;100
92;2;2;17,16309;100
92;2;2;17,49609;100
92;2;2;17,49609;100
92;2;2;17,49609;100
92;2;2;17,49609;100
92;2;2;17,49609;100
92;2;2;17,49609;100
92;2;2;17,49609;100
92;2;2;17,49609;100
92;2;2;17,49609;100
92;2;2;17,49609;100
92;2;2;17,49609;100
92;2;2;17,49609;100
92;2;2;17,49609;100
92;2;2;17,8291;100
92;2;2;17,8291;100
92;2;2;17,8291;100
92;2;2;17,8291;100
92;2;2;17,8291;100
92;2;2;17,8291;100
92;2;2;17,8291;100
92;2;2;17,8291;100
92;2;2;17,8291;100
92;2;2;17,8291;100
92;2;2;17,8291;100
92;2;2;17,8291;100
92;2;2;17,8291;100
92;3;15;17,8291;100
92;2;2;17,8291;100
92;2;2;18,16211;100
92;2;2;18,16211;100
92;2;2;18,16211;100
92;2;2;18,16211;100
92;2;2;18,16211;100
92;2;2;18,16211;100
92;2;2;18,16211;100
92;2;2;18,16211;100
92;2;2;18,16211;100
92;2;2;18,16211;100
92;2;2;18,16211;100
92;2;2;18,16211;100
92;2;2;18,16211;100
92;2;2;18,16211;100
92;2;2;18,16211;100
92;2;2;18,16211;100
92;2;2;18,49512;100
92;2;2;18,49512;100
92;2;2;18,49512;100
92;2;2;18,49512;100
92;2;2;18,49512;100
92;2;2;18,49512;100
92;2;2;18,49512;100
92;2;2;18,49512;100
92;2;2;18,49512;100
92;2;2;18,49512;100
92;2;2;18,49512;100
92;2;2;18,49512;100
92;2;2;18,49512;100
92;2;2;18,49512;100
92;2;2;18,82813;100
92;2;2;18,82813;100
92;2;2;18,82813;100
92;2;2;18,82813;100
92;2;2;18,82813;100
92;2;2;18,82813;100
92;2;2;18,82813;100
92;2;2;18,82813;100
92;2;2;18,82813;100
92;2;2;18,82813;100
92;2;2;18,82813;100
92;2;2;18,82813;100
92;2;2;18,82813;100
92;2;2;19,16113;100
92;2;2;19,16113;100
92;2;2;19,16113;100
92;2;2;19,16113;100
92;2;2;19,16113;100
92;2;2;19,16113;100
92;2;2;19,16113;100
92;2;2;19,16113;100
92;2;2;19,16113;100
92;2;2;19,16113;100
92;2;2;19,16113;100
92;2;2;19,16113;100
92;2;2;19,16113;100
92;2;2;19,16113;100
92;2;2;19,16113;100
92;2;2;19,49414;100
92;2;2;19,49414;100
92;2;2;19,49414;100
92;2;2;19,49414;100
92;2;2;19,49414;100
92;3;15;19,49414;100
92;2;2;19,49414;100
92;2;2;19,49414;100
92;2;2;19,49414;100
92;2;2;19,49414;100
92;2;2;19,49414;100
92;2;2;19,49414;100
92;2;2;19,82715;100
92;2;2;19,82715;100
92;2;2;19,82715;100
92;2;2;19,82715;100
92;2;2;19,82715;100
92;2;2;19,82715;100
92;2;2;19,82715;100
92;2;2;19,82715;100
92;2;2;19,82715;100
92;2;2;19,82715;100
92;2;2;19,82715;100
92;2;2;19,82715;100
92;2;2;20,16016;100
92;2;2;20,16016;100
92;2;2;20,16016;100
92;2;2;20,16016;100
92;2;2;20,16016;100
92;2;2;20,16016;100
92;2;2;20,16016;100
92;2;2;20,16016;100
92;2;2;20,16016;100
92;2;2;20,16016;100
92;2;2;20,16016;100
92;2;2;20,16016;100
92;2;2;20,49316;100
92;2;2;20,49316;100
92;2;2;20,49316;100
92;2;2;20,49316;100
92;2;2;20,49316;100
92;2;2;20,49316;100
92;2;2;20,49316;100
92;2;2;20,49316;100
92;2;2;20,49316;100
92;2;2;20,49316;100
92;2;2;20,49316;100
92;2;2;20,49316;100
92;2;2;20,49316;100
92;2;2;20,49316;100
92;2;2;20,82617;100
92;2;2;20,82617;100
92;2;2;20,82617;100
92;2;2;20,82617;100
92;2;2;20,82617;100
92;2;2;20,82617;100
92;2;2;20,82617;100
92;2;2;20,82617;100
92;2;2;20,82617;100
92;2;2;20,82617;100
92;2;2;20,82617;100
92;2;2;21,15918;100
92;2;2;21,15918;100
92;2;2;21,15918;100
92;2;2;21,15918;100
92;2;2;21,15918;100
92;2;2;21,15918;100
92;2;2;21,15918;100
92;2;2;21,15918;100
92;2;2;21,15918;100
92;2;2;21,15918;100
92;2;2;21,49219;100
92;2;2;21,49219;100
92;2;2;21,49219;100
92;2;2;21,49219;100
92;2;2;21,49219;100
92;2;2;21,49219;100
92;2;2;21,49219;100
92;2;2;21,49219;100
92;2;2;21,49219;100
92;2;2;21,49219;100
92;2;2;21,49219;100
92;2;2;21,8252;98
44;2;2;21,8252;96
Boss