92;2;2;48,70605;100
92;2;2;48,70605;100
92;2;2;48,70605;100
92;2;2;48,70605;100
92;2;2;49,03906;100
92;2;2;49,03906;100
92;2;2;49,03906;100
92;2;2;49,03906;100
92;2;2;49,03906;100
92;2;2;49,03906;100
92;2;2;49,03906;100
92;2;2;49,03906;100
92;2;2;49,03906;100
92;2;2;49,03906;100
92;2;2;49,03906;100
92;2;2;49,03906;100
92;2;2;49,37207;100
92;2;2;49,37207;100
92;2;2;49,37207;100
92;2;2;49,37207;100
92;2;2;49,37207;100
92;3;15;49,37207;100
92;2;2;49,37207;100
92;2;2;49,37207;100
92;2;2;49,37207;100
92;2;2;49,37207;100
92;2;2;49,37207;100
92;2;2;49,37207;100
92;2;2;49,37207;100
92;2;2;49,70508;100
92;2;2;49,70508;100
92;2;2;49,70508;100
92;2;2;49,70508;100
92;2;2;49,70508;100
92;2;2;49,70508;100
92;2;2;49,70508;100
92;2;2;50,03809;100
92;2;2;50,03809;100
92;2;2;50,03809;100
92;2;2;50,03809;100
92;2;2;50,03809;100
92;2;2;50,03809;100
92;2;2;50,03809;100
92;2;2;50,03809;100
92;3;15;50,03809;100
92;2;2;50,03809;100
92;2;2;50,03809;100
92;2;2;50,03809;100
92;2;2;50,03809;100
92;2;2;50,03809;100
92;2;2;50,03809;100
92;2;2;50,37109;100
92;2;2;50,37109;100
92;2;2;50,37109;100
92;2;2;50,37109;100
92;2;2;50,37109;100
92;2;2;50,37109;100
92;2;2;50,37109;100
92;2;2;50,37109;100
92;2;2;50,37109;100
92;2;2;50,37109;100
92;2;2;50,37109;100
92;2;2;50,37109;100
92;2;2;50,37109;100
92;2;2;50,37109;100
92;2;2;50,7041;100
92;2;2;50,7041;100
92;2;2;50,7041;100
92;2;2;50,7041;100
92;2;2;50,7041;100
92;2;2;50,7041;100
92;2;2;50,7041;100
92;2;2;50,7041;100
92;2;2;50,7041;100
92;2;2;50,7041;100
92;2;2;50,7041;100
92;2;2;50,7041;100
92;3;15;50,7041;100
92;2;2;51,03711;100
92;2;2;51,03711;100
92;2;2;51,03711;100
92;2;2;51,03711;100
92;3;15;51,03711;100
92;2;2;51,03711;100
92;2;2;51,03711;100
92;2;2;51,03711;100
92;2;2;51,03711;100
92;2;2;51,03711;100
92;2;2;51,03711;100
92;2;2;51,03711;100
92;3;15;51,03711;100
92;2;2;51,03711;100
92;2;2;51,03711;100
92;2;2;51,37012;100
92;2;2;51,37012;100
92;2;2;51,37012;100
92;2;2;51,37012;100
92;2;2;51,37012;100
92;2;2;51,37012;100
92;2;2;51,37012;100
92;2;2;51,37012;100
92;2;2;51,37012;100
92;2;2;51,37012;100
92;2;2;51,37012;100
92;2;2;51,37012;100
92;2;2;51,37012;100
92;2;2;51,37012;100
92;2;2;51,37012;100
92;2;2;51,70313;100
92;2;2;51,70313;100
92;2;2;51,70313;100
92;2;2;51,70313;100
92;2;2;51,70313;100
92;2;2;51,70313;100
92;3;15;51,70313;100
92;2;2;51,70313;100
92;2;2;51,70313;100
92;2;2;51,70313;100
92;2;2;52,03613;100
92;3;15;52,03613;100
92;2;2;52,03613;100
92;2;2;52,03613;100
92;2;2;52,03613;100
92;2;2;52,03613;100
92;2;2;52,03613;100
92;2;2;52,03613;100
92;2;2;52,03613;100
92;2;2;52,03613;100
92;3;15;52,03613;100
92;2;2;52,03613;100
92;2;2;52,36914;100
92;2;2;52,36914;100
92;2;2;52,36914;100
92;2;2;52,36914;100
92;2;2;52,36914;100
92;2;2;52,36914;100
92;2;2;52,36914;100
92;2;2;52,36914;100
92;2;2;52,36914;100
92;2;2;52,36914;100
92;2;2;52,70215;100
92;2;2;52,70215;100
92;2;2;52,70215;100
92;2;2;52,70215;100
92;2;2;52,70215;100
92;2;2;52,70215;100
92;2;2;52,70215;100
92;2;2;52,70215;100
92;2;2;52,70215;100
92;2;2;52,70215;100
92;2;2;52,70215;100
92;2;2;53,03516;100
92;2;2;53,03516;100
92;2;2;53,03516;100
92;2;2;53,03516;100
92;2;2;53,03516;100
92;2;2;53,03516;100
92;2;2;53,03516;100
92;2;2;53,03516;100
92;3;15;53,03516;100
92;2;2;53,03516;100
92;2;2;53,03516;100
92;2;2;53,03516;100
92;3;15;53,36816;100
92;3;15;53,36816;100
92;2;2;53,36816;100
92;2;2;53,36816;100
92;2;2;53,36816;100
92;2;2;53,36816;100
92;2;2;53,36816;100
92;2;2;53,36816;100
92;3;15;53,36816;100
92;2;2;53,36816;100
92;2;2;53,36816;100
92;2;2;53,70117;100
92;2;2;53,70117;100
92;2;2;53,70117;100
92;2;2;53,70117;100
92;2;2;53,70117;100
92;2;2;53,70117;100
92;3;15;53,70117;100
92;2;2;53,70117;100
92;2;2;53,70117;100
92;2;2;53,70117;100
92;2;2;53,70117;100
92;2;2;53,70117;100
92;2;2;54,03418;100
92;2;2;54,03418;100
92;2;2;54,03418;100
92;2;2;54,03418;100
92;3;15;54,03418;100
92;2;2;54,03418;100
92;2;2;54,03418;100
92;2;2;54,03418;100
92;2;2;54,03418;100
92;2;2;54,03418;100
92;2;2;54,03418;100
92;2;2;54,03418;100
92;2;2;54,03418;100
92;2;2;54,03418;100
92;2;2;54,03418;100
92;2;2;54,36719;100
92;2;2;54,36719;100
92;2;2;54,36719;100
92;2;2;54,36719;100
92;2;2;54,36719;100
92;2;2;54,36719;100
92;2;2;54,36719;100
92;2;2;54,36719;100
92;3;15;54,36719;100
92;2;2;54,36719;100
92;2;2;54,36719;100
92;2;2;54,36719;100
92;2;2;54,36719;100
92;2;2;54,7002;100
92;2;2;54,7002;100
92;2;2;54,7002;100
92;2;2;54,7002;100
92;2;2;54,7002;100
92;2;2;54,7002;100
92;2;2;54,7002;100
92;3;15;54,7002;85
92;2;2;54,7002;85
92;2;2;54,7002;85
92;2;2;54,7002;85
92;2;2;54,7002;85
92;2;2;54,7002;85
92;2;2;54,7002;85
92;2;2;54,7002;85
92;2;2;55,0332;85
92;3;15;55,0332;70
92;3;15;55,0332;55
92;2;2;55,0332;55
92;2;2;55,0332;55
92;2;2;55,0332;55
92;2;2;55,0332;55
92;2;2;55,0332;55
92;2;2;55,0332;55
92;2;2;55,0332;55
92;2;2;55,0332;55
92;2;2;55,0332;55
92;3;15;55,0332;40
92;2;2;55,0332;40
92;2;2;55,36621;40
84;2;2;55,36621;38
76;2;2;55,36621;36
68;2;2;55,36621;34
60;2;2;55,36621;32
52;3;15;55,36621;17
44;2;2;55,36621;15
36;2;2;55,36621;13
28;3;15;55,36621;-2
Player