92;2;2;3,672852;100
92;2;2;4,005859;100
92;2;2;4,005859;100
92;2;2;4,005859;100
92;2;2;4,005859;100
92;2;2;4,005859;100
92;2;2;4,005859;100
92;2;2;4,338867;100
92;2;2;4,338867;100
92;2;2;4,338867;100
92;2;2;4,338867;100
92;2;2;4,338867;100
92;3;15;4,338867;100
92;2;2;4,338867;100
92;2;2;4,338867;100
92;2;2;4,338867;100
92;2;2;4,338867;100
92;2;2;4,338867;100
92;2;2;4,338867;100
92;2;2;4,338867;100
92;2;2;4,671875;100
92;2;2;4,671875;100
92;2;2;4,671875;100
92;2;2;4,671875;100
92;3;15;4,671875;100
92;2;2;4,671875;100
92;2;2;4,671875;100
92;2;2;4,671875;100
92;3;15;4,671875;100
92;2;2;4,671875;100
92;2;2;4,671875;100
92;2;2;4,671875;100
92;2;2;4,671875;100
92;2;2;5,004883;100
92;2;2;5,004883;100
92;2;2;5,004883;100
92;2;2;5,004883;100
92;2;2;5,004883;100
92;3;15;5,004883;100
92;2;2;5,004883;100
92;2;2;5,004883;100
92;2;2;5,004883;100
92;2;2;5,004883;100
92;2;2;5,004883;100
92;2;2;5,004883;100
92;2;2;5,004883;100
92;2;2;5,337891;100
92;2;2;5,337891;100
92;2;2;5,337891;100
92;2;2;5,337891;100
92;2;2;5,337891;100
92;3;15;5,337891;100
92;2;2;5,337891;100
92;2;2;5,337891;100
92;2;2;5,337891;100
92;2;2;5,337891;100
92;2;2;5,337891;100
92;2;2;5,670898;100
92;2;2;5,670898;100
92;2;2;5,670898;100
92;2;2;5,670898;100
92;2;2;5,670898;100
92;2;2;5,670898;100
92;2;2;5,670898;100
92;2;2;5,670898;100
92;2;2;5,670898;100
92;2;2;5,670898;100
92;2;2;5,670898;100
92;2;2;6,003906;100
92;3;15;6,003906;100
92;2;2;6,003906;100
92;2;2;6,003906;100
92;2;2;6,003906;100
92;2;2;6,003906;100
92;2;2;6,003906;100
92;2;2;6,003906;100
92;2;2;6,003906;100
92;2;2;6,003906;100
92;2;2;6,003906;100
92;2;2;6,003906;100
92;2;2;6,003906;100
92;2;2;6,336914;100
92;2;2;6,336914;100
92;2;2;6,336914;100
92;2;2;6,336914;100
92;2;2;6,336914;100
92;2;2;6,336914;100
92;2;2;6,336914;100
92;2;2;6,336914;100
92;2;2;6,336914;100
92;2;2;6,669922;100
92;2;2;6,669922;100
92;2;2;6,669922;100
92;2;2;6,669922;100
92;2;2;6,669922;100
92;2;2;6,669922;100
92;2;2;6,669922;100
92;2;2;6,669922;100
92;2;2;6,669922;100
92;2;2;6,669922;100
92;2;2;6,669922;100
92;2;2;7,00293;100
92;2;2;7,00293;100
92;3;15;7,00293;100
92;2;2;7,00293;100
92;2;2;7,00293;100
92;2;2;7,00293;100
92;2;2;7,00293;100
92;2;2;7,00293;100
92;2;2;7,00293;100
92;2;2;7,00293;100
92;2;2;7,00293;100
92;2;2;7,00293;100
92;2;2;7,00293;100
92;3;15;7,335938;100
92;2;2;7,335938;100
92;3;15;7,335938;100
92;2;2;7,335938;100
92;2;2;7,335938;100
92;2;2;7,335938;100
92;2;2;7,335938;100
92;2;2;7,335938;100
92;2;2;7,335938;100
92;2;2;7,335938;100
92;2;2;7,335938;100
92;2;2;7,668945;100
92;2;2;7,668945;100
92;2;2;7,668945;100
92;2;2;7,668945;100
92;2;2;7,668945;100
92;2;2;7,668945;100
92;2;2;7,668945;100
92;2;2;7,668945;100
92;2;2;7,668945;100
92;3;15;7,668945;100
92;2;2;7,668945;100
92;2;2;7,668945;100
92;2;2;7,668945;100
92;3;15;7,668945;100
92;2;2;8,001953;100
92;2;2;8,001953;100
92;2;2;8,001953;100
92;2;2;8,001953;100
92;2;2;8,001953;100
92;3;15;8,001953;100
92;2;2;8,001953;100
92;2;2;8,001953;100
92;2;2;8,001953;100
92;3;15;8,001953;100
92;2;2;8,001953;100
92;3;15;8,334961;100
92;2;2;8,334961;100
92;2;2;8,334961;100
92;2;2;8,334961;100
92;2;2;8,334961;100
92;2;2;8,334961;100
92;2;2;8,334961;100
92;2;2;8,334961;100
92;2;2;8,334961;100
92;2;2;8,334961;100
92;3;15;8,334961;100
92;2;2;8,667969;100
92;2;2;8,667969;100
92;2;2;8,667969;100
92;2;2;8,667969;100
92;3;15;8,667969;100
92;2;2;8,667969;100
92;2;2;8,667969;100
92;2;2;8,667969;100
92;2;2;8,667969;100
92;2;2;8,667969;100
92;2;2;8,667969;100
92;2;2;8,667969;100
92;2;2;8,667969;100
92;2;2;8,667969;100
92;2;2;9,000977;100
92;2;2;9,000977;100
92;3;15;9,000977;100
92;3;15;9,000977;100
92;2;2;9,000977;100
92;2;2;9,000977;100
92;2;2;9,000977;100
92;3;15;9,000977;100
92;2;2;9,000977;100
92;2;2;9,000977;100
92;2;2;9,000977;100
92;2;2;9,000977;100
92;2;2;9,333984;100
92;2;2;9,333984;100
92;3;15;9,333984;100
92;2;2;9,333984;100
92;2;2;9,333984;100
92;3;15;9,333984;100
92;2;2;9,333984;100
92;2;2;9,333984;100
92;2;2;9,333984;100
92;2;2;9,333984;100
92;2;2;9,333984;100
92;3;15;9,333984;100
92;2;2;9,333984;100
92;2;2;9,333984;100
92;2;2;9,666992;100
92;2;2;9,666992;100
92;2;2;9,666992;100
92;2;2;9,666992;100
92;2;2;9,666992;100
92;2;2;9,666992;100
92;3;15;9,666992;85
92;3;15;9,666992;70
92;2;2;9,666992;70
92;2;2;9,666992;70
92;2;2;9,666992;70
92;2;2;9,666992;70
92;2;2;9,666992;70
92;2;2;9,666992;70
92;2;2;9,666992;70
92;3;15;10;55
92;2;2;10;55
92;2;2;10;55
92;2;2;10;55
92;2;2;10;55
92;2;2;10;55
92;2;2;10;55
92;2;2;10;55
92;2;2;10;55
92;2;2;10;55
92;3;15;10;40
92;2;2;10;40
92;2;2;10;40
92;2;2;10;40
92;2;2;10;40
92;2;2;10;40
92;2;2;10,33301;38
84;2;2;10,33301;36
76;2;2;10,33301;34
68;2;2;10,33301;32
60;2;2;10,33301;30
52;2;2;10,33301;28
44;2;2;10,33301;26
36;2;2;10,33301;24
28;3;15;10,33301;9
12;2;2;10,33301;7
4;3;15;10,33301;-8
Player