92;2;2;6,086914;100
92;2;2;6,086914;100
92;2;2;6,419922;100
92;2;2;6,419922;100
92;2;2;6,419922;100
92;2;2;6,419922;100
92;2;2;6,419922;100
92;2;2;6,419922;100
92;2;2;6,419922;100
92;2;2;6,419922;100
92;2;2;6,419922;100
92;2;2;6,419922;100
92;2;2;6,75293;100
92;2;2;6,75293;100
92;2;2;6,75293;100
92;2;2;6,75293;100
92;2;2;6,75293;100
92;2;2;6,75293;100
92;2;2;6,75293;100
92;2;2;6,75293;100
92;2;2;6,75293;100
92;2;2;6,75293;100
92;2;2;6,75293;100
92;2;2;7,085938;100
92;2;2;7,085938;100
92;2;2;7,085938;100
92;2;2;7,085938;100
92;2;2;7,085938;100
92;2;2;7,085938;100
92;2;2;7,085938;100
92;2;2;7,085938;100
92;2;2;7,085938;100
92;2;2;7,085938;100
92;2;2;7,085938;100
92;2;2;7,085938;100
92;2;2;7,418945;100
92;2;2;7,418945;100
92;2;2;7,418945;100
92;2;2;7,418945;100
92;2;2;7,418945;100
92;2;2;7,418945;100
92;2;2;7,418945;100
92;2;2;7,418945;100
92;3;15;7,418945;100
92;2;2;7,418945;100
92;2;2;7,418945;100
92;2;2;7,418945;100
92;2;2;7,418945;100
92;2;2;7,418945;100
92;2;2;7,751953;100
92;2;2;7,751953;100
92;2;2;7,751953;100
92;2;2;7,751953;100
92;2;2;7,751953;100
92;3;15;7,751953;100
92;2;2;7,751953;100
92;2;2;7,751953;100
92;2;2;7,751953;100
92;2;2;7,751953;100
92;2;2;7,751953;100
92;2;2;7,751953;100
92;2;2;7,751953;100
92;2;2;8,084961;100
92;2;2;8,084961;100
92;2;2;8,084961;100
92;2;2;8,084961;100
92;2;2;8,084961;100
92;2;2;8,084961;100
92;2;2;8,084961;100
92;2;2;8,084961;100
92;3;15;8,084961;100
92;2;2;8,084961;100
92;2;2;8,084961;100
92;2;2;8,084961;100
92;2;2;8,417969;100
92;3;15;8,417969;100
92;2;2;8,417969;100
92;2;2;8,417969;100
92;2;2;8,417969;100
92;2;2;8,417969;100
92;2;2;8,417969;100
92;2;2;8,417969;100
92;2;2;8,417969;100
92;2;2;8,417969;100
92;2;2;8,417969;100
92;2;2;8,417969;100
92;2;2;8,417969;100
92;2;2;8,417969;100
92;2;2;8,750977;100
92;2;2;8,750977;100
92;3;15;8,750977;100
92;2;2;8,750977;100
92;2;2;8,750977;100
92;3;15;8,750977;100
92;2;2;8,750977;100
92;2;2;8,750977;100
92;2;2;8,750977;100
92;2;2;8,750977;100
92;2;2;8,750977;100
92;2;2;9,083984;100
92;2;2;9,083984;100
92;2;2;9,083984;100
92;2;2;9,083984;100
92;2;2;9,083984;100
92;2;2;9,083984;100
92;2;2;9,083984;100
92;2;2;9,083984;100
92;2;2;9,083984;100
92;2;2;9,083984;100
92;2;2;9,083984;100
92;2;2;9,083984;100
92;2;2;9,083984;100
92;2;2;9,416992;100
92;3;15;9,416992;100
92;2;2;9,416992;100
92;2;2;9,416992;100
92;2;2;9,416992;100
92;2;2;9,416992;100
92;2;2;9,416992;100
92;2;2;9,416992;100
92;2;2;9,416992;100
92;2;2;9,416992;100
92;2;2;9,416992;100
92;2;2;9,416992;100
92;2;2;9,416992;100
92;2;2;9,75;100
92;2;2;9,75;100
92;2;2;9,75;100
92;2;2;9,75;100
92;2;2;9,75;100
92;2;2;9,75;100
92;2;2;9,75;100
92;2;2;9,75;100
92;2;2;9,75;100
92;2;2;9,75;100
92;2;2;10,08301;100
92;2;2;10,08301;100
92;2;2;10,08301;100
92;2;2;10,08301;100
92;2;2;10,08301;100
92;2;2;10,08301;100
92;2;2;10,08301;100
92;2;2;10,08301;100
92;2;2;10,08301;100
92;2;2;10,08301;100
92;2;2;10,08301;100
92;2;2;10,08301;100
92;2;2;10,08301;100
92;2;2;10,08301;100
92;2;2;10,41602;100
92;3;15;10,41602;100
92;2;2;10,41602;100
92;2;2;10,41602;100
92;3;15;10,41602;100
92;2;2;10,41602;100
92;2;2;10,41602;100
92;3;15;10,41602;100
92;2;2;10,41602;100
92;2;2;10,41602;100
92;2;2;10,41602;100
92;2;2;10,41602;100
92;2;2;10,41602;100
92;2;2;10,74902;100
92;2;2;10,74902;100
92;2;2;10,74902;100
92;3;15;10,74902;100
92;2;2;10,74902;100
92;3;15;10,74902;100
92;3;15;10,74902;100
92;3;15;10,74902;100
92;2;2;10,74902;100
92;3;15;10,74902;100
92;2;2;10,74902;100
92;2;2;10,74902;100
92;2;2;10,74902;100
92;2;2;10,74902;100
92;3;15;10,74902;100
92;2;2;11,08203;100
92;3;15;11,08203;100
92;3;15;11,08203;100
92;3;15;11,08203;100
92;3;15;11,08203;100
92;2;2;11,08203;100
92;2;2;11,08203;100
92;2;2;11,08203;100
92;2;2;11,08203;100
92;2;2;11,08203;100
92;2;2;11,08203;100
92;2;2;11,08203;100
92;3;15;11,41504;100
92;2;2;11,41504;100
92;3;15;11,41504;100
92;3;15;11,41504;100
92;2;2;11,41504;100
92;2;2;11,41504;100
92;2;2;11,41504;100
92;2;2;11,41504;100
92;2;2;11,41504;100
92;2;2;11,41504;100
92;2;2;11,41504;100
92;2;2;11,41504;100
92;3;15;11,41504;100
92;2;2;11,41504;100
92;2;2;11,41504;100
92;2;2;11,41504;100
92;2;2;11,41504;100
92;3;15;11,74805;100
92;3;15;11,74805;100
92;2;2;11,74805;100
92;2;2;11,74805;100
92;2;2;11,74805;100
92;2;2;11,74805;100
92;2;2;11,74805;100
92;2;2;11,74805;100
92;3;15;11,74805;100
92;2;2;11,74805;100
92;2;2;11,74805;100
92;2;2;11,74805;100
92;3;15;11,74805;100
92;2;2;11,74805;100
92;2;2;11,74805;100
92;3;15;12,08105;100
92;3;15;12,08105;85
92;2;2;12,08105;85
92;2;2;12,08105;85
92;2;2;12,08105;85
92;2;2;12,08105;85
92;2;2;12,08105;85
92;2;2;12,08105;85
92;3;15;12,08105;70
92;2;2;12,08105;70
92;2;2;12,08105;70
92;2;2;12,08105;70
92;3;15;12,08105;55
92;2;2;12,08105;55
92;2;2;12,08105;55
92;2;2;12,08105;55
92;2;2;12,08105;55
92;2;2;12,41406;55
92;2;2;12,41406;55
92;2;2;12,41406;55
92;2;2;12,41406;55
92;2;2;12,41406;55
92;2;2;12,41406;55
92;2;2;12,41406;55
92;2;2;12,41406;55
92;2;2;12,41406;55
92;2;2;12,41406;55
92;2;2;12,41406;55
92;2;2;12,41406;55
92;2;2;12,41406;55
92;2;2;12,41406;55
92;2;2;12,41406;55
92;2;2;12,41406;55
92;2;2;12,41406;55
92;2;2;12,74707;55
92;2;2;12,74707;53
84;2;2;12,74707;51
76;2;2;12,74707;49
68;2;2;12,74707;47
60;2;2;12,74707;45
52;2;2;12,74707;43
44;3;15;12,74707;28
36;2;2;12,74707;26
28;3;15;12,74707;11
20;2;2;12,74707;9
-4;3;15;12,74707;-6
Player