92;2;2;7,600586;100
92;2;2;7,600586;100
92;2;2;7,600586;100
92;2;2;7,600586;100
92;2;2;7,933594;100
92;2;2;7,933594;100
92;2;2;7,933594;100
92;2;2;7,933594;100
92;2;2;7,933594;100
92;2;2;7,933594;100
92;2;2;7,933594;100
92;2;2;7,933594;100
92;2;2;7,933594;100
92;2;2;7,933594;100
92;2;2;7,933594;100
92;2;2;7,933594;100
92;2;2;7,933594;100
92;2;2;7,933594;100
92;2;2;8,266602;100
92;2;2;8,266602;100
92;2;2;8,266602;100
92;2;2;8,266602;100
92;2;2;8,266602;100
92;2;2;8,266602;100
92;2;2;8,266602;100
92;2;2;8,266602;100
92;2;2;8,266602;100
92;2;2;8,266602;100
92;2;2;8,266602;100
92;2;2;8,599609;100
92;2;2;8,599609;100
92;2;2;8,599609;100
92;3;15;8,599609;100
92;2;2;8,599609;100
92;2;2;8,599609;100
92;2;2;8,599609;100
92;2;2;8,599609;100
92;2;2;8,599609;100
92;2;2;8,599609;100
92;2;2;8,599609;100
92;2;2;8,599609;100
92;2;2;8,599609;100
92;2;2;8,599609;100
92;2;2;8,599609;100
92;2;2;8,932617;100
92;2;2;8,932617;100
92;2;2;8,932617;100
92;2;2;8,932617;100
92;2;2;8,932617;100
92;2;2;8,932617;100
92;2;2;8,932617;100
92;2;2;8,932617;100
92;2;2;8,932617;100
92;2;2;8,932617;100
92;2;2;8,932617;100
92;2;2;8,932617;100
92;2;2;8,932617;100
92;2;2;8,932617;100
92;2;2;8,932617;100
92;2;2;8,932617;100
92;2;2;9,265625;100
92;2;2;9,265625;100
92;2;2;9,265625;100
92;2;2;9,265625;100
92;2;2;9,265625;100
92;2;2;9,265625;100
92;2;2;9,265625;100
92;2;2;9,265625;100
92;2;2;9,265625;100
92;2;2;9,265625;100
92;2;2;9,265625;100
92;2;2;9,265625;100
92;2;2;9,265625;100
92;2;2;9,265625;100
92;2;2;9,265625;100
92;2;2;9,598633;100
92;2;2;9,598633;100
92;2;2;9,598633;100
92;2;2;9,598633;100
92;2;2;9,598633;100
92;2;2;9,598633;100
92;2;2;9,598633;100
92;2;2;9,598633;100
92;2;2;9,598633;100
92;2;2;9,598633;100
92;2;2;9,598633;100
92;2;2;9,598633;100
92;2;2;9,598633;100
92;2;2;9,598633;100
92;2;2;9,598633;100
92;2;2;9,931641;100
92;2;2;9,931641;100
92;2;2;9,931641;100
92;2;2;9,931641;100
92;2;2;9,931641;100
92;2;2;9,931641;100
92;2;2;9,931641;100
92;2;2;9,931641;100
92;2;2;9,931641;100
92;2;2;9,931641;100
92;2;2;9,931641;100
92;2;2;9,931641;100
92;2;2;9,931641;100
92;2;2;10,26465;100
92;2;2;10,26465;100
92;2;2;10,26465;100
92;2;2;10,26465;100
92;2;2;10,26465;100
92;3;15;10,26465;100
92;2;2;10,26465;100
92;2;2;10,26465;100
92;2;2;10,26465;100
92;2;2;10,26465;100
92;2;2;10,26465;100
92;2;2;10,26465;100
92;2;2;10,26465;100
92;2;2;10,26465;100
92;2;2;10,26465;100
92;2;2;10,26465;100
92;2;2;10,59766;100
92;2;2;10,59766;100
92;2;2;10,59766;100
92;2;2;10,59766;100
92;2;2;10,59766;100
92;2;2;10,59766;100
92;2;2;10,59766;100
92;2;2;10,59766;100
92;2;2;10,59766;100
92;2;2;10,59766;100
92;2;2;10,59766;100
92;2;2;10,59766;100
92;2;2;10,59766;100
92;3;15;10,93066;100
92;2;2;10,93066;100
92;2;2;10,93066;100
92;2;2;10,93066;100
92;2;2;10,93066;100
92;2;2;10,93066;100
92;2;2;10,93066;100
92;2;2;10,93066;100
92;2;2;10,93066;100
92;2;2;10,93066;100
92;2;2;10,93066;100
92;2;2;10,93066;100
92;2;2;10,93066;100
92;2;2;11,26367;100
92;2;2;11,26367;100
92;2;2;11,26367;100
92;2;2;11,26367;100
92;2;2;11,26367;100
92;2;2;11,26367;100
92;2;2;11,26367;100
92;2;2;11,26367;100
92;3;15;11,26367;100
92;2;2;11,26367;100
92;2;2;11,26367;100
92;2;2;11,59668;100
92;2;2;11,59668;100
92;2;2;11,59668;100
92;2;2;11,59668;100
92;2;2;11,59668;100
92;2;2;11,59668;100
92;2;2;11,59668;100
92;2;2;11,59668;100
92;2;2;11,59668;100
92;2;2;11,59668;100
92;2;2;11,92969;100
92;2;2;11,92969;100
92;2;2;11,92969;100
92;2;2;11,92969;100
92;2;2;11,92969;100
92;2;2;11,92969;100
92;2;2;11,92969;100
92;2;2;11,92969;100
92;2;2;11,92969;100
92;2;2;11,92969;100
92;2;2;11,92969;100
92;2;2;11,92969;100
92;2;2;11,92969;100
92;2;2;11,92969;100
92;2;2;11,92969;100
92;2;2;12,2627;100
92;2;2;12,2627;100
92;2;2;12,2627;100
92;2;2;12,2627;100
92;2;2;12,2627;100
92;2;2;12,2627;100
92;2;2;12,2627;100
92;2;2;12,2627;100
92;2;2;12,2627;100
92;2;2;12,2627;100
92;2;2;12,2627;100
92;2;2;12,2627;100
92;2;2;12,2627;100
92;2;2;12,2627;100
92;2;2;12,2627;100
92;2;2;12,2627;100
92;2;2;12,5957;100
92;2;2;12,5957;100
92;3;15;12,5957;100
92;2;2;12,5957;100
92;3;15;12,5957;100
92;2;2;12,5957;100
92;2;2;12,5957;100
92;2;2;12,5957;100
92;2;2;12,5957;100
92;3;15;12,5957;100
92;3;15;12,5957;100
92;2;2;12,5957;100
92;2;2;12,5957;100
92;3;15;12,5957;100
92;2;2;12,5957;100
92;2;2;12,92871;100
92;3;15;12,92871;100
92;2;2;12,92871;100
92;2;2;12,92871;100
92;2;2;12,92871;100
92;2;2;12,92871;100
92;2;2;12,92871;100
92;2;2;12,92871;100
92;2;2;12,92871;100
92;3;15;12,92871;100
92;2;2;12,92871;100
92;2;2;12,92871;100
92;3;15;12,92871;100
92;2;2;12,92871;100
92;2;2;13,26172;100
92;3;15;13,26172;100
92;2;2;13,26172;100
92;3;15;13,26172;100
92;2;2;13,26172;100
92;2;2;13,26172;100
92;2;2;13,26172;100
92;3;15;13,26172;100
92;3;15;13,26172;100
92;3;15;13,26172;100
92;2;2;13,26172;100
92;3;15;13,26172;100
92;3;15;13,26172;100
92;2;2;13,26172;100
92;2;2;13,26172;100
92;2;2;13,26172;100
92;2;2;13,59473;100
92;2;2;13,59473;100
92;2;2;13,59473;100
92;2;2;13,59473;100
92;2;2;13,59473;100
92;3;15;13,59473;85
92;2;2;13,59473;85
92;2;2;13,59473;85
92;2;2;13,59473;85
92;3;15;13,59473;70
92;2;2;13,59473;70
92;2;2;13,59473;70
92;2;2;13,59473;70
92;2;2;13,59473;70
92;2;2;13,59473;70
92;2;2;13,92773;70
92;2;2;13,92773;70
92;2;2;13,92773;70
92;2;2;13,92773;70
92;3;15;13,92773;55
92;2;2;13,92773;55
92;2;2;13,92773;55
92;2;2;13,92773;55
92;2;2;13,92773;55
92;2;2;13,92773;55
92;2;2;13,92773;55
92;2;2;13,92773;55
92;2;2;13,92773;55
92;2;2;13,92773;55
92;2;2;13,92773;55
92;2;2;13,92773;55
92;2;2;14,26074;55
92;2;2;14,26074;53
84;2;2;14,26074;51
76;3;15;14,26074;36
68;2;2;14,26074;34
60;2;2;14,26074;32
52;2;2;14,26074;30
44;2;2;14,26074;28
36;2;2;14,26074;26
20;2;2;14,26074;24
12;2;2;14,26074;22
4;3;15;14,26074;7
-4;3;15;14,26074;-8
Player