92;2;2;47,51172;100
92;2;2;47,51172;100
92;2;2;47,51172;100
92;2;2;47,84521;100
92;2;2;47,84521;100
92;2;2;47,84521;100
92;2;2;47,84521;100
92;2;2;47,84521;100
92;2;2;47,84521;100
92;2;2;47,84521;100
92;2;2;47,84521;100
92;2;2;47,84521;100
92;2;2;47,84521;100
92;2;2;47,84521;100
92;2;2;47,84521;100
92;2;2;47,84521;100
92;2;2;47,84521;100
92;2;2;47,84521;100
92;2;2;47,84521;100
92;2;2;48,17871;100
92;2;2;48,17871;100
92;2;2;48,17871;100
92;2;2;48,17871;100
92;2;2;48,17871;100
92;2;2;48,17871;100
92;2;2;48,17871;100
92;2;2;48,17871;100
92;2;2;48,17871;100
92;2;2;48,17871;100
92;2;2;48,17871;100
92;2;2;48,17871;100
92;2;2;48,17871;100
92;2;2;48,17871;100
92;2;2;48,17871;100
92;2;2;48,17871;100
92;2;2;48,17871;100
92;2;2;48,51221;100
92;2;2;48,51221;100
92;2;2;48,51221;100
92;2;2;48,51221;100
92;2;2;48,51221;100
92;2;2;48,51221;100
92;2;2;48,51221;100
92;2;2;48,51221;100
92;2;2;48,51221;100
92;2;2;48,51221;100
92;2;2;48,51221;100
92;2;2;48,51221;100
92;2;2;48,51221;100
92;2;2;48,51221;100
92;2;2;48,51221;100
92;2;2;48,51221;100
92;2;2;48,51221;100
92;2;2;48,8457;100
92;2;2;48,8457;100
92;2;2;48,8457;100
92;2;2;48,8457;100
92;2;2;48,8457;100
92;2;2;48,8457;100
92;2;2;48,8457;100
92;2;2;48,8457;100
92;2;2;48,8457;100
92;2;2;48,8457;100
92;2;2;48,8457;100
92;2;2;48,8457;100
92;2;2;48,8457;100
92;2;2;48,8457;100
92;2;2;48,8457;100
92;2;2;48,8457;100
92;2;2;49,1792;100
92;2;2;49,1792;100
92;2;2;49,1792;100
92;2;2;49,1792;100
92;2;2;49,1792;100
92;2;2;49,1792;100
92;2;2;49,1792;100
92;2;2;49,1792;100
92;2;2;49,1792;100
92;2;2;49,1792;100
92;2;2;49,1792;100
92;2;2;49,1792;100
92;2;2;49,1792;100
92;2;2;49,1792;100
92;2;2;49,1792;100
92;2;2;49,5127;100
92;2;2;49,5127;100
92;2;2;49,5127;100
92;2;2;49,5127;100
92;2;2;49,5127;100
92;2;2;49,5127;100
92;2;2;49,5127;100
92;2;2;49,5127;100
92;2;2;49,5127;100
92;2;2;49,5127;100
92;2;2;49,5127;100
92;2;2;49,5127;100
92;2;2;49,5127;100
92;2;2;49,5127;100
92;2;2;49,5127;100
92;2;2;49,5127;100
92;2;2;49,5127;100
92;2;2;49,84619;100
92;2;2;49,84619;100
92;2;2;49,84619;100
92;2;2;49,84619;100
92;2;2;49,84619;100
92;2;2;49,84619;100
92;2;2;49,84619;100
92;2;2;49,84619;100
92;2;2;49,84619;100
92;2;2;49,84619;100
92;2;2;49,84619;100
92;2;2;49,84619;100
92;2;2;50,17969;100
92;2;2;50,17969;100
92;2;2;50,17969;100
92;2;2;50,17969;100
92;2;2;50,17969;100
92;2;2;50,17969;100
92;2;2;50,17969;100
92;2;2;50,17969;100
92;2;2;50,17969;100
92;2;2;50,17969;100
92;2;2;50,17969;100
92;2;2;50,17969;100
92;2;2;50,17969;100
92;2;2;50,17969;100
92;2;2;50,17969;100
92;2;2;50,17969;100
92;2;2;50,51318;100
92;2;2;50,51318;100
92;2;2;50,51318;100
92;2;2;50,51318;100
92;2;2;50,51318;100
92;2;2;50,51318;100
92;2;2;50,51318;100
92;2;2;50,51318;100
92;2;2;50,51318;100
92;2;2;50,51318;100
92;2;2;50,51318;100
92;2;2;50,51318;100
92;2;2;50,51318;100
92;2;2;50,51318;100
92;2;2;50,51318;100
92;2;2;50,51318;100
92;2;2;50,51318;100
92;2;2;50,84668;100
92;2;2;50,84668;100
92;2;2;50,84668;100
92;2;2;50,84668;100
92;2;2;50,84668;100
92;2;2;50,84668;100
92;2;2;50,84668;100
92;2;2;50,84668;100
92;2;2;50,84668;100
92;2;2;50,84668;100
92;2;2;50,84668;100
92;2;2;50,84668;100
92;2;2;50,84668;100
92;2;2;50,84668;100
92;2;2;50,84668;100
92;2;2;50,84668;100
92;2;2;51,18018;100
92;2;2;51,18018;100
92;2;2;51,18018;100
92;2;2;51,18018;100
92;2;2;51,18018;100
92;2;2;51,18018;100
92;2;2;51,18018;100
92;2;2;51,18018;100
92;2;2;51,18018;100
92;2;2;51,18018;100
92;2;2;51,18018;100
92;2;2;51,18018;100
92;2;2;51,18018;100
92;2;2;51,18018;100
92;2;2;51,18018;100
92;2;2;51,18018;100
92;2;2;51,18018;100
92;2;2;51,51367;100
92;2;2;51,51367;100
92;2;2;51,51367;100
92;2;2;51,51367;100
92;2;2;51,51367;100
92;2;2;51,51367;100
92;2;2;51,51367;100
92;2;2;51,51367;100
92;2;2;51,51367;100
92;2;2;51,51367;100
92;2;2;51,51367;100
92;2;2;51,51367;100
92;2;2;51,51367;100
92;2;2;51,51367;100
92;2;2;51,51367;100
92;2;2;51,51367;100
92;2;2;51,84717;100
92;2;2;51,84717;100
92;2;2;51,84717;100
92;2;2;51,84717;100
92;2;2;51,84717;100
92;2;2;51,84717;100
92;2;2;51,84717;100
92;2;2;51,84717;100
92;2;2;51,84717;100
92;2;2;51,84717;100
92;2;2;51,84717;100
92;2;2;51,84717;100
92;2;2;51,84717;100
92;2;2;51,84717;100
92;2;2;51,84717;100
92;2;2;52,18066;100
92;2;2;52,18066;100
92;2;2;52,18066;100
92;2;2;52,18066;100
92;2;2;52,18066;100
92;2;2;52,18066;100
92;2;2;52,18066;100
92;2;2;52,18066;100
92;2;2;52,18066;100
92;2;2;52,18066;100
92;2;2;52,18066;100
92;2;2;52,18066;100
92;2;2;52,18066;100
92;2;2;52,18066;100
92;2;2;52,18066;100
92;2;2;52,18066;100
92;2;2;52,18066;100
92;2;2;52,51416;100
92;2;2;52,51416;100
92;2;2;52,51416;100
92;2;2;52,51416;100
92;2;2;52,51416;100
92;2;2;52,51416;100
92;2;2;52,51416;100
92;2;2;52,51416;100
92;2;2;52,51416;100
92;2;2;52,51416;100
92;2;2;52,51416;100
92;2;2;52,51416;100
92;2;2;52,51416;100
92;2;2;52,51416;100
92;2;2;52,51416;100
92;2;2;52,51416;100
92;2;2;52,84766;100
92;2;2;52,84766;100
92;2;2;52,84766;100
92;2;2;52,84766;100
92;2;2;52,84766;100
92;2;2;52,84766;100
92;2;2;52,84766;100
92;2;2;52,84766;100
92;2;2;52,84766;100
92;2;2;52,84766;100
92;2;2;52,84766;100
92;2;2;52,84766;100
92;2;2;52,84766;100
92;2;2;52,84766;100
92;2;2;52,84766;100
92;2;2;53,18115;100
92;2;2;53,18115;100
92;2;2;53,18115;100
92;2;2;53,18115;100
92;2;2;53,18115;100
92;2;2;53,18115;100
92;2;2;53,18115;100
92;2;2;53,18115;100
92;2;2;53,18115;100
92;2;2;53,18115;100
92;2;2;53,18115;100
92;2;2;53,18115;100
92;2;2;53,18115;100
92;2;2;53,18115;100
92;2;2;53,18115;100
92;2;2;53,51465;100
92;2;2;53,51465;100
92;2;2;53,51465;100
92;2;2;53,51465;100
92;2;2;53,51465;100
92;2;2;53,51465;100
92;2;2;53,51465;100
92;2;2;53,51465;100
92;2;2;53,51465;100
92;2;2;53,51465;100
92;2;2;53,51465;100
92;2;2;53,51465;100
92;2;2;53,51465;100
92;2;2;53,51465;100
92;2;2;53,51465;100
92;2;2;53,84814;100
92;2;2;53,84814;100
92;2;2;53,84814;100
92;2;2;53,84814;100
92;2;2;53,84814;100
92;2;2;53,84814;100
92;2;2;53,84814;100
92;2;2;53,84814;100
92;2;2;53,84814;100
92;2;2;53,84814;100
92;2;2;53,84814;100
92;2;2;53,84814;100
92;2;2;53,84814;100
92;2;2;53,84814;100
92;2;2;54,18164;100
92;2;2;54,18164;100
92;2;2;54,18164;100
92;2;2;54,18164;100
92;2;2;54,18164;100
92;2;2;54,18164;100
92;2;2;54,18164;100
92;2;2;54,18164;100
92;2;2;54,18164;100
92;2;2;54,18164;100
92;2;2;54,18164;100
92;2;2;54,18164;100
92;2;2;54,18164;100
92;2;2;54,18164;100
92;2;2;54,51514;100
92;2;2;54,51514;100
92;2;2;54,51514;100
92;2;2;54,51514;100
92;2;2;54,51514;100
92;2;2;54,51514;100
92;2;2;54,51514;100
92;2;2;54,51514;100
92;2;2;54,51514;100
92;2;2;54,51514;100
92;2;2;54,51514;100
92;2;2;54,51514;100
92;2;2;54,84863;100
92;2;2;54,84863;100
92;2;2;54,84863;100
92;2;2;54,84863;100
92;2;2;54,84863;100
92;2;2;54,84863;100
92;2;2;54,84863;100
92;2;2;54,84863;100
92;2;2;54,84863;100
92;2;2;54,84863;100
92;2;2;54,84863;100
92;2;2;54,84863;100
92;2;2;54,84863;100
92;2;2;55,18213;100
92;2;2;55,18213;100
92;2;2;55,18213;100
92;2;2;55,18213;100
92;2;2;55,18213;100
92;2;2;55,18213;100
92;2;2;55,18213;100
92;2;2;55,18213;100
92;2;2;55,18213;100
92;2;2;55,51563;100
92;2;2;55,51563;100
92;2;2;55,51563;100
92;2;2;55,51563;100
92;2;2;55,51563;100
92;2;2;55,51563;100
92;2;2;55,51563;100
92;2;2;55,51563;100
92;2;2;55,51563;100
92;2;2;55,51563;100
92;2;2;55,84912;100
92;2;2;55,84912;100
92;2;2;55,84912;100
92;2;2;55,84912;100
92;2;2;55,84912;100
92;2;2;55,84912;100
92;2;2;55,84912;100
92;2;2;55,84912;100
92;2;2;55,84912;100
92;2;2;56,18262;100
92;2;2;56,18262;100
92;2;2;56,18262;100
92;2;2;56,18262;100
92;2;2;56,18262;100
92;2;2;56,18262;100
92;2;2;56,18262;100
92;2;2;56,18262;100
92;2;2;56,18262;100
92;2;2;56,51611;100
92;2;2;56,51611;100
92;2;2;56,51611;100
92;2;2;56,51611;100
92;2;2;56,51611;100
92;2;2;56,51611;100
92;2;2;56,51611;100
92;2;2;56,84961;100
92;2;2;56,84961;100
92;2;2;56,84961;100
92;2;2;56,84961;100
92;2;2;56,84961;100
92;2;2;56,84961;100
92;2;2;56,84961;100
92;2;2;56,84961;100
92;2;2;56,84961;100
92;2;2;56,84961;100
92;2;2;56,84961;100
84;2;2;57,18311;98
Boss