92;2;2;39,55762;100
92;3;15;39,55762;100
92;2;2;39,89063;100
92;2;2;39,89063;100
92;2;2;39,89063;100
92;2;2;39,89063;100
92;2;2;39,89063;100
92;2;2;39,89063;100
92;2;2;39,89063;100
92;2;2;39,89063;100
92;2;2;39,89063;100
92;2;2;39,89063;100
92;2;2;39,89063;100
92;2;2;39,89063;100
92;2;2;39,89063;100
92;2;2;40,22363;100
92;2;2;40,22363;100
92;2;2;40,22363;100
92;2;2;40,22363;100
92;2;2;40,22363;100
92;2;2;40,22363;100
92;2;2;40,22363;100
92;2;2;40,22363;100
92;2;2;40,22363;100
92;2;2;40,22363;100
92;2;2;40,22363;100
92;2;2;40,22363;100
92;2;2;40,55664;100
92;2;2;40,55664;100
92;2;2;40,55664;100
92;2;2;40,55664;100
92;2;2;40,55664;100
92;2;2;40,55664;100
92;2;2;40,55664;100
92;2;2;40,55664;100
92;2;2;40,55664;100
92;2;2;40,55664;100
92;2;2;40,55664;100
92;2;2;40,55664;100
92;2;2;40,88965;100
92;2;2;40,88965;100
92;2;2;40,88965;100
92;2;2;40,88965;100
92;2;2;40,88965;100
92;2;2;40,88965;100
92;2;2;40,88965;100
92;2;2;40,88965;100
92;2;2;40,88965;100
92;2;2;40,88965;100
92;2;2;40,88965;100
92;2;2;40,88965;100
92;3;15;40,88965;100
92;2;2;41,22266;100
92;2;2;41,22266;100
92;2;2;41,22266;100
92;2;2;41,22266;100
92;2;2;41,22266;100
92;3;15;41,22266;100
92;3;15;41,22266;100
92;2;2;41,22266;100
92;2;2;41,22266;100
92;2;2;41,22266;100
92;2;2;41,22266;100
92;2;2;41,55566;100
92;2;2;41,55566;100
92;2;2;41,55566;100
92;2;2;41,55566;100
92;2;2;41,55566;100
92;2;2;41,55566;100
92;2;2;41,55566;100
92;2;2;41,55566;100
92;2;2;41,55566;100
92;2;2;41,55566;100
92;2;2;41,55566;100
92;2;2;41,88867;100
92;2;2;41,88867;100
92;2;2;41,88867;100
92;2;2;41,88867;100
92;2;2;41,88867;100
92;2;2;41,88867;100
92;2;2;41,88867;100
92;2;2;41,88867;100
92;2;2;41,88867;100
92;2;2;41,88867;100
92;2;2;41,88867;100
92;3;15;41,88867;100
92;3;15;42,22168;100
92;2;2;42,22168;100
92;2;2;42,22168;100
92;2;2;42,22168;100
92;2;2;42,22168;100
92;2;2;42,22168;100
92;2;2;42,22168;100
92;2;2;42,22168;100
92;2;2;42,22168;100
92;2;2;42,22168;100
92;2;2;42,22168;100
92;2;2;42,55469;100
92;2;2;42,55469;100
92;2;2;42,55469;100
92;2;2;42,55469;100
92;2;2;42,55469;100
92;2;2;42,55469;100
92;2;2;42,55469;100
92;2;2;42,55469;100
92;2;2;42,55469;100
92;2;2;42,55469;100
92;2;2;42,55469;100
92;2;2;42,55469;100
92;2;2;42,55469;100
92;2;2;42,55469;100
92;2;2;42,8877;100
92;2;2;42,8877;100
92;2;2;42,8877;100
92;2;2;42,8877;100
92;2;2;42,8877;100
92;2;2;42,8877;100
92;2;2;42,8877;100
92;3;15;42,8877;100
92;2;2;42,8877;100
92;2;2;43,2207;100
92;2;2;43,2207;100
92;2;2;43,2207;100
92;2;2;43,2207;100
92;2;2;43,2207;100
92;2;2;43,2207;100
92;2;2;43,2207;100
92;2;2;43,2207;100
92;2;2;43,2207;100
92;2;2;43,2207;100
92;2;2;43,2207;100
92;2;2;43,2207;100
92;2;2;43,2207;100
92;2;2;43,2207;100
92;2;2;43,55371;100
92;2;2;43,55371;100
92;2;2;43,55371;100
92;2;2;43,55371;100
92;3;15;43,55371;100
92;2;2;43,55371;100
92;2;2;43,55371;100
92;2;2;43,55371;100
92;2;2;43,55371;100
92;2;2;43,55371;100
92;2;2;43,55371;100
92;2;2;43,55371;100
92;2;2;43,88672;100
92;2;2;43,88672;100
92;2;2;43,88672;100
92;2;2;43,88672;100
92;2;2;43,88672;100
92;2;2;43,88672;100
92;2;2;43,88672;100
92;2;2;43,88672;100
92;2;2;43,88672;100
92;2;2;43,88672;100
92;2;2;43,88672;100
92;3;15;43,88672;100
92;2;2;43,88672;100
92;2;2;43,88672;100
92;2;2;43,88672;100
92;2;2;44,21973;100
92;2;2;44,21973;100
92;2;2;44,21973;100
92;2;2;44,21973;100
92;2;2;44,21973;100
92;2;2;44,21973;100
92;3;15;44,21973;100
92;2;2;44,21973;100
92;2;2;44,21973;100
92;3;15;44,21973;100
92;3;15;44,21973;100
92;2;2;44,21973;100
92;3;15;44,55273;100
92;2;2;44,55273;100
92;2;2;44,55273;100
92;2;2;44,55273;100
92;2;2;44,55273;100
92;2;2;44,55273;100
92;2;2;44,55273;100
92;3;15;44,55273;100
92;2;2;44,55273;100
92;2;2;44,55273;100
92;2;2;44,55273;100
92;2;2;44,55273;100
92;3;15;44,55273;100
92;3;15;44,88574;100
92;2;2;44,88574;100
92;2;2;44,88574;100
92;2;2;44,88574;100
92;2;2;44,88574;100
92;2;2;44,88574;100
92;3;15;44,88574;100
92;2;2;44,88574;100
92;2;2;44,88574;100
92;2;2;44,88574;100
92;2;2;44,88574;100
92;2;2;45,21875;100
92;2;2;45,21875;100
92;2;2;45,21875;100
92;2;2;45,21875;100
92;2;2;45,21875;100
92;3;15;45,21875;100
92;2;2;45,21875;100
92;2;2;45,21875;100
92;2;2;45,21875;100
92;3;15;45,21875;100
92;3;15;45,21875;100
92;2;2;45,55176;100
92;2;2;45,55176;100
92;2;2;45,55176;100
92;3;15;45,55176;85
92;3;15;45,55176;70
92;2;2;45,55176;70
92;3;15;45,55176;55
92;2;2;45,55176;55
92;2;2;45,55176;55
92;2;2;45,55176;55
92;2;2;45,55176;55
92;2;2;45,55176;55
92;2;2;45,55176;55
92;2;2;45,55176;55
92;2;2;45,55176;55
92;2;2;45,55176;55
92;2;2;45,88477;55
92;2;2;45,88477;55
92;2;2;45,88477;55
92;2;2;45,88477;55
92;2;2;45,88477;55
92;2;2;45,88477;55
92;2;2;45,88477;55
92;2;2;45,88477;55
92;2;2;45,88477;55
92;2;2;45,88477;55
92;2;2;45,88477;55
92;2;2;45,88477;55
92;3;15;45,88477;40
92;2;2;45,88477;40
92;3;15;45,88477;25
92;2;2;45,88477;25
92;2;2;46,21777;25
92;2;2;46,21777;23
84;2;2;46,21777;21
76;2;2;46,21777;19
68;2;2;46,21777;17
60;2;2;46,21777;15
52;3;15;46,21777;0
Player