92;2;2;59,91699;100
92;2;2;59,91699;100
92;2;2;0,25;100
92;2;2;0,25;100
92;2;2;0,25;100
92;2;2;0,25;100
92;2;2;0,25;100
92;2;2;0,25;100
92;2;2;0,25;100
92;2;2;0,25;100
92;2;2;0,25;100
92;2;2;0,25;100
92;3;15;0,25;100
92;2;2;0,25;100
92;2;2;0,25;100
92;2;2;0,25;100
92;2;2;0,5830078;100
92;2;2;0,5830078;100
92;2;2;0,5830078;100
92;2;2;0,5830078;100
92;2;2;0,5830078;100
92;2;2;0,5830078;100
92;2;2;0,5830078;100
92;2;2;0,5830078;100
92;2;2;0,5830078;100
92;2;2;0,9160156;100
92;2;2;0,9160156;100
92;2;2;0,9160156;100
92;2;2;0,9160156;100
92;2;2;0,9160156;100
92;2;2;0,9160156;100
92;3;15;0,9160156;100
92;2;2;0,9160156;100
92;2;2;0,9160156;100
92;2;2;0,9160156;100
92;2;2;0,9160156;100
92;2;2;0,9160156;100
92;2;2;0,9160156;100
92;2;2;0,9160156;100
92;2;2;0,9160156;100
92;2;2;1,249023;100
92;2;2;1,249023;100
92;2;2;1,249023;100
92;2;2;1,249023;100
92;2;2;1,249023;100
92;2;2;1,249023;100
92;2;2;1,249023;100
92;2;2;1,249023;100
92;2;2;1,249023;100
92;2;2;1,249023;100
92;2;2;1,249023;100
92;2;2;1,582031;100
92;2;2;1,582031;100
92;2;2;1,582031;100
92;2;2;1,582031;100
92;2;2;1,582031;100
92;2;2;1,582031;100
92;2;2;1,915039;100
92;2;2;1,915039;100
92;2;2;1,915039;100
92;2;2;1,915039;100
92;2;2;1,915039;100
92;2;2;1,915039;100
92;2;2;1,915039;100
92;2;2;1,915039;100
92;2;2;1,915039;100
92;2;2;1,915039;100
92;2;2;1,915039;100
92;3;15;1,915039;100
92;2;2;1,915039;100
92;2;2;1,915039;100
92;3;15;2,248047;100
92;2;2;2,248047;100
92;2;2;2,248047;100
92;2;2;2,248047;100
92;2;2;2,248047;100
92;3;15;2,248047;100
92;2;2;2,248047;100
92;2;2;2,248047;100
92;2;2;2,248047;100
92;2;2;2,248047;100
92;2;2;2,248047;100
92;2;2;2,581055;100
92;2;2;2,581055;100
92;2;2;2,581055;100
92;2;2;2,581055;100
92;2;2;2,581055;100
92;2;2;2,581055;100
92;2;2;2,581055;100
92;2;2;2,581055;100
92;2;2;2,581055;100
92;2;2;2,581055;100
92;2;2;2,581055;100
92;2;2;2,581055;100
92;2;2;2,581055;100
92;3;15;2,914063;100
92;2;2;2,914063;100
92;2;2;2,914063;100
92;2;2;2,914063;100
92;2;2;2,914063;100
92;2;2;2,914063;100
92;2;2;2,914063;100
92;2;2;2,914063;100
92;2;2;2,914063;100
92;2;2;2,914063;100
92;2;2;2,914063;100
92;2;2;3,24707;100
92;2;2;3,24707;100
92;2;2;3,24707;100
92;3;15;3,24707;100
92;2;2;3,24707;100
92;2;2;3,24707;100
92;2;2;3,24707;100
92;2;2;3,24707;100
92;2;2;3,24707;100
92;2;2;3,24707;100
92;2;2;3,24707;100
92;2;2;3,24707;100
92;2;2;3,580078;100
92;2;2;3,580078;100
92;2;2;3,580078;100
92;2;2;3,580078;100
92;2;2;3,580078;100
92;2;2;3,580078;100
92;2;2;3,580078;100
92;2;2;3,580078;100
92;2;2;3,580078;100
92;2;2;3,580078;100
92;2;2;3,580078;100
92;2;2;3,580078;100
92;2;2;3,913086;100
92;3;15;3,913086;100
92;2;2;3,913086;100
92;2;2;3,913086;100
92;2;2;3,913086;100
92;2;2;3,913086;100
92;3;15;3,913086;100
92;2;2;3,913086;100
92;2;2;3,913086;100
92;2;2;3,913086;100
92;2;2;3,913086;100
92;2;2;3,913086;100
92;2;2;3,913086;100
92;2;2;3,913086;100
92;2;2;3,913086;100
92;2;2;3,913086;100
92;2;2;4,246094;100
92;2;2;4,246094;100
92;3;15;4,246094;100
92;2;2;4,246094;100
92;2;2;4,246094;100
92;2;2;4,246094;100
92;2;2;4,246094;100
92;3;15;4,246094;100
92;2;2;4,246094;100
92;2;2;4,246094;100
92;2;2;4,246094;100
92;2;2;4,246094;100
92;2;2;4,246094;100
92;2;2;4,246094;100
92;3;15;4,246094;100
92;2;2;4,246094;100
92;2;2;4,579102;100
92;2;2;4,579102;100
92;2;2;4,579102;100
92;3;15;4,579102;100
92;2;2;4,579102;100
92;2;2;4,579102;100
92;2;2;4,579102;100
92;2;2;4,579102;100
92;2;2;4,579102;100
92;2;2;4,579102;100
92;2;2;4,579102;100
92;2;2;4,912109;100
92;3;15;4,912109;100
92;2;2;4,912109;100
92;2;2;4,912109;100
92;3;15;4,912109;100
92;2;2;4,912109;100
92;2;2;4,912109;100
92;2;2;4,912109;100
92;3;15;5,245117;100
92;2;2;5,245117;100
92;2;2;5,245117;100
92;3;15;5,245117;100
92;3;15;5,245117;100
92;2;2;5,245117;100
92;2;2;5,245117;100
92;3;15;5,245117;100
92;3;15;5,245117;100
92;2;2;5,245117;100
92;2;2;5,245117;100
92;2;2;5,245117;100
92;2;2;5,245117;100
92;2;2;5,578125;100
92;2;2;5,578125;100
92;2;2;5,578125;100
92;2;2;5,578125;100
92;2;2;5,578125;100
92;2;2;5,578125;100
92;3;15;5,578125;100
92;2;2;5,578125;100
92;3;15;5,578125;100
92;3;15;5,578125;100
92;2;2;5,578125;100
92;2;2;5,578125;100
92;3;15;5,578125;100
92;2;2;5,911133;100
92;3;15;5,911133;85
92;3;15;5,911133;70
92;2;2;5,911133;70
92;2;2;5,911133;70
92;2;2;5,911133;70
92;2;2;5,911133;70
92;2;2;5,911133;70
92;3;15;5,911133;55
92;2;2;5,911133;55
92;2;2;5,911133;55
92;2;2;5,911133;55
92;2;2;5,911133;55
92;2;2;5,911133;55
92;2;2;6,244141;55
92;2;2;6,244141;55
92;2;2;6,244141;55
92;2;2;6,244141;55
92;2;2;6,244141;55
92;2;2;6,244141;55
92;2;2;6,244141;55
92;2;2;6,244141;55
92;2;2;6,244141;55
92;2;2;6,244141;55
92;2;2;6,244141;55
92;2;2;6,244141;55
92;2;2;6,244141;55
92;2;2;6,244141;55
92;2;2;6,244141;55
92;2;2;6,244141;55
92;2;2;6,244141;55
92;2;2;6,577148;55
84;3;15;6,577148;40
76;2;2;6,577148;38
68;2;2;6,577148;36
60;2;2;6,577148;34
52;2;2;6,577148;32
36;3;15;6,577148;17
20;2;2;6,577148;15
4;3;15;6,577148;0
Player