92;2;2;41,05566;100
92;2;2;41,05566;100
92;2;2;41,05566;100
92;2;2;41,38867;100
92;2;2;41,38867;100
92;2;2;41,38867;100
92;2;2;41,38867;100
92;2;2;41,38867;100
92;2;2;41,38867;100
92;2;2;41,38867;100
92;2;2;41,38867;100
92;2;2;41,38867;100
92;2;2;41,38867;100
92;2;2;41,38867;100
92;2;2;41,72168;100
92;2;2;41,72168;100
92;2;2;41,72168;100
92;2;2;41,72168;100
92;2;2;41,72168;100
92;2;2;41,72168;100
92;2;2;41,72168;100
92;2;2;41,72168;100
92;2;2;41,72168;100
92;2;2;41,72168;100
92;2;2;41,72168;100
92;2;2;41,72168;100
92;2;2;41,72168;100
92;2;2;41,72168;100
92;2;2;41,72168;100
92;2;2;42,05469;100
92;2;2;42,05469;100
92;2;2;42,05469;100
92;2;2;42,05469;100
92;2;2;42,05469;100
92;3;15;42,05469;100
92;2;2;42,05469;100
92;2;2;42,05469;100
92;2;2;42,05469;100
92;2;2;42,05469;100
92;2;2;42,05469;100
92;2;2;42,3877;100
92;2;2;42,3877;100
92;2;2;42,3877;100
92;2;2;42,3877;100
92;2;2;42,3877;100
92;2;2;42,3877;100
92;2;2;42,3877;100
92;2;2;42,3877;100
92;2;2;42,3877;100
92;2;2;42,3877;100
92;2;2;42,3877;100
92;2;2;42,3877;100
92;2;2;42,3877;100
92;2;2;42,7207;100
92;2;2;42,7207;100
92;2;2;42,7207;100
92;2;2;42,7207;100
92;2;2;42,7207;100
92;2;2;42,7207;100
92;2;2;42,7207;100
92;2;2;42,7207;100
92;2;2;42,7207;100
92;2;2;42,7207;100
92;2;2;43,05371;100
92;2;2;43,05371;100
92;2;2;43,05371;100
92;2;2;43,05371;100
92;2;2;43,05371;100
92;2;2;43,05371;100
92;2;2;43,05371;100
92;2;2;43,05371;100
92;2;2;43,05371;100
92;2;2;43,05371;100
92;2;2;43,05371;100
92;2;2;43,05371;100
92;2;2;43,05371;100
92;2;2;43,38672;100
92;2;2;43,38672;100
92;2;2;43,38672;100
92;2;2;43,38672;100
92;2;2;43,38672;100
92;2;2;43,38672;100
92;2;2;43,38672;100
92;2;2;43,38672;100
92;2;2;43,38672;100
92;3;15;43,38672;100
92;2;2;43,38672;100
92;2;2;43,38672;100
92;2;2;43,38672;100
92;2;2;43,38672;100
92;2;2;43,71973;100
92;2;2;43,71973;100
92;2;2;43,71973;100
92;2;2;43,71973;100
92;2;2;43,71973;100
92;2;2;43,71973;100
92;2;2;43,71973;100
92;2;2;43,71973;100
92;2;2;43,71973;100
92;2;2;43,71973;100
92;2;2;43,71973;100
92;2;2;43,71973;100
92;2;2;43,71973;100
92;2;2;44,05273;100
92;2;2;44,05273;100
92;2;2;44,05273;100
92;2;2;44,05273;100
92;2;2;44,05273;100
92;2;2;44,05273;100
92;2;2;44,05273;100
92;2;2;44,05273;100
92;2;2;44,05273;100
92;2;2;44,05273;100
92;2;2;44,05273;100
92;2;2;44,05273;100
92;2;2;44,05273;100
92;2;2;44,05273;100
92;2;2;44,05273;100
92;2;2;44,38574;100
92;2;2;44,38574;100
92;2;2;44,38574;100
92;2;2;44,38574;100
92;2;2;44,38574;100
92;2;2;44,38574;100
92;2;2;44,38574;100
92;2;2;44,38574;100
92;2;2;44,38574;100
92;2;2;44,38574;100
92;2;2;44,38574;100
92;2;2;44,38574;100
92;2;2;44,71875;100
92;2;2;44,71875;100
92;2;2;44,71875;100
92;2;2;44,71875;100
92;3;15;44,71875;100
92;2;2;44,71875;100
92;2;2;44,71875;100
92;3;15;44,71875;100
92;2;2;44,71875;100
92;3;15;44,71875;100
92;2;2;44,71875;100
92;2;2;44,71875;100
92;2;2;44,71875;100
92;2;2;45,05176;100
92;2;2;45,05176;100
92;2;2;45,05176;100
92;3;15;45,05176;100
92;2;2;45,05176;100
92;2;2;45,05176;100
92;2;2;45,05176;100
92;2;2;45,05176;100
92;2;2;45,05176;100
92;2;2;45,05176;100
92;3;15;45,05176;100
92;2;2;45,05176;100
92;2;2;45,05176;100
92;2;2;45,05176;100
92;2;2;45,05176;100
92;2;2;45,38477;100
92;2;2;45,38477;100
92;2;2;45,38477;100
92;2;2;45,38477;100
92;2;2;45,38477;100
92;2;2;45,38477;100
92;2;2;45,38477;100
92;2;2;45,38477;100
92;2;2;45,38477;100
92;2;2;45,38477;100
92;2;2;45,38477;100
92;2;2;45,38477;100
92;2;2;45,38477;100
92;2;2;45,38477;100
92;2;2;45,38477;100
92;3;15;45,71777;100
92;2;2;45,71777;100
92;2;2;45,71777;100
92;2;2;45,71777;100
92;3;15;45,71777;100
92;2;2;45,71777;100
92;2;2;45,71777;100
92;2;2;45,71777;100
92;2;2;45,71777;100
92;2;2;45,71777;100
92;3;15;45,71777;100
92;2;2;45,71777;100
92;2;2;45,71777;100
92;2;2;45,71777;100
92;2;2;45,71777;100
92;2;2;46,05078;100
92;2;2;46,05078;100
92;2;2;46,05078;100
92;2;2;46,05078;100
92;2;2;46,05078;100
92;2;2;46,05078;100
92;2;2;46,05078;100
92;2;2;46,05078;100
92;2;2;46,05078;100
92;2;2;46,05078;100
92;2;2;46,05078;100
92;2;2;46,05078;100
92;2;2;46,05078;100
92;2;2;46,38379;100
92;2;2;46,38379;100
92;2;2;46,38379;100
92;2;2;46,38379;100
92;2;2;46,38379;100
92;2;2;46,38379;100
92;3;15;46,38379;100
92;2;2;46,38379;100
92;3;15;46,38379;100
92;2;2;46,38379;100
92;2;2;46,38379;100
92;2;2;46,38379;100
92;3;15;46,38379;100
92;2;2;46,38379;100
92;3;15;46,7168;100
92;3;15;46,7168;100
92;2;2;46,7168;100
92;2;2;46,7168;100
92;2;2;46,7168;100
92;2;2;46,7168;100
92;2;2;46,7168;100
92;2;2;46,7168;100
92;2;2;46,7168;100
92;2;2;46,7168;100
92;3;15;46,7168;100
92;3;15;46,7168;100
92;2;2;47,0498;100
92;2;2;47,0498;100
92;2;2;47,0498;100
92;2;2;47,0498;100
92;3;15;47,0498;100
92;2;2;47,0498;100
92;3;15;47,0498;100
92;3;15;47,0498;100
92;3;15;47,0498;100
92;3;15;47,0498;100
92;3;15;47,0498;100
92;2;2;47,0498;100
92;3;15;47,0498;100
92;2;2;47,0498;100
92;2;2;47,38281;100
92;2;2;47,38281;100
92;2;2;47,38281;100
92;3;15;47,38281;85
92;2;2;47,38281;85
92;3;15;47,38281;70
92;3;15;47,38281;55
92;2;2;47,38281;55
92;2;2;47,38281;55
92;2;2;47,38281;55
92;2;2;47,38281;55
92;2;2;47,38281;55
92;2;2;47,38281;55
92;2;2;47,38281;55
92;2;2;47,38281;55
92;2;2;47,38281;55
92;2;2;47,71582;55
92;2;2;47,71582;55
92;2;2;47,71582;55
92;2;2;47,71582;55
92;2;2;47,71582;55
92;2;2;47,71582;55
92;2;2;47,71582;55
92;2;2;47,71582;55
92;2;2;47,71582;55
92;2;2;47,71582;55
92;2;2;47,71582;55
92;2;2;47,71582;55
92;2;2;47,71582;55
92;2;2;47,71582;55
92;2;2;48,04883;55
92;2;2;48,04883;53
76;2;2;48,04883;51
68;2;2;48,04883;49
60;3;15;48,04883;34
52;2;2;48,04883;32
44;3;15;48,04883;17
36;2;2;48,04883;15
28;2;2;48,04883;13
12;2;2;48,04883;11
-4;3;15;48,04883;-4
Player