92;2;2;37,0166;100
92;2;2;37,0166;100
92;2;2;37,34961;100
92;2;2;37,34961;100
92;2;2;37,34961;100
92;2;2;37,34961;100
92;2;2;37,34961;100
92;2;2;37,34961;100
92;2;2;37,34961;100
92;2;2;37,34961;100
92;2;2;37,34961;100
92;3;15;37,34961;100
92;2;2;37,34961;100
92;2;2;37,34961;100
92;3;15;37,34961;100
92;2;2;37,34961;100
92;2;2;37,68262;100
92;2;2;37,68262;100
92;2;2;37,68262;100
92;2;2;37,68262;100
92;2;2;37,68262;100
92;2;2;37,68262;100
92;2;2;37,68262;100
92;2;2;37,68262;100
92;2;2;37,68262;100
92;2;2;37,68262;100
92;2;2;37,68262;100
92;2;2;37,68262;100
92;2;2;37,68262;100
92;2;2;38,01563;100
92;2;2;38,01563;100
92;2;2;38,01563;100
92;3;15;38,01563;100
92;2;2;38,01563;100
92;2;2;38,01563;100
92;2;2;38,01563;100
92;2;2;38,01563;100
92;2;2;38,01563;100
92;2;2;38,34863;100
92;2;2;38,34863;100
92;2;2;38,34863;100
92;2;2;38,34863;100
92;2;2;38,34863;100
92;2;2;38,34863;100
92;2;2;38,34863;100
92;2;2;38,34863;100
92;2;2;38,34863;100
92;2;2;38,34863;100
92;2;2;38,34863;100
92;2;2;38,34863;100
92;2;2;38,34863;100
92;2;2;38,34863;100
92;2;2;38,68164;100
92;2;2;38,68164;100
92;2;2;38,68164;100
92;2;2;38,68164;100
92;2;2;38,68164;100
92;2;2;38,68164;100
92;2;2;38,68164;100
92;2;2;38,68164;100
92;2;2;38,68164;100
92;2;2;38,68164;100
92;2;2;38,68164;100
92;2;2;38,68164;100
92;2;2;38,68164;100
92;2;2;38,68164;100
92;2;2;38,68164;100
92;2;2;39,01465;100
92;2;2;39,01465;100
92;3;15;39,01465;100
92;2;2;39,01465;100
92;2;2;39,01465;100
92;2;2;39,01465;100
92;2;2;39,01465;100
92;2;2;39,01465;100
92;2;2;39,01465;100
92;2;2;39,01465;100
92;2;2;39,01465;100
92;2;2;39,01465;100
92;2;2;39,01465;100
92;2;2;39,01465;100
92;2;2;39,34766;100
92;2;2;39,34766;100
92;2;2;39,34766;100
92;3;15;39,34766;100
92;2;2;39,34766;100
92;2;2;39,34766;100
92;2;2;39,34766;100
92;2;2;39,34766;100
92;2;2;39,34766;100
92;2;2;39,34766;100
92;2;2;39,34766;100
92;2;2;39,34766;100
92;3;15;39,34766;100
92;2;2;39,34766;100
92;2;2;39,34766;100
92;2;2;39,68066;100
92;2;2;39,68066;100
92;2;2;39,68066;100
92;3;15;39,68066;100
92;2;2;39,68066;100
92;3;15;39,68066;100
92;2;2;39,68066;100
92;2;2;39,68066;100
92;3;15;39,68066;100
92;3;15;39,68066;100
92;2;2;39,68066;100
92;2;2;39,68066;100
92;2;2;39,68066;100
92;2;2;40,01367;100
92;2;2;40,01367;100
92;2;2;40,01367;100
92;2;2;40,01367;100
92;2;2;40,01367;100
92;2;2;40,01367;100
92;2;2;40,01367;100
92;3;15;40,34668;100
92;2;2;40,34668;100
92;2;2;40,34668;100
92;2;2;40,34668;100
92;3;15;40,34668;100
92;2;2;40,34668;100
92;2;2;40,34668;100
92;2;2;40,34668;100
92;2;2;40,34668;100
92;2;2;40,34668;100
92;2;2;40,34668;100
92;3;15;40,34668;100
92;2;2;40,67969;100
92;2;2;40,67969;100
92;3;15;40,67969;100
92;2;2;40,67969;100
92;2;2;40,67969;100
92;2;2;40,67969;100
92;2;2;40,67969;100
92;2;2;40,67969;100
92;2;2;40,67969;100
92;2;2;40,67969;100
92;2;2;40,67969;100
92;2;2;40,67969;100
92;2;2;40,67969;100
92;2;2;40,67969;100
92;2;2;40,67969;100
92;2;2;41,0127;100
92;2;2;41,0127;100
92;2;2;41,0127;100
92;2;2;41,0127;100
92;2;2;41,0127;100
92;2;2;41,0127;100
92;2;2;41,0127;100
92;2;2;41,0127;100
92;2;2;41,0127;100
92;2;2;41,0127;100
92;2;2;41,3457;100
92;2;2;41,3457;100
92;2;2;41,3457;100
92;3;15;41,3457;100
92;3;15;41,3457;100
92;2;2;41,3457;100
92;3;15;41,3457;100
92;2;2;41,3457;100
92;2;2;41,3457;100
92;2;2;41,3457;100
92;2;2;41,3457;100
92;2;2;41,3457;100
92;2;2;41,3457;100
92;2;2;41,3457;100
92;2;2;41,3457;100
92;2;2;41,67871;100
92;2;2;41,67871;100
92;2;2;41,67871;100
92;2;2;41,67871;100
92;2;2;41,67871;100
92;2;2;41,67871;100
92;2;2;41,67871;100
92;2;2;41,67871;100
92;2;2;41,67871;100
92;2;2;41,67871;100
92;2;2;41,67871;100
92;2;2;41,67871;100
92;2;2;41,67871;100
92;2;2;41,67871;100
92;2;2;42,01172;100
92;2;2;42,01172;100
92;3;15;42,01172;100
92;2;2;42,01172;100
92;2;2;42,01172;100
92;2;2;42,01172;100
92;2;2;42,01172;100
92;2;2;42,01172;100
92;2;2;42,01172;100
92;2;2;42,01172;100
92;3;15;42,01172;100
92;2;2;42,01172;100
92;2;2;42,34473;100
92;3;15;42,34473;100
92;2;2;42,34473;100
92;2;2;42,34473;100
92;3;15;42,34473;100
92;3;15;42,34473;100
92;2;2;42,34473;100
92;3;15;42,34473;100
92;2;2;42,34473;100
92;3;15;42,34473;100
92;2;2;42,34473;100
92;2;2;42,34473;100
92;2;2;42,67773;100
92;3;15;42,67773;100
92;2;2;42,67773;100
92;3;15;42,67773;100
92;3;15;42,67773;100
92;2;2;42,67773;100
92;2;2;42,67773;100
92;2;2;42,67773;100
92;2;2;42,67773;100
92;2;2;42,67773;100
92;3;15;42,67773;100
92;2;2;42,67773;100
92;3;15;43,01074;100
92;3;15;43,01074;85
92;3;15;43,01074;70
92;2;2;43,01074;70
92;2;2;43,01074;70
92;2;2;43,01074;70
92;3;15;43,01074;55
92;2;2;43,01074;55
92;2;2;43,01074;55
92;2;2;43,01074;55
92;2;2;43,01074;55
92;2;2;43,01074;55
92;2;2;43,01074;55
92;2;2;43,01074;55
92;2;2;43,01074;55
92;2;2;43,01074;55
92;2;2;43,34375;55
92;2;2;43,34375;55
92;2;2;43,34375;55
92;2;2;43,34375;55
92;2;2;43,34375;55
92;2;2;43,34375;55
92;2;2;43,34375;55
92;2;2;43,34375;55
92;3;15;43,34375;40
92;2;2;43,34375;40
92;2;2;43,34375;40
92;2;2;43,34375;40
92;2;2;43,34375;40
92;2;2;43,34375;40
92;2;2;43,34375;40
92;2;2;43,34375;40
92;2;2;43,34375;40
92;2;2;43,67676;40
92;2;2;43,67676;38
84;2;2;43,67676;36
76;2;2;43,67676;34
68;2;2;43,67676;32
60;2;2;43,67676;30
52;2;2;43,67676;28
44;2;2;43,67676;26
36;3;15;43,67676;11
28;2;2;43,67676;9
20;2;2;43,67676;7
-4;3;15;43,67676;-8
Player