92;2;2;16,60449;100
92;2;2;16,60449;100
92;2;2;16,60449;100
92;3;15;16,9375;100
92;2;2;16,9375;100
92;2;2;16,9375;100
92;2;2;16,9375;100
92;2;2;16,9375;100
92;2;2;16,9375;100
92;2;2;16,9375;100
92;2;2;16,9375;100
92;2;2;16,9375;100
92;2;2;16,9375;100
92;3;15;16,9375;100
92;2;2;16,9375;100
92;2;2;17,27051;100
92;2;2;17,27051;100
92;2;2;17,27051;100
92;2;2;17,27051;100
92;2;2;17,27051;100
92;2;2;17,27051;100
92;2;2;17,27051;100
92;2;2;17,27051;100
92;3;15;17,27051;100
92;2;2;17,27051;100
92;2;2;17,27051;100
92;2;2;17,60352;100
92;2;2;17,60352;100
92;2;2;17,60352;100
92;2;2;17,60352;100
92;2;2;17,60352;100
92;2;2;17,60352;100
92;2;2;17,60352;100
92;2;2;17,60352;100
92;2;2;17,60352;100
92;2;2;17,60352;100
92;2;2;17,60352;100
92;2;2;17,60352;100
92;2;2;17,93652;100
92;2;2;17,93652;100
92;2;2;17,93652;100
92;2;2;17,93652;100
92;2;2;17,93652;100
92;2;2;17,93652;100
92;2;2;17,93652;100
92;2;2;17,93652;100
92;2;2;17,93652;100
92;2;2;17,93652;100
92;3;15;17,93652;100
92;2;2;17,93652;100
92;2;2;17,93652;100
92;2;2;17,93652;100
92;2;2;17,93652;100
92;2;2;17,93652;100
92;2;2;18,26953;100
92;2;2;18,26953;100
92;2;2;18,26953;100
92;2;2;18,26953;100
92;2;2;18,26953;100
92;2;2;18,26953;100
92;2;2;18,26953;100
92;2;2;18,26953;100
92;2;2;18,26953;100
92;2;2;18,26953;100
92;2;2;18,26953;100
92;2;2;18,26953;100
92;2;2;18,26953;100
92;2;2;18,60254;100
92;2;2;18,60254;100
92;2;2;18,60254;100
92;2;2;18,60254;100
92;2;2;18,60254;100
92;2;2;18,60254;100
92;2;2;18,60254;100
92;2;2;18,60254;100
92;2;2;18,60254;100
92;2;2;18,60254;100
92;2;2;18,60254;100
92;2;2;18,60254;100
92;2;2;18,60254;100
92;2;2;18,60254;100
92;2;2;18,60254;100
92;2;2;18,60254;100
92;2;2;18,60254;100
92;2;2;18,93555;100
92;2;2;18,93555;100
92;2;2;18,93555;100
92;2;2;18,93555;100
92;2;2;18,93555;100
92;2;2;18,93555;100
92;2;2;18,93555;100
92;2;2;18,93555;100
92;2;2;18,93555;100
92;2;2;18,93555;100
92;2;2;18,93555;100
92;3;15;18,93555;100
92;2;2;18,93555;100
92;2;2;18,93555;100
92;2;2;19,26855;100
92;2;2;19,26855;100
92;2;2;19,26855;100
92;2;2;19,26855;100
92;2;2;19,26855;100
92;2;2;19,26855;100
92;2;2;19,26855;100
92;2;2;19,26855;100
92;2;2;19,26855;100
92;2;2;19,26855;100
92;2;2;19,26855;100
92;2;2;19,26855;100
92;2;2;19,60156;100
92;2;2;19,60156;100
92;2;2;19,60156;100
92;2;2;19,60156;100
92;2;2;19,60156;100
92;2;2;19,60156;100
92;2;2;19,60156;100
92;2;2;19,60156;100
92;2;2;19,60156;100
92;2;2;19,60156;100
92;2;2;19,60156;100
92;2;2;19,60156;100
92;3;15;19,60156;100
92;2;2;19,60156;100
92;2;2;19,60156;100
92;3;15;19,93457;100
92;2;2;19,93457;100
92;3;15;19,93457;100
92;2;2;19,93457;100
92;2;2;19,93457;100
92;2;2;19,93457;100
92;2;2;19,93457;100
92;2;2;19,93457;100
92;2;2;19,93457;100
92;2;2;19,93457;100
92;2;2;19,93457;100
92;2;2;19,93457;100
92;2;2;19,93457;100
92;2;2;20,26758;100
92;2;2;20,26758;100
92;2;2;20,26758;100
92;2;2;20,26758;100
92;3;15;20,26758;100
92;2;2;20,26758;100
92;2;2;20,26758;100
92;3;15;20,26758;100
92;2;2;20,26758;100
92;2;2;20,26758;100
92;2;2;20,26758;100
92;2;2;20,26758;100
92;2;2;20,26758;100
92;2;2;20,26758;100
92;2;2;20,60059;100
92;2;2;20,60059;100
92;2;2;20,60059;100
92;2;2;20,60059;100
92;2;2;20,60059;100
92;2;2;20,60059;100
92;2;2;20,60059;100
92;2;2;20,60059;100
92;2;2;20,60059;100
92;2;2;20,60059;100
92;2;2;20,60059;100
92;2;2;20,60059;100
92;2;2;20,60059;100
92;2;2;20,60059;100
92;3;15;20,60059;100
92;2;2;20,93359;100
92;2;2;20,93359;100
92;2;2;20,93359;100
92;2;2;20,93359;100
92;2;2;20,93359;100
92;2;2;20,93359;100
92;3;15;20,93359;100
92;2;2;20,93359;100
92;2;2;20,93359;100
92;3;15;20,93359;100
92;2;2;20,93359;100
92;2;2;20,93359;100
92;2;2;20,93359;100
92;3;15;20,93359;100
92;2;2;20,93359;100
92;2;2;20,93359;100
92;2;2;20,93359;100
92;3;15;21,2666;100
92;2;2;21,2666;100
92;2;2;21,2666;100
92;2;2;21,2666;100
92;2;2;21,2666;100
92;3;15;21,2666;100
92;2;2;21,2666;100
92;3;15;21,2666;100
92;2;2;21,2666;100
92;2;2;21,2666;100
92;2;2;21,2666;100
92;2;2;21,2666;100
92;2;2;21,2666;100
92;2;2;21,2666;100
92;2;2;21,59961;100
92;2;2;21,59961;100
92;3;15;21,59961;100
92;3;15;21,59961;100
92;3;15;21,59961;100
92;2;2;21,59961;100
92;3;15;21,59961;100
92;2;2;21,59961;100
92;2;2;21,59961;100
92;2;2;21,59961;100
92;2;2;21,59961;100
92;2;2;21,59961;100
92;2;2;21,59961;100
92;2;2;21,59961;100
92;3;15;21,59961;100
92;2;2;21,59961;100
92;2;2;21,93262;100
92;3;15;21,93262;100
92;3;15;21,93262;100
92;2;2;21,93262;100
92;2;2;21,93262;100
92;2;2;21,93262;100
92;2;2;21,93262;100
92;2;2;21,93262;100
92;2;2;21,93262;100
92;2;2;21,93262;100
92;2;2;21,93262;100
92;2;2;21,93262;100
92;2;2;21,93262;100
92;2;2;21,93262;100
92;3;15;21,93262;100
92;2;2;21,93262;100
92;2;2;22,26563;100
92;2;2;22,26563;100
92;2;2;22,26563;100
92;3;15;22,26563;100
92;2;2;22,26563;100
92;2;2;22,26563;100
92;2;2;22,26563;100
92;2;2;22,26563;100
92;2;2;22,26563;100
92;3;15;22,26563;100
92;2;2;22,26563;100
92;2;2;22,59863;100
92;2;2;22,59863;100
92;2;2;22,59863;100
92;2;2;22,59863;100
92;3;15;22,59863;85
92;2;2;22,59863;85
92;2;2;22,59863;85
92;2;2;22,59863;85
92;2;2;22,59863;85
92;2;2;22,59863;85
92;2;2;22,59863;85
92;2;2;22,59863;85
92;2;2;22,93164;85
92;2;2;22,93164;85
92;3;15;22,93164;70
92;2;2;22,93164;70
92;2;2;22,93164;70
92;2;2;22,93164;70
92;2;2;22,93164;70
92;2;2;22,93164;70
92;2;2;22,93164;70
92;2;2;22,93164;70
92;2;2;22,93164;70
92;2;2;22,93164;70
92;3;15;22,93164;55
92;2;2;22,93164;55
92;2;2;22,93164;55
92;2;2;23,26465;55
92;2;2;23,26465;53
84;2;2;23,26465;51
76;2;2;23,26465;49
60;3;15;23,26465;34
52;2;2;23,26465;32
36;2;2;23,26465;30
28;2;2;23,26465;28
20;3;15;23,26465;13
4;2;2;23,26465;11
-4;3;15;23,26465;-4
Player