92;2;2;40,95996;100
92;2;2;40,95996;100
92;2;2;41,29297;100
92;2;2;41,29297;100
92;2;2;41,29297;100
92;2;2;41,29297;100
92;2;2;41,29297;100
92;2;2;41,29297;100
92;2;2;41,29297;100
92;2;2;41,29297;100
92;2;2;41,29297;100
92;2;2;41,29297;100
92;2;2;41,62598;100
92;2;2;41,62598;100
92;2;2;41,62598;100
92;2;2;41,62598;100
92;2;2;41,62598;100
92;2;2;41,62598;100
92;2;2;41,62598;100
92;2;2;41,62598;100
92;2;2;41,62598;100
92;2;2;41,62598;100
92;2;2;41,62598;100
92;2;2;41,62598;100
92;2;2;41,62598;100
92;2;2;41,62598;100
92;2;2;41,62598;100
92;2;2;41,62598;100
92;2;2;41,62598;100
92;2;2;41,95898;100
92;2;2;41,95898;100
92;2;2;41,95898;100
92;2;2;41,95898;100
92;2;2;41,95898;100
92;2;2;41,95898;100
92;2;2;41,95898;100
92;2;2;41,95898;100
92;2;2;41,95898;100
92;2;2;41,95898;100
92;2;2;41,95898;100
92;2;2;41,95898;100
92;2;2;41,95898;100
92;2;2;41,95898;100
92;2;2;42,29199;100
92;2;2;42,29199;100
92;2;2;42,29199;100
92;2;2;42,29199;100
92;2;2;42,29199;100
92;3;15;42,29199;100
92;2;2;42,29199;100
92;2;2;42,29199;100
92;2;2;42,29199;100
92;2;2;42,29199;100
92;2;2;42,29199;100
92;2;2;42,29199;100
92;2;2;42,29199;100
92;2;2;42,29199;100
92;2;2;42,625;100
92;2;2;42,625;100
92;2;2;42,625;100
92;2;2;42,625;100
92;2;2;42,625;100
92;2;2;42,625;100
92;2;2;42,625;100
92;2;2;42,625;100
92;2;2;42,625;100
92;2;2;42,625;100
92;2;2;42,625;100
92;2;2;42,625;100
92;2;2;42,625;100
92;2;2;42,625;100
92;2;2;42,625;100
92;2;2;42,95801;100
92;2;2;42,95801;100
92;2;2;42,95801;100
92;2;2;42,95801;100
92;2;2;42,95801;100
92;2;2;42,95801;100
92;2;2;42,95801;100
92;2;2;42,95801;100
92;2;2;42,95801;100
92;2;2;42,95801;100
92;2;2;42,95801;100
92;2;2;42,95801;100
92;2;2;43,29102;100
92;2;2;43,29102;100
92;2;2;43,29102;100
92;2;2;43,29102;100
92;2;2;43,29102;100
92;2;2;43,29102;100
92;2;2;43,29102;100
92;2;2;43,29102;100
92;2;2;43,29102;100
92;2;2;43,29102;100
92;2;2;43,29102;100
92;2;2;43,29102;100
92;2;2;43,29102;100
92;2;2;43,29102;100
92;2;2;43,29102;100
92;2;2;43,29102;100
92;2;2;43,29102;100
92;2;2;43,62402;100
92;2;2;43,62402;100
92;2;2;43,62402;100
92;2;2;43,62402;100
92;2;2;43,62402;100
92;2;2;43,62402;100
92;2;2;43,62402;100
92;2;2;43,62402;100
92;2;2;43,62402;100
92;2;2;43,62402;100
92;2;2;43,62402;100
92;2;2;43,62402;100
92;2;2;43,62402;100
92;2;2;43,62402;100
92;2;2;43,62402;100
92;2;2;43,62402;100
92;2;2;43,95703;100
92;2;2;43,95703;100
92;2;2;43,95703;100
92;2;2;43,95703;100
92;2;2;43,95703;100
92;2;2;43,95703;100
92;2;2;43,95703;100
92;2;2;43,95703;100
92;2;2;43,95703;100
92;2;2;43,95703;100
92;2;2;43,95703;100
92;2;2;43,95703;100
92;2;2;43,95703;100
92;2;2;43,95703;100
92;2;2;43,95703;100
92;3;15;43,95703;100
92;2;2;44,29004;100
92;2;2;44,29004;100
92;2;2;44,29004;100
92;2;2;44,29004;100
92;2;2;44,29004;100
92;2;2;44,29004;100
92;2;2;44,29004;100
92;2;2;44,29004;100
92;2;2;44,29004;100
92;2;2;44,29004;100
92;2;2;44,29004;100
92;2;2;44,29004;100
92;2;2;44,29004;100
92;2;2;44,29004;100
92;2;2;44,29004;100
92;2;2;44,62305;100
92;2;2;44,62305;100
92;2;2;44,62305;100
92;2;2;44,62305;100
92;2;2;44,62305;100
92;2;2;44,62305;100
92;2;2;44,62305;100
92;2;2;44,62305;100
92;2;2;44,62305;100
92;3;15;44,62305;100
92;2;2;44,62305;100
92;2;2;44,62305;100
92;2;2;44,62305;100
92;2;2;44,95605;100
92;2;2;44,95605;100
92;2;2;44,95605;100
92;2;2;44,95605;100
92;2;2;44,95605;100
92;2;2;44,95605;100
92;2;2;44,95605;100
92;2;2;44,95605;100
92;2;2;44,95605;100
92;2;2;44,95605;100
92;2;2;44,95605;100
92;2;2;44,95605;100
92;2;2;44,95605;100
92;2;2;44,95605;100
92;2;2;45,28906;100
92;2;2;45,28906;100
92;2;2;45,28906;100
92;2;2;45,28906;100
92;2;2;45,28906;100
92;2;2;45,28906;100
92;2;2;45,28906;100
92;2;2;45,28906;100
92;2;2;45,28906;100
92;2;2;45,28906;100
92;2;2;45,28906;100
92;2;2;45,28906;100
92;2;2;45,28906;100
92;2;2;45,28906;100
92;2;2;45,28906;100
92;2;2;45,62207;100
92;2;2;45,62207;100
92;2;2;45,62207;100
92;2;2;45,62207;100
92;2;2;45,62207;100
92;2;2;45,62207;100
92;2;2;45,62207;100
92;2;2;45,62207;100
92;2;2;45,62207;100
92;2;2;45,62207;100
92;2;2;45,62207;100
92;2;2;45,62207;100
92;2;2;45,62207;100
92;3;15;45,62207;100
92;2;2;45,62207;100
92;2;2;45,95508;100
92;2;2;45,95508;100
92;2;2;45,95508;100
92;2;2;45,95508;100
92;2;2;45,95508;100
92;2;2;45,95508;100
92;2;2;45,95508;100
92;2;2;45,95508;100
92;2;2;45,95508;100
92;2;2;45,95508;100
92;3;15;45,95508;100
92;2;2;45,95508;100
92;2;2;45,95508;100
92;2;2;45,95508;100
92;2;2;46,28809;100
92;2;2;46,28809;100
92;2;2;46,28809;100
92;2;2;46,28809;100
92;2;2;46,28809;100
92;3;15;46,28809;100
92;3;15;46,28809;100
92;2;2;46,28809;100
92;3;15;46,28809;100
92;2;2;46,28809;100
92;2;2;46,28809;100
92;2;2;46,28809;100
92;2;2;46,28809;100
92;3;15;46,28809;100
92;2;2;46,28809;100
92;3;15;46,62109;100
92;2;2;46,62109;100
92;2;2;46,62109;100
92;2;2;46,62109;100
92;2;2;46,62109;100
92;2;2;46,62109;100
92;2;2;46,62109;100
92;3;15;46,62109;100
92;2;2;46,62109;100
92;3;15;46,62109;100
92;3;15;46,62109;100
92;3;15;46,62109;100
92;2;2;46,62109;100
92;2;2;46,62109;100
92;2;2;46,9541;100
92;2;2;46,9541;100
92;3;15;46,9541;85
92;2;2;46,9541;85
92;2;2;46,9541;85
92;2;2;46,9541;85
92;2;2;46,9541;85
92;2;2;46,9541;85
92;2;2;46,9541;85
92;2;2;46,9541;85
92;2;2;46,9541;85
92;2;2;46,9541;85
92;3;15;46,9541;70
92;2;2;46,9541;70
92;2;2;47,28711;70
92;2;2;47,28711;70
92;2;2;47,28711;70
92;2;2;47,28711;70
92;2;2;47,28711;70
92;2;2;47,28711;70
92;2;2;47,28711;70
92;2;2;47,28711;70
92;2;2;47,28711;70
92;2;2;47,28711;70
92;2;2;47,28711;70
92;2;2;47,28711;70
92;2;2;47,28711;70
92;2;2;47,28711;70
92;2;2;47,28711;70
92;2;2;47,28711;70
92;2;2;47,28711;70
92;2;2;47,62012;70
92;2;2;47,62012;68
84;2;2;47,62012;66
76;2;2;47,62012;64
68;2;2;47,62012;62
60;2;2;47,62012;60
52;2;2;47,62012;58
44;2;2;47,62012;56
28;3;15;47,62012;41
20;3;15;47,62012;26
12;3;15;47,62012;11
4;3;15;47,62012;-4
Player