92;2;2;58,58691;100
92;2;2;58,58691;100
92;2;2;58,92041;100
92;2;2;58,92041;100
92;2;2;58,92041;100
92;2;2;58,92041;100
92;2;2;58,92041;100
92;2;2;58,92041;100
92;2;2;58,92041;100
92;2;2;58,92041;100
92;2;2;58,92041;100
92;2;2;58,92041;100
92;2;2;58,92041;100
92;2;2;58,92041;100
92;2;2;58,92041;100
92;2;2;58,92041;100
92;2;2;58,92041;100
92;2;2;58,92041;100
92;2;2;58,92041;100
92;2;2;59,25391;100
92;2;2;59,25391;100
92;2;2;59,25391;100
92;2;2;59,25391;100
92;2;2;59,25391;100
92;2;2;59,25391;100
92;2;2;59,25391;100
92;2;2;59,25391;100
92;2;2;59,25391;100
92;2;2;59,25391;100
92;2;2;59,25391;100
92;2;2;59,25391;100
92;2;2;59,25391;100
92;2;2;59,25391;100
92;2;2;59,25391;100
92;2;2;59,25391;100
92;2;2;59,5874;100
92;2;2;59,5874;100
92;2;2;59,5874;100
92;2;2;59,5874;100
92;2;2;59,5874;100
92;2;2;59,5874;100
92;2;2;59,5874;100
92;2;2;59,5874;100
92;2;2;59,5874;100
92;2;2;59,5874;100
92;2;2;59,5874;100
92;2;2;59,5874;100
92;2;2;59,5874;100
92;2;2;59,5874;100
92;2;2;59,5874;100
92;2;2;59,5874;100
92;2;2;59,9209;100
92;2;2;59,9209;100
92;2;2;59,9209;100
92;2;2;59,9209;100
92;2;2;59,9209;100
92;2;2;59,9209;100
92;2;2;59,9209;100
92;2;2;59,9209;100
92;2;2;59,9209;100
92;2;2;59,9209;100
92;2;2;59,9209;100
92;2;2;59,9209;100
92;2;2;59,9209;100
92;2;2;59,9209;100
92;2;2;59,9209;100
92;2;2;59,9209;100
92;2;2;59,9209;100
92;2;2;0,2543945;100
92;2;2;0,2543945;100
92;2;2;0,2543945;100
92;2;2;0,2543945;100
92;2;2;0,2543945;100
92;2;2;0,2543945;100
92;2;2;0,2543945;100
92;2;2;0,2543945;100
92;2;2;0,2543945;100
92;2;2;0,2543945;100
92;2;2;0,2543945;100
92;2;2;0,2543945;100
92;2;2;0,2543945;100
92;2;2;0,2543945;100
92;2;2;0,2543945;100
92;2;2;0,2543945;100
92;2;2;0,2543945;100
92;2;2;0,5878906;100
92;2;2;0,5878906;100
92;2;2;0,5878906;100
92;2;2;0,5878906;100
92;2;2;0,5878906;100
92;2;2;0,5878906;100
92;2;2;0,5878906;100
92;2;2;0,5878906;100
92;2;2;0,5878906;100
92;2;2;0,5878906;100
92;2;2;0,5878906;100
92;2;2;0,5878906;100
92;2;2;0,5878906;100
92;2;2;0,5878906;100
92;2;2;0,5878906;100
92;2;2;0,5878906;100
92;2;2;0,9213867;100
92;2;2;0,9213867;100
92;2;2;0,9213867;100
92;2;2;0,9213867;100
92;2;2;0,9213867;100
92;2;2;0,9213867;100
92;2;2;0,9213867;100
92;2;2;0,9213867;100
92;2;2;0,9213867;100
92;2;2;0,9213867;100
92;2;2;0,9213867;100
92;2;2;0,9213867;100
92;2;2;0,9213867;100
92;2;2;0,9213867;100
92;2;2;0,9213867;100
92;2;2;0,9213867;100
92;2;2;0,9213867;100
92;2;2;1,254883;100
92;2;2;1,254883;100
92;2;2;1,254883;100
92;2;2;1,254883;100
92;2;2;1,254883;100
92;2;2;1,254883;100
92;2;2;1,254883;100
92;2;2;1,254883;100
92;2;2;1,254883;100
92;2;2;1,254883;100
92;2;2;1,254883;100
92;2;2;1,254883;100
92;2;2;1,254883;100
92;2;2;1,254883;100
92;2;2;1,254883;100
92;2;2;1,254883;100
92;2;2;1,588379;100
92;2;2;1,588379;100
92;2;2;1,588379;100
92;2;2;1,588379;100
92;2;2;1,588379;100
92;2;2;1,588379;100
92;2;2;1,588379;100
92;2;2;1,588379;100
92;2;2;1,588379;100
92;2;2;1,588379;100
92;2;2;1,588379;100
92;2;2;1,588379;100
92;2;2;1,588379;100
92;2;2;1,588379;100
92;2;2;1,588379;100
92;2;2;1,588379;100
92;2;2;1,921875;100
92;2;2;1,921875;100
92;2;2;1,921875;100
92;2;2;1,921875;100
92;2;2;1,921875;100
92;2;2;1,921875;100
92;2;2;1,921875;100
92;2;2;1,921875;100
92;2;2;1,921875;100
92;2;2;1,921875;100
92;2;2;1,921875;100
92;2;2;1,921875;100
92;2;2;1,921875;100
92;2;2;1,921875;100
92;2;2;1,921875;100
92;2;2;1,921875;100
92;2;2;2,255371;100
92;2;2;2,255371;100
92;2;2;2,255371;100
92;2;2;2,255371;100
92;2;2;2,255371;100
92;2;2;2,255371;100
92;2;2;2,255371;100
92;2;2;2,255371;100
92;2;2;2,255371;100
92;2;2;2,255371;100
92;2;2;2,255371;100
92;2;2;2,255371;100
92;2;2;2,255371;100
92;2;2;2,255371;100
92;2;2;2,255371;100
92;2;2;2,255371;100
92;2;2;2,255371;100
92;2;2;2,588867;100
92;2;2;2,588867;100
92;2;2;2,588867;100
92;2;2;2,588867;100
92;2;2;2,588867;100
92;2;2;2,588867;100
92;2;2;2,588867;100
92;2;2;2,588867;100
92;2;2;2,588867;100
92;2;2;2,588867;100
92;2;2;2,588867;100
92;2;2;2,588867;100
92;2;2;2,588867;100
92;2;2;2,588867;100
92;2;2;2,588867;100
92;2;2;2,588867;100
92;2;2;2,922363;100
92;2;2;2,922363;100
92;2;2;2,922363;100
92;2;2;2,922363;100
92;2;2;2,922363;100
92;2;2;2,922363;100
92;2;2;2,922363;100
92;2;2;2,922363;100
92;2;2;2,922363;100
92;2;2;2,922363;100
92;2;2;2,922363;100
92;2;2;2,922363;100
92;2;2;2,922363;100
92;2;2;2,922363;100
92;2;2;2,922363;100
92;2;2;2,922363;100
92;2;2;2,922363;100
92;2;2;3,255859;100
92;2;2;3,255859;100
92;2;2;3,255859;100
92;2;2;3,255859;100
92;2;2;3,255859;100
92;2;2;3,255859;100
92;2;2;3,255859;100
92;2;2;3,255859;100
92;2;2;3,255859;100
92;2;2;3,255859;100
92;2;2;3,255859;100
92;2;2;3,255859;100
92;2;2;3,255859;100
92;2;2;3,255859;100
92;2;2;3,255859;100
92;2;2;3,255859;100
92;2;2;3,589355;100
92;2;2;3,589355;100
92;2;2;3,589355;100
92;2;2;3,589355;100
92;2;2;3,589355;100
92;2;2;3,589355;100
92;2;2;3,589355;100
92;2;2;3,589355;100
92;2;2;3,589355;100
92;2;2;3,589355;100
92;2;2;3,589355;100
92;2;2;3,589355;100
92;2;2;3,589355;100
92;2;2;3,589355;100
92;2;2;3,589355;100
92;2;2;3,589355;100
92;2;2;3,922852;100
92;2;2;3,922852;100
92;2;2;3,922852;100
92;2;2;3,922852;100
92;2;2;3,922852;100
92;2;2;3,922852;100
92;2;2;3,922852;100
92;2;2;3,922852;100
92;2;2;3,922852;100
92;2;2;3,922852;100
92;2;2;3,922852;100
92;2;2;3,922852;100
92;2;2;3,922852;100
92;2;2;3,922852;100
92;2;2;3,922852;100
92;2;2;3,922852;100
92;2;2;3,922852;100
92;2;2;4,256348;100
92;2;2;4,256348;100
92;2;2;4,256348;100
92;2;2;4,256348;100
92;2;2;4,256348;100
92;2;2;4,256348;100
92;2;2;4,256348;100
92;2;2;4,256348;100
92;2;2;4,256348;100
92;2;2;4,256348;100
92;2;2;4,256348;100
92;2;2;4,256348;100
92;2;2;4,256348;100
92;2;2;4,256348;100
92;2;2;4,256348;100
92;2;2;4,256348;100
92;2;2;4,256348;100
92;2;2;4,589844;100
92;2;2;4,589844;100
92;2;2;4,589844;100
92;2;2;4,589844;100
92;2;2;4,589844;100
92;2;2;4,589844;100
92;2;2;4,589844;100
92;2;2;4,589844;100
92;2;2;4,589844;100
92;2;2;4,589844;100
92;2;2;4,589844;100
92;2;2;4,589844;100
92;2;2;4,589844;100
92;2;2;4,589844;100
92;2;2;4,589844;100
92;2;2;4,589844;100
92;2;2;4,92334;100
92;2;2;4,92334;100
92;2;2;4,92334;100
92;2;2;4,92334;100
92;2;2;4,92334;100
92;2;2;4,92334;100
92;2;2;4,92334;100
92;2;2;4,92334;100
92;2;2;4,92334;100
92;2;2;4,92334;100
92;2;2;4,92334;100
92;2;2;4,92334;100
92;2;2;4,92334;100
92;2;2;4,92334;100
92;2;2;4,92334;100
92;2;2;4,92334;100
92;2;2;4,92334;100
92;2;2;5,256836;100
92;2;2;5,256836;100
92;2;2;5,256836;100
92;2;2;5,256836;100
92;2;2;5,256836;100
92;2;2;5,256836;100
92;2;2;5,256836;100
92;2;2;5,256836;100
92;2;2;5,256836;100
92;2;2;5,256836;100
92;2;2;5,256836;100
92;2;2;5,256836;100
92;2;2;5,256836;100
92;2;2;5,256836;100
92;2;2;5,256836;100
92;2;2;5,256836;100
92;2;2;5,590332;100
92;2;2;5,590332;100
92;2;2;5,590332;100
92;2;2;5,590332;100
92;2;2;5,590332;100
92;2;2;5,590332;100
92;2;2;5,590332;100
92;2;2;5,590332;100
92;2;2;5,590332;100
92;2;2;5,590332;100
92;2;2;5,590332;100
92;2;2;5,590332;100
92;2;2;5,590332;100
92;2;2;5,590332;100
92;2;2;5,590332;100
92;2;2;5,923828;100
92;2;2;5,923828;100
92;2;2;5,923828;100
92;2;2;5,923828;100
92;2;2;5,923828;100
92;2;2;5,923828;100
92;2;2;5,923828;100
92;2;2;5,923828;100
92;2;2;5,923828;100
92;2;2;5,923828;100
92;2;2;5,923828;100
92;2;2;5,923828;100
92;2;2;5,923828;100
92;2;2;5,923828;100
92;2;2;5,923828;100
92;2;2;5,923828;100
92;2;2;5,923828;100
92;2;2;6,257324;100
92;2;2;6,257324;100
92;2;2;6,257324;100
92;2;2;6,257324;100
92;2;2;6,257324;100
92;2;2;6,257324;100
92;2;2;6,257324;100
92;2;2;6,257324;100
92;2;2;6,257324;100
92;2;2;6,257324;100
92;2;2;6,257324;100
92;2;2;6,257324;100
92;2;2;6,257324;100
92;2;2;6,257324;100
92;2;2;6,257324;100
92;2;2;6,257324;100
92;2;2;6,59082;100
92;2;2;6,59082;100
92;2;2;6,59082;100
92;2;2;6,59082;100
92;2;2;6,59082;100
92;2;2;6,59082;100
92;2;2;6,59082;100
92;2;2;6,59082;100
92;2;2;6,59082;100
92;2;2;6,59082;100
92;2;2;6,59082;100
92;2;2;6,59082;100
92;2;2;6,59082;100
92;2;2;6,59082;100
92;2;2;6,59082;100
92;2;2;6,59082;100
92;2;2;6,924316;100
92;2;2;6,924316;100
92;2;2;6,924316;100
92;2;2;6,924316;100
92;2;2;6,924316;100
92;2;2;6,924316;100
92;2;2;6,924316;100
92;2;2;6,924316;100
92;2;2;6,924316;100
92;2;2;6,924316;100
92;2;2;6,924316;100
92;2;2;6,924316;100
92;2;2;6,924316;100
92;2;2;6,924316;100
92;2;2;6,924316;100
92;2;2;6,924316;100
92;2;2;6,924316;100
92;2;2;7,257813;100
92;2;2;7,257813;100
92;2;2;7,257813;100
92;2;2;7,257813;100
92;2;2;7,257813;100
92;2;2;7,257813;100
92;2;2;7,257813;100
92;2;2;7,257813;100
92;2;2;7,257813;100
92;2;2;7,257813;100
92;2;2;7,257813;100
92;2;2;7,257813;100
92;2;2;7,257813;100
92;2;2;7,257813;100
92;2;2;7,257813;100
92;2;2;7,257813;100
92;2;2;7,591309;100
92;2;2;7,591309;100
92;2;2;7,591309;100
92;2;2;7,591309;100
92;2;2;7,591309;100
92;2;2;7,591309;100
92;2;2;7,591309;100
92;2;2;7,591309;100
92;2;2;7,591309;100
92;2;2;7,591309;100
92;2;2;7,591309;100
92;2;2;7,591309;100
92;2;2;7,591309;100
92;2;2;7,591309;100
92;2;2;7,591309;100
92;2;2;7,924805;100
92;2;2;7,924805;100
92;2;2;7,924805;100
92;2;2;7,924805;100
92;2;2;7,924805;100
92;2;2;7,924805;100
92;2;2;7,924805;100
92;2;2;7,924805;100
92;2;2;7,924805;100
92;2;2;7,924805;100
92;2;2;7,924805;100
92;2;2;7,924805;100
92;2;2;7,924805;100
92;2;2;7,924805;100
92;2;2;7,924805;100
92;2;2;7,924805;100
92;2;2;8,258301;100
92;2;2;8,258301;100
92;2;2;8,258301;100
92;2;2;8,258301;100
92;2;2;8,258301;100
92;2;2;8,258301;100
92;2;2;8,258301;100
92;2;2;8,258301;100
92;2;2;8,258301;100
92;2;2;8,258301;100
92;2;2;8,258301;100
92;2;2;8,258301;100
92;2;2;8,258301;100
92;2;2;8,258301;100
92;2;2;8,258301;100
92;2;2;8,258301;100
92;2;2;8,591797;100
92;2;2;8,591797;100
92;2;2;8,591797;100
92;2;2;8,591797;100
92;2;2;8,591797;100
92;2;2;8,591797;100
92;2;2;8,591797;100
92;2;2;8,591797;100
92;2;2;8,591797;100
92;2;2;8,591797;100
92;2;2;8,591797;100
92;2;2;8,925293;100
92;2;2;8,925293;100
92;2;2;8,925293;100
92;2;2;8,925293;100
92;2;2;8,925293;100
92;2;2;8,925293;100
92;2;2;8,925293;100
92;2;2;8,925293;100
92;2;2;8,925293;100
92;2;2;8,925293;100
92;2;2;8,925293;100
92;2;2;8,925293;100
92;2;2;8,925293;100
92;2;2;8,925293;100
92;2;2;8,925293;100
92;2;2;8,925293;100
92;2;2;9,258789;100
92;2;2;9,258789;100
92;2;2;9,258789;100
92;2;2;9,258789;100
92;2;2;9,258789;100
92;2;2;9,258789;100
92;2;2;9,258789;100
92;2;2;9,258789;100
92;2;2;9,258789;100
92;2;2;9,258789;100
92;2;2;9,258789;100
92;2;2;9,258789;100
92;2;2;9,258789;100
92;2;2;9,258789;100
92;2;2;9,258789;100
92;2;2;9,592285;100
92;3;15;9,592285;100
92;2;2;9,592285;100
92;2;2;9,592285;100
92;2;2;9,592285;100
92;2;2;9,592285;100
92;2;2;9,592285;100
92;2;2;9,592285;100
92;2;2;9,592285;100
92;2;2;9,592285;100
92;2;2;9,592285;100
92;2;2;9,592285;100
92;2;2;9,592285;100
92;2;2;9,592285;100
92;2;2;9,592285;100
92;2;2;9,925781;100
92;2;2;9,925781;100
92;2;2;9,925781;100
92;2;2;9,925781;100
92;2;2;9,925781;100
92;2;2;9,925781;100
92;2;2;9,925781;100
92;2;2;9,925781;100
92;2;2;9,925781;100
92;2;2;9,925781;100
92;2;2;9,925781;100
92;2;2;9,925781;100
92;2;2;10,25928;100
92;2;2;10,25928;100
92;2;2;10,25928;100
92;2;2;10,25928;100
92;2;2;10,25928;100
92;2;2;10,25928;100
92;2;2;10,25928;100
92;2;2;10,25928;100
92;2;2;10,25928;100
92;2;2;10,25928;100
92;2;2;10,25928;100
92;2;2;10,59277;100
92;2;2;10,59277;100
92;2;2;10,59277;100
92;2;2;10,59277;100
92;2;2;10,59277;100
92;2;2;10,59277;100
92;2;2;10,59277;100
92;2;2;10,59277;100
92;2;2;10,59277;100
92;2;2;10,92627;100
92;2;2;10,92627;100
92;2;2;10,92627;100
92;2;2;10,92627;100
92;2;2;10,92627;100
92;2;2;10,92627;100
92;2;2;10,92627;100
92;2;2;10,92627;100
92;2;2;10,92627;100
92;2;2;10,92627;100
92;2;2;10,92627;100
92;2;2;11,25977;100
92;2;2;11,25977;100
92;2;2;11,25977;100
92;2;2;11,25977;100
92;2;2;11,25977;100
92;2;2;11,25977;100
92;2;2;11,25977;100
92;2;2;11,25977;100
92;2;2;11,25977;100
92;2;2;11,59326;100
92;2;2;11,59326;100
92;2;2;11,59326;100
92;2;2;11,59326;100
92;2;2;11,59326;100
92;2;2;11,59326;100
92;2;2;11,59326;100
92;2;2;11,59326;100
92;2;2;11,92676;100
92;2;2;11,92676;98
84;2;2;11,92676;96
76;2;2;11,92676;94
36;2;2;11,92676;92
Boss