92;2;2;28,05176;100
92;2;2;28,05176;100
92;2;2;28,05176;100
92;2;2;28,38525;100
92;2;2;28,38525;100
92;2;2;28,38525;100
92;2;2;28,38525;100
92;2;2;28,38525;100
92;2;2;28,38525;100
92;2;2;28,38525;100
92;2;2;28,38525;100
92;2;2;28,38525;100
92;2;2;28,38525;100
92;2;2;28,38525;100
92;2;2;28,38525;100
92;2;2;28,38525;100
92;2;2;28,38525;100
92;2;2;28,38525;100
92;2;2;28,38525;100
92;2;2;28,38525;100
92;2;2;28,71875;100
92;2;2;28,71875;100
92;2;2;28,71875;100
92;2;2;28,71875;100
92;2;2;28,71875;100
92;2;2;28,71875;100
92;2;2;28,71875;100
92;2;2;28,71875;100
92;2;2;28,71875;100
92;2;2;28,71875;100
92;2;2;28,71875;100
92;2;2;28,71875;100
92;2;2;28,71875;100
92;2;2;28,71875;100
92;2;2;28,71875;100
92;2;2;28,71875;100
92;2;2;29,05225;100
92;2;2;29,05225;100
92;2;2;29,05225;100
92;2;2;29,05225;100
92;2;2;29,05225;100
92;2;2;29,05225;100
92;2;2;29,05225;100
92;2;2;29,05225;100
92;2;2;29,05225;100
92;2;2;29,05225;100
92;2;2;29,05225;100
92;2;2;29,05225;100
92;2;2;29,05225;100
92;2;2;29,05225;100
92;2;2;29,05225;100
92;2;2;29,05225;100
92;2;2;29,05225;100
92;2;2;29,38574;100
92;2;2;29,38574;100
92;2;2;29,38574;100
92;2;2;29,38574;100
92;2;2;29,38574;100
92;2;2;29,38574;100
92;2;2;29,38574;100
92;2;2;29,38574;100
92;2;2;29,38574;100
92;2;2;29,38574;100
92;2;2;29,38574;100
92;2;2;29,38574;100
92;2;2;29,38574;100
92;2;2;29,38574;100
92;2;2;29,38574;100
92;2;2;29,38574;100
92;2;2;29,71924;100
92;2;2;29,71924;100
92;2;2;29,71924;100
92;2;2;29,71924;100
92;2;2;29,71924;100
92;2;2;29,71924;100
92;2;2;29,71924;100
92;2;2;29,71924;100
92;2;2;29,71924;100
92;2;2;29,71924;100
92;2;2;29,71924;100
92;2;2;29,71924;100
92;2;2;29,71924;100
92;2;2;29,71924;100
92;2;2;29,71924;100
92;2;2;30,05273;100
92;2;2;30,05273;100
92;2;2;30,05273;100
92;2;2;30,05273;100
92;2;2;30,05273;100
92;2;2;30,05273;100
92;2;2;30,05273;100
92;2;2;30,05273;100
92;2;2;30,05273;100
92;2;2;30,05273;100
92;2;2;30,05273;100
92;2;2;30,05273;100
92;2;2;30,05273;100
92;2;2;30,05273;100
92;2;2;30,05273;100
92;2;2;30,05273;100
92;2;2;30,05273;100
92;2;2;30,38623;100
92;2;2;30,38623;100
92;2;2;30,38623;100
92;2;2;30,38623;100
92;2;2;30,38623;100
92;2;2;30,38623;100
92;2;2;30,38623;100
92;2;2;30,38623;100
92;2;2;30,38623;100
92;2;2;30,38623;100
92;2;2;30,38623;100
92;2;2;30,38623;100
92;2;2;30,38623;100
92;2;2;30,38623;100
92;2;2;30,38623;100
92;2;2;30,38623;100
92;2;2;30,38623;100
92;2;2;30,71973;100
92;2;2;30,71973;100
92;2;2;30,71973;100
92;2;2;30,71973;100
92;2;2;30,71973;100
92;2;2;30,71973;100
92;2;2;30,71973;100
92;2;2;30,71973;100
92;2;2;30,71973;100
92;2;2;30,71973;100
92;2;2;30,71973;100
92;2;2;30,71973;100
92;2;2;30,71973;100
92;2;2;30,71973;100
92;2;2;30,71973;100
92;2;2;31,05322;100
92;2;2;31,05322;100
92;2;2;31,05322;100
92;2;2;31,05322;100
92;2;2;31,05322;100
92;2;2;31,05322;100
92;2;2;31,05322;100
92;2;2;31,05322;100
92;2;2;31,05322;100
92;2;2;31,05322;100
92;2;2;31,05322;100
92;2;2;31,05322;100
92;2;2;31,05322;100
92;2;2;31,05322;100
92;2;2;31,05322;100
92;2;2;31,05322;100
92;2;2;31,05322;100
92;2;2;31,38672;100
92;2;2;31,38672;100
92;2;2;31,38672;100
92;2;2;31,38672;100
92;2;2;31,38672;100
92;2;2;31,38672;100
92;2;2;31,38672;100
92;2;2;31,38672;100
92;2;2;31,38672;100
92;2;2;31,38672;100
92;2;2;31,38672;100
92;2;2;31,38672;100
92;2;2;31,38672;100
92;2;2;31,38672;100
92;2;2;31,38672;100
92;2;2;31,38672;100
92;2;2;31,38672;100
92;2;2;31,72021;100
92;2;2;31,72021;100
92;2;2;31,72021;100
92;2;2;31,72021;100
92;2;2;31,72021;100
92;2;2;31,72021;100
92;2;2;31,72021;100
92;2;2;31,72021;100
92;2;2;31,72021;100
92;2;2;31,72021;100
92;2;2;31,72021;100
92;2;2;31,72021;100
92;2;2;32,05371;100
92;2;2;32,05371;100
92;2;2;32,05371;100
92;2;2;32,05371;100
92;2;2;32,05371;100
92;2;2;32,05371;100
92;2;2;32,05371;100
92;2;2;32,05371;100
92;2;2;32,05371;100
92;2;2;32,05371;100
92;2;2;32,05371;100
92;2;2;32,05371;100
92;2;2;32,05371;100
92;2;2;32,05371;100
92;2;2;32,05371;100
92;2;2;32,05371;100
92;2;2;32,38721;100
92;2;2;32,38721;100
92;2;2;32,38721;100
92;2;2;32,38721;100
92;2;2;32,38721;100
92;2;2;32,38721;100
92;2;2;32,38721;100
92;2;2;32,38721;100
92;2;2;32,38721;100
92;2;2;32,38721;100
92;2;2;32,38721;100
92;2;2;32,38721;100
92;2;2;32,38721;100
92;2;2;32,38721;100
92;2;2;32,38721;100
92;2;2;32,7207;100
92;2;2;32,7207;100
92;2;2;32,7207;100
92;2;2;32,7207;100
92;2;2;32,7207;100
92;2;2;32,7207;100
92;2;2;32,7207;100
92;2;2;32,7207;100
92;2;2;32,7207;100
92;2;2;32,7207;100
92;2;2;32,7207;100
92;2;2;32,7207;100
92;2;2;32,7207;100
92;2;2;33,0542;100
92;2;2;33,0542;100
92;2;2;33,0542;100
92;2;2;33,0542;100
92;2;2;33,0542;100
92;2;2;33,0542;100
92;2;2;33,0542;100
92;2;2;33,0542;100
92;2;2;33,0542;100
92;2;2;33,0542;100
92;2;2;33,0542;100
92;2;2;33,0542;100
92;2;2;33,3877;100
92;2;2;33,3877;100
92;2;2;33,3877;100
92;2;2;33,3877;100
92;2;2;33,3877;100
92;2;2;33,3877;100
92;2;2;33,3877;100
92;2;2;33,3877;100
92;2;2;33,3877;100
92;2;2;33,3877;100
92;2;2;33,3877;100
92;2;2;33,3877;100
92;2;2;33,72119;100
92;2;2;33,72119;100
92;2;2;33,72119;100
92;2;2;33,72119;100
92;3;15;33,72119;100
92;2;2;33,72119;100
92;2;2;33,72119;100
92;2;2;33,72119;100
92;2;2;33,72119;100
92;2;2;33,72119;100
92;2;2;33,72119;100
92;2;2;33,72119;100
92;2;2;33,72119;100
92;2;2;34,05469;100
92;2;2;34,05469;100
92;2;2;34,05469;100
92;2;2;34,05469;100
92;2;2;34,05469;100
92;2;2;34,05469;100
92;2;2;34,05469;100
92;2;2;34,05469;100
92;2;2;34,05469;100
92;2;2;34,05469;100
92;2;2;34,38818;100
92;2;2;34,38818;100
92;2;2;34,38818;100
92;2;2;34,38818;100
92;2;2;34,38818;100
92;2;2;34,38818;100
92;2;2;34,38818;100
92;2;2;34,38818;100
92;2;2;34,38818;100
92;2;2;34,38818;100
92;2;2;34,38818;100
92;2;2;34,38818;100
92;3;15;34,38818;85
92;2;2;34,72168;85
92;2;2;34,72168;85
92;2;2;34,72168;85
92;2;2;34,72168;85
92;2;2;34,72168;85
92;2;2;34,72168;85
92;2;2;34,72168;85
92;2;2;34,72168;85
92;2;2;34,72168;85
92;2;2;34,72168;85
92;2;2;34,72168;85
92;2;2;34,72168;85
92;2;2;35,05518;85
92;2;2;35,05518;85
92;2;2;35,05518;85
92;2;2;35,05518;85
92;2;2;35,05518;85
92;2;2;35,05518;85
92;2;2;35,05518;85
92;2;2;35,05518;85
92;2;2;35,05518;85
92;2;2;35,38867;85
92;2;2;35,38867;85
92;2;2;35,38867;85
92;2;2;35,38867;85
92;2;2;35,38867;85
92;2;2;35,38867;85
92;2;2;35,38867;85
92;2;2;35,38867;85
92;2;2;35,38867;85
92;2;2;35,38867;85
92;2;2;35,38867;85
92;2;2;35,38867;85
92;2;2;35,38867;85
92;2;2;35,38867;85
92;2;2;35,38867;85
92;2;2;35,72217;85
92;2;2;35,72217;85
92;2;2;35,72217;85
92;2;2;35,72217;85
92;2;2;35,72217;85
92;2;2;35,72217;85
92;2;2;35,72217;85
92;2;2;35,72217;85
92;2;2;35,72217;85
92;2;2;35,72217;85
92;2;2;35,72217;85
92;2;2;35,72217;85
92;2;2;36,05566;85
92;2;2;36,05566;85
92;2;2;36,05566;85
92;2;2;36,05566;85
92;2;2;36,05566;85
92;2;2;36,05566;85
92;2;2;36,05566;85
92;2;2;36,05566;85
92;2;2;36,05566;85
92;2;2;36,05566;85
92;2;2;36,05566;85
92;2;2;36,05566;85
92;2;2;36,05566;85
92;2;2;36,38916;85
92;2;2;36,38916;85
92;2;2;36,38916;85
92;2;2;36,38916;85
92;2;2;36,38916;85
92;2;2;36,38916;85
92;2;2;36,38916;85
92;2;2;36,38916;85
92;2;2;36,38916;85
92;2;2;36,38916;85
92;2;2;36,38916;85
92;2;2;36,72266;85
92;2;2;36,72266;85
92;2;2;36,72266;85
92;2;2;36,72266;85
92;2;2;36,72266;85
92;2;2;36,72266;85
92;2;2;36,72266;85
92;2;2;36,72266;85
92;2;2;36,72266;85
92;2;2;36,72266;85
92;2;2;36,72266;85
92;2;2;36,72266;85
92;2;2;37,05615;85
92;2;2;37,05615;85
92;2;2;37,05615;85
92;2;2;37,05615;85
92;2;2;37,05615;85
92;2;2;37,05615;85
92;2;2;37,05615;85
92;2;2;37,05615;85
92;2;2;37,05615;85
92;2;2;37,05615;85
92;2;2;37,05615;85
92;2;2;37,05615;85
92;2;2;37,05615;85
92;2;2;37,38965;85
92;2;2;37,38965;83
76;2;2;37,38965;81
52;2;2;37,38965;79
44;2;2;37,38965;77
28;3;15;37,38965;62
Boss