92;2;2;2,916992;100
92;2;2;2,916992;100
92;2;2;2,916992;100
92;2;2;3,25;100
92;3;15;3,25;100
92;2;2;3,25;100
92;2;2;3,25;100
92;2;2;3,25;100
92;2;2;3,25;100
92;2;2;3,25;100
92;2;2;3,25;100
92;2;2;3,25;100
92;2;2;3,25;100
92;2;2;3,25;100
92;2;2;3,25;100
92;2;2;3,25;100
92;2;2;3,25;100
92;2;2;3,583008;100
92;2;2;3,583008;100
92;2;2;3,583008;100
92;2;2;3,583008;100
92;2;2;3,583008;100
92;2;2;3,583008;100
92;2;2;3,583008;100
92;2;2;3,583008;100
92;2;2;3,583008;100
92;2;2;3,583008;100
92;2;2;3,583008;100
92;2;2;3,583008;100
92;2;2;3,583008;100
92;2;2;3,583008;100
92;2;2;3,916016;100
92;2;2;3,916016;100
92;2;2;3,916016;100
92;2;2;3,916016;100
92;2;2;3,916016;100
92;2;2;3,916016;100
92;2;2;3,916016;100
92;2;2;3,916016;100
92;2;2;3,916016;100
92;3;15;3,916016;100
92;2;2;3,916016;100
92;2;2;3,916016;100
92;2;2;3,916016;100
92;2;2;4,249023;100
92;2;2;4,249023;100
92;2;2;4,249023;100
92;2;2;4,249023;100
92;2;2;4,249023;100
92;2;2;4,249023;100
92;2;2;4,249023;100
92;2;2;4,249023;100
92;3;15;4,249023;100
92;2;2;4,249023;100
92;2;2;4,249023;100
92;2;2;4,249023;100
92;3;15;4,249023;100
92;2;2;4,582031;100
92;2;2;4,582031;100
92;2;2;4,582031;100
92;2;2;4,582031;100
92;2;2;4,582031;100
92;2;2;4,582031;100
92;2;2;4,582031;100
92;3;15;4,582031;100
92;2;2;4,582031;100
92;2;2;4,582031;100
92;2;2;4,582031;100
92;2;2;4,582031;100
92;2;2;4,582031;100
92;2;2;4,915039;100
92;2;2;4,915039;100
92;2;2;4,915039;100
92;2;2;4,915039;100
92;2;2;4,915039;100
92;2;2;4,915039;100
92;2;2;4,915039;100
92;2;2;4,915039;100
92;2;2;4,915039;100
92;2;2;4,915039;100
92;2;2;4,915039;100
92;2;2;4,915039;100
92;2;2;4,915039;100
92;2;2;4,915039;100
92;2;2;4,915039;100
92;2;2;4,915039;100
92;2;2;5,248047;100
92;2;2;5,248047;100
92;2;2;5,248047;100
92;2;2;5,248047;100
92;2;2;5,248047;100
92;2;2;5,248047;100
92;3;15;5,248047;100
92;2;2;5,248047;100
92;2;2;5,248047;100
92;2;2;5,248047;100
92;2;2;5,248047;100
92;2;2;5,248047;100
92;2;2;5,248047;100
92;2;2;5,581055;100
92;2;2;5,581055;100
92;2;2;5,581055;100
92;2;2;5,581055;100
92;2;2;5,581055;100
92;2;2;5,581055;100
92;2;2;5,581055;100
92;2;2;5,581055;100
92;2;2;5,581055;100
92;2;2;5,581055;100
92;2;2;5,581055;100
92;2;2;5,581055;100
92;2;2;5,581055;100
92;2;2;5,581055;100
92;3;15;5,914063;100
92;2;2;5,914063;100
92;2;2;5,914063;100
92;2;2;5,914063;100
92;2;2;5,914063;100
92;2;2;5,914063;100
92;2;2;5,914063;100
92;2;2;5,914063;100
92;2;2;5,914063;100
92;2;2;5,914063;100
92;2;2;5,914063;100
92;2;2;5,914063;100
92;2;2;5,914063;100
92;2;2;5,914063;100
92;2;2;5,914063;100
92;2;2;6,24707;100
92;2;2;6,24707;100
92;2;2;6,24707;100
92;2;2;6,24707;100
92;2;2;6,24707;100
92;2;2;6,24707;100
92;2;2;6,24707;100
92;2;2;6,24707;100
92;2;2;6,24707;100
92;2;2;6,24707;100
92;2;2;6,24707;100
92;2;2;6,24707;100
92;2;2;6,24707;100
92;2;2;6,580078;100
92;2;2;6,580078;100
92;2;2;6,580078;100
92;2;2;6,580078;100
92;2;2;6,580078;100
92;2;2;6,580078;100
92;3;15;6,580078;100
92;2;2;6,580078;100
92;2;2;6,580078;100
92;2;2;6,580078;100
92;2;2;6,580078;100
92;2;2;6,580078;100
92;2;2;6,913086;100
92;2;2;6,913086;100
92;2;2;6,913086;100
92;3;15;6,913086;100
92;2;2;6,913086;100
92;2;2;6,913086;100
92;2;2;6,913086;100
92;2;2;6,913086;100
92;2;2;6,913086;100
92;2;2;6,913086;100
92;2;2;6,913086;100
92;2;2;6,913086;100
92;2;2;6,913086;100
92;2;2;6,913086;100
92;3;15;7,246094;100
92;2;2;7,246094;100
92;2;2;7,246094;100
92;2;2;7,246094;100
92;2;2;7,246094;100
92;2;2;7,246094;100
92;2;2;7,246094;100
92;2;2;7,246094;100
92;2;2;7,246094;100
92;2;2;7,246094;100
92;2;2;7,246094;100
92;2;2;7,246094;100
92;2;2;7,579102;100
92;2;2;7,579102;100
92;2;2;7,579102;100
92;2;2;7,579102;100
92;2;2;7,579102;100
92;2;2;7,579102;100
92;2;2;7,579102;100
92;2;2;7,579102;100
92;2;2;7,579102;100
92;3;15;7,579102;100
92;2;2;7,579102;100
92;2;2;7,579102;100
92;3;15;7,579102;100
92;2;2;7,579102;100
92;2;2;7,579102;100
92;2;2;7,579102;100
92;2;2;7,912109;100
92;2;2;7,912109;100
92;3;15;7,912109;100
92;2;2;7,912109;100
92;2;2;7,912109;100
92;2;2;7,912109;100
92;2;2;7,912109;100
92;2;2;7,912109;100
92;2;2;7,912109;100
92;2;2;7,912109;100
92;2;2;7,912109;100
92;2;2;7,912109;100
92;2;2;7,912109;100
92;2;2;7,912109;100
92;2;2;7,912109;100
92;2;2;8,245117;100
92;2;2;8,245117;100
92;2;2;8,245117;100
92;2;2;8,245117;100
92;2;2;8,245117;100
92;2;2;8,245117;100
92;2;2;8,245117;100
92;2;2;8,245117;100
92;2;2;8,245117;100
92;2;2;8,245117;100
92;2;2;8,245117;100
92;2;2;8,245117;100
92;2;2;8,245117;100
92;2;2;8,245117;100
92;2;2;8,245117;100
92;3;15;8,245117;100
92;2;2;8,245117;100
92;2;2;8,578125;100
92;2;2;8,578125;100
92;2;2;8,578125;100
92;2;2;8,578125;100
92;2;2;8,578125;100
92;2;2;8,578125;100
92;2;2;8,578125;100
92;3;15;8,578125;100
92;2;2;8,578125;100
92;3;15;8,578125;100
92;2;2;8,578125;100
92;3;15;8,578125;100
92;2;2;8,578125;100
92;2;2;8,578125;100
92;3;15;8,911133;100
92;2;2;8,911133;100
92;3;15;8,911133;85
92;2;2;8,911133;85
92;2;2;8,911133;85
92;2;2;8,911133;85
92;2;2;8,911133;85
92;2;2;8,911133;85
92;3;15;8,911133;70
92;2;2;8,911133;70
92;2;2;8,911133;70
92;2;2;8,911133;70
92;2;2;8,911133;70
92;3;15;8,911133;55
92;2;2;8,911133;55
92;2;2;8,911133;55
92;2;2;9,244141;55
92;2;2;9,244141;55
92;2;2;9,244141;55
92;2;2;9,244141;55
92;2;2;9,244141;55
92;2;2;9,244141;55
92;2;2;9,244141;55
92;2;2;9,244141;55
92;3;15;9,244141;40
92;2;2;9,244141;40
92;2;2;9,244141;40
92;2;2;9,244141;40
92;3;15;9,244141;25
92;3;15;9,244141;10
52;2;2;9,577148;8
36;2;2;9,577148;6
4;3;15;9,577148;-9
Player