92;2;2;22,27832;100
92;2;2;22,27832;100
92;2;2;22,27832;100
92;2;2;22,27832;100
92;2;2;22,27832;100
92;2;2;22,27832;100
92;2;2;22,61133;100
92;2;2;22,61133;100
92;2;2;22,61133;100
92;2;2;22,61133;100
92;2;2;22,61133;100
92;2;2;22,61133;100
92;2;2;22,61133;100
92;2;2;22,61133;100
92;2;2;22,61133;100
92;2;2;22,61133;100
92;2;2;22,61133;100
92;2;2;22,61133;100
92;2;2;22,61133;100
92;2;2;22,61133;100
92;2;2;22,61133;100
92;2;2;22,61133;100
92;2;2;22,94434;100
92;2;2;22,94434;100
92;2;2;22,94434;100
92;2;2;22,94434;100
92;2;2;22,94434;100
92;2;2;22,94434;100
92;2;2;22,94434;100
92;2;2;22,94434;100
92;2;2;22,94434;100
92;2;2;22,94434;100
92;2;2;22,94434;100
92;2;2;22,94434;100
92;2;2;22,94434;100
92;2;2;22,94434;100
92;2;2;22,94434;100
92;2;2;22,94434;100
92;2;2;22,94434;100
92;2;2;23,27734;100
92;2;2;23,27734;100
92;2;2;23,27734;100
92;3;15;23,27734;100
92;2;2;23,27734;100
92;2;2;23,27734;100
92;2;2;23,27734;100
92;2;2;23,27734;100
92;2;2;23,27734;100
92;2;2;23,27734;100
92;2;2;23,27734;100
92;2;2;23,27734;100
92;2;2;23,27734;100
92;2;2;23,27734;100
92;2;2;23,27734;100
92;2;2;23,27734;100
92;2;2;23,27734;100
92;2;2;23,61035;100
92;2;2;23,61035;100
92;2;2;23,61035;100
92;2;2;23,61035;100
92;2;2;23,61035;100
92;2;2;23,61035;100
92;2;2;23,61035;100
92;2;2;23,61035;100
92;2;2;23,61035;100
92;2;2;23,61035;100
92;2;2;23,61035;100
92;2;2;23,61035;100
92;2;2;23,61035;100
92;2;2;23,61035;100
92;2;2;23,61035;100
92;2;2;23,94336;100
92;2;2;23,94336;100
92;2;2;23,94336;100
92;2;2;23,94336;100
92;3;15;23,94336;100
92;2;2;23,94336;100
92;2;2;23,94336;100
92;3;15;23,94336;100
92;2;2;23,94336;100
92;2;2;23,94336;100
92;2;2;23,94336;100
92;2;2;23,94336;100
92;2;2;23,94336;100
92;2;2;23,94336;100
92;2;2;23,94336;100
92;2;2;23,94336;100
92;2;2;24,27637;100
92;2;2;24,27637;100
92;2;2;24,27637;100
92;2;2;24,27637;100
92;2;2;24,27637;100
92;2;2;24,27637;100
92;2;2;24,27637;100
92;2;2;24,27637;100
92;2;2;24,27637;100
92;2;2;24,27637;100
92;2;2;24,27637;100
92;2;2;24,27637;100
92;2;2;24,27637;100
92;2;2;24,27637;100
92;2;2;24,27637;100
92;2;2;24,27637;100
92;2;2;24,27637;100
92;2;2;24,60938;100
92;2;2;24,60938;100
92;2;2;24,60938;100
92;2;2;24,60938;100
92;2;2;24,60938;100
92;2;2;24,60938;100
92;2;2;24,60938;100
92;2;2;24,60938;100
92;2;2;24,60938;100
92;2;2;24,60938;100
92;2;2;24,60938;100
92;2;2;24,60938;100
92;2;2;24,60938;100
92;2;2;24,60938;100
92;2;2;24,60938;100
92;2;2;24,94238;100
92;2;2;24,94238;100
92;2;2;24,94238;100
92;2;2;24,94238;100
92;2;2;24,94238;100
92;2;2;24,94238;100
92;2;2;24,94238;100
92;2;2;24,94238;100
92;2;2;24,94238;100
92;2;2;24,94238;100
92;2;2;24,94238;100
92;2;2;24,94238;100
92;2;2;24,94238;100
92;2;2;24,94238;100
92;2;2;25,27539;100
92;2;2;25,27539;100
92;2;2;25,27539;100
92;2;2;25,27539;100
92;2;2;25,27539;100
92;2;2;25,27539;100
92;2;2;25,27539;100
92;2;2;25,27539;100
92;2;2;25,27539;100
92;2;2;25,27539;100
92;2;2;25,27539;100
92;2;2;25,27539;100
92;2;2;25,27539;100
92;2;2;25,27539;100
92;2;2;25,27539;100
92;2;2;25,6084;100
92;2;2;25,6084;100
92;2;2;25,6084;100
92;2;2;25,6084;100
92;2;2;25,6084;100
92;2;2;25,6084;100
92;2;2;25,6084;100
92;2;2;25,6084;100
92;2;2;25,6084;100
92;2;2;25,6084;100
92;2;2;25,6084;100
92;2;2;25,6084;100
92;2;2;25,6084;100
92;2;2;25,6084;100
92;2;2;25,6084;100
92;2;2;25,94141;100
92;2;2;25,94141;100
92;2;2;25,94141;100
92;2;2;25,94141;100
92;2;2;25,94141;100
92;2;2;25,94141;100
92;2;2;25,94141;100
92;2;2;25,94141;100
92;2;2;25,94141;100
92;2;2;25,94141;100
92;2;2;25,94141;100
92;2;2;25,94141;100
92;2;2;25,94141;100
92;2;2;25,94141;100
92;2;2;25,94141;100
92;2;2;25,94141;100
92;2;2;26,27441;100
92;2;2;26,27441;100
92;2;2;26,27441;100
92;2;2;26,27441;100
92;2;2;26,27441;100
92;2;2;26,27441;100
92;2;2;26,27441;100
92;2;2;26,27441;100
92;3;15;26,27441;100
92;2;2;26,27441;100
92;2;2;26,27441;100
92;2;2;26,27441;100
92;2;2;26,27441;100
92;2;2;26,60742;100
92;2;2;26,60742;100
92;2;2;26,60742;100
92;2;2;26,60742;100
92;2;2;26,60742;100
92;2;2;26,60742;100
92;2;2;26,60742;100
92;2;2;26,60742;100
92;2;2;26,60742;100
92;2;2;26,60742;100
92;2;2;26,60742;100
92;2;2;26,60742;100
92;2;2;26,60742;100
92;2;2;26,60742;100
92;2;2;26,60742;100
92;2;2;26,94043;100
92;2;2;26,94043;100
92;2;2;26,94043;100
92;2;2;26,94043;100
92;2;2;26,94043;100
92;2;2;26,94043;100
92;2;2;26,94043;100
92;2;2;26,94043;100
92;2;2;26,94043;100
92;2;2;26,94043;100
92;2;2;26,94043;100
92;2;2;26,94043;100
92;2;2;26,94043;100
92;2;2;26,94043;100
92;2;2;26,94043;100
92;2;2;27,27344;100
92;2;2;27,27344;100
92;2;2;27,27344;100
92;2;2;27,27344;100
92;2;2;27,27344;100
92;2;2;27,27344;100
92;2;2;27,27344;100
92;2;2;27,27344;100
92;2;2;27,27344;100
92;2;2;27,27344;100
92;2;2;27,27344;100
92;2;2;27,60645;100
92;2;2;27,60645;100
92;2;2;27,60645;100
92;2;2;27,60645;100
92;2;2;27,60645;100
92;2;2;27,60645;100
92;2;2;27,60645;100
92;2;2;27,60645;100
92;2;2;27,60645;100
92;2;2;27,60645;100
92;2;2;27,60645;100
92;2;2;27,60645;100
92;2;2;27,93945;100
92;2;2;27,93945;100
92;2;2;27,93945;100
92;2;2;27,93945;100
92;2;2;27,93945;100
92;2;2;27,93945;100
92;3;15;27,93945;100
92;2;2;27,93945;100
92;2;2;27,93945;100
92;3;15;27,93945;100
92;2;2;28,27246;100
92;2;2;28,27246;100
92;3;15;28,27246;100
92;2;2;28,27246;100
92;2;2;28,27246;100
92;2;2;28,27246;100
92;3;15;28,27246;100
92;2;2;28,27246;100
92;2;2;28,27246;100
92;2;2;28,27246;100
92;2;2;28,27246;100
92;2;2;28,27246;100
92;2;2;28,27246;100
92;2;2;28,27246;100
92;2;2;28,60547;100
92;3;15;28,60547;100
92;2;2;28,60547;100
92;3;15;28,60547;100
92;2;2;28,60547;100
92;2;2;28,60547;100
92;2;2;28,60547;100
92;2;2;28,60547;100
92;2;2;28,60547;100
92;2;2;28,60547;100
92;2;2;28,60547;100
92;2;2;28,93848;100
92;2;2;28,93848;100
92;2;2;28,93848;100
92;2;2;28,93848;100
92;2;2;28,93848;100
92;2;2;28,93848;100
92;2;2;28,93848;100
92;2;2;28,93848;100
92;2;2;28,93848;100
92;2;2;28,93848;100
92;2;2;28,93848;100
92;3;15;28,93848;85
92;2;2;28,93848;85
92;2;2;29,27148;85
92;2;2;29,27148;85
92;2;2;29,27148;85
92;2;2;29,27148;85
92;2;2;29,27148;85
92;2;2;29,27148;85
92;2;2;29,27148;85
92;3;15;29,27148;70
92;2;2;29,27148;70
92;2;2;29,27148;70
92;2;2;29,27148;70
92;2;2;29,27148;70
92;2;2;29,27148;70
92;2;2;29,27148;70
92;2;2;29,60449;68
84;2;2;29,60449;66
76;2;2;29,60449;64
60;2;2;29,60449;62
44;3;15;29,60449;47
36;2;2;29,60449;45
28;3;15;29,60449;30
20;3;15;29,60449;15
12;3;15;29,60449;0
Player