92;2;2;42,59766;100
92;2;2;42,59766;100
92;2;2;42,59766;100
92;2;2;42,93066;100
92;2;2;42,93066;100
92;2;2;42,93066;100
92;2;2;42,93066;100
92;2;2;42,93066;100
92;2;2;42,93066;100
92;2;2;42,93066;100
92;2;2;42,93066;100
92;2;2;42,93066;100
92;2;2;42,93066;100
92;2;2;42,93066;100
92;2;2;42,93066;100
92;2;2;42,93066;100
92;2;2;43,26367;100
92;2;2;43,26367;100
92;2;2;43,26367;100
92;2;2;43,26367;100
92;2;2;43,26367;100
92;2;2;43,26367;100
92;2;2;43,26367;100
92;2;2;43,26367;100
92;2;2;43,26367;100
92;2;2;43,26367;100
92;2;2;43,26367;100
92;2;2;43,59668;100
92;2;2;43,59668;100
92;2;2;43,59668;100
92;2;2;43,59668;100
92;2;2;43,59668;100
92;2;2;43,59668;100
92;2;2;43,59668;100
92;2;2;43,59668;100
92;2;2;43,59668;100
92;2;2;43,59668;100
92;2;2;43,59668;100
92;2;2;43,59668;100
92;2;2;43,92969;100
92;2;2;43,92969;100
92;2;2;43,92969;100
92;2;2;43,92969;100
92;2;2;43,92969;100
92;2;2;43,92969;100
92;2;2;43,92969;100
92;2;2;43,92969;100
92;2;2;43,92969;100
92;2;2;43,92969;100
92;2;2;43,92969;100
92;2;2;43,92969;100
92;2;2;43,92969;100
92;2;2;43,92969;100
92;2;2;44,2627;100
92;2;2;44,2627;100
92;2;2;44,2627;100
92;3;15;44,2627;100
92;2;2;44,2627;100
92;2;2;44,2627;100
92;2;2;44,2627;100
92;2;2;44,2627;100
92;2;2;44,2627;100
92;2;2;44,2627;100
92;2;2;44,2627;100
92;2;2;44,2627;100
92;2;2;44,2627;100
92;2;2;44,2627;100
92;2;2;44,2627;100
92;2;2;44,5957;100
92;2;2;44,5957;100
92;2;2;44,5957;100
92;2;2;44,5957;100
92;2;2;44,5957;100
92;2;2;44,5957;100
92;2;2;44,5957;100
92;2;2;44,5957;100
92;2;2;44,5957;100
92;2;2;44,5957;100
92;2;2;44,5957;100
92;2;2;44,5957;100
92;2;2;44,5957;100
92;2;2;44,92871;100
92;2;2;44,92871;100
92;3;15;44,92871;100
92;2;2;44,92871;100
92;2;2;44,92871;100
92;2;2;44,92871;100
92;2;2;44,92871;100
92;2;2;44,92871;100
92;2;2;44,92871;100
92;2;2;44,92871;100
92;2;2;44,92871;100
92;2;2;44,92871;100
92;2;2;44,92871;100
92;2;2;44,92871;100
92;2;2;45,26172;100
92;2;2;45,26172;100
92;2;2;45,26172;100
92;2;2;45,26172;100
92;2;2;45,26172;100
92;3;15;45,26172;100
92;2;2;45,26172;100
92;2;2;45,26172;100
92;2;2;45,26172;100
92;2;2;45,26172;100
92;2;2;45,26172;100
92;2;2;45,26172;100
92;2;2;45,26172;100
92;2;2;45,26172;100
92;2;2;45,26172;100
92;2;2;45,26172;100
92;2;2;45,59473;100
92;2;2;45,59473;100
92;2;2;45,59473;100
92;2;2;45,59473;100
92;2;2;45,59473;100
92;2;2;45,59473;100
92;2;2;45,59473;100
92;2;2;45,59473;100
92;2;2;45,59473;100
92;2;2;45,59473;100
92;2;2;45,59473;100
92;3;15;45,59473;100
92;2;2;45,59473;100
92;2;2;45,92773;100
92;2;2;45,92773;100
92;2;2;45,92773;100
92;3;15;45,92773;100
92;2;2;45,92773;100
92;2;2;45,92773;100
92;2;2;45,92773;100
92;2;2;45,92773;100
92;3;15;45,92773;100
92;2;2;45,92773;100
92;2;2;45,92773;100
92;2;2;45,92773;100
92;2;2;45,92773;100
92;2;2;45,92773;100
92;2;2;46,26074;100
92;2;2;46,26074;100
92;2;2;46,26074;100
92;3;15;46,26074;100
92;2;2;46,26074;100
92;2;2;46,26074;100
92;2;2;46,26074;100
92;2;2;46,26074;100
92;2;2;46,26074;100
92;2;2;46,26074;100
92;2;2;46,26074;100
92;2;2;46,59375;100
92;2;2;46,59375;100
92;2;2;46,59375;100
92;2;2;46,59375;100
92;3;15;46,59375;100
92;2;2;46,59375;100
92;2;2;46,59375;100
92;2;2;46,59375;100
92;2;2;46,59375;100
92;3;15;46,59375;100
92;2;2;46,59375;100
92;2;2;46,59375;100
92;2;2;46,59375;100
92;2;2;46,59375;100
92;2;2;46,59375;100
92;2;2;46,59375;100
92;2;2;46,92676;100
92;3;15;46,92676;100
92;2;2;46,92676;100
92;2;2;46,92676;100
92;2;2;46,92676;100
92;3;15;46,92676;100
92;2;2;46,92676;100
92;2;2;46,92676;100
92;3;15;46,92676;100
92;2;2;46,92676;100
92;2;2;46,92676;100
92;2;2;46,92676;100
92;2;2;46,92676;100
92;2;2;47,25977;100
92;2;2;47,25977;100
92;2;2;47,25977;100
92;2;2;47,25977;100
92;2;2;47,25977;100
92;2;2;47,25977;100
92;2;2;47,25977;100
92;3;15;47,25977;100
92;3;15;47,25977;100
92;2;2;47,25977;100
92;2;2;47,25977;100
92;2;2;47,25977;100
92;3;15;47,25977;100
92;2;2;47,25977;100
92;2;2;47,25977;100
92;2;2;47,25977;100
92;2;2;47,59277;100
92;3;15;47,59277;100
92;2;2;47,59277;100
92;2;2;47,59277;100
92;3;15;47,59277;100
92;2;2;47,59277;100
92;2;2;47,59277;100
92;2;2;47,59277;100
92;3;15;47,59277;100
92;2;2;47,59277;100
92;2;2;47,59277;100
92;2;2;47,59277;100
92;2;2;47,59277;100
92;3;15;47,92578;100
92;2;2;47,92578;100
92;2;2;47,92578;100
92;2;2;47,92578;100
92;2;2;47,92578;100
92;2;2;47,92578;100
92;2;2;47,92578;100
92;3;15;47,92578;100
92;2;2;47,92578;100
92;2;2;47,92578;100
92;2;2;47,92578;100
92;2;2;47,92578;100
92;3;15;47,92578;100
92;2;2;47,92578;100
92;3;15;47,92578;100
92;2;2;48,25879;100
92;2;2;48,25879;100
92;2;2;48,25879;100
92;3;15;48,25879;100
92;2;2;48,25879;100
92;2;2;48,25879;100
92;2;2;48,25879;100
92;2;2;48,25879;100
92;3;15;48,25879;100
92;2;2;48,25879;100
92;2;2;48,5918;100
92;3;15;48,5918;85
92;2;2;48,5918;85
92;2;2;48,5918;85
92;2;2;48,5918;85
92;2;2;48,5918;85
92;2;2;48,5918;85
92;2;2;48,5918;85
92;2;2;48,5918;85
92;2;2;48,5918;85
92;2;2;48,5918;85
92;2;2;48,5918;85
92;3;15;48,5918;70
92;2;2;48,9248;70
92;3;15;48,9248;55
92;2;2;48,9248;55
92;2;2;48,9248;55
92;2;2;48,9248;55
92;3;15;48,9248;40
92;2;2;48,9248;40
92;2;2;48,9248;40
92;2;2;48,9248;40
92;2;2;48,9248;40
92;2;2;48,9248;40
92;2;2;48,9248;40
92;2;2;48,9248;40
92;2;2;48,9248;40
92;2;2;48,9248;40
92;2;2;49,25781;40
84;2;2;49,25781;38
76;2;2;49,25781;36
68;2;2;49,25781;34
60;2;2;49,25781;32
52;2;2;49,25781;30
36;2;2;49,25781;28
28;2;2;49,25781;26
20;3;15;49,25781;11
4;3;15;49,25781;-4
Player