92;2;2;55,98242;100
92;2;2;55,98242;100
92;2;2;55,98242;100
92;2;2;56,31543;100
92;2;2;56,31543;100
92;2;2;56,31543;100
92;2;2;56,31543;100
92;2;2;56,31543;100
92;2;2;56,31543;100
92;2;2;56,31543;100
92;2;2;56,31543;100
92;2;2;56,31543;100
92;2;2;56,31543;100
92;2;2;56,31543;100
92;2;2;56,31543;100
92;2;2;56,31543;100
92;2;2;56,64844;100
92;2;2;56,64844;100
92;2;2;56,64844;100
92;2;2;56,64844;100
92;2;2;56,64844;100
92;2;2;56,64844;100
92;2;2;56,64844;100
92;2;2;56,64844;100
92;2;2;56,64844;100
92;2;2;56,64844;100
92;2;2;56,64844;100
92;2;2;56,64844;100
92;2;2;56,98145;100
92;2;2;56,98145;100
92;2;2;56,98145;100
92;2;2;56,98145;100
92;2;2;56,98145;100
92;2;2;56,98145;100
92;2;2;56,98145;100
92;2;2;56,98145;100
92;2;2;56,98145;100
92;2;2;56,98145;100
92;2;2;56,98145;100
92;2;2;56,98145;100
92;3;15;56,98145;100
92;2;2;57,31445;100
92;2;2;57,31445;100
92;2;2;57,31445;100
92;2;2;57,31445;100
92;2;2;57,31445;100
92;2;2;57,31445;100
92;2;2;57,31445;100
92;2;2;57,31445;100
92;2;2;57,31445;100
92;2;2;57,31445;100
92;2;2;57,31445;100
92;2;2;57,31445;100
92;2;2;57,31445;100
92;2;2;57,31445;100
92;2;2;57,64746;100
92;2;2;57,64746;100
92;2;2;57,64746;100
92;2;2;57,64746;100
92;2;2;57,64746;100
92;2;2;57,64746;100
92;3;15;57,64746;100
92;2;2;57,64746;100
92;2;2;57,64746;100
92;2;2;57,64746;100
92;2;2;57,64746;100
92;2;2;57,64746;100
92;2;2;57,64746;100
92;2;2;57,64746;100
92;2;2;57,98047;100
92;2;2;57,98047;100
92;2;2;57,98047;100
92;2;2;57,98047;100
92;2;2;57,98047;100
92;2;2;57,98047;100
92;2;2;57,98047;100
92;2;2;57,98047;100
92;2;2;57,98047;100
92;2;2;57,98047;100
92;2;2;57,98047;100
92;2;2;57,98047;100
92;2;2;58,31348;100
92;2;2;58,31348;100
92;2;2;58,31348;100
92;2;2;58,31348;100
92;2;2;58,31348;100
92;2;2;58,31348;100
92;2;2;58,31348;100
92;3;15;58,31348;100
92;2;2;58,31348;100
92;2;2;58,31348;100
92;2;2;58,31348;100
92;2;2;58,31348;100
92;2;2;58,31348;100
92;2;2;58,31348;100
92;2;2;58,64648;100
92;2;2;58,64648;100
92;2;2;58,64648;100
92;2;2;58,64648;100
92;2;2;58,64648;100
92;2;2;58,64648;100
92;2;2;58,64648;100
92;2;2;58,64648;100
92;3;15;58,64648;100
92;2;2;58,64648;100
92;2;2;58,64648;100
92;2;2;58,64648;100
92;2;2;58,64648;100
92;2;2;58,64648;100
92;2;2;58,64648;100
92;2;2;58,97949;100
92;2;2;58,97949;100
92;2;2;58,97949;100
92;2;2;58,97949;100
92;2;2;58,97949;100
92;2;2;58,97949;100
92;2;2;58,97949;100
92;2;2;58,97949;100
92;2;2;58,97949;100
92;2;2;58,97949;100
92;2;2;58,97949;100
92;3;15;58,97949;100
92;2;2;58,97949;100
92;2;2;58,97949;100
92;2;2;58,97949;100
92;2;2;59,3125;100
92;2;2;59,3125;100
92;2;2;59,3125;100
92;2;2;59,3125;100
92;2;2;59,3125;100
92;2;2;59,3125;100
92;2;2;59,3125;100
92;2;2;59,3125;100
92;2;2;59,3125;100
92;2;2;59,3125;100
92;2;2;59,3125;100
92;2;2;59,3125;100
92;2;2;59,3125;100
92;2;2;59,3125;100
92;2;2;59,64551;100
92;2;2;59,64551;100
92;2;2;59,64551;100
92;2;2;59,64551;100
92;2;2;59,64551;100
92;2;2;59,64551;100
92;2;2;59,64551;100
92;2;2;59,64551;100
92;2;2;59,64551;100
92;2;2;59,64551;100
92;2;2;59,64551;100
92;2;2;59,97852;100
92;2;2;59,97852;100
92;3;15;59,97852;100
92;3;15;59,97852;100
92;2;2;59,97852;100
92;2;2;59,97852;100
92;2;2;59,97852;100
92;2;2;59,97852;100
92;2;2;59,97852;100
92;3;15;59,97852;100
92;2;2;59,97852;100
92;2;2;59,97852;100
92;2;2;59,97852;100
92;2;2;59,97852;100
92;2;2;59,97852;100
92;2;2;0,3115234;100
92;3;15;0,3115234;100
92;3;15;0,3115234;100
92;3;15;0,3115234;100
92;2;2;0,3115234;100
92;2;2;0,3115234;100
92;2;2;0,3115234;100
92;2;2;0,3115234;100
92;2;2;0,3115234;100
92;2;2;0,3115234;100
92;2;2;0,3115234;100
92;2;2;0,3115234;100
92;2;2;0,3115234;100
92;2;2;0,3115234;100
92;2;2;0,6445313;100
92;2;2;0,6445313;100
92;2;2;0,6445313;100
92;2;2;0,6445313;100
92;2;2;0,6445313;100
92;2;2;0,6445313;100
92;2;2;0,6445313;100
92;2;2;0,6445313;100
92;2;2;0,6445313;100
92;2;2;0,6445313;100
92;2;2;0,6445313;100
92;2;2;0,6445313;100
92;2;2;0,6445313;100
92;2;2;0,6445313;100
92;2;2;0,9775391;100
92;2;2;0,9775391;100
92;2;2;0,9775391;100
92;2;2;0,9775391;100
92;2;2;0,9775391;100
92;2;2;0,9775391;100
92;3;15;0,9775391;100
92;2;2;0,9775391;100
92;2;2;0,9775391;100
92;2;2;0,9775391;100
92;2;2;0,9775391;100
92;2;2;0,9775391;100
92;2;2;0,9775391;100
92;2;2;0,9775391;100
92;2;2;0,9775391;100
92;2;2;0,9775391;100
92;2;2;1,310547;100
92;2;2;1,310547;100
92;2;2;1,310547;100
92;2;2;1,310547;100
92;3;15;1,310547;100
92;2;2;1,310547;100
92;2;2;1,310547;100
92;2;2;1,310547;100
92;3;15;1,310547;100
92;2;2;1,310547;100
92;3;15;1,310547;100
92;3;15;1,310547;100
92;2;2;1,310547;100
92;2;2;1,310547;100
92;2;2;1,310547;100
92;3;15;1,310547;100
92;2;2;1,643555;100
92;3;15;1,643555;100
92;2;2;1,643555;100
92;2;2;1,643555;100
92;2;2;1,643555;100
92;2;2;1,643555;100
92;2;2;1,643555;100
92;2;2;1,643555;100
92;3;15;1,643555;100
92;2;2;1,643555;100
92;2;2;1,643555;100
92;2;2;1,643555;100
92;3;15;1,643555;100
92;2;2;1,976563;100
92;3;15;1,976563;100
92;2;2;1,976563;100
92;2;2;1,976563;100
92;2;2;1,976563;100
92;2;2;1,976563;100
92;2;2;1,976563;100
92;2;2;1,976563;100
92;2;2;1,976563;100
92;2;2;1,976563;100
92;2;2;1,976563;100
92;2;2;1,976563;100
92;2;2;1,976563;100
92;2;2;1,976563;100
92;2;2;1,976563;100
92;3;15;2,30957;100
92;2;2;2,30957;100
92;3;15;2,30957;100
92;2;2;2,30957;100
92;3;15;2,30957;100
92;3;15;2,30957;100
92;2;2;2,30957;100
92;3;15;2,30957;100
92;2;2;2,30957;100
92;2;2;2,30957;100
92;3;15;2,30957;100
92;2;2;2,30957;100
92;2;2;2,30957;100
92;2;2;2,642578;100
92;2;2;2,642578;100
92;3;15;2,642578;85
92;2;2;2,642578;85
92;2;2;2,642578;85
92;3;15;2,642578;70
92;2;2;2,642578;70
92;2;2;2,642578;70
92;2;2;2,642578;70
92;2;2;2,642578;70
92;2;2;2,642578;70
92;2;2;2,642578;70
92;2;2;2,642578;70
92;2;2;2,642578;70
92;2;2;2,975586;70
92;3;15;2,975586;55
84;2;2;2,975586;53
76;2;2;2,975586;51
68;2;2;2,975586;49
60;2;2;2,975586;47
52;2;2;2,975586;45
44;2;2;2,975586;43
20;3;15;2,975586;28
12;2;2;2,975586;26
4;3;15;2,975586;11
-4;3;15;2,975586;-4
Player