92;2;2;9,842773;100
92;2;2;9,842773;100
92;2;2;10,17578;100
92;2;2;10,17578;100
92;2;2;10,17578;100
92;2;2;10,17578;100
92;2;2;10,17578;100
92;2;2;10,17578;100
92;2;2;10,17578;100
92;2;2;10,17578;100
92;2;2;10,17578;100
92;2;2;10,17578;100
92;2;2;10,17578;100
92;2;2;10,17578;100
92;2;2;10,50879;100
92;2;2;10,50879;100
92;2;2;10,50879;100
92;2;2;10,50879;100
92;2;2;10,50879;100
92;2;2;10,50879;100
92;2;2;10,50879;100
92;2;2;10,50879;100
92;2;2;10,50879;100
92;2;2;10,50879;100
92;2;2;10,50879;100
92;2;2;10,8418;100
92;2;2;10,8418;100
92;2;2;10,8418;100
92;2;2;10,8418;100
92;2;2;10,8418;100
92;2;2;10,8418;100
92;2;2;10,8418;100
92;2;2;10,8418;100
92;2;2;10,8418;100
92;2;2;10,8418;100
92;2;2;10,8418;100
92;2;2;10,8418;100
92;2;2;10,8418;100
92;2;2;11,1748;100
92;2;2;11,1748;100
92;2;2;11,1748;100
92;2;2;11,1748;100
92;3;15;11,1748;100
92;2;2;11,1748;100
92;2;2;11,1748;100
92;3;15;11,1748;100
92;2;2;11,1748;100
92;2;2;11,1748;100
92;2;2;11,1748;100
92;2;2;11,50781;100
92;2;2;11,50781;100
92;2;2;11,50781;100
92;2;2;11,50781;100
92;2;2;11,50781;100
92;2;2;11,50781;100
92;2;2;11,50781;100
92;2;2;11,50781;100
92;2;2;11,50781;100
92;2;2;11,50781;100
92;2;2;11,50781;100
92;2;2;11,50781;100
92;2;2;11,50781;100
92;2;2;11,50781;100
92;2;2;11,84082;100
92;2;2;11,84082;100
92;2;2;11,84082;100
92;2;2;11,84082;100
92;2;2;11,84082;100
92;2;2;11,84082;100
92;2;2;11,84082;100
92;2;2;11,84082;100
92;2;2;11,84082;100
92;2;2;11,84082;100
92;2;2;11,84082;100
92;2;2;12,17383;100
92;2;2;12,17383;100
92;2;2;12,17383;100
92;2;2;12,17383;100
92;2;2;12,17383;100
92;2;2;12,17383;100
92;2;2;12,17383;100
92;2;2;12,17383;100
92;2;2;12,17383;100
92;2;2;12,17383;100
92;2;2;12,17383;100
92;2;2;12,17383;100
92;2;2;12,17383;100
92;2;2;12,50684;100
92;2;2;12,50684;100
92;2;2;12,50684;100
92;2;2;12,50684;100
92;2;2;12,50684;100
92;2;2;12,50684;100
92;2;2;12,50684;100
92;2;2;12,50684;100
92;2;2;12,50684;100
92;2;2;12,50684;100
92;2;2;12,50684;100
92;2;2;12,50684;100
92;2;2;12,83984;100
92;2;2;12,83984;100
92;2;2;12,83984;100
92;2;2;12,83984;100
92;2;2;12,83984;100
92;2;2;12,83984;100
92;2;2;12,83984;100
92;2;2;12,83984;100
92;2;2;12,83984;100
92;2;2;12,83984;100
92;2;2;12,83984;100
92;2;2;12,83984;100
92;2;2;12,83984;100
92;2;2;13,17285;100
92;2;2;13,17285;100
92;2;2;13,17285;100
92;2;2;13,17285;100
92;2;2;13,17285;100
92;2;2;13,17285;100
92;2;2;13,17285;100
92;2;2;13,17285;100
92;2;2;13,17285;100
92;2;2;13,17285;100
92;2;2;13,17285;100
92;2;2;13,50586;100
92;2;2;13,50586;100
92;2;2;13,50586;100
92;2;2;13,50586;100
92;2;2;13,50586;100
92;2;2;13,50586;100
92;2;2;13,50586;100
92;2;2;13,50586;100
92;2;2;13,50586;100
92;2;2;13,50586;100
92;2;2;13,50586;100
92;2;2;13,50586;100
92;2;2;13,50586;100
92;2;2;13,50586;100
92;2;2;13,50586;100
92;2;2;13,83887;100
92;2;2;13,83887;100
92;2;2;13,83887;100
92;2;2;13,83887;100
92;2;2;13,83887;100
92;2;2;13,83887;100
92;2;2;13,83887;100
92;2;2;13,83887;100
92;2;2;13,83887;100
92;2;2;13,83887;100
92;3;15;13,83887;100
92;3;15;13,83887;100
92;2;2;14,17188;100
92;2;2;14,17188;100
92;2;2;14,17188;100
92;2;2;14,17188;100
92;2;2;14,17188;100
92;2;2;14,17188;100
92;3;15;14,17188;100
92;2;2;14,17188;100
92;2;2;14,17188;100
92;2;2;14,17188;100
92;2;2;14,17188;100
92;2;2;14,17188;100
92;2;2;14,50488;100
92;2;2;14,50488;100
92;2;2;14,50488;100
92;2;2;14,50488;100
92;2;2;14,50488;100
92;2;2;14,50488;100
92;2;2;14,50488;100
92;2;2;14,50488;100
92;2;2;14,50488;100
92;2;2;14,50488;100
92;2;2;14,50488;100
92;2;2;14,50488;100
92;2;2;14,50488;100
92;2;2;14,83789;100
92;2;2;14,83789;100
92;2;2;14,83789;100
92;2;2;14,83789;100
92;2;2;14,83789;100
92;2;2;14,83789;100
92;2;2;14,83789;100
92;2;2;14,83789;100
92;2;2;14,83789;100
92;2;2;14,83789;100
92;2;2;14,83789;100
92;2;2;14,83789;100
92;2;2;14,83789;100
92;2;2;14,83789;100
92;2;2;15,1709;100
92;2;2;15,1709;100
92;2;2;15,1709;100
92;2;2;15,1709;100
92;2;2;15,1709;100
92;2;2;15,1709;100
92;3;15;15,1709;100
92;2;2;15,1709;100
92;2;2;15,1709;100
92;2;2;15,1709;100
92;2;2;15,1709;100
92;3;15;15,1709;100
92;2;2;15,1709;100
92;2;2;15,1709;100
92;2;2;15,50391;100
92;2;2;15,50391;100
92;2;2;15,50391;100
92;2;2;15,50391;100
92;3;15;15,50391;100
92;2;2;15,50391;100
92;2;2;15,50391;100
92;2;2;15,50391;100
92;3;15;15,50391;100
92;2;2;15,50391;100
92;2;2;15,50391;100
92;2;2;15,83691;100
92;2;2;15,83691;100
92;2;2;15,83691;100
92;3;15;15,83691;85
92;2;2;15,83691;85
92;3;15;15,83691;70
92;2;2;15,83691;70
92;2;2;15,83691;70
92;2;2;15,83691;70
92;2;2;15,83691;70
92;2;2;15,83691;70
92;2;2;15,83691;70
92;2;2;15,83691;70
92;2;2;15,83691;70
92;2;2;15,83691;70
92;2;2;16,16992;70
92;2;2;16,16992;70
92;2;2;16,16992;70
92;2;2;16,16992;70
92;2;2;16,16992;70
92;3;15;16,16992;55
92;2;2;16,16992;55
92;2;2;16,16992;55
92;3;15;16,16992;40
92;2;2;16,16992;40
92;2;2;16,16992;40
92;2;2;16,16992;40
92;2;2;16,16992;40
92;2;2;16,16992;40
92;2;2;16,16992;40
92;2;2;16,50293;40
76;2;2;16,50293;38
68;3;15;16,50293;23
60;2;2;16,50293;21
52;2;2;16,50293;19
44;2;2;16,50293;17
36;2;2;16,50293;15
28;2;2;16,50293;13
12;3;15;16,50293;-2
Player