92;2;2;37,62402;100
92;2;2;37,62402;100
92;2;2;37,62402;100
92;2;2;37,95703;100
92;2;2;37,95703;100
92;2;2;37,95703;100
92;2;2;37,95703;100
92;2;2;37,95703;100
92;2;2;37,95703;100
92;2;2;37,95703;100
92;3;15;37,95703;100
92;2;2;37,95703;100
92;2;2;37,95703;100
92;2;2;37,95703;100
92;2;2;37,95703;100
92;2;2;37,95703;100
92;2;2;38,29004;100
92;2;2;38,29004;100
92;2;2;38,29004;100
92;2;2;38,29004;100
92;2;2;38,29004;100
92;2;2;38,29004;100
92;2;2;38,29004;100
92;2;2;38,29004;100
92;2;2;38,29004;100
92;2;2;38,29004;100
92;2;2;38,29004;100
92;2;2;38,62305;100
92;2;2;38,62305;100
92;2;2;38,62305;100
92;2;2;38,62305;100
92;2;2;38,62305;100
92;2;2;38,62305;100
92;2;2;38,62305;100
92;2;2;38,62305;100
92;2;2;38,62305;100
92;2;2;38,62305;100
92;2;2;38,62305;100
92;2;2;38,95605;100
92;2;2;38,95605;100
92;2;2;38,95605;100
92;2;2;38,95605;100
92;2;2;38,95605;100
92;2;2;38,95605;100
92;2;2;38,95605;100
92;2;2;38,95605;100
92;2;2;38,95605;100
92;2;2;38,95605;100
92;2;2;38,95605;100
92;2;2;38,95605;100
92;2;2;39,28906;100
92;2;2;39,28906;100
92;2;2;39,28906;100
92;2;2;39,28906;100
92;2;2;39,28906;100
92;2;2;39,28906;100
92;2;2;39,28906;100
92;2;2;39,28906;100
92;2;2;39,28906;100
92;2;2;39,28906;100
92;2;2;39,28906;100
92;2;2;39,28906;100
92;3;15;39,28906;100
92;2;2;39,28906;100
92;2;2;39,28906;100
92;2;2;39,28906;100
92;2;2;39,62207;100
92;2;2;39,62207;100
92;2;2;39,62207;100
92;2;2;39,62207;100
92;2;2;39,62207;100
92;2;2;39,62207;100
92;2;2;39,62207;100
92;2;2;39,62207;100
92;2;2;39,62207;100
92;2;2;39,62207;100
92;2;2;39,62207;100
92;2;2;39,62207;100
92;2;2;39,62207;100
92;2;2;39,62207;100
92;3;15;39,62207;100
92;3;15;39,95508;100
92;2;2;39,95508;100
92;2;2;39,95508;100
92;2;2;39,95508;100
92;2;2;39,95508;100
92;2;2;39,95508;100
92;2;2;39,95508;100
92;2;2;39,95508;100
92;2;2;39,95508;100
92;2;2;39,95508;100
92;2;2;39,95508;100
92;2;2;39,95508;100
92;2;2;39,95508;100
92;2;2;40,28809;100
92;2;2;40,28809;100
92;2;2;40,28809;100
92;2;2;40,28809;100
92;2;2;40,28809;100
92;2;2;40,28809;100
92;2;2;40,28809;100
92;2;2;40,28809;100
92;2;2;40,28809;100
92;2;2;40,28809;100
92;3;15;40,28809;100
92;2;2;40,28809;100
92;2;2;40,28809;100
92;3;15;40,62109;100
92;2;2;40,62109;100
92;2;2;40,62109;100
92;2;2;40,62109;100
92;2;2;40,62109;100
92;2;2;40,62109;100
92;2;2;40,62109;100
92;2;2;40,62109;100
92;2;2;40,62109;100
92;2;2;40,62109;100
92;2;2;40,62109;100
92;2;2;40,62109;100
92;2;2;40,62109;100
92;2;2;40,9541;100
92;3;15;40,9541;100
92;2;2;40,9541;100
92;2;2;40,9541;100
92;2;2;40,9541;100
92;2;2;40,9541;100
92;2;2;40,9541;100
92;2;2;40,9541;100
92;2;2;40,9541;100
92;2;2;40,9541;100
92;2;2;41,28711;100
92;2;2;41,28711;100
92;2;2;41,28711;100
92;2;2;41,28711;100
92;2;2;41,28711;100
92;3;15;41,28711;100
92;2;2;41,28711;100
92;2;2;41,28711;100
92;2;2;41,28711;100
92;2;2;41,28711;100
92;2;2;41,28711;100
92;3;15;41,28711;100
92;2;2;41,62012;100
92;2;2;41,62012;100
92;2;2;41,62012;100
92;2;2;41,62012;100
92;2;2;41,62012;100
92;2;2;41,62012;100
92;2;2;41,62012;100
92;3;15;41,62012;100
92;2;2;41,62012;100
92;2;2;41,62012;100
92;3;15;41,62012;100
92;2;2;41,62012;100
92;2;2;41,95313;100
92;2;2;41,95313;100
92;2;2;41,95313;100
92;2;2;41,95313;100
92;2;2;41,95313;100
92;3;15;41,95313;100
92;2;2;41,95313;100
92;3;15;41,95313;100
92;3;15;41,95313;100
92;2;2;41,95313;100
92;2;2;41,95313;100
92;2;2;41,95313;100
92;2;2;41,95313;100
92;2;2;41,95313;100
92;2;2;42,28613;100
92;2;2;42,28613;100
92;2;2;42,28613;100
92;2;2;42,28613;100
92;2;2;42,28613;100
92;2;2;42,28613;100
92;2;2;42,28613;100
92;2;2;42,28613;100
92;2;2;42,28613;100
92;2;2;42,28613;100
92;3;15;42,28613;100
92;2;2;42,28613;100
92;2;2;42,28613;100
92;2;2;42,28613;100
92;2;2;42,28613;100
92;3;15;42,61914;100
92;2;2;42,61914;100
92;2;2;42,61914;100
92;2;2;42,61914;100
92;2;2;42,61914;100
92;2;2;42,61914;100
92;2;2;42,61914;100
92;2;2;42,61914;100
92;2;2;42,61914;100
92;2;2;42,61914;100
92;2;2;42,61914;100
92;2;2;42,61914;100
92;2;2;42,61914;100
92;2;2;42,95215;100
92;3;15;42,95215;100
92;2;2;42,95215;100
92;2;2;42,95215;100
92;2;2;42,95215;100
92;3;15;42,95215;100
92;2;2;42,95215;100
92;2;2;42,95215;100
92;3;15;42,95215;100
92;2;2;42,95215;100
92;2;2;42,95215;100
92;2;2;42,95215;100
92;2;2;42,95215;100
92;2;2;42,95215;100
92;2;2;42,95215;100
92;2;2;43,28516;100
92;2;2;43,28516;100
92;2;2;43,28516;100
92;2;2;43,28516;100
92;2;2;43,28516;100
92;2;2;43,28516;100
92;3;15;43,28516;100
92;2;2;43,28516;100
92;2;2;43,28516;100
92;3;15;43,28516;100
92;3;15;43,28516;100
92;3;15;43,28516;100
92;2;2;43,28516;100
92;3;15;43,28516;100
92;3;15;43,28516;100
92;3;15;43,61816;100
92;2;2;43,61816;100
92;2;2;43,61816;100
92;2;2;43,61816;100
92;3;15;43,61816;85
92;2;2;43,61816;85
92;2;2;43,61816;85
92;3;15;43,61816;70
92;2;2;43,61816;70
92;2;2;43,61816;70
92;2;2;43,61816;70
92;2;2;43,61816;70
92;2;2;43,61816;70
92;2;2;43,95117;70
92;2;2;43,95117;70
92;2;2;43,95117;70
92;2;2;43,95117;70
92;2;2;43,95117;70
92;2;2;43,95117;70
92;2;2;43,95117;70
92;2;2;43,95117;70
92;2;2;43,95117;70
92;2;2;43,95117;70
92;2;2;43,95117;70
92;2;2;43,95117;70
92;2;2;43,95117;70
92;2;2;43,95117;70
92;2;2;43,95117;70
92;2;2;43,95117;70
92;2;2;44,28418;70
92;2;2;44,28418;68
84;3;15;44,28418;53
76;2;2;44,28418;51
68;3;15;44,28418;36
60;2;2;44,28418;34
52;2;2;44,28418;32
44;2;2;44,28418;30
36;3;15;44,28418;15
28;2;2;44,28418;13
20;2;2;44,28418;11
12;2;2;44,28418;9
4;3;15;44,28418;-6
Player