92;2;2;57,16406;100
92;2;2;57,16406;100
92;2;2;57,49707;100
92;2;2;57,49707;100
92;2;2;57,49707;100
92;2;2;57,49707;100
92;2;2;57,49707;100
92;2;2;57,49707;100
92;2;2;57,49707;100
92;2;2;57,49707;100
92;2;2;57,49707;100
92;2;2;57,49707;100
92;2;2;57,49707;100
92;2;2;57,49707;100
92;2;2;57,49707;100
92;2;2;57,49707;100
92;2;2;57,49707;100
92;2;2;57,83008;100
92;2;2;57,83008;100
92;2;2;57,83008;100
92;2;2;57,83008;100
92;2;2;57,83008;100
92;2;2;57,83008;100
92;2;2;57,83008;100
92;2;2;57,83008;100
92;2;2;57,83008;100
92;2;2;57,83008;100
92;2;2;57,83008;100
92;2;2;57,83008;100
92;2;2;57,83008;100
92;2;2;57,83008;100
92;2;2;57,83008;100
92;2;2;57,83008;100
92;2;2;58,16309;100
92;2;2;58,16309;100
92;2;2;58,16309;100
92;2;2;58,16309;100
92;2;2;58,16309;100
92;2;2;58,16309;100
92;2;2;58,16309;100
92;2;2;58,16309;100
92;2;2;58,16309;100
92;2;2;58,16309;100
92;2;2;58,16309;100
92;2;2;58,16309;100
92;2;2;58,16309;100
92;2;2;58,16309;100
92;2;2;58,16309;100
92;2;2;58,16309;100
92;2;2;58,49609;100
92;2;2;58,49609;100
92;2;2;58,49609;100
92;2;2;58,49609;100
92;2;2;58,49609;100
92;2;2;58,49609;100
92;2;2;58,49609;100
92;2;2;58,49609;100
92;2;2;58,49609;100
92;2;2;58,49609;100
92;2;2;58,49609;100
92;2;2;58,49609;100
92;2;2;58,49609;100
92;2;2;58,49609;100
92;2;2;58,49609;100
92;2;2;58,49609;100
92;2;2;58,8291;100
92;2;2;58,8291;100
92;2;2;58,8291;100
92;2;2;58,8291;100
92;2;2;58,8291;100
92;2;2;58,8291;100
92;2;2;58,8291;100
92;2;2;58,8291;100
92;2;2;58,8291;100
92;2;2;58,8291;100
92;2;2;58,8291;100
92;2;2;58,8291;100
92;2;2;58,8291;100
92;2;2;58,8291;100
92;2;2;58,8291;100
92;2;2;58,8291;100
92;2;2;58,8291;100
92;2;2;59,16211;100
92;2;2;59,16211;100
92;2;2;59,16211;100
92;2;2;59,16211;100
92;2;2;59,16211;100
92;2;2;59,16211;100
92;2;2;59,16211;100
92;2;2;59,16211;100
92;2;2;59,16211;100
92;2;2;59,16211;100
92;2;2;59,16211;100
92;2;2;59,16211;100
92;2;2;59,16211;100
92;2;2;59,16211;100
92;2;2;59,16211;100
92;2;2;59,49512;100
92;2;2;59,49512;100
92;2;2;59,49512;100
92;2;2;59,49512;100
92;2;2;59,49512;100
92;2;2;59,49512;100
92;2;2;59,49512;100
92;2;2;59,49512;100
92;2;2;59,49512;100
92;2;2;59,49512;100
92;2;2;59,49512;100
92;2;2;59,49512;100
92;2;2;59,49512;100
92;2;2;59,49512;100
92;2;2;59,49512;100
92;2;2;59,49512;100
92;2;2;59,82813;100
92;2;2;59,82813;100
92;2;2;59,82813;100
92;2;2;59,82813;100
92;2;2;59,82813;100
92;2;2;59,82813;100
92;2;2;59,82813;100
92;2;2;59,82813;100
92;2;2;59,82813;100
92;2;2;59,82813;100
92;2;2;59,82813;100
92;2;2;59,82813;100
92;2;2;59,82813;100
92;2;2;59,82813;100
92;2;2;59,82813;100
92;2;2;0,1611328;100
92;2;2;0,1611328;100
92;2;2;0,1611328;100
92;2;2;0,1611328;100
92;2;2;0,1611328;100
92;2;2;0,1611328;100
92;2;2;0,1611328;100
92;2;2;0,1611328;100
92;2;2;0,1611328;100
92;2;2;0,1611328;100
92;2;2;0,1611328;100
92;2;2;0,1611328;100
92;2;2;0,1611328;100
92;2;2;0,1611328;100
92;2;2;0,1611328;100
92;2;2;0,4941406;100
92;2;2;0,4941406;100
92;2;2;0,4941406;100
92;2;2;0,4941406;100
92;2;2;0,4941406;100
92;2;2;0,4941406;100
92;2;2;0,4941406;100
92;2;2;0,4941406;100
92;2;2;0,4941406;100
92;2;2;0,4941406;100
92;2;2;0,4941406;100
92;2;2;0,4941406;100
92;2;2;0,4941406;100
92;2;2;0,4941406;100
92;2;2;0,8271484;100
92;2;2;0,8271484;100
92;2;2;0,8271484;100
92;2;2;0,8271484;100
92;2;2;0,8271484;100
92;2;2;0,8271484;100
92;2;2;0,8271484;100
92;2;2;0,8271484;100
92;2;2;0,8271484;100
92;2;2;0,8271484;100
92;2;2;1,160156;100
92;2;2;1,160156;100
92;2;2;1,160156;100
92;2;2;1,160156;100
92;2;2;1,160156;100
92;2;2;1,160156;100
92;2;2;1,160156;100
92;2;2;1,160156;100
92;2;2;1,160156;100
92;2;2;1,160156;100
92;2;2;1,160156;100
92;2;2;1,160156;100
92;2;2;1,160156;100
92;2;2;1,493164;100
92;2;2;1,493164;100
92;2;2;1,493164;100
92;2;2;1,493164;100
92;2;2;1,493164;100
92;2;2;1,493164;100
92;2;2;1,493164;100
92;2;2;1,493164;100
92;2;2;1,493164;100
92;2;2;1,493164;100
92;2;2;1,493164;100
92;2;2;1,493164;100
92;2;2;1,493164;100
92;2;2;1,493164;100
92;2;2;1,826172;100
92;2;2;1,826172;100
92;2;2;1,826172;100
92;2;2;1,826172;100
92;2;2;1,826172;100
92;2;2;1,826172;100
92;2;2;1,826172;100
92;2;2;1,826172;100
92;2;2;1,826172;100
92;2;2;1,826172;100
92;2;2;1,826172;100
92;2;2;1,826172;100
92;2;2;1,826172;100
92;2;2;1,826172;100
92;2;2;2,15918;100
92;2;2;2,15918;100
92;2;2;2,15918;100
92;2;2;2,15918;100
92;2;2;2,15918;100
92;2;2;2,15918;100
92;2;2;2,15918;100
92;2;2;2,15918;100
92;2;2;2,15918;100
92;2;2;2,15918;100
92;2;2;2,15918;100
92;2;2;2,15918;100
92;2;2;2,15918;100
92;2;2;2,492188;100
92;2;2;2,492188;100
92;2;2;2,492188;100
92;2;2;2,492188;100
92;2;2;2,492188;100
92;2;2;2,492188;100
92;2;2;2,492188;100
92;2;2;2,492188;100
92;2;2;2,492188;100
92;2;2;2,492188;100
92;2;2;2,492188;100
92;2;2;2,492188;100
92;2;2;2,825195;100
92;2;2;2,825195;100
92;2;2;2,825195;100
92;2;2;2,825195;100
92;2;2;2,825195;100
92;3;15;2,825195;100
92;2;2;2,825195;100
92;2;2;2,825195;100
92;2;2;2,825195;100
92;2;2;2,825195;100
92;2;2;2,825195;100
92;2;2;3,158203;100
92;2;2;3,158203;100
92;2;2;3,158203;100
92;2;2;3,158203;100
92;2;2;3,158203;100
92;2;2;3,158203;100
92;2;2;3,158203;100
92;2;2;3,158203;100
92;2;2;3,158203;100
92;2;2;3,158203;100
92;2;2;3,158203;100
92;2;2;3,158203;100
92;2;2;3,491211;100
92;3;15;3,491211;85
92;2;2;3,491211;85
92;2;2;3,491211;85
92;2;2;3,491211;85
92;2;2;3,491211;85
92;2;2;3,491211;85
92;3;15;3,491211;70
92;2;2;3,491211;70
92;2;2;3,824219;70
76;2;2;3,824219;68
68;2;2;3,824219;66
28;2;2;3,824219;64
Boss