92;2;2;16,85156;100
92;2;2;16,85156;100
92;2;2;17,18457;100
92;2;2;17,18457;100
92;2;2;17,18457;100
92;2;2;17,18457;100
92;2;2;17,18457;100
92;2;2;17,18457;100
92;2;2;17,18457;100
92;2;2;17,18457;100
92;2;2;17,18457;100
92;2;2;17,18457;100
92;2;2;17,18457;100
92;2;2;17,18457;100
92;2;2;17,18457;100
92;2;2;17,18457;100
92;2;2;17,18457;100
92;2;2;17,18457;100
92;2;2;17,51758;100
92;2;2;17,51758;100
92;2;2;17,51758;100
92;2;2;17,51758;100
92;2;2;17,51758;100
92;2;2;17,51758;100
92;2;2;17,51758;100
92;2;2;17,51758;100
92;2;2;17,51758;100
92;2;2;17,51758;100
92;2;2;17,51758;100
92;2;2;17,51758;100
92;2;2;17,51758;100
92;2;2;17,51758;100
92;2;2;17,51758;100
92;2;2;17,85059;100
92;2;2;17,85059;100
92;2;2;17,85059;100
92;2;2;17,85059;100
92;2;2;17,85059;100
92;2;2;17,85059;100
92;2;2;17,85059;100
92;2;2;17,85059;100
92;2;2;17,85059;100
92;2;2;17,85059;100
92;2;2;17,85059;100
92;2;2;17,85059;100
92;2;2;17,85059;100
92;2;2;17,85059;100
92;2;2;18,18359;100
92;2;2;18,18359;100
92;2;2;18,18359;100
92;2;2;18,18359;100
92;2;2;18,18359;100
92;2;2;18,18359;100
92;2;2;18,18359;100
92;2;2;18,18359;100
92;2;2;18,18359;100
92;2;2;18,18359;100
92;2;2;18,18359;100
92;2;2;18,18359;100
92;2;2;18,5166;100
92;2;2;18,5166;100
92;2;2;18,5166;100
92;2;2;18,5166;100
92;2;2;18,5166;100
92;2;2;18,5166;100
92;2;2;18,5166;100
92;2;2;18,5166;100
92;2;2;18,5166;100
92;2;2;18,5166;100
92;2;2;18,5166;100
92;2;2;18,5166;100
92;2;2;18,5166;100
92;2;2;18,5166;100
92;2;2;18,5166;100
92;2;2;18,5166;100
92;2;2;18,84961;100
92;2;2;18,84961;100
92;2;2;18,84961;100
92;2;2;18,84961;100
92;2;2;18,84961;100
92;2;2;18,84961;100
92;2;2;18,84961;100
92;2;2;18,84961;100
92;2;2;18,84961;100
92;2;2;18,84961;100
92;2;2;18,84961;100
92;2;2;18,84961;100
92;3;15;19,18262;100
92;2;2;19,18262;100
92;2;2;19,18262;100
92;2;2;19,18262;100
92;2;2;19,18262;100
92;2;2;19,18262;100
92;2;2;19,18262;100
92;2;2;19,18262;100
92;2;2;19,18262;100
92;2;2;19,18262;100
92;2;2;19,18262;100
92;2;2;19,18262;100
92;2;2;19,51563;100
92;2;2;19,51563;100
92;2;2;19,51563;100
92;2;2;19,51563;100
92;2;2;19,51563;100
92;2;2;19,51563;100
92;2;2;19,51563;100
92;2;2;19,51563;100
92;2;2;19,51563;100
92;2;2;19,51563;100
92;3;15;19,51563;100
92;2;2;19,51563;100
92;2;2;19,51563;100
92;2;2;19,84863;100
92;2;2;19,84863;100
92;2;2;19,84863;100
92;2;2;19,84863;100
92;2;2;19,84863;100
92;2;2;19,84863;100
92;2;2;19,84863;100
92;2;2;19,84863;100
92;2;2;19,84863;100
92;2;2;19,84863;100
92;2;2;20,18164;100
92;2;2;20,18164;100
92;2;2;20,18164;100
92;2;2;20,18164;100
92;2;2;20,18164;100
92;2;2;20,18164;100
92;2;2;20,18164;100
92;2;2;20,18164;100
92;2;2;20,18164;100
92;2;2;20,18164;100
92;2;2;20,18164;100
92;2;2;20,18164;100
92;2;2;20,18164;100
92;2;2;20,18164;100
92;2;2;20,51465;100
92;2;2;20,51465;100
92;2;2;20,51465;100
92;2;2;20,51465;100
92;2;2;20,51465;100
92;2;2;20,51465;100
92;2;2;20,51465;100
92;2;2;20,51465;100
92;2;2;20,51465;100
92;2;2;20,51465;100
92;2;2;20,51465;100
92;2;2;20,51465;100
92;2;2;20,51465;100
92;2;2;20,84766;100
92;2;2;20,84766;100
92;2;2;20,84766;100
92;2;2;20,84766;100
92;2;2;20,84766;100
92;2;2;20,84766;100
92;2;2;20,84766;100
92;2;2;20,84766;100
92;2;2;20,84766;100
92;2;2;20,84766;100
92;2;2;20,84766;100
92;2;2;21,18066;100
92;2;2;21,18066;100
92;2;2;21,18066;100
92;2;2;21,18066;100
92;2;2;21,18066;100
92;2;2;21,18066;100
92;2;2;21,18066;100
92;2;2;21,18066;100
92;2;2;21,18066;100
92;2;2;21,18066;100
92;2;2;21,51367;100
92;2;2;21,51367;100
92;2;2;21,51367;100
92;2;2;21,51367;100
92;2;2;21,51367;100
92;2;2;21,51367;100
92;2;2;21,51367;100
92;2;2;21,51367;100
92;2;2;21,51367;100
92;2;2;21,51367;100
92;2;2;21,51367;100
92;2;2;21,51367;100
92;2;2;21,51367;100
92;2;2;21,51367;100
92;2;2;21,51367;100
92;2;2;21,84668;100
92;2;2;21,84668;100
92;2;2;21,84668;100
92;2;2;21,84668;100
92;2;2;21,84668;100
92;2;2;21,84668;100
92;2;2;21,84668;100
92;2;2;21,84668;100
92;2;2;21,84668;100
92;2;2;21,84668;100
92;2;2;21,84668;100
92;2;2;21,84668;100
92;2;2;22,17969;100
92;2;2;22,17969;100
92;2;2;22,17969;100
92;2;2;22,17969;100
92;2;2;22,17969;100
92;2;2;22,17969;100
92;2;2;22,17969;100
92;2;2;22,17969;100
92;2;2;22,17969;100
92;2;2;22,17969;100
92;2;2;22,17969;100
92;2;2;22,5127;100
92;3;15;22,5127;100
92;2;2;22,5127;100
92;2;2;22,5127;100
92;2;2;22,5127;100
92;2;2;22,5127;100
92;2;2;22,5127;100
92;2;2;22,5127;100
92;2;2;22,5127;100
92;2;2;22,5127;100
92;2;2;22,8457;100
92;2;2;22,8457;100
92;2;2;22,8457;100
92;2;2;22,8457;100
92;2;2;22,8457;100
92;2;2;22,8457;100
92;2;2;22,8457;100
92;2;2;22,8457;100
92;2;2;22,8457;100
92;2;2;22,8457;100
92;2;2;22,8457;100
92;2;2;22,8457;100
92;2;2;23,17871;100
92;2;2;23,17871;100
92;2;2;23,17871;100
92;2;2;23,17871;100
92;2;2;23,17871;100
92;2;2;23,17871;100
92;2;2;23,17871;100
92;2;2;23,51172;100
92;2;2;23,51172;98
52;3;15;23,51172;83
20;2;2;23,51172;81
Boss