92;2;2;0,9443359;100
92;2;2;0,9443359;100
92;2;2;0,9443359;100
92;2;2;1,277344;100
92;2;2;1,277344;100
92;2;2;1,277344;100
92;2;2;1,277344;100
92;2;2;1,277344;100
92;2;2;1,277344;100
92;2;2;1,277344;100
92;2;2;1,277344;100
92;2;2;1,277344;100
92;2;2;1,277344;100
92;2;2;1,277344;100
92;2;2;1,277344;100
92;2;2;1,277344;100
92;2;2;1,277344;100
92;2;2;1,277344;100
92;2;2;1,277344;100
92;2;2;1,610352;100
92;2;2;1,610352;100
92;2;2;1,610352;100
92;2;2;1,610352;100
92;2;2;1,610352;100
92;2;2;1,610352;100
92;2;2;1,610352;100
92;2;2;1,610352;100
92;2;2;1,610352;100
92;2;2;1,610352;100
92;2;2;1,610352;100
92;2;2;1,610352;100
92;2;2;1,610352;100
92;2;2;1,610352;100
92;2;2;1,610352;100
92;2;2;1,610352;100
92;2;2;1,943359;100
92;2;2;1,943359;100
92;2;2;1,943359;100
92;2;2;1,943359;100
92;2;2;1,943359;100
92;2;2;1,943359;100
92;2;2;1,943359;100
92;2;2;1,943359;100
92;2;2;1,943359;100
92;2;2;1,943359;100
92;2;2;1,943359;100
92;2;2;1,943359;100
92;2;2;1,943359;100
92;2;2;1,943359;100
92;2;2;1,943359;100
92;2;2;1,943359;100
92;2;2;2,276367;100
92;2;2;2,276367;100
92;2;2;2,276367;100
92;2;2;2,276367;100
92;2;2;2,276367;100
92;2;2;2,276367;100
92;2;2;2,276367;100
92;2;2;2,276367;100
92;2;2;2,276367;100
92;2;2;2,276367;100
92;2;2;2,276367;100
92;2;2;2,276367;100
92;2;2;2,276367;100
92;2;2;2,276367;100
92;2;2;2,276367;100
92;2;2;2,609375;100
92;2;2;2,609375;100
92;2;2;2,609375;100
92;2;2;2,609375;100
92;2;2;2,609375;100
92;2;2;2,609375;100
92;2;2;2,609375;100
92;2;2;2,609375;100
92;2;2;2,609375;100
92;2;2;2,609375;100
92;2;2;2,609375;100
92;2;2;2,609375;100
92;2;2;2,609375;100
92;2;2;2,609375;100
92;2;2;2,609375;100
92;2;2;2,609375;100
92;2;2;2,609375;100
92;2;2;2,942383;100
92;2;2;2,942383;100
92;2;2;2,942383;100
92;2;2;2,942383;100
92;2;2;2,942383;100
92;2;2;2,942383;100
92;2;2;2,942383;100
92;2;2;2,942383;100
92;2;2;2,942383;100
92;2;2;2,942383;100
92;2;2;2,942383;100
92;2;2;2,942383;100
92;2;2;2,942383;100
92;2;2;2,942383;100
92;2;2;2,942383;100
92;2;2;2,942383;100
92;2;2;3,275391;100
92;2;2;3,275391;100
92;2;2;3,275391;100
92;2;2;3,275391;100
92;2;2;3,275391;100
92;2;2;3,275391;100
92;2;2;3,275391;100
92;2;2;3,275391;100
92;2;2;3,275391;100
92;2;2;3,275391;100
92;2;2;3,275391;100
92;2;2;3,275391;100
92;2;2;3,275391;100
92;2;2;3,275391;100
92;2;2;3,275391;100
92;2;2;3,275391;100
92;2;2;3,608398;100
92;2;2;3,608398;100
92;2;2;3,608398;100
92;2;2;3,608398;100
92;2;2;3,608398;100
92;2;2;3,608398;100
92;2;2;3,608398;100
92;2;2;3,608398;100
92;2;2;3,608398;100
92;2;2;3,608398;100
92;2;2;3,608398;100
92;2;2;3,608398;100
92;2;2;3,608398;100
92;2;2;3,608398;100
92;2;2;3,608398;100
92;2;2;3,608398;100
92;2;2;3,941406;100
92;2;2;3,941406;100
92;2;2;3,941406;100
92;2;2;3,941406;100
92;2;2;3,941406;100
92;2;2;3,941406;100
92;2;2;3,941406;100
92;2;2;3,941406;100
92;2;2;3,941406;100
92;2;2;3,941406;100
92;2;2;3,941406;100
92;2;2;3,941406;100
92;2;2;3,941406;100
92;2;2;3,941406;100
92;2;2;3,941406;100
92;2;2;3,941406;100
92;2;2;4,274414;100
92;2;2;4,274414;100
92;2;2;4,274414;100
92;2;2;4,274414;100
92;2;2;4,274414;100
92;2;2;4,274414;100
92;2;2;4,274414;100
92;2;2;4,274414;100
92;2;2;4,274414;100
92;2;2;4,274414;100
92;2;2;4,274414;100
92;2;2;4,274414;100
92;2;2;4,274414;100
92;2;2;4,607422;100
92;2;2;4,607422;100
92;2;2;4,607422;100
92;2;2;4,607422;100
92;2;2;4,607422;100
92;3;15;4,607422;100
92;2;2;4,607422;100
92;2;2;4,607422;100
92;2;2;4,607422;100
92;2;2;4,607422;100
92;2;2;4,607422;100
92;2;2;4,607422;100
92;2;2;4,607422;100
92;2;2;4,607422;100
92;2;2;4,94043;100
92;2;2;4,94043;100
92;2;2;4,94043;100
92;2;2;4,94043;100
92;2;2;4,94043;100
92;2;2;4,94043;100
92;2;2;4,94043;100
92;2;2;4,94043;100
92;2;2;4,94043;100
92;2;2;4,94043;100
92;2;2;4,94043;100
92;2;2;4,94043;100
92;2;2;4,94043;100
92;2;2;4,94043;100
92;2;2;4,94043;100
92;2;2;5,273438;100
92;2;2;5,273438;100
92;2;2;5,273438;100
92;2;2;5,273438;100
92;2;2;5,273438;100
92;2;2;5,273438;100
92;3;15;5,273438;100
92;2;2;5,273438;100
92;2;2;5,273438;100
92;2;2;5,273438;100
92;2;2;5,273438;100
92;2;2;5,273438;100
92;2;2;5,273438;100
92;2;2;5,606445;100
92;2;2;5,606445;100
92;2;2;5,606445;100
92;2;2;5,606445;100
92;2;2;5,606445;100
92;2;2;5,606445;100
92;2;2;5,606445;100
92;2;2;5,606445;100
92;2;2;5,606445;100
92;2;2;5,606445;100
92;2;2;5,606445;100
92;2;2;5,606445;100
92;2;2;5,606445;100
92;2;2;5,939453;100
92;2;2;5,939453;100
92;2;2;5,939453;100
92;2;2;5,939453;100
92;2;2;5,939453;100
92;2;2;5,939453;100
92;2;2;5,939453;100
92;2;2;5,939453;100
92;2;2;5,939453;100
92;2;2;5,939453;100
92;2;2;5,939453;100
92;2;2;5,939453;100
92;2;2;5,939453;100
92;2;2;5,939453;100
92;2;2;5,939453;100
92;2;2;5,939453;100
92;2;2;6,272461;100
92;2;2;6,272461;100
92;2;2;6,272461;100
92;2;2;6,272461;100
92;3;15;6,272461;100
92;2;2;6,272461;100
92;2;2;6,272461;100
92;2;2;6,272461;100
92;2;2;6,272461;100
92;2;2;6,272461;100
92;2;2;6,272461;100
92;3;15;6,605469;100
92;2;2;6,605469;100
92;2;2;6,605469;100
92;2;2;6,605469;100
92;2;2;6,605469;100
92;3;15;6,605469;100
92;2;2;6,605469;100
92;2;2;6,605469;100
92;2;2;6,605469;100
92;2;2;6,605469;100
92;2;2;6,605469;100
92;2;2;6,605469;100
92;2;2;6,605469;100
92;2;2;6,938477;100
92;2;2;6,938477;100
92;2;2;6,938477;100
92;2;2;6,938477;100
92;2;2;6,938477;100
92;2;2;6,938477;100
92;2;2;6,938477;100
92;2;2;7,271484;100
92;2;2;7,271484;100
92;2;2;7,271484;100
92;2;2;7,271484;100
92;2;2;7,271484;100
92;2;2;7,271484;100
92;2;2;7,271484;100
92;2;2;7,271484;100
92;2;2;7,271484;100
92;2;2;7,271484;100
92;2;2;7,271484;100
92;2;2;7,604492;100
92;2;2;7,604492;98
52;3;15;7,604492;83
Boss