92;2;2;36,27637;100
92;2;2;36,27637;100
92;2;2;36,27637;100
92;2;2;36,60938;100
92;2;2;36,60938;100
92;2;2;36,60938;100
92;3;15;36,60938;100
92;2;2;36,60938;100
92;2;2;36,60938;100
92;2;2;36,60938;100
92;2;2;36,60938;100
92;2;2;36,60938;100
92;2;2;36,60938;100
92;2;2;36,60938;100
92;2;2;36,60938;100
92;2;2;36,60938;100
92;2;2;36,94238;100
92;2;2;36,94238;100
92;2;2;36,94238;100
92;2;2;36,94238;100
92;2;2;36,94238;100
92;2;2;36,94238;100
92;2;2;36,94238;100
92;2;2;36,94238;100
92;2;2;36,94238;100
92;2;2;36,94238;100
92;2;2;36,94238;100
92;2;2;37,27539;100
92;2;2;37,27539;100
92;2;2;37,27539;100
92;2;2;37,27539;100
92;2;2;37,27539;100
92;2;2;37,27539;100
92;2;2;37,27539;100
92;2;2;37,27539;100
92;2;2;37,27539;100
92;2;2;37,27539;100
92;2;2;37,27539;100
92;2;2;37,27539;100
92;2;2;37,27539;100
92;2;2;37,27539;100
92;2;2;37,27539;100
92;2;2;37,27539;100
92;2;2;37,6084;100
92;2;2;37,6084;100
92;2;2;37,6084;100
92;2;2;37,6084;100
92;2;2;37,6084;100
92;2;2;37,6084;100
92;2;2;37,6084;100
92;2;2;37,6084;100
92;2;2;37,6084;100
92;2;2;37,6084;100
92;2;2;37,6084;100
92;2;2;37,6084;100
92;2;2;37,6084;100
92;2;2;37,94141;100
92;2;2;37,94141;100
92;2;2;37,94141;100
92;2;2;37,94141;100
92;2;2;37,94141;100
92;2;2;37,94141;100
92;2;2;37,94141;100
92;2;2;37,94141;100
92;2;2;37,94141;100
92;2;2;37,94141;100
92;2;2;37,94141;100
92;2;2;37,94141;100
92;2;2;37,94141;100
92;2;2;38,27441;100
92;2;2;38,27441;100
92;2;2;38,27441;100
92;2;2;38,27441;100
92;2;2;38,27441;100
92;2;2;38,27441;100
92;2;2;38,27441;100
92;2;2;38,27441;100
92;2;2;38,27441;100
92;2;2;38,27441;100
92;2;2;38,27441;100
92;2;2;38,27441;100
92;3;15;38,27441;100
92;2;2;38,27441;100
92;2;2;38,27441;100
92;2;2;38,60742;100
92;2;2;38,60742;100
92;2;2;38,60742;100
92;3;15;38,60742;100
92;3;15;38,60742;100
92;2;2;38,60742;100
92;2;2;38,60742;100
92;2;2;38,60742;100
92;2;2;38,60742;100
92;2;2;38,60742;100
92;2;2;38,60742;100
92;2;2;38,60742;100
92;2;2;38,60742;100
92;2;2;38,60742;100
92;2;2;38,60742;100
92;2;2;38,94043;100
92;2;2;38,94043;100
92;2;2;38,94043;100
92;2;2;38,94043;100
92;3;15;38,94043;100
92;2;2;38,94043;100
92;2;2;38,94043;100
92;2;2;38,94043;100
92;2;2;38,94043;100
92;2;2;38,94043;100
92;2;2;38,94043;100
92;2;2;38,94043;100
92;2;2;39,27344;100
92;2;2;39,27344;100
92;2;2;39,27344;100
92;2;2;39,27344;100
92;2;2;39,27344;100
92;2;2;39,27344;100
92;2;2;39,27344;100
92;2;2;39,27344;100
92;2;2;39,27344;100
92;2;2;39,27344;100
92;2;2;39,27344;100
92;2;2;39,27344;100
92;2;2;39,27344;100
92;2;2;39,27344;100
92;2;2;39,60645;100
92;2;2;39,60645;100
92;2;2;39,60645;100
92;2;2;39,60645;100
92;2;2;39,60645;100
92;2;2;39,60645;100
92;2;2;39,60645;100
92;2;2;39,60645;100
92;2;2;39,60645;100
92;3;15;39,60645;100
92;2;2;39,60645;100
92;2;2;39,60645;100
92;2;2;39,60645;100
92;2;2;39,60645;100
92;2;2;39,60645;100
92;2;2;39,93945;100
92;2;2;39,93945;100
92;2;2;39,93945;100
92;2;2;39,93945;100
92;2;2;39,93945;100
92;2;2;39,93945;100
92;2;2;39,93945;100
92;2;2;39,93945;100
92;2;2;39,93945;100
92;2;2;39,93945;100
92;2;2;39,93945;100
92;3;15;39,93945;100
92;3;15;39,93945;100
92;2;2;39,93945;100
92;2;2;39,93945;100
92;2;2;39,93945;100
92;2;2;40,27246;100
92;2;2;40,27246;100
92;2;2;40,27246;100
92;2;2;40,27246;100
92;2;2;40,27246;100
92;2;2;40,27246;100
92;2;2;40,27246;100
92;3;15;40,27246;100
92;2;2;40,27246;100
92;3;15;40,27246;100
92;2;2;40,27246;100
92;3;15;40,27246;100
92;2;2;40,27246;100
92;3;15;40,27246;100
92;2;2;40,27246;100
92;2;2;40,27246;100
92;2;2;40,27246;100
92;2;2;40,60547;100
92;2;2;40,60547;100
92;2;2;40,60547;100
92;2;2;40,60547;100
92;2;2;40,60547;100
92;2;2;40,60547;100
92;2;2;40,60547;100
92;2;2;40,60547;100
92;2;2;40,60547;100
92;2;2;40,60547;100
92;2;2;40,60547;100
92;2;2;40,60547;100
92;3;15;40,60547;100
92;2;2;40,60547;100
92;2;2;40,93848;100
92;2;2;40,93848;100
92;2;2;40,93848;100
92;2;2;40,93848;100
92;2;2;40,93848;100
92;3;15;40,93848;100
92;2;2;40,93848;100
92;3;15;40,93848;100
92;3;15;40,93848;100
92;2;2;40,93848;100
92;2;2;40,93848;100
92;2;2;40,93848;100
92;2;2;40,93848;100
92;2;2;40,93848;100
92;2;2;41,27148;100
92;2;2;41,27148;100
92;2;2;41,27148;100
92;2;2;41,27148;100
92;3;15;41,27148;100
92;2;2;41,27148;100
92;2;2;41,27148;100
92;3;15;41,27148;100
92;2;2;41,27148;100
92;2;2;41,27148;100
92;2;2;41,27148;100
92;2;2;41,27148;100
92;3;15;41,27148;100
92;2;2;41,27148;100
92;2;2;41,27148;100
92;2;2;41,60449;100
92;2;2;41,60449;100
92;2;2;41,60449;100
92;2;2;41,60449;100
92;2;2;41,60449;100
92;2;2;41,60449;100
92;2;2;41,60449;100
92;2;2;41,60449;100
92;2;2;41,60449;100
92;2;2;41,60449;100
92;2;2;41,60449;100
92;2;2;41,60449;100
92;2;2;41,60449;100
92;3;15;41,60449;100
92;2;2;41,9375;100
92;2;2;41,9375;100
92;2;2;41,9375;100
92;3;15;41,9375;100
92;2;2;41,9375;100
92;2;2;41,9375;100
92;2;2;41,9375;100
92;2;2;41,9375;100
92;3;15;41,9375;100
92;3;15;41,9375;100
92;2;2;41,9375;100
92;2;2;41,9375;100
92;2;2;41,9375;100
92;2;2;41,9375;100
92;2;2;42,27051;100
92;2;2;42,27051;100
92;3;15;42,27051;85
92;2;2;42,27051;85
92;2;2;42,27051;85
92;2;2;42,27051;85
92;2;2;42,27051;85
92;2;2;42,27051;85
92;2;2;42,27051;85
92;2;2;42,27051;85
92;2;2;42,27051;85
92;2;2;42,27051;85
92;2;2;42,27051;85
92;2;2;42,27051;85
92;3;15;42,27051;70
92;2;2;42,27051;70
92;2;2;42,60352;70
92;2;2;42,60352;70
92;2;2;42,60352;70
92;2;2;42,60352;70
92;3;15;42,60352;55
92;2;2;42,60352;55
92;2;2;42,60352;55
92;2;2;42,60352;55
92;2;2;42,60352;55
92;2;2;42,60352;55
92;2;2;42,60352;55
92;2;2;42,60352;55
92;2;2;42,60352;55
92;2;2;42,60352;55
92;2;2;42,93652;55
92;3;15;42,93652;40
84;2;2;42,93652;38
76;2;2;42,93652;36
68;2;2;42,93652;34
60;2;2;42,93652;32
52;2;2;42,93652;30
44;3;15;42,93652;15
36;2;2;42,93652;13
28;2;2;42,93652;11
20;2;2;42,93652;9
12;2;2;42,93652;7
-4;2;2;42,93652;5
Boss