92;2;2;30,40918;100
92;2;2;30,40918;100
92;2;2;30,40918;100
92;2;2;30,74219;100
92;2;2;30,74219;100
92;2;2;30,74219;100
92;2;2;30,74219;100
92;2;2;30,74219;100
92;2;2;30,74219;100
92;2;2;30,74219;100
92;2;2;30,74219;100
92;2;2;30,74219;100
92;2;2;30,74219;100
92;2;2;30,74219;100
92;2;2;30,74219;100
92;2;2;30,74219;100
92;2;2;30,74219;100
92;2;2;30,74219;100
92;2;2;30,74219;100
92;2;2;30,74219;100
92;2;2;31,0752;100
92;2;2;31,0752;100
92;2;2;31,0752;100
92;2;2;31,0752;100
92;2;2;31,0752;100
92;2;2;31,0752;100
92;2;2;31,0752;100
92;2;2;31,0752;100
92;2;2;31,0752;100
92;2;2;31,0752;100
92;2;2;31,0752;100
92;2;2;31,0752;100
92;2;2;31,0752;100
92;2;2;31,4082;100
92;2;2;31,4082;100
92;2;2;31,4082;100
92;2;2;31,4082;100
92;2;2;31,4082;100
92;2;2;31,4082;100
92;2;2;31,4082;100
92;2;2;31,4082;100
92;2;2;31,4082;100
92;2;2;31,4082;100
92;2;2;31,4082;100
92;2;2;31,4082;100
92;2;2;31,4082;100
92;2;2;31,4082;100
92;2;2;31,4082;100
92;2;2;31,4082;100
92;2;2;31,74121;100
92;2;2;31,74121;100
92;2;2;31,74121;100
92;2;2;31,74121;100
92;2;2;31,74121;100
92;2;2;31,74121;100
92;2;2;31,74121;100
92;2;2;31,74121;100
92;2;2;31,74121;100
92;2;2;31,74121;100
92;2;2;31,74121;100
92;2;2;31,74121;100
92;2;2;31,74121;100
92;2;2;32,07422;100
92;2;2;32,07422;100
92;2;2;32,07422;100
92;2;2;32,07422;100
92;2;2;32,07422;100
92;2;2;32,07422;100
92;2;2;32,07422;100
92;2;2;32,07422;100
92;2;2;32,07422;100
92;2;2;32,07422;100
92;2;2;32,07422;100
92;2;2;32,07422;100
92;2;2;32,07422;100
92;2;2;32,07422;100
92;2;2;32,40723;100
92;2;2;32,40723;100
92;2;2;32,40723;100
92;2;2;32,40723;100
92;2;2;32,40723;100
92;2;2;32,40723;100
92;2;2;32,40723;100
92;2;2;32,40723;100
92;2;2;32,40723;100
92;2;2;32,40723;100
92;2;2;32,40723;100
92;2;2;32,40723;100
92;2;2;32,40723;100
92;2;2;32,40723;100
92;2;2;32,74023;100
92;2;2;32,74023;100
92;2;2;32,74023;100
92;2;2;32,74023;100
92;2;2;32,74023;100
92;2;2;32,74023;100
92;2;2;32,74023;100
92;2;2;32,74023;100
92;2;2;33,07324;100
92;2;2;33,07324;100
92;2;2;33,07324;100
92;2;2;33,07324;100
92;2;2;33,07324;100
92;2;2;33,07324;100
92;2;2;33,07324;100
92;2;2;33,07324;100
92;2;2;33,07324;100
92;2;2;33,07324;100
92;2;2;33,07324;100
92;2;2;33,07324;100
92;2;2;33,40625;100
92;2;2;33,40625;100
92;2;2;33,40625;100
92;2;2;33,40625;100
92;2;2;33,40625;100
92;2;2;33,40625;100
92;3;15;33,40625;100
92;2;2;33,40625;100
92;3;15;33,40625;100
92;3;15;33,40625;100
92;2;2;33,40625;100
92;2;2;33,40625;100
92;2;2;33,73926;100
92;2;2;33,73926;100
92;2;2;33,73926;100
92;2;2;33,73926;100
92;2;2;33,73926;100
92;2;2;33,73926;100
92;2;2;33,73926;100
92;2;2;33,73926;100
92;2;2;33,73926;100
92;2;2;33,73926;100
92;2;2;33,73926;100
92;2;2;33,73926;100
92;2;2;33,73926;100
92;2;2;34,07227;100
92;2;2;34,07227;100
92;2;2;34,07227;100
92;2;2;34,07227;100
92;2;2;34,07227;100
92;2;2;34,07227;100
92;3;15;34,07227;100
92;2;2;34,07227;100
92;2;2;34,07227;100
92;2;2;34,07227;100
92;2;2;34,07227;100
92;2;2;34,07227;100
92;2;2;34,40527;100
92;2;2;34,40527;100
92;3;15;34,40527;100
92;2;2;34,40527;100
92;2;2;34,40527;100
92;2;2;34,40527;100
92;2;2;34,40527;100
92;2;2;34,40527;100
92;2;2;34,40527;100
92;2;2;34,40527;100
92;2;2;34,40527;100
92;2;2;34,40527;100
92;2;2;34,40527;100
92;2;2;34,40527;100
92;2;2;34,73828;100
92;3;15;34,73828;100
92;2;2;34,73828;100
92;3;15;34,73828;100
92;2;2;34,73828;100
92;2;2;34,73828;100
92;3;15;34,73828;100
92;2;2;34,73828;100
92;2;2;34,73828;100
92;2;2;34,73828;100
92;2;2;34,73828;100
92;2;2;34,73828;100
92;2;2;34,73828;100
92;2;2;34,73828;100
92;2;2;35,07129;100
92;2;2;35,07129;100
92;3;15;35,07129;100
92;2;2;35,07129;100
92;2;2;35,07129;100
92;2;2;35,07129;100
92;2;2;35,07129;100
92;2;2;35,07129;100
92;2;2;35,07129;100
92;2;2;35,07129;100
92;2;2;35,07129;100
92;2;2;35,07129;100
92;2;2;35,07129;100
92;2;2;35,07129;100
92;2;2;35,4043;100
92;2;2;35,4043;100
92;3;15;35,4043;100
92;2;2;35,4043;100
92;2;2;35,4043;100
92;2;2;35,4043;100
92;2;2;35,4043;100
92;2;2;35,4043;100
92;2;2;35,4043;100
92;2;2;35,4043;100
92;2;2;35,4043;100
92;3;15;35,4043;100
92;2;2;35,7373;100
92;3;15;35,7373;100
92;2;2;35,7373;100
92;2;2;35,7373;100
92;2;2;35,7373;100
92;2;2;35,7373;100
92;2;2;35,7373;100
92;3;15;35,7373;100
92;2;2;35,7373;100
92;2;2;35,7373;100
92;2;2;35,7373;100
92;2;2;35,7373;100
92;2;2;35,7373;100
92;2;2;36,07031;100
92;2;2;36,07031;100
92;2;2;36,07031;100
92;2;2;36,07031;100
92;2;2;36,07031;100
92;2;2;36,07031;100
92;2;2;36,07031;100
92;2;2;36,07031;100
92;2;2;36,07031;100
92;2;2;36,07031;100
92;2;2;36,07031;100
92;2;2;36,07031;100
92;2;2;36,07031;100
92;2;2;36,40332;100
92;2;2;36,40332;100
92;2;2;36,40332;100
92;2;2;36,40332;100
92;2;2;36,40332;100
92;2;2;36,40332;100
92;2;2;36,40332;100
92;3;15;36,40332;85
92;2;2;36,40332;85
92;2;2;36,40332;85
92;2;2;36,40332;85
92;2;2;36,40332;85
92;2;2;36,40332;85
92;2;2;36,40332;85
92;2;2;36,40332;85
92;2;2;36,40332;85
92;2;2;36,73633;85
92;3;15;36,73633;70
92;3;15;36,73633;55
92;2;2;36,73633;55
92;2;2;36,73633;55
92;2;2;36,73633;55
92;2;2;36,73633;55
92;2;2;36,73633;55
92;2;2;36,73633;55
92;2;2;36,73633;55
92;2;2;36,73633;55
92;2;2;36,73633;55
92;2;2;36,73633;55
92;2;2;36,73633;55
92;2;2;36,73633;55
92;2;2;36,73633;55
92;2;2;37,06934;55
92;2;2;37,06934;53
84;2;2;37,06934;51
76;2;2;37,06934;49
60;3;15;37,06934;34
52;2;2;37,06934;32
12;3;15;37,06934;17
4;3;15;37,06934;2
-4;3;15;37,06934;-13
Player