92;2;2;42,18262;100
92;2;2;42,18262;100
92;2;2;42,18262;100
92;2;2;42,51611;100
92;2;2;42,51611;100
92;2;2;42,51611;100
92;2;2;42,51611;100
92;2;2;42,51611;100
92;2;2;42,51611;100
92;2;2;42,51611;100
92;2;2;42,51611;100
92;2;2;42,51611;100
92;2;2;42,51611;100
92;2;2;42,51611;100
92;2;2;42,51611;100
92;2;2;42,51611;100
92;2;2;42,84961;100
92;2;2;42,84961;100
92;2;2;42,84961;100
92;2;2;42,84961;100
92;2;2;42,84961;100
92;2;2;42,84961;100
92;2;2;42,84961;100
92;2;2;42,84961;100
92;2;2;42,84961;100
92;2;2;42,84961;100
92;2;2;42,84961;100
92;2;2;42,84961;100
92;2;2;42,84961;100
92;2;2;42,84961;100
92;2;2;42,84961;100
92;2;2;42,84961;100
92;2;2;42,84961;100
92;2;2;43,18311;100
92;2;2;43,18311;100
92;2;2;43,18311;100
92;2;2;43,18311;100
92;2;2;43,18311;100
92;2;2;43,18311;100
92;2;2;43,18311;100
92;2;2;43,18311;100
92;2;2;43,18311;100
92;2;2;43,18311;100
92;2;2;43,18311;100
92;2;2;43,18311;100
92;2;2;43,18311;100
92;2;2;43,18311;100
92;2;2;43,18311;100
92;2;2;43,18311;100
92;2;2;43,18311;100
92;2;2;43,5166;100
92;2;2;43,5166;100
92;2;2;43,5166;100
92;2;2;43,5166;100
92;2;2;43,5166;100
92;2;2;43,5166;100
92;2;2;43,5166;100
92;2;2;43,5166;100
92;2;2;43,5166;100
92;2;2;43,5166;100
92;2;2;43,5166;100
92;2;2;43,5166;100
92;2;2;43,5166;100
92;2;2;43,8501;100
92;2;2;43,8501;100
92;2;2;43,8501;100
92;2;2;43,8501;100
92;2;2;43,8501;100
92;2;2;43,8501;100
92;2;2;43,8501;100
92;2;2;43,8501;100
92;2;2;43,8501;100
92;2;2;43,8501;100
92;2;2;43,8501;100
92;2;2;43,8501;100
92;2;2;43,8501;100
92;2;2;44,18359;100
92;2;2;44,18359;100
92;2;2;44,18359;100
92;2;2;44,18359;100
92;2;2;44,18359;100
92;2;2;44,18359;100
92;2;2;44,18359;100
92;2;2;44,18359;100
92;2;2;44,18359;100
92;2;2;44,18359;100
92;2;2;44,18359;100
92;2;2;44,18359;100
92;2;2;44,18359;100
92;2;2;44,18359;100
92;2;2;44,51709;100
92;2;2;44,51709;100
92;2;2;44,51709;100
92;2;2;44,51709;100
92;2;2;44,51709;100
92;2;2;44,51709;100
92;2;2;44,51709;100
92;2;2;44,51709;100
92;2;2;44,51709;100
92;2;2;44,51709;100
92;2;2;44,51709;100
92;2;2;44,51709;100
92;2;2;44,51709;100
92;2;2;44,51709;100
92;2;2;44,85059;100
92;2;2;44,85059;100
92;2;2;44,85059;100
92;2;2;44,85059;100
92;2;2;44,85059;100
92;2;2;44,85059;100
92;2;2;44,85059;100
92;2;2;44,85059;100
92;2;2;44,85059;100
92;2;2;44,85059;100
92;2;2;44,85059;100
92;2;2;44,85059;100
92;2;2;44,85059;100
92;2;2;44,85059;100
92;2;2;44,85059;100
92;2;2;44,85059;100
92;2;2;45,18408;100
92;2;2;45,18408;100
92;2;2;45,18408;100
92;2;2;45,18408;100
92;2;2;45,18408;100
92;2;2;45,18408;100
92;2;2;45,18408;100
92;2;2;45,18408;100
92;2;2;45,18408;100
92;2;2;45,18408;100
92;2;2;45,18408;100
92;2;2;45,18408;100
92;2;2;45,18408;100
92;2;2;45,18408;100
92;2;2;45,18408;100
92;2;2;45,51758;100
92;2;2;45,51758;100
92;2;2;45,51758;100
92;2;2;45,51758;100
92;2;2;45,51758;100
92;2;2;45,51758;100
92;2;2;45,51758;100
92;2;2;45,51758;100
92;2;2;45,51758;100
92;2;2;45,51758;100
92;2;2;45,51758;100
92;2;2;45,51758;100
92;2;2;45,85107;100
92;2;2;45,85107;100
92;2;2;45,85107;100
92;2;2;45,85107;100
92;2;2;45,85107;100
92;2;2;45,85107;100
92;2;2;45,85107;100
92;2;2;45,85107;100
92;2;2;45,85107;100
92;2;2;45,85107;100
92;2;2;45,85107;100
92;2;2;45,85107;100
92;2;2;45,85107;100
92;2;2;45,85107;100
92;2;2;45,85107;100
92;2;2;46,18457;100
92;2;2;46,18457;100
92;2;2;46,18457;100
92;2;2;46,18457;100
92;2;2;46,18457;100
92;2;2;46,18457;100
92;2;2;46,18457;100
92;2;2;46,18457;100
92;2;2;46,18457;100
92;2;2;46,18457;100
92;2;2;46,18457;100
92;2;2;46,18457;100
92;2;2;46,51807;100
92;2;2;46,51807;100
92;2;2;46,51807;100
92;2;2;46,51807;100
92;2;2;46,51807;100
92;2;2;46,51807;100
92;2;2;46,51807;100
92;2;2;46,51807;100
92;2;2;46,51807;100
92;2;2;46,51807;100
92;2;2;46,51807;100
92;2;2;46,51807;100
92;2;2;46,85156;100
92;2;2;46,85156;100
92;2;2;46,85156;100
92;2;2;46,85156;100
92;2;2;46,85156;100
92;2;2;46,85156;100
92;2;2;46,85156;100
92;2;2;46,85156;100
92;2;2;46,85156;100
92;2;2;46,85156;100
92;2;2;47,18506;100
92;2;2;47,18506;100
92;2;2;47,18506;100
92;2;2;47,18506;100
92;2;2;47,18506;100
92;2;2;47,18506;100
92;2;2;47,18506;100
92;2;2;47,18506;100
92;3;15;47,18506;100
92;2;2;47,18506;100
92;2;2;47,18506;100
92;2;2;47,18506;100
92;2;2;47,18506;100
92;2;2;47,51855;100
92;2;2;47,51855;100
92;2;2;47,51855;100
92;2;2;47,51855;100
92;2;2;47,51855;100
92;2;2;47,51855;100
92;2;2;47,51855;100
92;2;2;47,51855;100
92;2;2;47,51855;100
92;3;15;47,51855;100
92;2;2;47,85205;100
92;2;2;47,85205;100
92;2;2;47,85205;100
92;2;2;47,85205;100
92;2;2;47,85205;100
92;2;2;47,85205;100
92;2;2;47,85205;100
92;2;2;47,85205;100
92;2;2;47,85205;100
92;2;2;47,85205;100
92;2;2;47,85205;100
92;2;2;47,85205;100
92;2;2;47,85205;100
92;2;2;47,85205;100
92;2;2;48,18555;100
92;2;2;48,18555;100
92;2;2;48,18555;100
92;2;2;48,18555;100
92;2;2;48,18555;100
92;2;2;48,18555;100
92;2;2;48,18555;100
92;2;2;48,18555;100
92;2;2;48,18555;100
92;2;2;48,18555;100
92;2;2;48,18555;100
92;2;2;48,18555;100
92;2;2;48,18555;100
92;2;2;48,18555;100
92;2;2;48,18555;100
92;2;2;48,18555;100
92;2;2;48,51904;100
92;2;2;48,51904;100
92;2;2;48,51904;100
92;2;2;48,51904;100
92;2;2;48,51904;100
92;2;2;48,51904;100
92;2;2;48,51904;100
92;2;2;48,51904;100
92;2;2;48,51904;100
92;2;2;48,51904;100
92;2;2;48,85254;100
Boss