92;2;2;25,66992;100
92;2;2;25,66992;100
92;2;2;25,66992;100
92;2;2;26,00342;100
92;2;2;26,00342;100
92;2;2;26,00342;100
92;2;2;26,00342;100
92;2;2;26,00342;100
92;2;2;26,00342;100
92;2;2;26,00342;100
92;2;2;26,00342;100
92;2;2;26,00342;100
92;2;2;26,00342;100
92;2;2;26,00342;100
92;2;2;26,00342;100
92;2;2;26,00342;100
92;2;2;26,00342;100
92;2;2;26,00342;100
92;2;2;26,00342;100
92;2;2;26,00342;100
92;2;2;26,33691;100
92;2;2;26,33691;100
92;2;2;26,33691;100
92;2;2;26,33691;100
92;2;2;26,33691;100
92;2;2;26,33691;100
92;3;15;26,33691;100
92;2;2;26,33691;100
92;2;2;26,33691;100
92;2;2;26,33691;100
92;2;2;26,33691;100
92;2;2;26,33691;100
92;2;2;26,33691;100
92;2;2;26,33691;100
92;2;2;26,33691;100
92;2;2;26,33691;100
92;2;2;26,67041;100
92;2;2;26,67041;100
92;2;2;26,67041;100
92;2;2;26,67041;100
92;2;2;26,67041;100
92;2;2;26,67041;100
92;2;2;26,67041;100
92;2;2;26,67041;100
92;2;2;26,67041;100
92;2;2;26,67041;100
92;2;2;26,67041;100
92;2;2;26,67041;100
92;2;2;26,67041;100
92;2;2;26,67041;100
92;2;2;26,67041;100
92;2;2;26,67041;100
92;2;2;26,67041;100
92;2;2;27,00391;100
92;2;2;27,00391;100
92;2;2;27,00391;100
92;2;2;27,00391;100
92;2;2;27,00391;100
92;2;2;27,00391;100
92;2;2;27,00391;100
92;2;2;27,00391;100
92;2;2;27,00391;100
92;2;2;27,00391;100
92;2;2;27,00391;100
92;2;2;27,00391;100
92;2;2;27,00391;100
92;2;2;27,00391;100
92;2;2;27,00391;100
92;2;2;27,00391;100
92;2;2;27,00391;100
92;3;15;27,3374;100
92;2;2;27,3374;100
92;2;2;27,3374;100
92;2;2;27,3374;100
92;2;2;27,3374;100
92;2;2;27,3374;100
92;2;2;27,3374;100
92;2;2;27,3374;100
92;2;2;27,3374;100
92;2;2;27,3374;100
92;2;2;27,3374;100
92;2;2;27,3374;100
92;2;2;27,3374;100
92;2;2;27,3374;100
92;2;2;27,3374;100
92;2;2;27,3374;100
92;2;2;27,6709;100
92;2;2;27,6709;100
92;2;2;27,6709;100
92;2;2;27,6709;100
92;2;2;27,6709;100
92;2;2;27,6709;100
92;2;2;27,6709;100
92;2;2;27,6709;100
92;2;2;27,6709;100
92;2;2;27,6709;100
92;2;2;27,6709;100
92;2;2;27,6709;100
92;2;2;27,6709;100
92;2;2;27,6709;100
92;2;2;27,6709;100
92;2;2;27,6709;100
92;2;2;27,6709;100
92;2;2;28,00439;100
92;2;2;28,00439;100
92;2;2;28,00439;100
92;2;2;28,00439;100
92;2;2;28,00439;100
92;2;2;28,00439;100
92;2;2;28,00439;100
92;2;2;28,00439;100
92;2;2;28,00439;100
92;2;2;28,00439;100
92;2;2;28,00439;100
92;2;2;28,00439;100
92;2;2;28,00439;100
92;2;2;28,00439;100
92;2;2;28,00439;100
92;2;2;28,33789;100
92;2;2;28,33789;100
92;2;2;28,33789;100
92;2;2;28,33789;100
92;2;2;28,33789;100
92;2;2;28,33789;100
92;2;2;28,33789;100
92;2;2;28,33789;100
92;2;2;28,33789;100
92;2;2;28,33789;100
92;2;2;28,33789;100
92;2;2;28,33789;100
92;2;2;28,33789;100
92;2;2;28,33789;100
92;2;2;28,33789;100
92;2;2;28,33789;100
92;2;2;28,67139;100
92;2;2;28,67139;100
92;2;2;28,67139;100
92;2;2;28,67139;100
92;2;2;28,67139;100
92;2;2;28,67139;100
92;2;2;28,67139;100
92;2;2;28,67139;100
92;2;2;28,67139;100
92;2;2;28,67139;100
92;2;2;28,67139;100
92;2;2;28,67139;100
92;2;2;28,67139;100
92;2;2;28,67139;100
92;2;2;28,67139;100
92;2;2;29,00488;100
92;2;2;29,00488;100
92;2;2;29,00488;100
92;2;2;29,00488;100
92;2;2;29,00488;100
92;2;2;29,00488;100
92;2;2;29,00488;100
92;2;2;29,00488;100
92;2;2;29,00488;100
92;2;2;29,00488;100
92;2;2;29,00488;100
92;2;2;29,00488;100
92;2;2;29,00488;100
92;2;2;29,33838;100
92;2;2;29,33838;100
92;2;2;29,33838;100
92;2;2;29,33838;100
92;2;2;29,33838;100
92;2;2;29,33838;100
92;2;2;29,33838;100
92;2;2;29,33838;100
92;2;2;29,33838;100
92;2;2;29,33838;100
92;2;2;29,33838;100
92;2;2;29,33838;100
92;2;2;29,33838;100
92;2;2;29,33838;100
92;2;2;29,33838;100
92;2;2;29,67188;100
92;2;2;29,67188;100
92;2;2;29,67188;100
92;2;2;29,67188;100
92;2;2;29,67188;100
92;2;2;29,67188;100
92;2;2;29,67188;100
92;2;2;29,67188;100
92;2;2;29,67188;100
92;2;2;29,67188;100
92;2;2;29,67188;100
92;2;2;29,67188;100
92;2;2;29,67188;100
92;2;2;29,67188;100
92;2;2;30,00537;100
92;2;2;30,00537;100
92;2;2;30,00537;100
92;2;2;30,00537;100
92;2;2;30,00537;100
92;2;2;30,00537;100
92;2;2;30,00537;100
92;2;2;30,00537;100
92;2;2;30,00537;100
92;2;2;30,00537;100
92;2;2;30,00537;100
92;2;2;30,00537;100
92;2;2;30,00537;100
92;2;2;30,33887;100
92;2;2;30,33887;100
92;2;2;30,33887;100
92;2;2;30,33887;100
92;2;2;30,33887;100
92;2;2;30,33887;100
92;2;2;30,33887;100
92;2;2;30,33887;100
92;2;2;30,33887;100
92;2;2;30,33887;100
92;2;2;30,33887;100
92;2;2;30,67236;100
92;2;2;30,67236;100
92;2;2;30,67236;100
92;2;2;30,67236;100
92;2;2;30,67236;100
92;2;2;30,67236;100
92;2;2;30,67236;100
92;2;2;30,67236;100
92;2;2;30,67236;100
92;2;2;30,67236;100
92;2;2;30,67236;100
92;2;2;30,67236;100
92;2;2;31,00586;100
92;2;2;31,00586;100
92;2;2;31,00586;100
92;2;2;31,00586;100
92;2;2;31,00586;100
92;2;2;31,00586;100
92;2;2;31,00586;100
92;2;2;31,00586;100
92;2;2;31,00586;100
92;2;2;31,00586;100
92;2;2;31,00586;100
92;2;2;31,00586;100
92;2;2;31,00586;100
92;2;2;31,00586;100
92;2;2;31,00586;100
92;2;2;31,00586;100
92;2;2;31,33936;100
92;2;2;31,33936;100
92;2;2;31,33936;100
92;2;2;31,33936;100
92;2;2;31,33936;100
92;2;2;31,33936;100
92;2;2;31,33936;100
92;2;2;31,33936;100
92;2;2;31,33936;100
92;2;2;31,33936;100
92;2;2;31,33936;100
92;2;2;31,67285;100
92;2;2;31,67285;100
92;2;2;31,67285;100
92;2;2;31,67285;100
92;2;2;31,67285;100
92;2;2;31,67285;100
92;2;2;31,67285;100
92;2;2;31,67285;100
92;2;2;31,67285;100
92;2;2;31,67285;100
92;2;2;31,67285;100
92;2;2;31,67285;100
92;2;2;31,67285;100
92;2;2;32,00635;100
92;2;2;32,00635;100
92;2;2;32,00635;100
92;2;2;32,00635;100
92;2;2;32,00635;100
92;2;2;32,00635;100
92;2;2;32,00635;100
92;2;2;32,00635;100
92;2;2;32,00635;100
92;2;2;32,00635;100
92;2;2;32,00635;100
84;2;2;32,33984;98
60;3;15;32,33984;83
36;3;15;32,33984;68
20;3;15;32,33984;53
12;3;15;32,33984;38
-4;3;15;32,33984;23
Boss