92;2;2;17,5376;100
92;2;2;17,5376;100
92;2;2;17,87109;100
92;2;2;17,87109;100
92;2;2;17,87109;100
92;2;2;17,87109;100
92;2;2;17,87109;100
92;2;2;17,87109;100
92;2;2;17,87109;100
92;2;2;17,87109;100
92;2;2;17,87109;100
92;2;2;17,87109;100
92;2;2;17,87109;100
92;2;2;17,87109;100
92;2;2;17,87109;100
92;2;2;17,87109;100
92;2;2;17,87109;100
92;2;2;17,87109;100
92;2;2;17,87109;100
92;2;2;18,20459;100
92;2;2;18,20459;100
92;2;2;18,20459;100
92;2;2;18,20459;100
92;2;2;18,20459;100
92;2;2;18,20459;100
92;2;2;18,20459;100
92;2;2;18,20459;100
92;2;2;18,20459;100
92;2;2;18,20459;100
92;2;2;18,20459;100
92;2;2;18,20459;100
92;2;2;18,20459;100
92;2;2;18,20459;100
92;2;2;18,20459;100
92;2;2;18,20459;100
92;2;2;18,20459;100
92;2;2;18,53809;100
92;2;2;18,53809;100
92;2;2;18,53809;100
92;2;2;18,53809;100
92;2;2;18,53809;100
92;2;2;18,53809;100
92;2;2;18,53809;100
92;2;2;18,53809;100
92;2;2;18,53809;100
92;2;2;18,53809;100
92;2;2;18,53809;100
92;2;2;18,53809;100
92;2;2;18,53809;100
92;2;2;18,53809;100
92;2;2;18,53809;100
92;2;2;18,53809;100
92;2;2;18,87158;100
92;2;2;18,87158;100
92;2;2;18,87158;100
92;2;2;18,87158;100
92;2;2;18,87158;100
92;2;2;18,87158;100
92;2;2;18,87158;100
92;2;2;18,87158;100
92;2;2;18,87158;100
92;2;2;18,87158;100
92;2;2;18,87158;100
92;2;2;18,87158;100
92;2;2;18,87158;100
92;2;2;18,87158;100
92;2;2;18,87158;100
92;2;2;18,87158;100
92;2;2;18,87158;100
92;2;2;19,20508;100
92;2;2;19,20508;100
92;2;2;19,20508;100
92;2;2;19,20508;100
92;2;2;19,20508;100
92;2;2;19,20508;100
92;2;2;19,20508;100
92;2;2;19,20508;100
92;2;2;19,20508;100
92;2;2;19,20508;100
92;2;2;19,20508;100
92;2;2;19,20508;100
92;2;2;19,20508;100
92;2;2;19,20508;100
92;2;2;19,20508;100
92;2;2;19,20508;100
92;2;2;19,20508;100
92;2;2;19,53857;100
92;2;2;19,53857;100
92;2;2;19,53857;100
92;2;2;19,53857;100
92;2;2;19,53857;100
92;2;2;19,53857;100
92;2;2;19,53857;100
92;2;2;19,53857;100
92;2;2;19,53857;100
92;2;2;19,53857;100
92;2;2;19,53857;100
92;2;2;19,53857;100
92;2;2;19,53857;100
92;2;2;19,53857;100
92;2;2;19,53857;100
92;2;2;19,53857;100
92;2;2;19,87207;100
92;2;2;19,87207;100
92;2;2;19,87207;100
92;2;2;19,87207;100
92;2;2;19,87207;100
92;2;2;19,87207;100
92;2;2;19,87207;100
92;2;2;19,87207;100
92;2;2;19,87207;100
92;2;2;19,87207;100
92;2;2;19,87207;100
92;2;2;19,87207;100
92;2;2;19,87207;100
92;2;2;19,87207;100
92;2;2;19,87207;100
92;2;2;19,87207;100
92;2;2;19,87207;100
92;2;2;20,20557;100
92;2;2;20,20557;100
92;2;2;20,20557;100
92;2;2;20,20557;100
92;2;2;20,20557;100
92;2;2;20,20557;100
92;2;2;20,20557;100
92;2;2;20,20557;100
92;2;2;20,20557;100
92;2;2;20,20557;100
92;2;2;20,20557;100
92;2;2;20,20557;100
92;2;2;20,20557;100
92;2;2;20,20557;100
92;2;2;20,20557;100
92;2;2;20,20557;100
92;2;2;20,20557;100
92;2;2;20,53906;100
92;2;2;20,53906;100
92;2;2;20,53906;100
92;2;2;20,53906;100
92;2;2;20,53906;100
92;2;2;20,53906;100
92;2;2;20,53906;100
92;2;2;20,53906;100
92;2;2;20,53906;100
92;3;15;20,53906;100
92;2;2;20,53906;100
92;2;2;20,53906;100
92;2;2;20,53906;100
92;2;2;20,53906;100
92;2;2;20,53906;100
92;2;2;20,53906;100
92;2;2;20,87256;100
92;2;2;20,87256;100
92;2;2;20,87256;100
92;2;2;20,87256;100
92;2;2;20,87256;100
92;2;2;20,87256;100
92;2;2;20,87256;100
92;2;2;20,87256;100
92;2;2;20,87256;100
92;2;2;20,87256;100
92;2;2;20,87256;100
92;2;2;20,87256;100
92;2;2;20,87256;100
92;2;2;20,87256;100
92;2;2;20,87256;100
92;2;2;20,87256;100
92;2;2;21,20605;100
92;2;2;21,20605;100
92;2;2;21,20605;100
92;2;2;21,20605;100
92;2;2;21,20605;100
92;2;2;21,20605;100
92;2;2;21,20605;100
92;2;2;21,20605;100
92;2;2;21,20605;100
92;2;2;21,20605;100
92;2;2;21,20605;100
92;2;2;21,20605;100
92;2;2;21,20605;100
92;2;2;21,20605;100
92;2;2;21,20605;100
92;2;2;21,53955;100
92;2;2;21,53955;100
92;2;2;21,53955;100
92;2;2;21,53955;100
92;2;2;21,53955;100
92;2;2;21,53955;100
92;2;2;21,53955;100
92;2;2;21,53955;100
92;2;2;21,53955;100
92;2;2;21,53955;100
92;2;2;21,53955;100
92;2;2;21,53955;100
92;2;2;21,53955;100
92;2;2;21,53955;100
92;2;2;21,53955;100
92;2;2;21,87305;100
92;2;2;21,87305;100
92;2;2;21,87305;100
92;2;2;21,87305;100
92;2;2;21,87305;100
92;2;2;21,87305;100
92;2;2;21,87305;100
92;2;2;21,87305;100
92;2;2;21,87305;100
92;2;2;21,87305;100
92;2;2;21,87305;100
92;2;2;21,87305;100
92;2;2;21,87305;100
92;2;2;21,87305;100
92;2;2;21,87305;100
92;2;2;21,87305;100
92;2;2;21,87305;100
92;2;2;22,20654;100
92;2;2;22,20654;100
92;2;2;22,20654;100
92;2;2;22,20654;100
92;2;2;22,20654;100
92;2;2;22,20654;100
92;2;2;22,20654;100
92;2;2;22,20654;100
92;2;2;22,20654;100
92;2;2;22,20654;100
92;2;2;22,20654;100
92;2;2;22,20654;100
92;2;2;22,20654;100
92;2;2;22,20654;100
92;2;2;22,20654;100
92;2;2;22,54004;100
92;2;2;22,54004;100
92;2;2;22,54004;100
92;2;2;22,54004;100
92;2;2;22,54004;100
92;2;2;22,54004;100
92;2;2;22,54004;100
92;2;2;22,54004;100
92;2;2;22,54004;100
92;2;2;22,54004;100
92;2;2;22,54004;100
92;2;2;22,54004;100
92;2;2;22,54004;100
92;2;2;22,54004;100
92;2;2;22,54004;100
92;2;2;22,87354;100
92;2;2;22,87354;100
92;2;2;22,87354;100
92;2;2;22,87354;100
92;2;2;22,87354;100
92;2;2;22,87354;100
92;2;2;22,87354;100
92;2;2;22,87354;100
92;2;2;22,87354;100
92;2;2;22,87354;100
92;2;2;22,87354;100
92;2;2;22,87354;100
92;2;2;22,87354;100
92;2;2;23,20703;100
92;2;2;23,20703;100
92;2;2;23,20703;100
92;2;2;23,20703;100
92;2;2;23,20703;100
92;2;2;23,20703;100
92;2;2;23,20703;100
92;2;2;23,20703;100
92;2;2;23,20703;100
92;2;2;23,20703;100
92;2;2;23,20703;100
92;2;2;23,20703;100
92;2;2;23,20703;100
92;2;2;23,20703;100
92;2;2;23,54053;100
92;2;2;23,54053;100
92;2;2;23,54053;100
92;2;2;23,54053;100
92;2;2;23,54053;100
92;2;2;23,54053;100
92;2;2;23,54053;100
92;2;2;23,54053;100
92;2;2;23,54053;100
92;2;2;23,54053;100
92;2;2;23,54053;100
92;2;2;23,54053;100
92;2;2;23,54053;100
92;2;2;23,54053;100
92;2;2;23,87402;100
92;2;2;23,87402;100
92;2;2;23,87402;100
92;2;2;23,87402;100
92;2;2;23,87402;100
92;2;2;23,87402;100
92;2;2;23,87402;100
92;2;2;23,87402;100
92;2;2;23,87402;100
92;2;2;23,87402;100
92;2;2;23,87402;100
92;2;2;23,87402;100
92;2;2;23,87402;100
92;2;2;23,87402;100
92;2;2;24,20752;100
92;2;2;24,20752;100
92;2;2;24,20752;100
92;2;2;24,20752;100
92;2;2;24,20752;100
92;2;2;24,20752;100
92;2;2;24,20752;100
92;2;2;24,20752;100
92;2;2;24,20752;100
92;2;2;24,20752;100
92;2;2;24,20752;100
92;2;2;24,20752;100
92;2;2;24,20752;100
92;2;2;24,20752;100
92;2;2;24,20752;100
92;2;2;24,20752;100
92;2;2;24,54102;100
92;2;2;24,54102;100
92;2;2;24,54102;100
92;2;2;24,54102;100
92;2;2;24,54102;100
92;2;2;24,54102;100
92;2;2;24,54102;100
92;2;2;24,54102;100
92;2;2;24,54102;100
92;2;2;24,54102;100
92;2;2;24,54102;100
92;2;2;24,54102;100
92;2;2;24,54102;100
92;2;2;24,87451;100
92;2;2;24,87451;100
92;2;2;24,87451;100
92;2;2;24,87451;100
92;2;2;24,87451;100
92;2;2;24,87451;100
92;2;2;24,87451;100
92;2;2;24,87451;100
92;2;2;24,87451;100
92;2;2;25,20801;100
92;2;2;25,20801;100
92;2;2;25,20801;100
92;2;2;25,20801;100
92;2;2;25,20801;100
92;2;2;25,20801;100
92;3;15;25,20801;100
92;2;2;25,20801;100
92;2;2;25,20801;100
92;2;2;25,20801;100
92;2;2;25,20801;100
92;2;2;25,5415;100
92;3;15;25,5415;100
92;2;2;25,5415;100
92;2;2;25,5415;100
92;2;2;25,5415;100
92;2;2;25,5415;100
92;2;2;25,5415;100
92;2;2;25,5415;100
92;2;2;25,5415;100
92;2;2;25,5415;100
92;2;2;25,5415;100
92;2;2;25,5415;100
92;2;2;25,5415;100
92;2;2;25,875;100
92;2;2;25,875;100
92;2;2;25,875;100
92;2;2;25,875;100
92;2;2;25,875;100
92;2;2;25,875;100
92;2;2;25,875;100
92;2;2;25,875;100
92;2;2;25,875;100
92;2;2;26,2085;100
92;2;2;26,2085;100
92;2;2;26,2085;100
92;2;2;26,2085;100
92;2;2;26,2085;100
92;2;2;26,2085;100
92;2;2;26,2085;100
92;2;2;26,2085;100
92;2;2;26,2085;100
84;2;2;26,54199;98
76;2;2;26,54199;96
60;2;2;26,54199;94
52;2;2;26,54199;92
36;2;2;26,54199;90
20;3;15;26,54199;75
Boss