92;2;2;12,8584;100
92;3;15;12,8584;100
92;2;2;12,8584;100
92;2;2;13,19141;100
92;2;2;13,19141;100
92;3;15;13,19141;100
92;2;2;13,19141;100
92;2;2;13,19141;100
92;2;2;13,19141;100
92;2;2;13,19141;100
92;2;2;13,19141;100
92;2;2;13,19141;100
92;2;2;13,19141;100
92;2;2;13,19141;100
92;2;2;13,52441;100
92;2;2;13,52441;100
92;2;2;13,52441;100
92;2;2;13,52441;100
92;2;2;13,52441;100
92;2;2;13,52441;100
92;2;2;13,52441;100
92;2;2;13,52441;100
92;2;2;13,52441;100
92;2;2;13,52441;100
92;2;2;13,52441;100
92;2;2;13,85742;100
92;2;2;13,85742;100
92;2;2;13,85742;100
92;2;2;13,85742;100
92;2;2;13,85742;100
92;2;2;13,85742;100
92;2;2;13,85742;100
92;2;2;13,85742;100
92;2;2;13,85742;100
92;2;2;14,19043;100
92;2;2;14,19043;100
92;2;2;14,19043;100
92;2;2;14,19043;100
92;2;2;14,19043;100
92;2;2;14,19043;100
92;2;2;14,19043;100
92;2;2;14,19043;100
92;2;2;14,19043;100
92;2;2;14,19043;100
92;2;2;14,19043;100
92;2;2;14,19043;100
92;2;2;14,19043;100
92;2;2;14,52344;100
92;2;2;14,52344;100
92;2;2;14,52344;100
92;2;2;14,52344;100
92;2;2;14,52344;100
92;2;2;14,52344;100
92;2;2;14,52344;100
92;2;2;14,52344;100
92;2;2;14,52344;100
92;2;2;14,52344;100
92;2;2;14,52344;100
92;2;2;14,52344;100
92;2;2;14,52344;100
92;2;2;14,52344;100
92;2;2;14,85645;100
92;2;2;14,85645;100
92;2;2;14,85645;100
92;2;2;14,85645;100
92;2;2;14,85645;100
92;2;2;14,85645;100
92;2;2;14,85645;100
92;2;2;14,85645;100
92;2;2;14,85645;100
92;2;2;14,85645;100
92;2;2;14,85645;100
92;3;15;14,85645;100
92;3;15;15,18945;100
92;2;2;15,18945;100
92;2;2;15,18945;100
92;3;15;15,18945;100
92;2;2;15,18945;100
92;2;2;15,18945;100
92;2;2;15,18945;100
92;2;2;15,18945;100
92;3;15;15,18945;100
92;2;2;15,52246;100
92;2;2;15,52246;100
92;2;2;15,52246;100
92;2;2;15,52246;100
92;2;2;15,52246;100
92;2;2;15,52246;100
92;2;2;15,52246;100
92;2;2;15,52246;100
92;2;2;15,52246;100
92;2;2;15,52246;100
92;2;2;15,52246;100
92;2;2;15,52246;100
92;2;2;15,52246;100
92;2;2;15,52246;100
92;2;2;15,85547;100
92;2;2;15,85547;100
92;2;2;15,85547;100
92;3;15;15,85547;100
92;2;2;15,85547;100
92;2;2;15,85547;100
92;2;2;15,85547;100
92;2;2;15,85547;100
92;2;2;15,85547;100
92;2;2;15,85547;100
92;2;2;15,85547;100
92;2;2;15,85547;100
92;2;2;16,18848;100
92;3;15;16,18848;100
92;2;2;16,18848;100
92;2;2;16,18848;100
92;2;2;16,18848;100
92;3;15;16,18848;100
92;2;2;16,18848;100
92;2;2;16,18848;100
92;2;2;16,18848;100
92;2;2;16,18848;100
92;2;2;16,18848;100
92;3;15;16,18848;100
92;2;2;16,18848;100
92;3;15;16,18848;100
92;2;2;16,52148;100
92;2;2;16,52148;100
92;2;2;16,52148;100
92;2;2;16,52148;100
92;2;2;16,52148;100
92;2;2;16,52148;100
92;2;2;16,52148;100
92;2;2;16,52148;100
92;2;2;16,52148;100
92;2;2;16,52148;100
92;2;2;16,52148;100
92;2;2;16,52148;100
92;2;2;16,52148;100
92;2;2;16,85449;100
92;2;2;16,85449;100
92;2;2;16,85449;100
92;2;2;16,85449;100
92;3;15;16,85449;100
92;2;2;16,85449;100
92;2;2;16,85449;100
92;2;2;16,85449;100
92;2;2;16,85449;100
92;2;2;16,85449;100
92;2;2;16,85449;100
92;2;2;16,85449;100
92;2;2;17,1875;100
92;3;15;17,1875;100
92;2;2;17,1875;100
92;2;2;17,1875;100
92;2;2;17,1875;100
92;2;2;17,1875;100
92;3;15;17,1875;100
92;2;2;17,1875;100
92;2;2;17,1875;100
92;2;2;17,1875;100
92;2;2;17,1875;100
92;2;2;17,1875;100
92;2;2;17,1875;100
92;2;2;17,1875;100
92;2;2;17,1875;100
92;2;2;17,1875;100
92;2;2;17,52051;100
92;2;2;17,52051;100
92;2;2;17,52051;100
92;2;2;17,52051;100
92;2;2;17,52051;100
92;2;2;17,52051;100
92;2;2;17,52051;100
92;2;2;17,52051;100
92;2;2;17,52051;100
92;2;2;17,52051;100
92;2;2;17,52051;100
92;2;2;17,52051;100
92;2;2;17,52051;100
92;3;15;17,52051;100
92;3;15;17,85352;100
92;2;2;17,85352;100
92;2;2;17,85352;100
92;2;2;17,85352;100
92;2;2;17,85352;100
92;2;2;17,85352;100
92;3;15;17,85352;100
92;3;15;17,85352;100
92;2;2;17,85352;100
92;2;2;17,85352;100
92;2;2;17,85352;100
92;2;2;18,18652;100
92;2;2;18,18652;100
92;2;2;18,18652;100
92;3;15;18,18652;100
92;2;2;18,18652;100
92;2;2;18,18652;100
92;2;2;18,18652;100
92;2;2;18,18652;100
92;3;15;18,18652;100
92;2;2;18,18652;100
92;2;2;18,18652;100
92;2;2;18,18652;100
92;2;2;18,18652;100
92;2;2;18,18652;100
92;2;2;18,18652;100
92;2;2;18,51953;100
92;2;2;18,51953;100
92;2;2;18,51953;100
92;2;2;18,51953;100
92;2;2;18,51953;100
92;2;2;18,51953;100
92;3;15;18,51953;100
92;2;2;18,51953;100
92;3;15;18,51953;100
92;2;2;18,51953;100
92;2;2;18,51953;100
92;2;2;18,51953;100
92;2;2;18,51953;100
92;2;2;18,51953;100
92;2;2;18,85254;100
92;2;2;18,85254;100
92;2;2;18,85254;100
92;2;2;18,85254;100
92;3;15;18,85254;85
92;2;2;18,85254;85
92;2;2;18,85254;85
92;2;2;18,85254;85
92;2;2;18,85254;85
92;2;2;18,85254;85
92;2;2;18,85254;85
92;2;2;18,85254;85
92;2;2;18,85254;85
92;2;2;18,85254;85
92;2;2;18,85254;85
92;2;2;19,18555;85
92;2;2;19,18555;85
92;2;2;19,18555;85
92;2;2;19,18555;85
92;3;15;19,18555;70
92;2;2;19,18555;70
92;2;2;19,18555;70
92;2;2;19,18555;70
92;2;2;19,18555;70
92;3;15;19,18555;55
92;2;2;19,18555;55
92;2;2;19,18555;55
92;2;2;19,18555;55
92;2;2;19,18555;55
92;2;2;19,18555;55
92;3;15;19,18555;40
92;2;2;19,51855;40
92;2;2;19,51855;38
84;2;2;19,51855;36
68;2;2;19,51855;34
52;2;2;19,51855;32
44;3;15;19,51855;17
36;2;2;19,51855;15
28;2;2;19,51855;13
20;3;15;19,51855;-2
Player