92;2;2;21,92725;100
92;2;2;21,92725;100
92;2;2;21,92725;100
92;2;2;22,26074;100
92;3;15;22,26074;100
92;2;2;22,26074;100
92;2;2;22,26074;100
92;2;2;22,26074;100
92;2;2;22,26074;100
92;2;2;22,26074;100
92;2;2;22,26074;100
92;2;2;22,26074;100
92;2;2;22,26074;100
92;2;2;22,26074;100
92;2;2;22,26074;100
92;2;2;22,26074;100
92;2;2;22,26074;100
92;2;2;22,26074;100
92;2;2;22,26074;100
92;2;2;22,59424;100
92;2;2;22,59424;100
92;2;2;22,59424;100
92;2;2;22,59424;100
92;2;2;22,59424;100
92;2;2;22,59424;100
92;2;2;22,59424;100
92;2;2;22,59424;100
92;2;2;22,59424;100
92;2;2;22,59424;100
92;2;2;22,59424;100
92;2;2;22,59424;100
92;2;2;22,59424;100
92;2;2;22,59424;100
92;2;2;22,59424;100
92;2;2;22,59424;100
92;2;2;22,92773;100
92;2;2;22,92773;100
92;2;2;22,92773;100
92;2;2;22,92773;100
92;2;2;22,92773;100
92;2;2;22,92773;100
92;2;2;22,92773;100
92;2;2;22,92773;100
92;2;2;22,92773;100
92;2;2;22,92773;100
92;2;2;22,92773;100
92;2;2;22,92773;100
92;2;2;22,92773;100
92;2;2;22,92773;100
92;2;2;22,92773;100
92;2;2;22,92773;100
92;2;2;23,26123;100
92;2;2;23,26123;100
92;2;2;23,26123;100
92;2;2;23,26123;100
92;2;2;23,26123;100
92;2;2;23,26123;100
92;2;2;23,26123;100
92;2;2;23,26123;100
92;2;2;23,26123;100
92;2;2;23,26123;100
92;2;2;23,26123;100
92;2;2;23,26123;100
92;2;2;23,26123;100
92;2;2;23,26123;100
92;2;2;23,59473;100
92;2;2;23,59473;100
92;2;2;23,59473;100
92;2;2;23,59473;100
92;2;2;23,59473;100
92;2;2;23,59473;100
92;2;2;23,59473;100
92;2;2;23,59473;100
92;2;2;23,59473;100
92;2;2;23,59473;100
92;2;2;23,59473;100
92;2;2;23,59473;100
92;2;2;23,59473;100
92;2;2;23,59473;100
92;2;2;23,59473;100
92;2;2;23,92822;100
92;2;2;23,92822;100
92;2;2;23,92822;100
92;2;2;23,92822;100
92;2;2;23,92822;100
92;2;2;23,92822;100
92;2;2;23,92822;100
92;2;2;23,92822;100
92;2;2;23,92822;100
92;2;2;23,92822;100
92;2;2;23,92822;100
92;2;2;23,92822;100
92;2;2;23,92822;100
92;2;2;23,92822;100
92;2;2;23,92822;100
92;2;2;24,26172;100
92;2;2;24,26172;100
92;2;2;24,26172;100
92;2;2;24,26172;100
92;2;2;24,26172;100
92;2;2;24,26172;100
92;2;2;24,26172;100
92;2;2;24,26172;100
92;2;2;24,26172;100
92;2;2;24,26172;100
92;2;2;24,26172;100
92;2;2;24,26172;100
92;2;2;24,26172;100
92;2;2;24,26172;100
92;2;2;24,26172;100
92;2;2;24,26172;100
92;2;2;24,26172;100
92;2;2;24,59521;100
92;2;2;24,59521;100
92;2;2;24,59521;100
92;2;2;24,59521;100
92;2;2;24,59521;100
92;2;2;24,59521;100
92;2;2;24,59521;100
92;2;2;24,59521;100
92;2;2;24,59521;100
92;2;2;24,59521;100
92;2;2;24,59521;100
92;2;2;24,59521;100
92;2;2;24,59521;100
92;2;2;24,59521;100
92;2;2;24,59521;100
92;2;2;24,92871;100
92;2;2;24,92871;100
92;2;2;24,92871;100
92;2;2;24,92871;100
92;2;2;24,92871;100
92;2;2;24,92871;100
92;2;2;24,92871;100
92;2;2;24,92871;100
92;2;2;24,92871;100
92;2;2;24,92871;100
92;2;2;24,92871;100
92;2;2;24,92871;100
92;2;2;24,92871;100
92;2;2;24,92871;100
92;2;2;24,92871;100
92;2;2;24,92871;100
92;2;2;24,92871;100
92;2;2;25,26221;100
92;2;2;25,26221;100
92;2;2;25,26221;100
92;2;2;25,26221;100
92;2;2;25,26221;100
92;2;2;25,26221;100
92;2;2;25,26221;100
92;2;2;25,26221;100
92;2;2;25,26221;100
92;2;2;25,26221;100
92;2;2;25,26221;100
92;2;2;25,26221;100
92;2;2;25,26221;100
92;2;2;25,26221;100
92;2;2;25,26221;100
92;3;15;25,26221;100
92;2;2;25,5957;100
92;2;2;25,5957;100
92;2;2;25,5957;100
92;2;2;25,5957;100
92;2;2;25,5957;100
92;2;2;25,5957;100
92;2;2;25,5957;100
92;2;2;25,5957;100
92;2;2;25,5957;100
92;2;2;25,5957;100
92;2;2;25,5957;100
92;2;2;25,5957;100
92;2;2;25,5957;100
92;2;2;25,9292;100
92;2;2;25,9292;100
92;2;2;25,9292;100
92;2;2;25,9292;100
92;2;2;25,9292;100
92;2;2;25,9292;100
92;2;2;25,9292;100
92;2;2;25,9292;100
92;2;2;25,9292;100
92;2;2;25,9292;100
92;2;2;25,9292;100
92;2;2;25,9292;100
92;2;2;25,9292;100
92;2;2;26,2627;100
92;2;2;26,2627;100
92;2;2;26,2627;100
92;2;2;26,2627;100
92;2;2;26,2627;100
92;2;2;26,2627;100
92;2;2;26,2627;100
92;2;2;26,2627;100
92;2;2;26,2627;100
92;2;2;26,2627;100
92;2;2;26,2627;100
92;2;2;26,2627;100
92;2;2;26,2627;100
92;2;2;26,2627;100
92;2;2;26,59619;100
92;2;2;26,59619;100
92;2;2;26,59619;100
92;2;2;26,59619;100
92;2;2;26,59619;100
92;2;2;26,59619;100
92;2;2;26,59619;100
92;2;2;26,59619;100
92;2;2;26,59619;100
92;2;2;26,59619;100
92;2;2;26,59619;100
92;2;2;26,59619;100
92;2;2;26,92969;100
92;2;2;26,92969;100
92;2;2;26,92969;100
92;2;2;26,92969;100
92;2;2;26,92969;100
92;2;2;26,92969;100
92;2;2;26,92969;100
92;2;2;26,92969;100
92;2;2;26,92969;100
92;2;2;26,92969;100
92;2;2;26,92969;100
92;2;2;26,92969;100
92;2;2;26,92969;100
92;2;2;27,26318;100
92;2;2;27,26318;100
92;2;2;27,26318;100
92;2;2;27,26318;100
92;2;2;27,26318;100
92;2;2;27,26318;100
92;2;2;27,26318;100
92;2;2;27,26318;100
92;2;2;27,26318;100
92;2;2;27,26318;100
92;2;2;27,26318;100
92;2;2;27,26318;100
92;2;2;27,26318;100
92;2;2;27,26318;100
92;2;2;27,59668;100
92;2;2;27,59668;100
92;2;2;27,59668;100
92;2;2;27,59668;100
92;2;2;27,59668;100
92;2;2;27,59668;100
92;2;2;27,59668;100
92;2;2;27,59668;100
92;2;2;27,59668;100
92;2;2;27,59668;100
92;2;2;27,59668;100
92;2;2;27,93018;100
92;2;2;27,93018;100
92;2;2;27,93018;100
92;2;2;27,93018;100
92;2;2;27,93018;100
92;2;2;27,93018;100
92;2;2;27,93018;100
92;2;2;27,93018;100
92;2;2;27,93018;100
92;2;2;27,93018;100
92;2;2;27,93018;100
92;2;2;28,26367;100
92;2;2;28,26367;100
92;2;2;28,26367;100
92;2;2;28,26367;100
92;2;2;28,26367;100
92;2;2;28,26367;100
92;2;2;28,26367;100
92;2;2;28,26367;100
92;2;2;28,26367;100
92;2;2;28,26367;100
92;2;2;28,26367;100
92;2;2;28,26367;100
92;2;2;28,26367;100
92;2;2;28,26367;100
92;2;2;28,59717;100
92;2;2;28,59717;100
92;2;2;28,59717;100
92;2;2;28,59717;100
92;2;2;28,59717;100
92;2;2;28,59717;100
92;2;2;28,59717;100
92;2;2;28,59717;100
92;2;2;28,59717;100
92;2;2;28,59717;100
92;2;2;28,59717;100
92;2;2;28,59717;100
92;2;2;28,59717;100
92;2;2;28,93066;100
92;2;2;28,93066;100
92;2;2;28,93066;100
92;2;2;28,93066;100
92;2;2;28,93066;100
92;2;2;28,93066;100
92;2;2;28,93066;100
92;2;2;28,93066;100
92;2;2;28,93066;100
92;2;2;28,93066;100
92;2;2;28,93066;100
92;2;2;29,26416;98
84;2;2;29,26416;96
76;2;2;29,26416;94
60;2;2;29,26416;92
28;2;2;29,26416;90
Boss