92;2;2;16,50293;100
92;2;2;16,50293;100
92;2;2;16,50293;100
92;2;2;16,83594;100
92;3;15;16,83594;100
92;2;2;16,83594;100
92;3;15;16,83594;100
92;2;2;16,83594;100
92;2;2;16,83594;100
92;2;2;16,83594;100
92;2;2;16,83594;100
92;2;2;16,83594;100
92;2;2;16,83594;100
92;2;2;16,83594;100
92;2;2;17,16895;100
92;2;2;17,16895;100
92;2;2;17,16895;100
92;2;2;17,16895;100
92;2;2;17,16895;100
92;2;2;17,16895;100
92;2;2;17,16895;100
92;2;2;17,16895;100
92;2;2;17,16895;100
92;2;2;17,16895;100
92;2;2;17,16895;100
92;2;2;17,16895;100
92;2;2;17,50195;100
92;2;2;17,50195;100
92;2;2;17,50195;100
92;2;2;17,50195;100
92;2;2;17,50195;100
92;2;2;17,50195;100
92;2;2;17,50195;100
92;2;2;17,50195;100
92;2;2;17,50195;100
92;2;2;17,50195;100
92;2;2;17,50195;100
92;2;2;17,83496;100
92;2;2;17,83496;100
92;2;2;17,83496;100
92;2;2;17,83496;100
92;2;2;17,83496;100
92;3;15;17,83496;100
92;2;2;17,83496;100
92;2;2;17,83496;100
92;2;2;17,83496;100
92;2;2;17,83496;100
92;2;2;17,83496;100
92;2;2;17,83496;100
92;2;2;18,16797;100
92;2;2;18,16797;100
92;2;2;18,16797;100
92;2;2;18,16797;100
92;2;2;18,16797;100
92;2;2;18,16797;100
92;2;2;18,16797;100
92;2;2;18,16797;100
92;2;2;18,16797;100
92;2;2;18,16797;100
92;2;2;18,16797;100
92;2;2;18,50098;100
92;2;2;18,50098;100
92;3;15;18,50098;100
92;2;2;18,50098;100
92;2;2;18,50098;100
92;2;2;18,50098;100
92;2;2;18,50098;100
92;2;2;18,50098;100
92;2;2;18,50098;100
92;3;15;18,50098;100
92;2;2;18,50098;100
92;3;15;18,83398;100
92;2;2;18,83398;100
92;2;2;18,83398;100
92;2;2;18,83398;100
92;2;2;18,83398;100
92;2;2;18,83398;100
92;2;2;18,83398;100
92;2;2;18,83398;100
92;2;2;18,83398;100
92;2;2;18,83398;100
92;2;2;18,83398;100
92;2;2;19,16699;100
92;2;2;19,16699;100
92;2;2;19,16699;100
92;2;2;19,16699;100
92;2;2;19,16699;100
92;2;2;19,16699;100
92;2;2;19,16699;100
92;2;2;19,16699;100
92;2;2;19,16699;100
92;2;2;19,16699;100
92;2;2;19,16699;100
92;2;2;19,16699;100
92;2;2;19,16699;100
92;2;2;19,16699;100
92;2;2;19,5;100
92;2;2;19,5;100
92;2;2;19,5;100
92;2;2;19,5;100
92;2;2;19,5;100
92;2;2;19,5;100
92;2;2;19,5;100
92;2;2;19,5;100
92;2;2;19,5;100
92;2;2;19,5;100
92;2;2;19,5;100
92;2;2;19,5;100
92;2;2;19,83301;100
92;2;2;19,83301;100
92;2;2;19,83301;100
92;2;2;19,83301;100
92;2;2;19,83301;100
92;2;2;19,83301;100
92;2;2;19,83301;100
92;2;2;19,83301;100
92;2;2;19,83301;100
92;2;2;19,83301;100
92;2;2;19,83301;100
92;2;2;19,83301;100
92;2;2;19,83301;100
92;2;2;19,83301;100
92;2;2;20,16602;100
92;2;2;20,16602;100
92;2;2;20,16602;100
92;2;2;20,16602;100
92;2;2;20,16602;100
92;2;2;20,16602;100
92;2;2;20,16602;100
92;2;2;20,16602;100
92;2;2;20,16602;100
92;2;2;20,16602;100
92;2;2;20,16602;100
92;2;2;20,16602;100
92;2;2;20,16602;100
92;2;2;20,49902;100
92;2;2;20,49902;100
92;2;2;20,49902;100
92;2;2;20,49902;100
92;2;2;20,49902;100
92;2;2;20,49902;100
92;2;2;20,49902;100
92;3;15;20,49902;100
92;2;2;20,49902;100
92;2;2;20,49902;100
92;2;2;20,49902;100
92;2;2;20,49902;100
92;2;2;20,49902;100
92;3;15;20,83203;100
92;3;15;20,83203;100
92;2;2;20,83203;100
92;2;2;20,83203;100
92;2;2;20,83203;100
92;2;2;20,83203;100
92;2;2;20,83203;100
92;2;2;20,83203;100
92;2;2;20,83203;100
92;2;2;20,83203;100
92;3;15;20,83203;100
92;2;2;20,83203;100
92;2;2;20,83203;100
92;2;2;21,16504;100
92;2;2;21,16504;100
92;2;2;21,16504;100
92;2;2;21,16504;100
92;2;2;21,16504;100
92;2;2;21,16504;100
92;2;2;21,16504;100
92;2;2;21,16504;100
92;2;2;21,16504;100
92;2;2;21,16504;100
92;2;2;21,16504;100
92;2;2;21,49805;100
92;2;2;21,49805;100
92;2;2;21,49805;100
92;2;2;21,49805;100
92;2;2;21,49805;100
92;2;2;21,49805;100
92;3;15;21,49805;100
92;2;2;21,49805;100
92;2;2;21,49805;100
92;3;15;21,49805;100
92;2;2;21,49805;100
92;2;2;21,49805;100
92;2;2;21,83105;100
92;2;2;21,83105;100
92;2;2;21,83105;100
92;2;2;21,83105;100
92;2;2;21,83105;100
92;2;2;21,83105;100
92;2;2;21,83105;100
92;2;2;21,83105;100
92;2;2;21,83105;100
92;3;15;21,83105;100
92;2;2;21,83105;100
92;2;2;21,83105;100
92;2;2;21,83105;100
92;2;2;21,83105;100
92;2;2;22,16406;100
92;2;2;22,16406;100
92;2;2;22,16406;100
92;2;2;22,16406;100
92;2;2;22,16406;100
92;2;2;22,16406;100
92;2;2;22,16406;100
92;2;2;22,16406;100
92;3;15;22,16406;100
92;2;2;22,16406;100
92;2;2;22,16406;100
92;2;2;22,16406;100
92;2;2;22,49707;100
92;3;15;22,49707;85
92;2;2;22,49707;85
92;2;2;22,49707;85
92;2;2;22,49707;85
92;2;2;22,49707;85
92;3;15;22,49707;70
92;3;15;22,49707;55
92;2;2;22,49707;55
92;2;2;22,49707;55
92;2;2;22,49707;55
92;2;2;22,49707;55
92;2;2;22,83008;55
92;2;2;22,83008;55
92;2;2;22,83008;55
92;2;2;22,83008;55
92;2;2;22,83008;55
92;2;2;22,83008;55
92;2;2;22,83008;55
92;2;2;22,83008;55
92;2;2;22,83008;55
92;2;2;22,83008;55
92;2;2;22,83008;55
92;2;2;22,83008;55
92;2;2;22,83008;55
92;2;2;22,83008;55
92;2;2;22,83008;55
92;2;2;23,16309;53
84;2;2;23,16309;51
68;2;2;23,16309;49
60;2;2;23,16309;47
44;2;2;23,16309;45
36;2;2;23,16309;43
28;3;15;23,16309;28
20;3;15;23,16309;13
4;3;15;23,16309;-2
Player