92;2;2;20,01465;100
92;2;2;20,01465;100
92;2;2;20,34766;100
92;2;2;20,34766;100
92;2;2;20,34766;100
92;2;2;20,34766;100
92;2;2;20,34766;100
92;2;2;20,34766;100
92;2;2;20,34766;100
92;2;2;20,34766;100
92;2;2;20,34766;100
92;2;2;20,34766;100
92;2;2;20,34766;100
92;2;2;20,34766;100
92;2;2;20,68066;100
92;2;2;20,68066;100
92;2;2;20,68066;100
92;2;2;20,68066;100
92;2;2;20,68066;100
92;2;2;20,68066;100
92;2;2;20,68066;100
92;2;2;20,68066;100
92;2;2;20,68066;100
92;2;2;20,68066;100
92;2;2;20,68066;100
92;2;2;21,01367;100
92;2;2;21,01367;100
92;2;2;21,01367;100
92;3;15;21,01367;100
92;2;2;21,01367;100
92;2;2;21,01367;100
92;2;2;21,01367;100
92;2;2;21,01367;100
92;3;15;21,01367;100
92;2;2;21,01367;100
92;2;2;21,01367;100
92;2;2;21,34668;100
92;2;2;21,34668;100
92;2;2;21,34668;100
92;2;2;21,34668;100
92;2;2;21,34668;100
92;2;2;21,34668;100
92;2;2;21,34668;100
92;2;2;21,34668;100
92;2;2;21,34668;100
92;2;2;21,34668;100
92;2;2;21,34668;100
92;2;2;21,34668;100
92;2;2;21,67969;100
92;2;2;21,67969;100
92;2;2;21,67969;100
92;2;2;21,67969;100
92;3;15;21,67969;100
92;2;2;21,67969;100
92;2;2;21,67969;100
92;3;15;21,67969;100
92;2;2;21,67969;100
92;2;2;21,67969;100
92;2;2;21,67969;100
92;2;2;21,67969;100
92;2;2;22,0127;100
92;2;2;22,0127;100
92;2;2;22,0127;100
92;2;2;22,0127;100
92;2;2;22,0127;100
92;2;2;22,0127;100
92;2;2;22,0127;100
92;2;2;22,0127;100
92;2;2;22,0127;100
92;2;2;22,0127;100
92;2;2;22,0127;100
92;2;2;22,0127;100
92;3;15;22,0127;100
92;2;2;22,3457;100
92;2;2;22,3457;100
92;2;2;22,3457;100
92;2;2;22,3457;100
92;2;2;22,3457;100
92;3;15;22,3457;100
92;2;2;22,3457;100
92;2;2;22,3457;100
92;2;2;22,3457;100
92;2;2;22,3457;100
92;2;2;22,3457;100
92;2;2;22,3457;100
92;2;2;22,3457;100
92;2;2;22,67871;100
92;2;2;22,67871;100
92;2;2;22,67871;100
92;2;2;22,67871;100
92;2;2;22,67871;100
92;3;15;22,67871;100
92;2;2;22,67871;100
92;2;2;22,67871;100
92;3;15;22,67871;100
92;2;2;23,01172;100
92;2;2;23,01172;100
92;2;2;23,01172;100
92;2;2;23,01172;100
92;2;2;23,01172;100
92;2;2;23,01172;100
92;2;2;23,01172;100
92;3;15;23,01172;100
92;2;2;23,01172;100
92;2;2;23,01172;100
92;2;2;23,01172;100
92;3;15;23,01172;100
92;2;2;23,01172;100
92;2;2;23,01172;100
92;2;2;23,34473;100
92;3;15;23,34473;100
92;2;2;23,34473;100
92;2;2;23,34473;100
92;3;15;23,34473;100
92;2;2;23,34473;100
92;2;2;23,34473;100
92;2;2;23,34473;100
92;2;2;23,34473;100
92;3;15;23,34473;100
92;2;2;23,34473;100
92;2;2;23,34473;100
92;2;2;23,34473;100
92;2;2;23,67773;100
92;2;2;23,67773;100
92;2;2;23,67773;100
92;2;2;23,67773;100
92;2;2;23,67773;100
92;2;2;23,67773;100
92;2;2;23,67773;100
92;2;2;23,67773;100
92;2;2;23,67773;100
92;2;2;23,67773;100
92;2;2;23,67773;100
92;2;2;23,67773;100
92;3;15;23,67773;100
92;2;2;24,01074;100
92;2;2;24,01074;100
92;2;2;24,01074;100
92;3;15;24,01074;100
92;2;2;24,01074;100
92;2;2;24,01074;100
92;2;2;24,01074;100
92;2;2;24,01074;100
92;3;15;24,01074;100
92;2;2;24,01074;100
92;3;15;24,01074;100
92;2;2;24,01074;100
92;2;2;24,01074;100
92;2;2;24,01074;100
92;2;2;24,01074;100
92;2;2;24,34375;100
92;2;2;24,34375;100
92;2;2;24,34375;100
92;2;2;24,34375;100
92;2;2;24,34375;100
92;2;2;24,34375;100
92;2;2;24,34375;100
92;2;2;24,34375;100
92;2;2;24,34375;100
92;2;2;24,34375;100
92;2;2;24,34375;100
92;2;2;24,67676;100
92;2;2;24,67676;100
92;2;2;24,67676;100
92;2;2;24,67676;100
92;2;2;24,67676;100
92;3;15;24,67676;100
92;2;2;24,67676;100
92;2;2;24,67676;100
92;2;2;24,67676;100
92;2;2;24,67676;100
92;2;2;24,67676;100
92;2;2;24,67676;100
92;3;15;24,67676;100
92;2;2;25,00977;100
92;2;2;25,00977;100
92;3;15;25,00977;100
92;2;2;25,00977;100
92;3;15;25,00977;100
92;2;2;25,00977;100
92;2;2;25,00977;100
92;3;15;25,00977;100
92;3;15;25,00977;100
92;2;2;25,00977;100
92;2;2;25,00977;100
92;2;2;25,00977;100
92;2;2;25,00977;100
92;2;2;25,00977;100
92;2;2;25,34277;100
92;2;2;25,34277;100
92;3;15;25,34277;100
92;3;15;25,34277;100
92;2;2;25,34277;100
92;2;2;25,34277;100
92;3;15;25,34277;100
92;2;2;25,34277;100
92;2;2;25,34277;100
92;3;15;25,34277;100
92;2;2;25,34277;100
92;2;2;25,34277;100
92;3;15;25,34277;100
92;3;15;25,34277;100
92;2;2;25,67578;100
92;3;15;25,67578;100
92;3;15;25,67578;100
92;2;2;25,67578;100
92;3;15;25,67578;100
92;2;2;25,67578;100
92;2;2;25,67578;100
92;3;15;25,67578;100
92;2;2;25,67578;100
92;2;2;25,67578;100
92;2;2;25,67578;100
92;3;15;25,67578;100
92;3;15;25,67578;100
92;3;15;25,67578;100
92;2;2;26,00879;100
92;2;2;26,00879;100
92;2;2;26,00879;100
92;2;2;26,00879;100
92;2;2;26,00879;100
92;3;15;26,00879;85
92;2;2;26,00879;85
92;2;2;26,00879;85
92;2;2;26,00879;85
92;2;2;26,00879;85
92;3;15;26,00879;70
92;2;2;26,00879;70
92;2;2;26,00879;70
92;3;15;26,00879;55
92;2;2;26,00879;55
92;2;2;26,3418;55
92;2;2;26,3418;55
92;2;2;26,3418;55
92;2;2;26,3418;55
92;2;2;26,3418;55
92;2;2;26,3418;55
92;2;2;26,3418;55
92;2;2;26,3418;55
92;2;2;26,3418;55
92;2;2;26,3418;55
92;2;2;26,3418;55
92;2;2;26,3418;55
92;2;2;26,3418;55
92;2;2;26,3418;55
92;2;2;26,3418;55
92;2;2;26,3418;55
92;2;2;26,3418;55
92;2;2;26,6748;55
92;2;2;26,6748;53
84;2;2;26,6748;51
76;2;2;26,6748;49
68;2;2;26,6748;47
60;3;15;26,6748;32
44;2;2;26,6748;30
36;2;2;26,6748;28
20;3;15;26,6748;13
12;2;2;26,6748;11
4;3;15;26,6748;-4
Player