92;2;2;29,60449;100
92;2;2;29,60449;100
92;2;2;29,60449;100
92;2;2;29,60449;100
92;2;2;29,9375;100
92;2;2;29,9375;100
92;2;2;29,9375;100
92;2;2;29,9375;100
92;2;2;29,9375;100
92;2;2;29,9375;100
92;2;2;29,9375;100
92;2;2;29,9375;100
92;2;2;29,9375;100
92;2;2;29,9375;100
92;2;2;29,9375;100
92;2;2;29,9375;100
92;2;2;29,9375;100
92;2;2;29,9375;100
92;2;2;29,9375;100
92;2;2;29,9375;100
92;2;2;30,27051;100
92;2;2;30,27051;100
92;2;2;30,27051;100
92;2;2;30,27051;100
92;2;2;30,27051;100
92;2;2;30,27051;100
92;2;2;30,27051;100
92;2;2;30,27051;100
92;2;2;30,27051;100
92;2;2;30,27051;100
92;2;2;30,27051;100
92;2;2;30,27051;100
92;2;2;30,27051;100
92;2;2;30,27051;100
92;2;2;30,27051;100
92;2;2;30,27051;100
92;2;2;30,27051;100
92;2;2;30,60352;100
92;2;2;30,60352;100
92;2;2;30,60352;100
92;2;2;30,60352;100
92;2;2;30,60352;100
92;2;2;30,60352;100
92;2;2;30,60352;100
92;2;2;30,60352;100
92;2;2;30,60352;100
92;2;2;30,60352;100
92;2;2;30,60352;100
92;2;2;30,60352;100
92;2;2;30,60352;100
92;2;2;30,60352;100
92;2;2;30,60352;100
92;2;2;30,93652;100
92;2;2;30,93652;100
92;2;2;30,93652;100
92;2;2;30,93652;100
92;2;2;30,93652;100
92;2;2;30,93652;100
92;2;2;30,93652;100
92;2;2;30,93652;100
92;2;2;30,93652;100
92;2;2;30,93652;100
92;2;2;30,93652;100
92;2;2;30,93652;100
92;2;2;30,93652;100
92;2;2;30,93652;100
92;2;2;30,93652;100
92;2;2;30,93652;100
92;2;2;30,93652;100
92;2;2;31,26953;100
92;2;2;31,26953;100
92;2;2;31,26953;100
92;2;2;31,26953;100
92;2;2;31,26953;100
92;2;2;31,26953;100
92;2;2;31,26953;100
92;2;2;31,26953;100
92;2;2;31,26953;100
92;2;2;31,26953;100
92;2;2;31,26953;100
92;2;2;31,26953;100
92;2;2;31,26953;100
92;2;2;31,26953;100
92;2;2;31,26953;100
92;2;2;31,26953;100
92;2;2;31,60254;100
92;2;2;31,60254;100
92;2;2;31,60254;100
92;2;2;31,60254;100
92;2;2;31,60254;100
92;2;2;31,60254;100
92;2;2;31,60254;100
92;2;2;31,60254;100
92;2;2;31,60254;100
92;2;2;31,60254;100
92;2;2;31,60254;100
92;2;2;31,60254;100
92;2;2;31,93555;100
92;2;2;31,93555;100
92;2;2;31,93555;100
92;2;2;31,93555;100
92;2;2;31,93555;100
92;2;2;31,93555;100
92;2;2;31,93555;100
92;2;2;31,93555;100
92;2;2;31,93555;100
92;2;2;31,93555;100
92;2;2;31,93555;100
92;2;2;31,93555;100
92;2;2;31,93555;100
92;2;2;31,93555;100
92;2;2;31,93555;100
92;2;2;32,26855;100
92;2;2;32,26855;100
92;2;2;32,26855;100
92;2;2;32,26855;100
92;2;2;32,26855;100
92;2;2;32,26855;100
92;2;2;32,26855;100
92;2;2;32,26855;100
92;2;2;32,26855;100
92;2;2;32,26855;100
92;2;2;32,26855;100
92;2;2;32,26855;100
92;2;2;32,26855;100
92;2;2;32,26855;100
92;2;2;32,60156;100
92;2;2;32,60156;100
92;2;2;32,60156;100
92;2;2;32,60156;100
92;2;2;32,60156;100
92;2;2;32,60156;100
92;2;2;32,60156;100
92;2;2;32,60156;100
92;2;2;32,60156;100
92;2;2;32,60156;100
92;2;2;32,60156;100
92;2;2;32,60156;100
92;2;2;32,60156;100
92;2;2;32,60156;100
92;2;2;32,93457;100
92;2;2;32,93457;100
92;2;2;32,93457;100
92;2;2;32,93457;100
92;2;2;32,93457;100
92;2;2;32,93457;100
92;2;2;32,93457;100
92;2;2;32,93457;100
92;2;2;32,93457;100
92;2;2;32,93457;100
92;2;2;32,93457;100
92;2;2;32,93457;100
92;2;2;32,93457;100
92;2;2;32,93457;100
92;2;2;32,93457;100
92;2;2;33,26758;100
92;2;2;33,26758;100
92;2;2;33,26758;100
92;2;2;33,26758;100
92;2;2;33,26758;100
92;2;2;33,26758;100
92;2;2;33,26758;100
92;2;2;33,26758;100
92;2;2;33,26758;100
92;2;2;33,26758;100
92;2;2;33,26758;100
92;2;2;33,26758;100
92;2;2;33,26758;100
92;2;2;33,60059;100
92;2;2;33,60059;100
92;2;2;33,60059;100
92;2;2;33,60059;100
92;3;15;33,60059;100
92;2;2;33,60059;100
92;2;2;33,60059;100
92;2;2;33,60059;100
92;2;2;33,60059;100
92;3;15;33,60059;100
92;2;2;33,60059;100
92;2;2;33,93359;100
92;2;2;33,93359;100
92;2;2;33,93359;100
92;2;2;33,93359;100
92;2;2;33,93359;100
92;2;2;33,93359;100
92;2;2;33,93359;100
92;2;2;33,93359;100
92;2;2;33,93359;100
92;2;2;33,93359;100
92;2;2;33,93359;100
92;2;2;33,93359;100
92;2;2;33,93359;100
92;2;2;33,93359;100
92;2;2;33,93359;100
92;2;2;33,93359;100
92;2;2;34,2666;100
92;2;2;34,2666;100
92;2;2;34,2666;100
92;2;2;34,2666;100
92;2;2;34,2666;100
92;2;2;34,2666;100
92;2;2;34,2666;100
92;2;2;34,2666;100
92;2;2;34,2666;100
92;2;2;34,2666;100
92;2;2;34,2666;100
92;2;2;34,59961;100
92;2;2;34,59961;100
92;2;2;34,59961;100
92;2;2;34,59961;100
92;2;2;34,59961;100
92;2;2;34,59961;100
92;2;2;34,59961;100
92;2;2;34,59961;100
92;3;15;34,59961;100
92;2;2;34,59961;100
92;2;2;34,59961;100
92;2;2;34,59961;100
92;2;2;34,59961;100
92;2;2;34,59961;100
92;2;2;34,59961;100
92;2;2;34,93262;100
92;2;2;34,93262;100
92;2;2;34,93262;100
92;2;2;34,93262;100
92;2;2;34,93262;100
92;2;2;34,93262;100
92;2;2;34,93262;100
92;2;2;34,93262;100
92;2;2;34,93262;100
92;2;2;34,93262;100
92;3;15;34,93262;100
92;2;2;34,93262;100
92;2;2;34,93262;100
92;2;2;35,26563;100
92;2;2;35,26563;100
92;2;2;35,26563;100
92;2;2;35,26563;100
92;2;2;35,26563;100
92;2;2;35,26563;100
92;2;2;35,26563;100
92;2;2;35,26563;100
92;2;2;35,26563;100
92;2;2;35,26563;100
92;2;2;35,26563;100
92;2;2;35,59863;100
92;2;2;35,59863;100
92;2;2;35,59863;100
92;2;2;35,59863;100
92;2;2;35,59863;100
92;2;2;35,59863;100
92;2;2;35,59863;100
92;2;2;35,59863;100
92;3;15;35,93164;85
92;2;2;35,93164;85
92;2;2;35,93164;85
92;2;2;35,93164;85
92;2;2;35,93164;85
92;2;2;35,93164;85
92;2;2;35,93164;85
92;2;2;35,93164;85
92;2;2;35,93164;85
92;2;2;35,93164;85
92;3;15;35,93164;70
92;2;2;35,93164;70
92;2;2;35,93164;70
92;2;2;36,26465;70
92;2;2;36,26465;68
84;2;2;36,26465;66
76;2;2;36,26465;64
60;3;15;36,26465;49
52;2;2;36,26465;47
44;3;15;36,26465;32
36;2;2;36,26465;30
20;2;2;36,26465;28
12;3;15;36,26465;13
4;3;15;36,26465;-2
Player