92;2;2;55,0918;100
92;2;2;55,0918;100
92;2;2;55,0918;100
92;2;2;55,4248;100
92;2;2;55,4248;100
92;2;2;55,4248;100
92;2;2;55,4248;100
92;2;2;55,4248;100
92;2;2;55,4248;100
92;2;2;55,4248;100
92;2;2;55,4248;100
92;2;2;55,4248;100
92;2;2;55,4248;100
92;2;2;55,75781;100
92;2;2;55,75781;100
92;2;2;55,75781;100
92;3;15;55,75781;100
92;2;2;55,75781;100
92;2;2;55,75781;100
92;2;2;55,75781;100
92;2;2;55,75781;100
92;2;2;55,75781;100
92;2;2;55,75781;100
92;2;2;56,09082;100
92;2;2;56,09082;100
92;2;2;56,09082;100
92;2;2;56,09082;100
92;2;2;56,09082;100
92;2;2;56,09082;100
92;2;2;56,09082;100
92;2;2;56,09082;100
92;2;2;56,09082;100
92;2;2;56,09082;100
92;2;2;56,09082;100
92;2;2;56,42383;100
92;2;2;56,42383;100
92;2;2;56,42383;100
92;2;2;56,42383;100
92;2;2;56,42383;100
92;2;2;56,42383;100
92;2;2;56,42383;100
92;2;2;56,42383;100
92;2;2;56,42383;100
92;2;2;56,42383;100
92;2;2;56,42383;100
92;2;2;56,42383;100
92;2;2;56,42383;100
92;2;2;56,42383;100
92;2;2;56,75684;100
92;2;2;56,75684;100
92;2;2;56,75684;100
92;2;2;56,75684;100
92;2;2;56,75684;100
92;2;2;56,75684;100
92;3;15;56,75684;100
92;2;2;56,75684;100
92;2;2;56,75684;100
92;3;15;56,75684;100
92;2;2;56,75684;100
92;2;2;57,08984;100
92;2;2;57,08984;100
92;2;2;57,08984;100
92;2;2;57,08984;100
92;2;2;57,08984;100
92;2;2;57,08984;100
92;2;2;57,08984;100
92;2;2;57,08984;100
92;2;2;57,08984;100
92;2;2;57,08984;100
92;2;2;57,08984;100
92;3;15;57,42285;100
92;2;2;57,42285;100
92;2;2;57,42285;100
92;2;2;57,42285;100
92;2;2;57,42285;100
92;2;2;57,42285;100
92;2;2;57,42285;100
92;2;2;57,42285;100
92;2;2;57,42285;100
92;2;2;57,42285;100
92;2;2;57,42285;100
92;2;2;57,42285;100
92;2;2;57,75586;100
92;2;2;57,75586;100
92;2;2;57,75586;100
92;2;2;57,75586;100
92;2;2;57,75586;100
92;2;2;57,75586;100
92;2;2;57,75586;100
92;2;2;58,08887;100
92;2;2;58,08887;100
92;2;2;58,08887;100
92;2;2;58,08887;100
92;2;2;58,08887;100
92;3;15;58,08887;100
92;2;2;58,08887;100
92;2;2;58,08887;100
92;2;2;58,08887;100
92;2;2;58,08887;100
92;2;2;58,08887;100
92;2;2;58,08887;100
92;2;2;58,08887;100
92;3;15;58,08887;100
92;2;2;58,42188;100
92;2;2;58,42188;100
92;2;2;58,42188;100
92;2;2;58,42188;100
92;2;2;58,42188;100
92;2;2;58,42188;100
92;2;2;58,42188;100
92;2;2;58,42188;100
92;2;2;58,42188;100
92;2;2;58,42188;100
92;2;2;58,42188;100
92;2;2;58,75488;100
92;2;2;58,75488;100
92;2;2;58,75488;100
92;2;2;58,75488;100
92;2;2;58,75488;100
92;3;15;58,75488;100
92;2;2;58,75488;100
92;2;2;58,75488;100
92;3;15;58,75488;100
92;2;2;58,75488;100
92;2;2;59,08789;100
92;2;2;59,08789;100
92;2;2;59,08789;100
92;2;2;59,08789;100
92;2;2;59,08789;100
92;2;2;59,08789;100
92;2;2;59,08789;100
92;3;15;59,08789;100
92;2;2;59,08789;100
92;2;2;59,08789;100
92;2;2;59,08789;100
92;3;15;59,4209;100
92;2;2;59,4209;100
92;2;2;59,4209;100
92;2;2;59,4209;100
92;2;2;59,4209;100
92;2;2;59,4209;100
92;2;2;59,4209;100
92;2;2;59,4209;100
92;2;2;59,4209;100
92;3;15;59,4209;100
92;2;2;59,4209;100
92;2;2;59,4209;100
92;2;2;59,4209;100
92;2;2;59,4209;100
92;2;2;59,75391;100
92;2;2;59,75391;100
92;2;2;59,75391;100
92;2;2;59,75391;100
92;3;15;59,75391;100
92;2;2;59,75391;100
92;2;2;59,75391;100
92;2;2;59,75391;100
92;2;2;59,75391;100
92;2;2;59,75391;100
92;3;15;59,75391;100
92;2;2;0,08691406;100
92;2;2;0,08691406;100
92;2;2;0,08691406;100
92;2;2;0,08691406;100
92;3;15;0,08691406;100
92;2;2;0,08691406;100
92;2;2;0,08691406;100
92;2;2;0,08691406;100
92;3;15;0,08691406;100
92;2;2;0,08691406;100
92;2;2;0,08691406;100
92;2;2;0,08691406;100
92;2;2;0,4199219;100
92;3;15;0,4199219;100
92;2;2;0,4199219;100
92;2;2;0,4199219;100
92;2;2;0,4199219;100
92;2;2;0,4199219;100
92;2;2;0,4199219;100
92;2;2;0,4199219;100
92;2;2;0,4199219;100
92;2;2;0,4199219;100
92;2;2;0,4199219;100
92;2;2;0,4199219;100
92;2;2;0,4199219;100
92;2;2;0,4199219;100
92;2;2;0,4199219;100
92;3;15;0,7529297;100
92;2;2;0,7529297;100
92;2;2;0,7529297;100
92;2;2;0,7529297;100
92;2;2;0,7529297;100
92;2;2;0,7529297;100
92;2;2;0,7529297;100
92;2;2;0,7529297;100
92;2;2;0,7529297;100
92;2;2;0,7529297;100
92;2;2;0,7529297;100
92;2;2;0,7529297;100
92;2;2;0,7529297;100
92;3;15;0,7529297;100
92;3;15;1,085938;100
92;2;2;1,085938;100
92;2;2;1,085938;100
92;2;2;1,085938;100
92;2;2;1,085938;100
92;2;2;1,085938;100
92;2;2;1,085938;100
92;2;2;1,085938;100
92;2;2;1,085938;100
92;2;2;1,085938;100
92;3;15;1,085938;85
92;2;2;1,085938;85
92;2;2;1,085938;85
92;2;2;1,418945;85
92;2;2;1,418945;85
92;2;2;1,418945;85
92;2;2;1,418945;85
92;2;2;1,418945;85
92;2;2;1,418945;85
92;2;2;1,418945;85
92;2;2;1,418945;85
92;2;2;1,418945;85
92;2;2;1,418945;85
92;2;2;1,418945;85
92;3;15;1,418945;70
92;2;2;1,418945;70
92;2;2;1,751953;70
76;2;2;1,751953;68
68;2;2;1,751953;66
52;3;15;1,751953;51
36;3;15;1,751953;36
28;3;15;1,751953;21
20;2;2;1,751953;19
12;3;15;1,751953;4
-4;3;15;1,751953;-11
Player