92;2;2;44,03027;100
92;2;2;44,03027;100
92;2;2;44,03027;100
92;2;2;44,36377;100
92;2;2;44,36377;100
92;2;2;44,36377;100
92;2;2;44,36377;100
92;2;2;44,36377;100
92;2;2;44,36377;100
92;2;2;44,36377;100
92;2;2;44,36377;100
92;2;2;44,36377;100
92;2;2;44,36377;100
92;2;2;44,36377;100
92;2;2;44,36377;100
92;2;2;44,36377;100
92;2;2;44,36377;100
92;2;2;44,36377;100
92;2;2;44,36377;100
92;2;2;44,69727;100
92;2;2;44,69727;100
92;2;2;44,69727;100
92;2;2;44,69727;100
92;2;2;44,69727;100
92;2;2;44,69727;100
92;2;2;44,69727;100
92;2;2;44,69727;100
92;2;2;44,69727;100
92;2;2;44,69727;100
92;2;2;44,69727;100
92;2;2;44,69727;100
92;2;2;44,69727;100
92;2;2;44,69727;100
92;2;2;44,69727;100
92;2;2;44,69727;100
92;2;2;45,03076;100
92;2;2;45,03076;100
92;2;2;45,03076;100
92;2;2;45,03076;100
92;2;2;45,03076;100
92;2;2;45,03076;100
92;2;2;45,03076;100
92;2;2;45,03076;100
92;2;2;45,03076;100
92;2;2;45,03076;100
92;2;2;45,03076;100
92;2;2;45,03076;100
92;2;2;45,03076;100
92;2;2;45,03076;100
92;2;2;45,03076;100
92;2;2;45,03076;100
92;2;2;45,03076;100
92;2;2;45,36426;100
92;2;2;45,36426;100
92;2;2;45,36426;100
92;2;2;45,36426;100
92;2;2;45,36426;100
92;2;2;45,36426;100
92;2;2;45,36426;100
92;2;2;45,36426;100
92;2;2;45,36426;100
92;2;2;45,36426;100
92;2;2;45,36426;100
92;2;2;45,36426;100
92;2;2;45,36426;100
92;2;2;45,36426;100
92;2;2;45,36426;100
92;2;2;45,36426;100
92;2;2;45,36426;100
92;2;2;45,69775;100
92;2;2;45,69775;100
92;2;2;45,69775;100
92;2;2;45,69775;100
92;2;2;45,69775;100
92;2;2;45,69775;100
92;2;2;45,69775;100
92;2;2;45,69775;100
92;2;2;45,69775;100
92;2;2;45,69775;100
92;2;2;45,69775;100
92;2;2;45,69775;100
92;2;2;45,69775;100
92;2;2;45,69775;100
92;2;2;45,69775;100
92;2;2;45,69775;100
92;2;2;46,03125;100
92;2;2;46,03125;100
92;2;2;46,03125;100
92;2;2;46,03125;100
92;2;2;46,03125;100
92;2;2;46,03125;100
92;2;2;46,03125;100
92;2;2;46,03125;100
92;2;2;46,03125;100
92;2;2;46,03125;100
92;2;2;46,03125;100
92;2;2;46,03125;100
92;2;2;46,03125;100
92;2;2;46,03125;100
92;2;2;46,03125;100
92;2;2;46,03125;100
92;2;2;46,03125;100
92;2;2;46,36475;100
92;2;2;46,36475;100
92;2;2;46,36475;100
92;2;2;46,36475;100
92;2;2;46,36475;100
92;2;2;46,36475;100
92;2;2;46,36475;100
92;2;2;46,36475;100
92;2;2;46,36475;100
92;2;2;46,36475;100
92;2;2;46,36475;100
92;2;2;46,36475;100
92;2;2;46,36475;100
92;2;2;46,36475;100
92;2;2;46,36475;100
92;2;2;46,36475;100
92;2;2;46,36475;100
92;2;2;46,69824;100
92;2;2;46,69824;100
92;2;2;46,69824;100
92;2;2;46,69824;100
92;2;2;46,69824;100
92;2;2;46,69824;100
92;3;15;46,69824;100
92;2;2;46,69824;100
92;2;2;46,69824;100
92;2;2;46,69824;100
92;2;2;46,69824;100
92;2;2;46,69824;100
92;2;2;46,69824;100
92;2;2;46,69824;100
92;2;2;47,03174;100
92;2;2;47,03174;100
92;2;2;47,03174;100
92;2;2;47,03174;100
92;2;2;47,03174;100
92;3;15;47,03174;100
92;2;2;47,03174;100
92;2;2;47,03174;100
92;2;2;47,03174;100
92;2;2;47,03174;100
92;2;2;47,03174;100
92;2;2;47,03174;100
92;2;2;47,03174;100
92;2;2;47,03174;100
92;2;2;47,03174;100
92;2;2;47,03174;100
92;2;2;47,03174;100
92;2;2;47,36523;100
92;2;2;47,36523;100
92;2;2;47,36523;100
92;2;2;47,36523;100
92;2;2;47,36523;100
92;2;2;47,36523;100
92;2;2;47,36523;100
92;2;2;47,36523;100
92;2;2;47,36523;100
92;2;2;47,36523;100
92;2;2;47,36523;100
92;2;2;47,36523;100
92;2;2;47,36523;100
92;2;2;47,36523;100
92;2;2;47,36523;100
92;2;2;47,36523;100
92;2;2;47,36523;100
92;2;2;47,69873;100
92;2;2;47,69873;100
92;2;2;47,69873;100
92;2;2;47,69873;100
92;2;2;47,69873;100
92;2;2;47,69873;100
92;2;2;47,69873;100
92;2;2;47,69873;100
92;2;2;47,69873;100
92;2;2;47,69873;100
92;2;2;47,69873;100
92;2;2;47,69873;100
92;2;2;47,69873;100
92;2;2;47,69873;100
92;2;2;47,69873;100
92;2;2;48,03223;100
92;2;2;48,03223;100
92;2;2;48,03223;100
92;2;2;48,03223;100
92;2;2;48,03223;100
92;2;2;48,03223;100
92;2;2;48,03223;100
92;2;2;48,03223;100
92;2;2;48,03223;100
92;2;2;48,03223;100
92;2;2;48,03223;100
92;2;2;48,03223;100
92;2;2;48,03223;100
92;2;2;48,03223;100
92;2;2;48,03223;100
92;2;2;48,36572;100
92;2;2;48,36572;100
92;2;2;48,36572;100
92;2;2;48,36572;100
92;2;2;48,36572;100
92;2;2;48,36572;100
92;2;2;48,36572;100
92;2;2;48,36572;100
92;2;2;48,36572;100
92;2;2;48,36572;100
92;2;2;48,36572;100
92;2;2;48,36572;100
92;2;2;48,36572;100
92;2;2;48,36572;100
92;2;2;48,69922;100
92;2;2;48,69922;100
92;2;2;48,69922;100
92;2;2;48,69922;100
92;2;2;48,69922;100
92;2;2;48,69922;100
92;2;2;48,69922;100
92;2;2;48,69922;100
92;2;2;48,69922;100
92;2;2;48,69922;100
92;2;2;48,69922;100
92;2;2;48,69922;100
92;2;2;49,03271;100
92;2;2;49,03271;100
92;2;2;49,03271;100
92;2;2;49,03271;100
92;2;2;49,03271;100
92;2;2;49,03271;100
92;2;2;49,03271;100
92;2;2;49,03271;100
92;2;2;49,03271;100
92;2;2;49,03271;100
92;2;2;49,03271;100
92;2;2;49,03271;100
92;2;2;49,03271;100
92;2;2;49,36621;100
92;2;2;49,36621;100
92;2;2;49,36621;100
92;2;2;49,36621;100
92;2;2;49,36621;100
92;2;2;49,36621;100
92;2;2;49,36621;100
92;2;2;49,36621;100
92;2;2;49,36621;100
92;2;2;49,36621;100
92;2;2;49,36621;100
92;2;2;49,36621;100
92;2;2;49,69971;100
92;2;2;49,69971;100
92;2;2;49,69971;100
92;2;2;49,69971;100
92;2;2;49,69971;100
92;2;2;49,69971;100
92;2;2;49,69971;100
92;2;2;49,69971;100
92;2;2;49,69971;100
92;2;2;49,69971;100
92;2;2;49,69971;100
92;2;2;49,69971;100
92;2;2;49,69971;100
92;2;2;50,0332;100
92;2;2;50,0332;100
92;2;2;50,0332;100
92;2;2;50,0332;100
92;2;2;50,0332;100
92;2;2;50,0332;100
92;2;2;50,0332;100
92;2;2;50,0332;100
92;2;2;50,0332;100
92;2;2;50,0332;100
92;2;2;50,0332;100
92;2;2;50,3667;100
92;2;2;50,3667;100
92;2;2;50,3667;100
92;2;2;50,3667;100
92;2;2;50,3667;100
92;2;2;50,3667;100
92;2;2;50,3667;100
92;2;2;50,3667;100
92;2;2;50,3667;100
92;2;2;50,3667;100
92;2;2;50,7002;100
92;2;2;50,7002;100
92;2;2;50,7002;100
92;2;2;50,7002;100
92;2;2;50,7002;100
92;2;2;50,7002;100
92;2;2;50,7002;100
92;2;2;50,7002;100
92;2;2;50,7002;100
92;2;2;50,7002;100
84;2;2;51,03369;98
28;3;15;51,03369;83
Boss