92;2;2;30,97949;100
92;2;2;30,97949;100
92;2;2;31,3125;100
92;2;2;31,3125;100
92;2;2;31,3125;100
92;2;2;31,3125;100
92;2;2;31,3125;100
92;2;2;31,3125;100
92;2;2;31,3125;100
92;2;2;31,64551;100
92;2;2;31,64551;100
92;2;2;31,64551;100
92;2;2;31,64551;100
92;2;2;31,64551;100
92;2;2;31,64551;100
92;2;2;31,64551;100
92;2;2;31,64551;100
92;2;2;31,64551;100
92;2;2;31,64551;100
92;2;2;31,64551;100
92;2;2;31,64551;100
92;2;2;31,97852;100
92;2;2;31,97852;100
92;2;2;31,97852;100
92;2;2;31,97852;100
92;3;15;31,97852;100
92;2;2;31,97852;100
92;2;2;31,97852;100
92;2;2;31,97852;100
92;2;2;31,97852;100
92;2;2;31,97852;100
92;2;2;31,97852;100
92;2;2;31,97852;100
92;2;2;31,97852;100
92;2;2;31,97852;100
92;2;2;32,31152;100
92;2;2;32,31152;100
92;2;2;32,31152;100
92;2;2;32,31152;100
92;2;2;32,31152;100
92;2;2;32,31152;100
92;2;2;32,31152;100
92;2;2;32,31152;100
92;2;2;32,31152;100
92;2;2;32,31152;100
92;2;2;32,31152;100
92;2;2;32,31152;100
92;2;2;32,64453;100
92;2;2;32,64453;100
92;2;2;32,64453;100
92;2;2;32,64453;100
92;2;2;32,64453;100
92;2;2;32,64453;100
92;2;2;32,64453;100
92;2;2;32,64453;100
92;2;2;32,64453;100
92;2;2;32,64453;100
92;2;2;32,97754;100
92;3;15;32,97754;100
92;2;2;32,97754;100
92;2;2;32,97754;100
92;2;2;32,97754;100
92;2;2;32,97754;100
92;2;2;32,97754;100
92;2;2;32,97754;100
92;2;2;32,97754;100
92;2;2;32,97754;100
92;2;2;32,97754;100
92;2;2;32,97754;100
92;2;2;33,31055;100
92;2;2;33,31055;100
92;2;2;33,31055;100
92;2;2;33,31055;100
92;2;2;33,31055;100
92;2;2;33,31055;100
92;2;2;33,31055;100
92;2;2;33,31055;100
92;2;2;33,31055;100
92;2;2;33,31055;100
92;2;2;33,31055;100
92;2;2;33,31055;100
92;2;2;33,31055;100
92;2;2;33,31055;100
92;2;2;33,64355;100
92;2;2;33,64355;100
92;2;2;33,64355;100
92;2;2;33,64355;100
92;2;2;33,64355;100
92;2;2;33,64355;100
92;2;2;33,64355;100
92;2;2;33,64355;100
92;2;2;33,64355;100
92;2;2;33,64355;100
92;2;2;33,64355;100
92;2;2;33,64355;100
92;2;2;33,64355;100
92;2;2;33,64355;100
92;2;2;33,97656;100
92;2;2;33,97656;100
92;2;2;33,97656;100
92;2;2;33,97656;100
92;2;2;33,97656;100
92;2;2;33,97656;100
92;2;2;33,97656;100
92;2;2;33,97656;100
92;2;2;33,97656;100
92;2;2;33,97656;100
92;3;15;33,97656;100
92;2;2;33,97656;100
92;2;2;33,97656;100
92;2;2;33,97656;100
92;2;2;34,30957;100
92;2;2;34,30957;100
92;2;2;34,30957;100
92;2;2;34,30957;100
92;2;2;34,30957;100
92;3;15;34,30957;100
92;2;2;34,30957;100
92;2;2;34,30957;100
92;3;15;34,30957;100
92;2;2;34,30957;100
92;2;2;34,30957;100
92;2;2;34,64258;100
92;2;2;34,64258;100
92;2;2;34,64258;100
92;2;2;34,64258;100
92;2;2;34,64258;100
92;2;2;34,64258;100
92;2;2;34,64258;100
92;2;2;34,64258;100
92;3;15;34,64258;100
92;2;2;34,64258;100
92;3;15;34,64258;100
92;2;2;34,64258;100
92;2;2;34,64258;100
92;2;2;34,64258;100
92;2;2;34,97559;100
92;2;2;34,97559;100
92;2;2;34,97559;100
92;2;2;34,97559;100
92;3;15;34,97559;100
92;2;2;34,97559;100
92;2;2;34,97559;100
92;2;2;34,97559;100
92;2;2;34,97559;100
92;2;2;34,97559;100
92;3;15;34,97559;100
92;2;2;35,30859;100
92;2;2;35,30859;100
92;2;2;35,30859;100
92;2;2;35,30859;100
92;2;2;35,30859;100
92;2;2;35,30859;100
92;2;2;35,30859;100
92;2;2;35,30859;100
92;2;2;35,30859;100
92;2;2;35,30859;100
92;2;2;35,30859;100
92;2;2;35,30859;100
92;2;2;35,30859;100
92;2;2;35,6416;100
92;2;2;35,6416;100
92;2;2;35,6416;100
92;2;2;35,6416;100
92;2;2;35,6416;100
92;3;15;35,6416;100
92;3;15;35,6416;100
92;2;2;35,6416;100
92;2;2;35,6416;100
92;2;2;35,6416;100
92;2;2;35,6416;100
92;2;2;35,6416;100
92;2;2;35,97461;100
92;2;2;35,97461;100
92;2;2;35,97461;100
92;2;2;35,97461;100
92;2;2;35,97461;100
92;2;2;35,97461;100
92;2;2;35,97461;100
92;2;2;35,97461;100
92;3;15;35,97461;100
92;2;2;35,97461;100
92;2;2;35,97461;100
92;2;2;35,97461;100
92;3;15;36,30762;100
92;2;2;36,30762;100
92;2;2;36,30762;100
92;2;2;36,30762;100
92;2;2;36,30762;100
92;2;2;36,30762;100
92;2;2;36,30762;100
92;2;2;36,30762;100
92;2;2;36,30762;100
92;2;2;36,30762;100
92;2;2;36,30762;100
92;2;2;36,30762;100
92;3;15;36,30762;100
92;2;2;36,30762;100
92;2;2;36,64063;100
92;2;2;36,64063;100
92;2;2;36,64063;100
92;2;2;36,64063;100
92;2;2;36,64063;100
92;3;15;36,64063;100
92;3;15;36,64063;100
92;2;2;36,64063;100
92;2;2;36,64063;100
92;2;2;36,64063;100
92;3;15;36,64063;100
92;2;2;36,64063;100
92;2;2;36,97363;100
92;2;2;36,97363;100
92;2;2;36,97363;100
92;2;2;36,97363;100
92;2;2;36,97363;100
92;2;2;36,97363;100
92;3;15;36,97363;85
92;2;2;36,97363;85
92;3;15;36,97363;70
92;2;2;36,97363;70
92;2;2;36,97363;70
92;2;2;36,97363;70
92;2;2;36,97363;70
92;2;2;36,97363;70
92;2;2;37,30664;70
92;2;2;37,30664;70
92;2;2;37,30664;70
92;2;2;37,30664;70
92;2;2;37,30664;70
92;3;15;37,30664;55
92;2;2;37,30664;55
92;2;2;37,30664;55
92;2;2;37,30664;55
92;2;2;37,30664;55
92;2;2;37,30664;55
92;2;2;37,30664;55
92;2;2;37,30664;55
92;2;2;37,30664;55
92;2;2;37,30664;55
92;2;2;37,30664;55
92;2;2;37,63965;55
92;2;2;37,63965;53
84;2;2;37,63965;51
76;2;2;37,63965;49
68;2;2;37,63965;47
60;2;2;37,63965;45
52;2;2;37,63965;43
44;2;2;37,63965;41
36;2;2;37,63965;39
28;2;2;37,63965;37
20;2;2;37,63965;35
12;3;15;37,63965;20
4;3;15;37,63965;5
-4;3;15;37,63965;-10
Player