92;2;2;29,69336;100
92;2;2;29,69336;100
92;2;2;30,02637;100
92;2;2;30,02637;100
92;2;2;30,02637;100
92;2;2;30,02637;100
92;2;2;30,02637;100
92;2;2;30,02637;100
92;2;2;30,02637;100
92;2;2;30,02637;100
92;2;2;30,02637;100
92;2;2;30,02637;100
92;2;2;30,35938;100
92;2;2;30,35938;100
92;2;2;30,35938;100
92;2;2;30,35938;100
92;2;2;30,35938;100
92;2;2;30,35938;100
92;2;2;30,35938;100
92;2;2;30,35938;100
92;2;2;30,35938;100
92;2;2;30,35938;100
92;2;2;30,35938;100
92;2;2;30,69238;100
92;2;2;30,69238;100
92;2;2;30,69238;100
92;2;2;30,69238;100
92;2;2;30,69238;100
92;2;2;30,69238;100
92;2;2;30,69238;100
92;2;2;30,69238;100
92;2;2;30,69238;100
92;2;2;30,69238;100
92;2;2;30,69238;100
92;2;2;30,69238;100
92;2;2;30,69238;100
92;2;2;30,69238;100
92;2;2;31,02539;100
92;2;2;31,02539;100
92;2;2;31,02539;100
92;2;2;31,02539;100
92;2;2;31,02539;100
92;2;2;31,02539;100
92;2;2;31,02539;100
92;2;2;31,02539;100
92;2;2;31,02539;100
92;2;2;31,02539;100
92;2;2;31,02539;100
92;2;2;31,3584;100
92;2;2;31,3584;100
92;2;2;31,3584;100
92;3;15;31,3584;100
92;2;2;31,3584;100
92;2;2;31,3584;100
92;2;2;31,3584;100
92;2;2;31,3584;100
92;2;2;31,3584;100
92;2;2;31,3584;100
92;2;2;31,69141;100
92;2;2;31,69141;100
92;2;2;31,69141;100
92;2;2;31,69141;100
92;2;2;31,69141;100
92;2;2;31,69141;100
92;2;2;31,69141;100
92;2;2;31,69141;100
92;2;2;31,69141;100
92;2;2;31,69141;100
92;2;2;31,69141;100
92;2;2;31,69141;100
92;2;2;31,69141;100
92;2;2;31,69141;100
92;2;2;31,69141;100
92;2;2;32,02441;100
92;2;2;32,02441;100
92;2;2;32,02441;100
92;2;2;32,02441;100
92;2;2;32,02441;100
92;2;2;32,02441;100
92;2;2;32,02441;100
92;2;2;32,02441;100
92;2;2;32,02441;100
92;2;2;32,35742;100
92;2;2;32,35742;100
92;2;2;32,35742;100
92;2;2;32,35742;100
92;2;2;32,35742;100
92;2;2;32,35742;100
92;2;2;32,35742;100
92;2;2;32,35742;100
92;2;2;32,35742;100
92;3;15;32,35742;100
92;2;2;32,35742;100
92;2;2;32,35742;100
92;2;2;32,35742;100
92;2;2;32,35742;100
92;2;2;32,35742;100
92;2;2;32,69043;100
92;2;2;32,69043;100
92;2;2;32,69043;100
92;2;2;32,69043;100
92;2;2;32,69043;100
92;3;15;32,69043;100
92;2;2;32,69043;100
92;2;2;32,69043;100
92;2;2;32,69043;100
92;2;2;32,69043;100
92;2;2;32,69043;100
92;2;2;32,69043;100
92;2;2;33,02344;100
92;3;15;33,02344;100
92;2;2;33,02344;100
92;2;2;33,02344;100
92;2;2;33,02344;100
92;3;15;33,02344;100
92;2;2;33,02344;100
92;2;2;33,02344;100
92;2;2;33,02344;100
92;2;2;33,02344;100
92;2;2;33,02344;100
92;2;2;33,02344;100
92;2;2;33,02344;100
92;2;2;33,35645;100
92;2;2;33,35645;100
92;3;15;33,35645;100
92;2;2;33,35645;100
92;2;2;33,35645;100
92;2;2;33,35645;100
92;2;2;33,35645;100
92;2;2;33,35645;100
92;3;15;33,35645;100
92;2;2;33,35645;100
92;2;2;33,35645;100
92;2;2;33,35645;100
92;2;2;33,35645;100
92;2;2;33,35645;100
92;2;2;33,35645;100
92;2;2;33,68945;100
92;2;2;33,68945;100
92;2;2;33,68945;100
92;2;2;33,68945;100
92;2;2;33,68945;100
92;2;2;33,68945;100
92;2;2;33,68945;100
92;2;2;33,68945;100
92;2;2;33,68945;100
92;2;2;33,68945;100
92;2;2;33,68945;100
92;2;2;34,02246;100
92;2;2;34,02246;100
92;2;2;34,02246;100
92;2;2;34,02246;100
92;3;15;34,02246;100
92;2;2;34,02246;100
92;2;2;34,02246;100
92;2;2;34,02246;100
92;2;2;34,02246;100
92;2;2;34,02246;100
92;2;2;34,02246;100
92;2;2;34,02246;100
92;2;2;34,02246;100
92;2;2;34,02246;100
92;2;2;34,02246;100
92;2;2;34,35547;100
92;2;2;34,35547;100
92;2;2;34,35547;100
92;3;15;34,35547;100
92;2;2;34,35547;100
92;3;15;34,35547;100
92;3;15;34,35547;100
92;2;2;34,35547;100
92;2;2;34,35547;100
92;2;2;34,35547;100
92;2;2;34,35547;100
92;2;2;34,35547;100
92;2;2;34,68848;100
92;2;2;34,68848;100
92;3;15;34,68848;100
92;2;2;34,68848;100
92;2;2;34,68848;100
92;2;2;34,68848;100
92;3;15;34,68848;100
92;2;2;34,68848;100
92;2;2;34,68848;100
92;3;15;34,68848;100
92;3;15;34,68848;100
92;2;2;34,68848;100
92;3;15;34,68848;100
92;3;15;34,68848;100
92;2;2;35,02148;100
92;2;2;35,02148;100
92;2;2;35,02148;100
92;2;2;35,02148;100
92;2;2;35,02148;100
92;2;2;35,02148;100
92;3;15;35,02148;100
92;3;15;35,02148;100
92;2;2;35,02148;100
92;2;2;35,02148;100
92;2;2;35,35449;100
92;3;15;35,35449;100
92;2;2;35,35449;100
92;2;2;35,35449;100
92;2;2;35,35449;100
92;2;2;35,35449;100
92;2;2;35,35449;100
92;2;2;35,35449;100
92;2;2;35,35449;100
92;3;15;35,35449;100
92;3;15;35,35449;100
92;2;2;35,35449;100
92;3;15;35,6875;100
92;2;2;35,6875;100
92;2;2;35,6875;100
92;2;2;35,6875;100
92;2;2;35,6875;100
92;3;15;35,6875;100
92;2;2;35,6875;100
92;3;15;35,6875;100
92;3;15;35,6875;100
92;2;2;35,6875;100
92;2;2;35,6875;100
92;2;2;35,6875;100
92;3;15;35,6875;100
92;3;15;35,6875;100
92;3;15;36,02051;100
92;3;15;36,02051;85
92;3;15;36,02051;70
92;2;2;36,02051;70
92;2;2;36,02051;70
92;2;2;36,02051;70
92;2;2;36,02051;70
92;2;2;36,02051;70
92;2;2;36,02051;70
92;2;2;36,02051;70
92;2;2;36,02051;70
92;3;15;36,02051;55
92;2;2;36,02051;55
92;2;2;36,02051;55
92;2;2;36,35352;55
92;2;2;36,35352;55
92;2;2;36,35352;55
92;2;2;36,35352;55
92;2;2;36,35352;55
92;2;2;36,35352;55
92;2;2;36,35352;55
92;2;2;36,35352;55
92;2;2;36,35352;55
92;2;2;36,35352;55
92;2;2;36,35352;55
92;2;2;36,35352;55
92;2;2;36,35352;55
92;2;2;36,35352;55
92;2;2;36,35352;55
92;2;2;36,68652;55
92;2;2;36,68652;55
92;2;2;36,68652;55
92;3;15;36,68652;40
92;2;2;36,68652;40
92;2;2;36,68652;40
92;2;2;36,68652;40
92;2;2;36,68652;40
92;2;2;36,68652;40
92;2;2;36,68652;40
92;2;2;36,68652;40
92;2;2;36,68652;40
92;2;2;36,68652;40
92;2;2;36,68652;40
92;2;2;36,68652;40
92;2;2;37,01953;40
92;2;2;37,01953;40
92;2;2;37,01953;40
92;2;2;37,01953;40
92;2;2;37,01953;40
92;2;2;37,01953;40
92;2;2;37,01953;40
92;2;2;37,01953;40
92;2;2;37,01953;40
92;2;2;37,01953;40
92;2;2;37,01953;40
92;2;2;37,01953;40
92;2;2;37,35254;40
92;2;2;37,35254;40
92;2;2;37,35254;40
92;2;2;37,35254;40
92;2;2;37,35254;40
92;2;2;37,35254;40
92;2;2;37,35254;40
92;2;2;37,35254;40
92;2;2;37,35254;40
92;2;2;37,35254;40
92;2;2;37,35254;40
92;2;2;37,35254;40
92;2;2;37,68555;40
92;2;2;37,68555;40
92;2;2;37,68555;40
92;2;2;37,68555;40
92;2;2;37,68555;40
92;2;2;37,68555;40
92;2;2;37,68555;40
92;2;2;37,68555;40
92;2;2;37,68555;40
92;2;2;37,68555;40
92;2;2;37,68555;40
92;2;2;37,68555;40
92;2;2;37,68555;40
92;3;15;37,68555;40
92;2;2;37,68555;40
92;2;2;37,68555;40
92;2;2;38,01855;40
92;2;2;38,01855;40
92;2;2;38,01855;40
92;2;2;38,01855;40
92;2;2;38,01855;40
92;2;2;38,01855;40
92;2;2;38,01855;40
92;2;2;38,01855;40
92;2;2;38,01855;40
92;2;2;38,01855;40
92;2;2;38,01855;40
92;2;2;38,01855;40
92;2;2;38,01855;40
92;2;2;38,01855;40
92;2;2;38,35156;40
92;2;2;38,35156;40
92;2;2;38,35156;40
92;2;2;38,35156;40
92;2;2;38,35156;40
92;2;2;38,35156;40
92;2;2;38,35156;40
92;2;2;38,35156;40
92;2;2;38,35156;40
92;2;2;38,35156;40
92;2;2;38,35156;40
92;2;2;38,35156;40
92;2;2;38,35156;40
92;2;2;38,35156;40
92;2;2;38,35156;40
92;2;2;38,35156;40
92;2;2;38,68457;40
92;2;2;38,68457;40
92;2;2;38,68457;40
92;2;2;38,68457;40
92;2;2;38,68457;40
92;2;2;38,68457;40
92;2;2;38,68457;40
92;2;2;38,68457;40
92;2;2;38,68457;40
92;2;2;38,68457;40
92;2;2;38,68457;40
92;2;2;38,68457;40
92;2;2;38,68457;40
92;2;2;38,68457;40
92;2;2;38,68457;40
92;2;2;38,68457;40
92;2;2;39,01758;40
92;2;2;39,01758;40
92;2;2;39,01758;40
92;2;2;39,01758;40
92;2;2;39,01758;40
92;2;2;39,01758;40
92;2;2;39,01758;40
92;2;2;39,01758;40
92;2;2;39,01758;40
92;2;2;39,01758;40
92;2;2;39,01758;40
92;2;2;39,01758;40
92;2;2;39,01758;40
92;2;2;39,01758;40
92;2;2;39,35059;40
92;2;2;39,35059;40
92;2;2;39,35059;40
92;2;2;39,35059;40
92;2;2;39,35059;40
92;2;2;39,35059;40
92;3;15;39,35059;40
92;2;2;39,35059;40
92;2;2;39,35059;40
92;2;2;39,35059;40
92;2;2;39,35059;40
92;2;2;39,35059;40
92;2;2;39,35059;40
92;2;2;39,35059;40
92;2;2;39,68359;40
92;2;2;39,68359;40
92;2;2;39,68359;40
92;2;2;39,68359;40
92;2;2;39,68359;40
92;2;2;39,68359;40
92;2;2;39,68359;40
92;2;2;39,68359;40
92;2;2;39,68359;40
92;2;2;39,68359;40
92;2;2;39,68359;40
92;2;2;39,68359;40
92;2;2;39,68359;40
92;2;2;39,68359;40
92;2;2;39,68359;40
92;2;2;40,0166;40
92;2;2;40,0166;40
92;2;2;40,0166;40
92;2;2;40,0166;40
92;2;2;40,0166;40
92;2;2;40,0166;40
92;2;2;40,0166;40
92;2;2;40,0166;40
92;2;2;40,0166;40
92;2;2;40,0166;40
92;2;2;40,0166;40
92;2;2;40,0166;40
92;2;2;40,0166;40
92;2;2;40,0166;40
92;2;2;40,0166;40
92;2;2;40,34961;40
92;2;2;40,34961;40
92;2;2;40,34961;40
92;2;2;40,34961;40
92;2;2;40,34961;40
92;2;2;40,34961;40
92;2;2;40,34961;40
92;2;2;40,34961;40
92;2;2;40,34961;40
92;2;2;40,34961;40
92;2;2;40,34961;40
92;2;2;40,34961;40
92;2;2;40,34961;40
92;2;2;40,34961;40
92;2;2;40,34961;40
92;2;2;40,68262;40
92;2;2;40,68262;40
92;2;2;40,68262;40
92;2;2;40,68262;40
92;2;2;40,68262;40
92;2;2;40,68262;40
92;2;2;40,68262;40
92;2;2;40,68262;40
92;2;2;40,68262;40
92;2;2;40,68262;40
92;2;2;40,68262;40
92;2;2;40,68262;40
92;2;2;40,68262;40
92;2;2;41,01563;40
92;2;2;41,01563;40
92;2;2;41,01563;40
92;2;2;41,01563;40
92;2;2;41,01563;40
92;2;2;41,01563;40
92;2;2;41,01563;40
92;2;2;41,01563;40
92;2;2;41,01563;40
92;2;2;41,01563;40
92;2;2;41,01563;40
92;2;2;41,01563;40
92;2;2;41,01563;40
92;2;2;41,01563;40
92;2;2;41,01563;40
92;2;2;41,34863;40
92;2;2;41,34863;40
92;2;2;41,34863;40
92;2;2;41,34863;40
92;2;2;41,34863;40
92;2;2;41,34863;40
92;2;2;41,34863;40
92;2;2;41,34863;40
92;2;2;41,34863;40
92;2;2;41,34863;40
92;2;2;41,68164;40
92;2;2;41,68164;40
92;2;2;41,68164;40
92;2;2;41,68164;40
92;2;2;41,68164;40
92;2;2;41,68164;40
92;2;2;41,68164;40
92;2;2;41,68164;40
92;2;2;41,68164;40
92;2;2;42,01465;40
92;2;2;42,01465;38
84;2;2;42,01465;36
68;2;2;42,01465;34
60;2;2;42,01465;32
52;2;2;42,01465;30
44;2;2;42,01465;28
36;2;2;42,01465;26
28;3;15;42,01465;11
20;2;2;42,01465;9
-4;3;15;42,01465;-6
Player