92;2;2;5,439453;100
92;2;2;5,439453;100
92;2;2;5,772949;100
92;2;2;5,772949;100
92;2;2;5,772949;100
92;2;2;5,772949;100
92;2;2;5,772949;100
92;2;2;5,772949;100
92;2;2;5,772949;100
92;2;2;5,772949;100
92;2;2;5,772949;100
92;2;2;5,772949;100
92;2;2;5,772949;100
92;2;2;5,772949;100
92;2;2;5,772949;100
92;2;2;5,772949;100
92;2;2;5,772949;100
92;2;2;5,772949;100
92;2;2;5,772949;100
92;2;2;6,106445;100
92;2;2;6,106445;100
92;2;2;6,106445;100
92;2;2;6,106445;100
92;2;2;6,106445;100
92;2;2;6,106445;100
92;2;2;6,106445;100
92;2;2;6,106445;100
92;2;2;6,106445;100
92;2;2;6,106445;100
92;2;2;6,106445;100
92;2;2;6,106445;100
92;2;2;6,106445;100
92;2;2;6,106445;100
92;2;2;6,106445;100
92;2;2;6,106445;100
92;2;2;6,439941;100
92;2;2;6,439941;100
92;2;2;6,439941;100
92;2;2;6,439941;100
92;2;2;6,439941;100
92;2;2;6,439941;100
92;2;2;6,439941;100
92;2;2;6,439941;100
92;2;2;6,439941;100
92;2;2;6,439941;100
92;2;2;6,439941;100
92;2;2;6,439941;100
92;2;2;6,439941;100
92;2;2;6,439941;100
92;2;2;6,439941;100
92;2;2;6,439941;100
92;2;2;6,773438;100
92;2;2;6,773438;100
92;2;2;6,773438;100
92;2;2;6,773438;100
92;2;2;6,773438;100
92;2;2;6,773438;100
92;2;2;6,773438;100
92;2;2;6,773438;100
92;2;2;6,773438;100
92;2;2;6,773438;100
92;2;2;6,773438;100
92;2;2;6,773438;100
92;2;2;6,773438;100
92;2;2;6,773438;100
92;2;2;6,773438;100
92;2;2;7,106934;100
92;2;2;7,106934;100
92;2;2;7,106934;100
92;2;2;7,106934;100
92;2;2;7,106934;100
92;2;2;7,106934;100
92;2;2;7,106934;100
92;2;2;7,106934;100
92;2;2;7,106934;100
92;2;2;7,106934;100
92;2;2;7,106934;100
92;2;2;7,106934;100
92;2;2;7,106934;100
92;2;2;7,106934;100
92;2;2;7,106934;100
92;2;2;7,44043;100
92;2;2;7,44043;100
92;2;2;7,44043;100
92;2;2;7,44043;100
92;2;2;7,44043;100
92;2;2;7,44043;100
92;2;2;7,44043;100
92;2;2;7,44043;100
92;2;2;7,44043;100
92;2;2;7,44043;100
92;2;2;7,44043;100
92;2;2;7,44043;100
92;2;2;7,773926;100
92;2;2;7,773926;100
92;2;2;7,773926;100
92;2;2;7,773926;100
92;2;2;7,773926;100
92;2;2;7,773926;100
92;2;2;7,773926;100
92;2;2;7,773926;100
92;2;2;7,773926;100
92;2;2;7,773926;100
92;2;2;7,773926;100
92;2;2;7,773926;100
92;2;2;7,773926;100
92;2;2;7,773926;100
92;2;2;7,773926;100
92;2;2;7,773926;100
92;2;2;8,107422;100
92;2;2;8,107422;100
92;2;2;8,107422;100
92;2;2;8,107422;100
92;2;2;8,107422;100
92;2;2;8,107422;100
92;2;2;8,107422;100
92;2;2;8,107422;100
92;2;2;8,107422;100
92;2;2;8,107422;100
92;2;2;8,107422;100
92;2;2;8,107422;100
92;2;2;8,107422;100
92;2;2;8,107422;100
92;2;2;8,107422;100
92;3;15;8,440918;100
92;2;2;8,440918;100
92;2;2;8,440918;100
92;2;2;8,440918;100
92;2;2;8,440918;100
92;2;2;8,440918;100
92;2;2;8,440918;100
92;2;2;8,440918;100
92;2;2;8,440918;100
92;2;2;8,440918;100
92;2;2;8,440918;100
92;2;2;8,440918;100
92;2;2;8,774414;100
92;2;2;8,774414;100
92;2;2;8,774414;100
92;2;2;8,774414;100
92;2;2;8,774414;100
92;2;2;8,774414;100
92;2;2;8,774414;100
92;2;2;8,774414;100
92;2;2;8,774414;100
92;2;2;8,774414;100
92;2;2;8,774414;100
92;2;2;8,774414;100
92;2;2;8,774414;100
92;2;2;8,774414;100
92;2;2;9,10791;100
92;2;2;9,10791;100
92;2;2;9,10791;100
92;2;2;9,10791;100
92;2;2;9,10791;100
92;2;2;9,10791;100
92;2;2;9,10791;100
92;2;2;9,10791;100
92;2;2;9,10791;100
92;2;2;9,10791;100
92;2;2;9,10791;100
92;2;2;9,10791;100
92;2;2;9,10791;100
92;2;2;9,10791;100
92;2;2;9,10791;100
92;2;2;9,10791;100
92;2;2;9,441406;100
92;2;2;9,441406;100
92;2;2;9,441406;100
92;2;2;9,441406;100
92;2;2;9,441406;100
92;2;2;9,441406;100
92;2;2;9,441406;100
92;2;2;9,441406;100
92;2;2;9,441406;100
92;2;2;9,441406;100
92;2;2;9,774902;100
92;2;2;9,774902;100
92;2;2;9,774902;100
92;2;2;9,774902;100
92;2;2;9,774902;100
92;2;2;9,774902;100
92;2;2;9,774902;100
92;2;2;9,774902;100
92;2;2;9,774902;100
92;2;2;9,774902;100
92;2;2;9,774902;100
92;2;2;10,1084;100
92;2;2;10,1084;100
92;2;2;10,1084;100
92;2;2;10,1084;100
92;2;2;10,1084;100
92;2;2;10,1084;100
92;2;2;10,1084;100
92;2;2;10,1084;100
92;2;2;10,1084;100
92;2;2;10,1084;100
92;2;2;10,1084;100
92;2;2;10,1084;100
92;2;2;10,44189;100
92;2;2;10,44189;100
92;2;2;10,44189;100
92;2;2;10,44189;100
92;2;2;10,44189;100
92;2;2;10,44189;100
92;2;2;10,44189;100
92;2;2;10,44189;100
92;2;2;10,44189;100
92;2;2;10,44189;100
92;2;2;10,44189;100
92;2;2;10,77539;100
92;2;2;10,77539;100
92;2;2;10,77539;100
92;2;2;10,77539;100
92;2;2;10,77539;100
92;2;2;10,77539;100
92;2;2;10,77539;100
92;2;2;10,77539;100
92;2;2;11,10889;100
92;2;2;11,10889;100
92;2;2;11,10889;100
92;2;2;11,10889;100
92;2;2;11,10889;100
92;2;2;11,10889;100
92;2;2;11,10889;100
92;2;2;11,10889;100
92;2;2;11,10889;100
92;2;2;11,10889;100
92;2;2;11,10889;100
92;2;2;11,10889;100
92;2;2;11,10889;100
92;2;2;11,10889;100
92;2;2;11,10889;100
92;2;2;11,44238;100
92;2;2;11,44238;100
92;2;2;11,44238;100
92;2;2;11,44238;100
92;2;2;11,44238;100
92;2;2;11,44238;100
92;2;2;11,44238;100
92;2;2;11,44238;100
92;2;2;11,44238;100
92;2;2;11,44238;100
92;2;2;11,77588;100
92;2;2;11,77588;100
92;2;2;11,77588;100
92;2;2;11,77588;100
92;2;2;11,77588;100
92;2;2;11,77588;100
92;2;2;11,77588;100
92;2;2;11,77588;100
92;2;2;11,77588;100
92;2;2;11,77588;100
92;2;2;11,77588;100
92;2;2;11,77588;100
92;2;2;12,10938;100
92;2;2;12,10938;100
92;2;2;12,10938;100
92;2;2;12,10938;100
92;2;2;12,10938;100
92;2;2;12,10938;100
92;2;2;12,10938;100
92;2;2;12,10938;100
92;2;2;12,10938;100
92;2;2;12,10938;100
92;2;2;12,10938;100
92;2;2;12,44287;100
92;2;2;12,44287;100
92;2;2;12,44287;100
92;2;2;12,44287;100
92;2;2;12,44287;100
92;2;2;12,44287;100
92;2;2;12,44287;100
92;2;2;12,44287;100
92;2;2;12,44287;100
92;2;2;12,44287;100
92;2;2;12,44287;100
92;2;2;12,77637;98
84;2;2;12,77637;96
76;2;2;12,77637;94
68;2;2;12,77637;92
60;2;2;12,77637;90
Boss