92;2;2;23,97998;100
92;2;2;23,97998;100
92;2;2;24,31348;100
92;2;2;24,31348;100
92;2;2;24,31348;100
92;2;2;24,31348;100
92;2;2;24,31348;100
92;2;2;24,31348;100
92;2;2;24,31348;100
92;2;2;24,31348;100
92;2;2;24,31348;100
92;2;2;24,31348;100
92;2;2;24,31348;100
92;2;2;24,31348;100
92;2;2;24,31348;100
92;2;2;24,31348;100
92;2;2;24,31348;100
92;2;2;24,31348;100
92;2;2;24,64697;100
92;2;2;24,64697;100
92;2;2;24,64697;100
92;2;2;24,64697;100
92;2;2;24,64697;100
92;2;2;24,64697;100
92;2;2;24,64697;100
92;2;2;24,64697;100
92;2;2;24,64697;100
92;2;2;24,64697;100
92;2;2;24,64697;100
92;2;2;24,64697;100
92;2;2;24,64697;100
92;2;2;24,64697;100
92;2;2;24,64697;100
92;2;2;24,64697;100
92;2;2;24,64697;100
92;2;2;24,98047;100
92;2;2;24,98047;100
92;2;2;24,98047;100
92;2;2;24,98047;100
92;2;2;24,98047;100
92;2;2;24,98047;100
92;2;2;24,98047;100
92;2;2;24,98047;100
92;2;2;24,98047;100
92;2;2;24,98047;100
92;2;2;24,98047;100
92;2;2;24,98047;100
92;2;2;24,98047;100
92;2;2;24,98047;100
92;2;2;24,98047;100
92;2;2;24,98047;100
92;2;2;25,31396;100
92;2;2;25,31396;100
92;2;2;25,31396;100
92;2;2;25,31396;100
92;2;2;25,31396;100
92;2;2;25,31396;100
92;2;2;25,31396;100
92;2;2;25,31396;100
92;2;2;25,31396;100
92;2;2;25,31396;100
92;2;2;25,31396;100
92;2;2;25,31396;100
92;2;2;25,31396;100
92;2;2;25,31396;100
92;2;2;25,64746;100
92;2;2;25,64746;100
92;2;2;25,64746;100
92;2;2;25,64746;100
92;2;2;25,64746;100
92;2;2;25,64746;100
92;2;2;25,64746;100
92;2;2;25,64746;100
92;2;2;25,64746;100
92;2;2;25,64746;100
92;2;2;25,64746;100
92;2;2;25,64746;100
92;2;2;25,64746;100
92;2;2;25,64746;100
92;2;2;25,64746;100
92;2;2;25,64746;100
92;2;2;25,98096;100
92;2;2;25,98096;100
92;2;2;25,98096;100
92;2;2;25,98096;100
92;2;2;25,98096;100
92;2;2;25,98096;100
92;2;2;25,98096;100
92;2;2;25,98096;100
92;2;2;25,98096;100
92;2;2;25,98096;100
92;2;2;25,98096;100
92;2;2;25,98096;100
92;2;2;25,98096;100
92;2;2;25,98096;100
92;2;2;25,98096;100
92;2;2;25,98096;100
92;2;2;26,31445;100
92;2;2;26,31445;100
92;2;2;26,31445;100
92;2;2;26,31445;100
92;2;2;26,31445;100
92;2;2;26,31445;100
92;2;2;26,31445;100
92;2;2;26,31445;100
92;2;2;26,31445;100
92;2;2;26,31445;100
92;2;2;26,31445;100
92;2;2;26,31445;100
92;2;2;26,31445;100
92;2;2;26,31445;100
92;2;2;26,31445;100
92;2;2;26,31445;100
92;2;2;26,31445;100
92;2;2;26,64795;100
92;2;2;26,64795;100
92;2;2;26,64795;100
92;2;2;26,64795;100
92;2;2;26,64795;100
92;2;2;26,64795;100
92;2;2;26,64795;100
92;2;2;26,64795;100
92;2;2;26,64795;100
92;2;2;26,64795;100
92;2;2;26,64795;100
92;2;2;26,64795;100
92;2;2;26,64795;100
92;2;2;26,64795;100
92;2;2;26,64795;100
92;2;2;26,64795;100
92;2;2;26,64795;100
92;2;2;26,98145;100
92;2;2;26,98145;100
92;2;2;26,98145;100
92;2;2;26,98145;100
92;2;2;26,98145;100
92;2;2;26,98145;100
92;2;2;26,98145;100
92;2;2;26,98145;100
92;2;2;26,98145;100
92;2;2;26,98145;100
92;2;2;26,98145;100
92;2;2;26,98145;100
92;2;2;26,98145;100
92;2;2;26,98145;100
92;2;2;27,31494;100
92;2;2;27,31494;100
92;2;2;27,31494;100
92;2;2;27,31494;100
92;2;2;27,31494;100
92;2;2;27,31494;100
92;2;2;27,31494;100
92;2;2;27,31494;100
92;2;2;27,31494;100
92;2;2;27,31494;100
92;2;2;27,31494;100
92;2;2;27,31494;100
92;2;2;27,31494;100
92;2;2;27,31494;100
92;2;2;27,31494;100
92;2;2;27,31494;100
92;2;2;27,31494;100
92;2;2;27,64844;100
92;2;2;27,64844;100
92;2;2;27,64844;100
92;2;2;27,64844;100
92;2;2;27,64844;100
92;2;2;27,64844;100
92;2;2;27,64844;100
92;2;2;27,64844;100
92;2;2;27,64844;100
92;2;2;27,64844;100
92;2;2;27,64844;100
92;2;2;27,64844;100
92;2;2;27,64844;100
92;2;2;27,64844;100
92;2;2;27,64844;100
92;2;2;27,64844;100
92;2;2;27,64844;100
92;2;2;27,98193;100
92;2;2;27,98193;100
92;2;2;27,98193;100
92;2;2;27,98193;100
92;2;2;27,98193;100
92;2;2;27,98193;100
92;2;2;27,98193;100
92;2;2;27,98193;100
92;2;2;27,98193;100
92;2;2;27,98193;100
92;2;2;27,98193;100
92;2;2;27,98193;100
92;2;2;27,98193;100
92;2;2;27,98193;100
92;2;2;27,98193;100
92;2;2;28,31543;100
92;2;2;28,31543;100
92;2;2;28,31543;100
92;2;2;28,31543;100
92;2;2;28,31543;100
92;2;2;28,31543;100
92;2;2;28,31543;100
92;2;2;28,31543;100
92;2;2;28,31543;100
92;2;2;28,31543;100
92;2;2;28,31543;100
92;2;2;28,31543;100
92;2;2;28,31543;100
92;2;2;28,31543;100
92;2;2;28,31543;100
92;2;2;28,64893;100
92;2;2;28,64893;100
92;2;2;28,64893;100
92;2;2;28,64893;100
92;2;2;28,64893;100
92;2;2;28,64893;100
92;2;2;28,64893;100
92;2;2;28,64893;100
92;2;2;28,64893;100
92;2;2;28,64893;100
92;2;2;28,64893;100
92;2;2;28,64893;100
92;2;2;28,64893;100
92;2;2;28,64893;100
92;2;2;28,64893;100
92;2;2;28,64893;100
92;2;2;28,98242;100
92;2;2;28,98242;100
92;2;2;28,98242;100
92;2;2;28,98242;100
92;2;2;28,98242;100
92;2;2;28,98242;100
92;2;2;28,98242;100
92;2;2;28,98242;100
92;2;2;28,98242;100
92;2;2;28,98242;100
92;2;2;28,98242;100
92;2;2;28,98242;100
92;2;2;28,98242;100
92;2;2;28,98242;100
92;2;2;28,98242;100
92;2;2;28,98242;100
92;2;2;29,31592;100
92;2;2;29,31592;100
92;2;2;29,31592;100
92;2;2;29,31592;100
92;2;2;29,31592;100
92;2;2;29,31592;100
92;2;2;29,31592;100
92;2;2;29,31592;100
92;2;2;29,31592;100
92;2;2;29,31592;100
92;2;2;29,31592;100
92;2;2;29,31592;100
92;2;2;29,31592;100
92;2;2;29,31592;100
92;2;2;29,31592;100
92;2;2;29,31592;100
92;2;2;29,64941;100
92;2;2;29,64941;100
92;2;2;29,64941;100
92;2;2;29,64941;100
92;2;2;29,64941;100
92;2;2;29,64941;100
92;2;2;29,64941;100
92;2;2;29,64941;100
92;2;2;29,64941;100
92;2;2;29,64941;100
92;2;2;29,64941;100
92;2;2;29,64941;100
92;2;2;29,64941;100
92;2;2;29,64941;100
92;2;2;29,64941;100
92;2;2;29,64941;100
92;2;2;29,64941;100
92;2;2;29,98291;100
92;2;2;29,98291;100
92;2;2;29,98291;100
92;2;2;29,98291;100
92;2;2;29,98291;100
92;2;2;29,98291;100
92;2;2;29,98291;100
92;2;2;29,98291;100
92;2;2;29,98291;100
92;2;2;29,98291;100
92;2;2;29,98291;100
92;2;2;29,98291;100
92;2;2;29,98291;100
92;2;2;30,31641;100
92;2;2;30,31641;100
92;2;2;30,31641;100
92;2;2;30,31641;100
92;2;2;30,31641;100
92;2;2;30,31641;100
92;2;2;30,31641;100
92;2;2;30,31641;100
92;2;2;30,31641;100
92;2;2;30,31641;100
92;2;2;30,31641;100
92;2;2;30,31641;100
92;2;2;30,31641;100
92;2;2;30,31641;100
92;2;2;30,31641;100
92;2;2;30,31641;100
92;2;2;30,31641;100
92;2;2;30,6499;100
92;2;2;30,6499;100
92;2;2;30,6499;100
92;2;2;30,6499;100
92;2;2;30,6499;100
92;2;2;30,6499;100
92;2;2;30,6499;100
92;2;2;30,6499;100
92;2;2;30,6499;100
92;2;2;30,6499;100
92;2;2;30,6499;100
92;2;2;30,6499;100
92;2;2;30,6499;100
92;2;2;30,9834;100
92;2;2;30,9834;100
92;2;2;30,9834;100
92;2;2;30,9834;100
92;2;2;30,9834;100
92;2;2;30,9834;100
92;2;2;30,9834;100
92;2;2;30,9834;100
92;2;2;30,9834;100
92;2;2;30,9834;100
92;2;2;30,9834;100
92;2;2;30,9834;100
92;2;2;30,9834;100
92;2;2;31,31689;100
92;2;2;31,31689;100
92;2;2;31,31689;100
92;2;2;31,31689;100
92;2;2;31,31689;100
92;2;2;31,31689;100
92;2;2;31,31689;100
92;2;2;31,31689;100
92;2;2;31,31689;100
92;2;2;31,31689;100
92;2;2;31,31689;100
92;2;2;31,31689;100
92;2;2;31,31689;100
92;2;2;31,31689;100
92;2;2;31,31689;100
92;2;2;31,31689;100
92;2;2;31,31689;100
92;2;2;31,65039;100
92;2;2;31,65039;100
92;2;2;31,65039;100
92;2;2;31,65039;100
92;2;2;31,65039;100
92;2;2;31,65039;100
92;2;2;31,65039;100
92;2;2;31,65039;100
92;2;2;31,65039;100
92;2;2;31,65039;100
92;2;2;31,65039;100
92;2;2;31,65039;100
92;2;2;31,65039;100
92;2;2;31,65039;100
92;2;2;31,65039;100
92;2;2;31,98389;100
92;2;2;31,98389;100
92;2;2;31,98389;100
92;2;2;31,98389;100
92;2;2;31,98389;100
92;2;2;31,98389;100
92;2;2;31,98389;100
92;2;2;31,98389;100
92;2;2;31,98389;100
92;2;2;31,98389;100
92;2;2;31,98389;100
92;2;2;31,98389;100
92;2;2;32,31738;100
92;2;2;32,31738;100
92;2;2;32,31738;100
92;2;2;32,31738;100
92;2;2;32,31738;100
92;2;2;32,31738;100
92;2;2;32,31738;100
92;2;2;32,31738;100
92;2;2;32,31738;100
92;2;2;32,31738;100
92;2;2;32,31738;100
92;2;2;32,31738;100
92;2;2;32,31738;100
92;2;2;32,31738;100
92;2;2;32,31738;100
92;2;2;32,31738;100
92;2;2;32,65088;100
92;2;2;32,65088;100
92;2;2;32,65088;100
92;2;2;32,65088;100
92;2;2;32,65088;100
92;2;2;32,65088;100
92;2;2;32,65088;100
92;2;2;32,65088;100
92;2;2;32,65088;100
92;2;2;32,65088;100
92;2;2;32,65088;100
92;2;2;32,65088;100
92;2;2;32,65088;100
92;2;2;32,98438;100
92;2;2;32,98438;100
92;2;2;32,98438;100
92;2;2;32,98438;100
92;2;2;32,98438;100
92;2;2;32,98438;100
92;2;2;32,98438;100
92;2;2;32,98438;100
92;2;2;32,98438;100
92;2;2;32,98438;100
92;2;2;32,98438;100
92;2;2;32,98438;100
92;2;2;32,98438;100
92;2;2;33,31787;100
92;2;2;33,31787;100
92;2;2;33,31787;100
92;2;2;33,31787;100
92;2;2;33,31787;100
92;2;2;33,31787;100
92;2;2;33,31787;100
92;2;2;33,31787;100
92;2;2;33,31787;100
92;2;2;33,31787;100
92;2;2;33,31787;100
92;2;2;33,31787;100
92;2;2;33,65137;100
92;2;2;33,65137;100
92;2;2;33,65137;100
92;2;2;33,65137;100
92;2;2;33,65137;100
92;2;2;33,65137;100
92;2;2;33,65137;100
92;2;2;33,65137;100
92;2;2;33,65137;100
92;2;2;33,65137;100
92;2;2;33,65137;100
92;2;2;33,65137;100
92;2;2;33,65137;100
92;2;2;33,98486;100
92;2;2;33,98486;100
92;2;2;33,98486;100
92;2;2;33,98486;100
92;2;2;33,98486;100
92;2;2;33,98486;100
92;2;2;33,98486;100
92;2;2;33,98486;100
92;2;2;33,98486;100
92;2;2;33,98486;100
92;2;2;33,98486;100
92;2;2;33,98486;100
92;2;2;33,98486;100
92;2;2;33,98486;100
92;2;2;34,31836;100
92;2;2;34,31836;100
92;2;2;34,31836;100
92;2;2;34,31836;100
92;2;2;34,31836;100
92;2;2;34,31836;100
92;2;2;34,31836;100
92;2;2;34,31836;100
92;2;2;34,31836;100
92;2;2;34,31836;100
92;3;15;34,31836;100
92;2;2;34,31836;100
92;2;2;34,31836;100
92;2;2;34,31836;100
92;2;2;34,31836;100
92;2;2;34,65186;100
92;2;2;34,65186;100
92;3;15;34,65186;100
92;2;2;34,65186;100
92;2;2;34,65186;100
92;2;2;34,65186;100
92;2;2;34,65186;100
92;2;2;34,65186;100
92;2;2;34,98535;100
92;2;2;34,98535;100
92;2;2;34,98535;100
92;2;2;34,98535;100
92;2;2;34,98535;100
92;2;2;34,98535;100
92;2;2;34,98535;100
92;2;2;34,98535;100
92;2;2;34,98535;100
92;2;2;35,31885;100
92;2;2;35,31885;100
92;2;2;35,31885;100
92;2;2;35,31885;100
92;2;2;35,31885;100
92;2;2;35,31885;100
92;2;2;35,31885;100
92;2;2;35,31885;100
92;2;2;35,31885;100
92;2;2;35,31885;100
92;2;2;35,65234;100
92;2;2;35,65234;100
92;2;2;35,65234;100
92;2;2;35,65234;100
92;2;2;35,65234;100
92;2;2;35,65234;100
92;2;2;35,65234;100
92;2;2;35,65234;100
92;2;2;35,65234;100
92;2;2;35,65234;100
92;2;2;35,65234;100
92;2;2;35,98584;98
76;2;2;35,98584;96
Boss