92;2;2;29,15137;100
92;2;2;29,15137;100
92;2;2;29,15137;100
92;2;2;29,48438;100
92;2;2;29,48438;100
92;2;2;29,48438;100
92;2;2;29,48438;100
92;2;2;29,48438;100
92;2;2;29,48438;100
92;2;2;29,48438;100
92;2;2;29,48438;100
92;2;2;29,48438;100
92;2;2;29,48438;100
92;2;2;29,48438;100
92;2;2;29,48438;100
92;2;2;29,48438;100
92;2;2;29,48438;100
92;2;2;29,48438;100
92;2;2;29,48438;100
92;2;2;29,81738;100
92;2;2;29,81738;100
92;2;2;29,81738;100
92;2;2;29,81738;100
92;2;2;29,81738;100
92;2;2;29,81738;100
92;2;2;29,81738;100
92;2;2;29,81738;100
92;2;2;29,81738;100
92;2;2;29,81738;100
92;2;2;29,81738;100
92;2;2;29,81738;100
92;2;2;29,81738;100
92;2;2;29,81738;100
92;2;2;29,81738;100
92;2;2;29,81738;100
92;2;2;30,15039;100
92;2;2;30,15039;100
92;2;2;30,15039;100
92;2;2;30,15039;100
92;2;2;30,15039;100
92;2;2;30,15039;100
92;2;2;30,15039;100
92;2;2;30,15039;100
92;2;2;30,15039;100
92;2;2;30,15039;100
92;2;2;30,15039;100
92;2;2;30,15039;100
92;2;2;30,15039;100
92;2;2;30,15039;100
92;2;2;30,15039;100
92;2;2;30,15039;100
92;2;2;30,15039;100
92;2;2;30,4834;100
92;2;2;30,4834;100
92;2;2;30,4834;100
92;2;2;30,4834;100
92;2;2;30,4834;100
92;2;2;30,4834;100
92;2;2;30,4834;100
92;2;2;30,4834;100
92;2;2;30,4834;100
92;2;2;30,4834;100
92;2;2;30,4834;100
92;2;2;30,4834;100
92;2;2;30,4834;100
92;2;2;30,4834;100
92;2;2;30,81641;100
92;2;2;30,81641;100
92;2;2;30,81641;100
92;2;2;30,81641;100
92;2;2;30,81641;100
92;2;2;30,81641;100
92;2;2;30,81641;100
92;2;2;30,81641;100
92;2;2;30,81641;100
92;2;2;30,81641;100
92;2;2;30,81641;100
92;2;2;30,81641;100
92;2;2;30,81641;100
92;2;2;30,81641;100
92;2;2;31,14941;100
92;2;2;31,14941;100
92;2;2;31,14941;100
92;2;2;31,14941;100
92;2;2;31,14941;100
92;2;2;31,14941;100
92;2;2;31,14941;100
92;2;2;31,14941;100
92;2;2;31,14941;100
92;2;2;31,14941;100
92;2;2;31,14941;100
92;2;2;31,14941;100
92;2;2;31,14941;100
92;2;2;31,14941;100
92;2;2;31,14941;100
92;2;2;31,14941;100
92;2;2;31,48242;100
92;2;2;31,48242;100
92;2;2;31,48242;100
92;2;2;31,48242;100
92;2;2;31,48242;100
92;2;2;31,48242;100
92;2;2;31,48242;100
92;2;2;31,48242;100
92;2;2;31,48242;100
92;2;2;31,48242;100
92;2;2;31,48242;100
92;2;2;31,48242;100
92;2;2;31,48242;100
92;2;2;31,48242;100
92;2;2;31,48242;100
92;2;2;31,81543;100
92;2;2;31,81543;100
92;2;2;31,81543;100
92;2;2;31,81543;100
92;2;2;31,81543;100
92;2;2;31,81543;100
92;2;2;31,81543;100
92;2;2;31,81543;100
92;2;2;31,81543;100
92;2;2;31,81543;100
92;2;2;31,81543;100
92;2;2;31,81543;100
92;2;2;31,81543;100
92;2;2;31,81543;100
92;2;2;31,81543;100
92;2;2;31,81543;100
92;2;2;31,81543;100
92;2;2;32,14844;100
92;2;2;32,14844;100
92;2;2;32,14844;100
92;2;2;32,14844;100
92;2;2;32,14844;100
92;2;2;32,14844;100
92;2;2;32,14844;100
92;2;2;32,14844;100
92;2;2;32,14844;100
92;2;2;32,14844;100
92;2;2;32,48145;100
92;2;2;32,48145;100
92;2;2;32,48145;100
92;2;2;32,48145;100
92;2;2;32,48145;100
92;2;2;32,48145;100
92;2;2;32,48145;100
92;2;2;32,48145;100
92;2;2;32,48145;100
92;2;2;32,48145;100
92;2;2;32,48145;100
92;2;2;32,48145;100
92;3;15;32,48145;100
92;2;2;32,48145;100
92;2;2;32,48145;100
92;2;2;32,48145;100
92;2;2;32,81445;100
92;2;2;32,81445;100
92;2;2;32,81445;100
92;2;2;32,81445;100
92;2;2;32,81445;100
92;2;2;32,81445;100
92;2;2;32,81445;100
92;2;2;32,81445;100
92;2;2;32,81445;100
92;2;2;32,81445;100
92;2;2;32,81445;100
92;2;2;32,81445;100
92;2;2;33,14746;100
92;2;2;33,14746;100
92;2;2;33,14746;100
92;2;2;33,14746;100
92;2;2;33,14746;100
92;2;2;33,14746;100
92;2;2;33,14746;100
92;2;2;33,14746;100
92;2;2;33,14746;100
92;2;2;33,14746;100
92;2;2;33,14746;100
92;2;2;33,14746;100
92;2;2;33,14746;100
92;2;2;33,14746;100
92;2;2;33,14746;100
92;2;2;33,48047;100
92;2;2;33,48047;100
92;2;2;33,48047;100
92;2;2;33,48047;100
92;2;2;33,48047;100
92;2;2;33,48047;100
92;2;2;33,48047;100
92;2;2;33,48047;100
92;2;2;33,48047;100
92;2;2;33,48047;100
92;2;2;33,48047;100
92;2;2;33,81348;100
92;2;2;33,81348;100
92;2;2;33,81348;100
92;2;2;33,81348;100
92;2;2;33,81348;100
92;2;2;33,81348;100
92;2;2;33,81348;100
92;2;2;33,81348;100
92;2;2;33,81348;100
92;2;2;33,81348;100
92;2;2;33,81348;100
92;2;2;33,81348;100
92;2;2;33,81348;100
92;2;2;34,14648;100
92;2;2;34,14648;100
92;2;2;34,14648;100
92;2;2;34,14648;100
92;2;2;34,14648;100
92;2;2;34,14648;100
92;2;2;34,14648;100
92;2;2;34,14648;100
92;2;2;34,14648;100
92;2;2;34,14648;100
92;2;2;34,14648;100
92;2;2;34,14648;100
92;2;2;34,47949;100
92;2;2;34,47949;100
92;2;2;34,47949;100
92;2;2;34,47949;100
92;2;2;34,47949;100
92;2;2;34,47949;100
92;2;2;34,47949;100
92;2;2;34,47949;100
92;2;2;34,47949;100
92;2;2;34,8125;100
92;2;2;34,8125;100
92;2;2;34,8125;100
92;2;2;34,8125;100
92;2;2;34,8125;100
92;2;2;34,8125;100
92;3;15;34,8125;100
92;2;2;34,8125;100
92;2;2;34,8125;100
92;2;2;34,8125;100
92;2;2;34,8125;100
92;2;2;35,14551;100
92;2;2;35,14551;100
92;2;2;35,14551;100
92;2;2;35,14551;100
92;2;2;35,14551;100
92;2;2;35,14551;100
92;2;2;35,14551;100
92;2;2;35,14551;100
92;2;2;35,14551;100
92;2;2;35,14551;100
92;2;2;35,14551;100
92;2;2;35,47852;100
92;2;2;35,47852;100
92;2;2;35,47852;100
92;2;2;35,47852;100
92;2;2;35,47852;100
92;2;2;35,47852;100
92;2;2;35,47852;100
92;2;2;35,47852;100
92;2;2;35,47852;100
92;2;2;35,47852;100
92;3;15;35,47852;85
92;2;2;35,81152;85
84;2;2;35,81152;83
60;2;2;35,81152;81
44;3;15;35,81152;66
36;2;2;35,81152;64
12;2;2;35,81152;62
Boss