92;2;2;54,81934;100
92;2;2;54,81934;100
92;2;2;55,15283;100
92;2;2;55,15283;100
92;2;2;55,15283;100
92;2;2;55,15283;100
92;2;2;55,15283;100
92;2;2;55,15283;100
92;2;2;55,15283;100
92;2;2;55,15283;100
92;2;2;55,15283;100
92;2;2;55,15283;100
92;2;2;55,15283;100
92;2;2;55,15283;100
92;2;2;55,15283;100
92;2;2;55,15283;100
92;2;2;55,15283;100
92;2;2;55,15283;100
92;2;2;55,15283;100
92;2;2;55,48633;100
92;2;2;55,48633;100
92;2;2;55,48633;100
92;2;2;55,48633;100
92;2;2;55,48633;100
92;2;2;55,48633;100
92;2;2;55,48633;100
92;2;2;55,48633;100
92;2;2;55,48633;100
92;2;2;55,48633;100
92;2;2;55,48633;100
92;2;2;55,48633;100
92;2;2;55,48633;100
92;2;2;55,48633;100
92;2;2;55,48633;100
92;2;2;55,48633;100
92;2;2;55,48633;100
92;2;2;55,81982;100
92;2;2;55,81982;100
92;2;2;55,81982;100
92;2;2;55,81982;100
92;2;2;55,81982;100
92;2;2;55,81982;100
92;2;2;55,81982;100
92;2;2;55,81982;100
92;2;2;55,81982;100
92;2;2;55,81982;100
92;2;2;55,81982;100
92;2;2;55,81982;100
92;2;2;55,81982;100
92;2;2;55,81982;100
92;2;2;55,81982;100
92;2;2;55,81982;100
92;2;2;56,15332;100
92;2;2;56,15332;100
92;2;2;56,15332;100
92;2;2;56,15332;100
92;2;2;56,15332;100
92;2;2;56,15332;100
92;2;2;56,15332;100
92;2;2;56,15332;100
92;2;2;56,15332;100
92;2;2;56,15332;100
92;2;2;56,15332;100
92;2;2;56,15332;100
92;2;2;56,15332;100
92;2;2;56,15332;100
92;2;2;56,15332;100
92;2;2;56,15332;100
92;2;2;56,15332;100
92;2;2;56,48682;100
92;2;2;56,48682;100
92;2;2;56,48682;100
92;2;2;56,48682;100
92;2;2;56,48682;100
92;2;2;56,48682;100
92;2;2;56,48682;100
92;2;2;56,48682;100
92;2;2;56,48682;100
92;2;2;56,48682;100
92;2;2;56,48682;100
92;2;2;56,48682;100
92;2;2;56,48682;100
92;2;2;56,48682;100
92;2;2;56,48682;100
92;2;2;56,48682;100
92;2;2;56,82031;100
92;2;2;56,82031;100
92;2;2;56,82031;100
92;2;2;56,82031;100
92;2;2;56,82031;100
92;2;2;56,82031;100
92;2;2;56,82031;100
92;2;2;56,82031;100
92;2;2;56,82031;100
92;2;2;56,82031;100
92;2;2;56,82031;100
92;2;2;56,82031;100
92;2;2;56,82031;100
92;2;2;56,82031;100
92;2;2;56,82031;100
92;2;2;56,82031;100
92;2;2;57,15381;100
92;2;2;57,15381;100
92;2;2;57,15381;100
92;2;2;57,15381;100
92;2;2;57,15381;100
92;2;2;57,15381;100
92;2;2;57,15381;100
92;2;2;57,15381;100
92;2;2;57,15381;100
92;2;2;57,15381;100
92;2;2;57,15381;100
92;2;2;57,15381;100
92;2;2;57,15381;100
92;2;2;57,15381;100
92;2;2;57,15381;100
92;2;2;57,15381;100
92;2;2;57,4873;100
92;2;2;57,4873;100
92;2;2;57,4873;100
92;2;2;57,4873;100
92;2;2;57,4873;100
92;2;2;57,4873;100
92;2;2;57,4873;100
92;2;2;57,4873;100
92;2;2;57,4873;100
92;2;2;57,4873;100
92;2;2;57,4873;100
92;2;2;57,4873;100
92;2;2;57,4873;100
92;2;2;57,4873;100
92;2;2;57,4873;100
92;2;2;57,4873;100
92;2;2;57,4873;100
92;2;2;57,8208;100
92;2;2;57,8208;100
92;2;2;57,8208;100
92;2;2;57,8208;100
92;2;2;57,8208;100
92;2;2;57,8208;100
92;2;2;57,8208;100
92;2;2;57,8208;100
92;2;2;57,8208;100
92;2;2;57,8208;100
92;2;2;57,8208;100
92;2;2;57,8208;100
92;2;2;57,8208;100
92;2;2;57,8208;100
92;2;2;58,1543;100
92;2;2;58,1543;100
92;2;2;58,1543;100
92;2;2;58,1543;100
92;2;2;58,1543;100
92;2;2;58,1543;100
92;2;2;58,1543;100
92;2;2;58,1543;100
92;2;2;58,1543;100
92;2;2;58,1543;100
92;2;2;58,1543;100
92;2;2;58,1543;100
92;2;2;58,1543;100
92;2;2;58,1543;100
92;2;2;58,1543;100
92;2;2;58,1543;100
92;2;2;58,1543;100
92;2;2;58,48779;100
92;2;2;58,48779;100
92;2;2;58,48779;100
92;2;2;58,48779;100
92;2;2;58,48779;100
92;2;2;58,48779;100
92;2;2;58,48779;100
92;2;2;58,48779;100
92;2;2;58,48779;100
92;2;2;58,48779;100
92;2;2;58,48779;100
92;2;2;58,48779;100
92;2;2;58,48779;100
92;2;2;58,48779;100
92;2;2;58,48779;100
92;2;2;58,48779;100
92;2;2;58,82129;100
92;2;2;58,82129;100
92;2;2;58,82129;100
92;2;2;58,82129;100
92;2;2;58,82129;100
92;2;2;58,82129;100
92;2;2;58,82129;100
92;2;2;58,82129;100
92;2;2;58,82129;100
92;2;2;58,82129;100
92;2;2;58,82129;100
92;2;2;58,82129;100
92;2;2;58,82129;100
92;2;2;58,82129;100
92;2;2;58,82129;100
92;2;2;58,82129;100
92;2;2;59,15479;100
92;2;2;59,15479;100
92;2;2;59,15479;100
92;2;2;59,15479;100
92;2;2;59,15479;100
92;2;2;59,15479;100
92;2;2;59,15479;100
92;2;2;59,15479;100
92;2;2;59,15479;100
92;2;2;59,15479;100
92;2;2;59,15479;100
92;2;2;59,15479;100
92;2;2;59,15479;100
92;2;2;59,15479;100
92;2;2;59,15479;100
92;2;2;59,15479;100
92;2;2;59,15479;100
92;2;2;59,48828;100
92;2;2;59,48828;100
92;2;2;59,48828;100
92;2;2;59,48828;100
92;2;2;59,48828;100
92;2;2;59,48828;100
92;2;2;59,48828;100
92;2;2;59,48828;100
92;2;2;59,48828;100
92;2;2;59,48828;100
92;2;2;59,48828;100
92;2;2;59,48828;100
92;2;2;59,48828;100
92;2;2;59,48828;100
92;2;2;59,48828;100
92;2;2;59,82178;100
92;2;2;59,82178;100
92;2;2;59,82178;100
92;2;2;59,82178;100
92;2;2;59,82178;100
92;2;2;59,82178;100
92;2;2;59,82178;100
92;2;2;59,82178;100
92;2;2;59,82178;100
92;2;2;59,82178;100
92;2;2;59,82178;100
92;2;2;59,82178;100
92;2;2;59,82178;100
92;2;2;59,82178;100
92;2;2;59,82178;100
92;2;2;59,82178;100
92;2;2;0,1552734;100
92;2;2;0,1552734;100
92;2;2;0,1552734;100
92;2;2;0,1552734;100
92;2;2;0,1552734;100
92;2;2;0,1552734;100
92;2;2;0,1552734;100
92;2;2;0,1552734;100
92;2;2;0,1552734;100
92;2;2;0,1552734;100
92;2;2;0,1552734;100
92;2;2;0,1552734;100
92;2;2;0,1552734;100
92;2;2;0,4887695;100
92;2;2;0,4887695;100
92;2;2;0,4887695;100
92;2;2;0,4887695;100
92;2;2;0,4887695;100
92;2;2;0,4887695;100
92;2;2;0,4887695;100
92;2;2;0,4887695;100
92;2;2;0,4887695;100
92;2;2;0,4887695;100
92;2;2;0,4887695;100
92;2;2;0,4887695;100
92;2;2;0,4887695;100
92;2;2;0,4887695;100
92;2;2;0,4887695;100
92;2;2;0,4887695;100
92;2;2;0,8222656;100
92;2;2;0,8222656;100
92;2;2;0,8222656;100
92;2;2;0,8222656;100
92;2;2;0,8222656;100
92;2;2;0,8222656;100
92;2;2;0,8222656;100
92;2;2;0,8222656;100
92;2;2;0,8222656;100
92;2;2;0,8222656;100
92;2;2;0,8222656;100
92;2;2;0,8222656;100
92;2;2;0,8222656;100
92;2;2;0,8222656;100
92;2;2;0,8222656;100
92;2;2;0,8222656;100
92;2;2;1,155762;100
92;2;2;1,155762;100
92;2;2;1,155762;100
92;2;2;1,155762;100
92;2;2;1,155762;100
92;2;2;1,155762;100
92;2;2;1,155762;100
92;2;2;1,155762;100
92;2;2;1,155762;100
92;2;2;1,155762;100
92;2;2;1,155762;100
92;2;2;1,155762;100
92;2;2;1,155762;100
92;2;2;1,155762;100
92;2;2;1,489258;100
92;2;2;1,489258;100
92;2;2;1,489258;100
92;2;2;1,489258;100
92;2;2;1,489258;100
92;2;2;1,489258;100
92;2;2;1,489258;100
92;2;2;1,489258;100
92;2;2;1,489258;100
92;2;2;1,489258;100
92;2;2;1,489258;100
92;2;2;1,489258;100
92;2;2;1,489258;100
92;2;2;1,489258;100
92;2;2;1,822754;100
92;2;2;1,822754;100
92;2;2;1,822754;100
92;2;2;1,822754;100
92;2;2;1,822754;100
92;2;2;1,822754;100
92;2;2;1,822754;100
92;2;2;1,822754;100
92;2;2;2,15625;100
92;2;2;2,15625;100
92;2;2;2,15625;100
92;2;2;2,15625;100
92;2;2;2,15625;100
92;2;2;2,15625;100
92;2;2;2,15625;100
92;2;2;2,15625;100
92;2;2;2,15625;100
92;2;2;2,15625;100
92;2;2;2,489746;100
92;2;2;2,489746;100
92;2;2;2,489746;100
92;2;2;2,489746;100
92;2;2;2,489746;100
92;2;2;2,489746;100
92;2;2;2,489746;100
92;2;2;2,489746;100
92;2;2;2,489746;100
92;2;2;2,489746;100
92;2;2;2,489746;100
92;2;2;2,489746;100
92;2;2;2,489746;100
92;2;2;2,489746;100
92;2;2;2,823242;100
92;2;2;2,823242;100
92;2;2;2,823242;100
92;2;2;2,823242;100
92;2;2;2,823242;100
92;2;2;2,823242;100
92;2;2;2,823242;100
92;3;15;2,823242;100
92;2;2;2,823242;100
92;2;2;2,823242;100
92;2;2;2,823242;100
92;2;2;2,823242;100
92;2;2;2,823242;100
92;2;2;2,823242;100
92;2;2;2,823242;100
92;2;2;2,823242;100
92;2;2;3,156738;100
92;2;2;3,156738;100
92;2;2;3,156738;100
92;2;2;3,156738;100
92;2;2;3,156738;100
92;2;2;3,156738;100
92;2;2;3,156738;100
92;2;2;3,156738;100
92;2;2;3,156738;100
92;2;2;3,156738;100
92;2;2;3,156738;100
92;2;2;3,156738;100
92;2;2;3,490234;100
92;2;2;3,490234;100
92;2;2;3,490234;100
92;2;2;3,490234;100
92;2;2;3,490234;100
92;2;2;3,490234;100
92;2;2;3,490234;100
92;2;2;3,490234;100
92;2;2;3,490234;100
92;2;2;3,490234;100
92;2;2;3,490234;100
92;2;2;3,490234;100
92;2;2;3,490234;100
92;2;2;3,490234;100
92;2;2;3,82373;100
92;2;2;3,82373;100
92;2;2;3,82373;100
92;2;2;3,82373;100
92;2;2;3,82373;100
92;2;2;3,82373;100
92;2;2;3,82373;100
92;2;2;3,82373;100
92;2;2;3,82373;100
92;2;2;3,82373;100
92;2;2;3,82373;100
92;2;2;3,82373;100
92;2;2;4,157227;100
92;2;2;4,157227;100
92;2;2;4,157227;100
92;2;2;4,157227;100
92;2;2;4,157227;100
92;2;2;4,157227;100
92;2;2;4,157227;100
92;2;2;4,157227;100
92;2;2;4,157227;100
92;2;2;4,157227;100
92;2;2;4,490723;98
76;2;2;4,490723;96
60;2;2;4,490723;94
52;2;2;4,490723;92
44;2;2;4,490723;90
36;2;2;4,490723;88
-4;2;2;4,490723;86
Boss