92;2;2;27,63965;100
92;2;2;27,63965;100
92;2;2;27,63965;100
92;2;2;27,97266;100
92;2;2;27,97266;100
92;2;2;27,97266;100
92;2;2;27,97266;100
92;2;2;27,97266;100
92;2;2;27,97266;100
92;2;2;27,97266;100
92;2;2;27,97266;100
92;2;2;27,97266;100
92;2;2;27,97266;100
92;2;2;28,30566;100
92;2;2;28,30566;100
92;2;2;28,30566;100
92;2;2;28,30566;100
92;2;2;28,30566;100
92;2;2;28,30566;100
92;2;2;28,30566;100
92;2;2;28,30566;100
92;2;2;28,30566;100
92;2;2;28,30566;100
92;2;2;28,30566;100
92;2;2;28,30566;100
92;2;2;28,30566;100
92;2;2;28,30566;100
92;3;15;28,30566;100
92;2;2;28,63867;100
92;2;2;28,63867;100
92;2;2;28,63867;100
92;2;2;28,63867;100
92;2;2;28,63867;100
92;2;2;28,63867;100
92;2;2;28,63867;100
92;2;2;28,63867;100
92;2;2;28,63867;100
92;2;2;28,63867;100
92;2;2;28,63867;100
92;2;2;28,63867;100
92;2;2;28,63867;100
92;2;2;28,63867;100
92;2;2;28,63867;100
92;2;2;28,63867;100
92;2;2;28,97168;100
92;2;2;28,97168;100
92;2;2;28,97168;100
92;2;2;28,97168;100
92;2;2;28,97168;100
92;2;2;28,97168;100
92;2;2;28,97168;100
92;2;2;28,97168;100
92;2;2;28,97168;100
92;2;2;28,97168;100
92;2;2;28,97168;100
92;2;2;28,97168;100
92;2;2;28,97168;100
92;2;2;28,97168;100
92;2;2;28,97168;100
92;2;2;29,30469;100
92;2;2;29,30469;100
92;2;2;29,30469;100
92;2;2;29,30469;100
92;2;2;29,30469;100
92;2;2;29,30469;100
92;2;2;29,30469;100
92;2;2;29,30469;100
92;2;2;29,30469;100
92;2;2;29,30469;100
92;2;2;29,30469;100
92;2;2;29,30469;100
92;2;2;29,30469;100
92;2;2;29,30469;100
92;2;2;29,6377;100
92;2;2;29,6377;100
92;2;2;29,6377;100
92;2;2;29,6377;100
92;2;2;29,6377;100
92;2;2;29,6377;100
92;2;2;29,6377;100
92;2;2;29,6377;100
92;2;2;29,6377;100
92;2;2;29,6377;100
92;2;2;29,6377;100
92;2;2;29,6377;100
92;2;2;29,6377;100
92;2;2;29,6377;100
92;2;2;29,6377;100
92;2;2;29,6377;100
92;2;2;29,9707;100
92;2;2;29,9707;100
92;2;2;29,9707;100
92;2;2;29,9707;100
92;2;2;29,9707;100
92;2;2;29,9707;100
92;2;2;29,9707;100
92;3;15;29,9707;100
92;2;2;29,9707;100
92;2;2;29,9707;100
92;2;2;29,9707;100
92;2;2;29,9707;100
92;2;2;29,9707;100
92;3;15;29,9707;100
92;2;2;29,9707;100
92;2;2;29,9707;100
92;2;2;30,30371;100
92;2;2;30,30371;100
92;2;2;30,30371;100
92;3;15;30,30371;100
92;2;2;30,30371;100
92;2;2;30,30371;100
92;2;2;30,30371;100
92;2;2;30,30371;100
92;2;2;30,30371;100
92;2;2;30,30371;100
92;2;2;30,30371;100
92;2;2;30,30371;100
92;2;2;30,30371;100
92;2;2;30,30371;100
92;2;2;30,30371;100
92;2;2;30,30371;100
92;2;2;30,63672;100
92;2;2;30,63672;100
92;2;2;30,63672;100
92;2;2;30,63672;100
92;2;2;30,63672;100
92;2;2;30,63672;100
92;2;2;30,63672;100
92;2;2;30,63672;100
92;2;2;30,63672;100
92;2;2;30,63672;100
92;2;2;30,63672;100
92;2;2;30,63672;100
92;2;2;30,63672;100
92;2;2;30,96973;100
92;2;2;30,96973;100
92;2;2;30,96973;100
92;2;2;30,96973;100
92;2;2;30,96973;100
92;2;2;30,96973;100
92;2;2;30,96973;100
92;2;2;30,96973;100
92;2;2;30,96973;100
92;2;2;30,96973;100
92;2;2;30,96973;100
92;2;2;30,96973;100
92;2;2;30,96973;100
92;2;2;31,30273;100
92;2;2;31,30273;100
92;2;2;31,30273;100
92;2;2;31,30273;100
92;2;2;31,30273;100
92;2;2;31,30273;100
92;2;2;31,30273;100
92;2;2;31,30273;100
92;2;2;31,30273;100
92;2;2;31,30273;100
92;2;2;31,30273;100
92;2;2;31,30273;100
92;2;2;31,30273;100
92;2;2;31,30273;100
92;2;2;31,30273;100
92;2;2;31,30273;100
92;2;2;31,63574;100
92;2;2;31,63574;100
92;2;2;31,63574;100
92;2;2;31,63574;100
92;2;2;31,63574;100
92;2;2;31,63574;100
92;2;2;31,63574;100
92;2;2;31,63574;100
92;2;2;31,63574;100
92;2;2;31,63574;100
92;2;2;31,63574;100
92;2;2;31,63574;100
92;2;2;31,63574;100
92;3;15;31,63574;100
92;2;2;31,63574;100
92;2;2;31,96875;100
92;2;2;31,96875;100
92;2;2;31,96875;100
92;2;2;31,96875;100
92;2;2;31,96875;100
92;2;2;31,96875;100
92;2;2;31,96875;100
92;2;2;31,96875;100
92;2;2;31,96875;100
92;2;2;31,96875;100
92;2;2;31,96875;100
92;2;2;31,96875;100
92;2;2;31,96875;100
92;2;2;31,96875;100
92;2;2;31,96875;100
92;2;2;32,30176;100
92;3;15;32,30176;100
92;2;2;32,30176;100
92;2;2;32,30176;100
92;2;2;32,30176;100
92;2;2;32,30176;100
92;2;2;32,30176;100
92;2;2;32,30176;100
92;2;2;32,30176;100
92;2;2;32,30176;100
92;2;2;32,30176;100
92;2;2;32,30176;100
92;2;2;32,30176;100
92;2;2;32,30176;100
92;2;2;32,30176;100
92;2;2;32,30176;100
92;2;2;32,63477;100
92;2;2;32,63477;100
92;2;2;32,63477;100
92;2;2;32,63477;100
92;2;2;32,63477;100
92;2;2;32,63477;100
92;2;2;32,63477;100
92;2;2;32,63477;100
92;2;2;32,63477;100
92;2;2;32,63477;100
92;2;2;32,63477;100
92;2;2;32,63477;100
92;2;2;32,63477;100
92;2;2;32,63477;100
92;2;2;32,63477;100
92;2;2;32,96777;100
92;2;2;32,96777;100
92;2;2;32,96777;100
92;3;15;32,96777;100
92;2;2;32,96777;100
92;2;2;32,96777;100
92;2;2;32,96777;100
92;2;2;32,96777;100
92;2;2;32,96777;100
92;2;2;32,96777;100
92;2;2;32,96777;100
92;3;15;32,96777;100
92;2;2;32,96777;100
92;3;15;32,96777;100
92;2;2;33,30078;100
92;2;2;33,30078;100
92;2;2;33,30078;100
92;2;2;33,30078;100
92;2;2;33,30078;100
92;2;2;33,30078;100
92;3;15;33,30078;100
92;2;2;33,30078;100
92;2;2;33,30078;100
92;2;2;33,30078;100
92;2;2;33,30078;100
92;3;15;33,30078;100
92;2;2;33,30078;100
92;3;15;33,63379;100
92;2;2;33,63379;100
92;2;2;33,63379;100
92;2;2;33,63379;100
92;2;2;33,63379;100
92;2;2;33,63379;100
92;3;15;33,63379;85
92;2;2;33,63379;85
92;2;2;33,63379;85
92;2;2;33,63379;85
92;2;2;33,63379;85
92;2;2;33,63379;85
92;2;2;33,63379;85
92;2;2;33,63379;85
92;2;2;33,63379;85
92;3;15;33,63379;70
92;3;15;33,63379;55
92;2;2;33,9668;55
92;2;2;33,9668;55
92;2;2;33,9668;55
92;2;2;33,9668;55
92;2;2;33,9668;55
92;2;2;33,9668;55
92;2;2;33,9668;55
92;2;2;33,9668;55
92;2;2;33,9668;55
92;2;2;33,9668;55
92;2;2;33,9668;55
92;2;2;33,9668;55
92;2;2;33,9668;55
92;2;2;33,9668;55
92;2;2;33,9668;55
92;2;2;33,9668;55
92;2;2;34,2998;55
92;2;2;34,2998;53
84;2;2;34,2998;51
76;2;2;34,2998;49
68;2;2;34,2998;47
60;2;2;34,2998;45
52;2;2;34,2998;43
44;2;2;34,2998;41
28;3;15;34,2998;26
20;3;15;34,2998;11
4;2;2;34,2998;9
-4;3;15;34,2998;-6
Player