92;2;2;3,713379;100
92;2;2;3,713379;100
92;2;2;3,713379;100
92;2;2;4,046875;100
92;2;2;4,046875;100
92;2;2;4,046875;100
92;2;2;4,046875;100
92;2;2;4,046875;100
92;2;2;4,046875;100
92;2;2;4,046875;100
92;2;2;4,046875;100
92;2;2;4,046875;100
92;2;2;4,046875;100
92;2;2;4,046875;100
92;2;2;4,046875;100
92;2;2;4,046875;100
92;2;2;4,046875;100
92;2;2;4,046875;100
92;2;2;4,046875;100
92;2;2;4,046875;100
92;2;2;4,380371;100
92;2;2;4,380371;100
92;2;2;4,380371;100
92;2;2;4,380371;100
92;2;2;4,380371;100
92;2;2;4,380371;100
92;2;2;4,380371;100
92;2;2;4,380371;100
92;2;2;4,380371;100
92;2;2;4,380371;100
92;2;2;4,380371;100
92;2;2;4,380371;100
92;2;2;4,380371;100
92;2;2;4,380371;100
92;2;2;4,380371;100
92;2;2;4,380371;100
92;2;2;4,713867;100
92;2;2;4,713867;100
92;2;2;4,713867;100
92;2;2;4,713867;100
92;2;2;4,713867;100
92;2;2;4,713867;100
92;2;2;4,713867;100
92;2;2;4,713867;100
92;2;2;4,713867;100
92;2;2;4,713867;100
92;2;2;4,713867;100
92;2;2;4,713867;100
92;2;2;4,713867;100
92;2;2;4,713867;100
92;2;2;4,713867;100
92;2;2;4,713867;100
92;2;2;4,713867;100
92;2;2;5,047363;100
92;2;2;5,047363;100
92;2;2;5,047363;100
92;2;2;5,047363;100
92;2;2;5,047363;100
92;2;2;5,047363;100
92;2;2;5,047363;100
92;2;2;5,047363;100
92;2;2;5,047363;100
92;2;2;5,047363;100
92;2;2;5,047363;100
92;2;2;5,047363;100
92;2;2;5,047363;100
92;2;2;5,047363;100
92;2;2;5,047363;100
92;2;2;5,380859;100
92;2;2;5,380859;100
92;2;2;5,380859;100
92;2;2;5,380859;100
92;2;2;5,380859;100
92;2;2;5,380859;100
92;2;2;5,380859;100
92;2;2;5,380859;100
92;2;2;5,380859;100
92;2;2;5,380859;100
92;2;2;5,380859;100
92;2;2;5,380859;100
92;2;2;5,380859;100
92;2;2;5,714355;100
92;2;2;5,714355;100
92;2;2;5,714355;100
92;2;2;5,714355;100
92;2;2;5,714355;100
92;2;2;5,714355;100
92;2;2;5,714355;100
92;2;2;5,714355;100
92;2;2;5,714355;100
92;2;2;5,714355;100
92;2;2;5,714355;100
92;2;2;5,714355;100
92;2;2;5,714355;100
92;2;2;5,714355;100
92;2;2;5,714355;100
92;2;2;6,047852;100
92;2;2;6,047852;100
92;2;2;6,047852;100
92;2;2;6,047852;100
92;2;2;6,047852;100
92;2;2;6,047852;100
92;2;2;6,047852;100
92;2;2;6,047852;100
92;2;2;6,047852;100
92;2;2;6,047852;100
92;2;2;6,047852;100
92;2;2;6,047852;100
92;2;2;6,047852;100
92;2;2;6,047852;100
92;2;2;6,047852;100
92;2;2;6,381348;100
92;2;2;6,381348;100
92;2;2;6,381348;100
92;2;2;6,381348;100
92;2;2;6,381348;100
92;2;2;6,381348;100
92;2;2;6,381348;100
92;2;2;6,381348;100
92;2;2;6,381348;100
92;2;2;6,381348;100
92;2;2;6,381348;100
92;2;2;6,381348;100
92;2;2;6,381348;100
92;2;2;6,381348;100
92;2;2;6,381348;100
92;2;2;6,714844;100
92;2;2;6,714844;100
92;2;2;6,714844;100
92;2;2;6,714844;100
92;2;2;6,714844;100
92;2;2;6,714844;100
92;2;2;6,714844;100
92;2;2;6,714844;100
92;2;2;6,714844;100
92;2;2;6,714844;100
92;3;15;6,714844;100
92;2;2;6,714844;100
92;2;2;6,714844;100
92;2;2;6,714844;100
92;3;15;7,04834;100
92;2;2;7,04834;100
92;2;2;7,04834;100
92;2;2;7,04834;100
92;2;2;7,04834;100
92;2;2;7,04834;100
92;2;2;7,04834;100
92;2;2;7,04834;100
92;2;2;7,04834;100
92;2;2;7,04834;100
92;2;2;7,04834;100
92;2;2;7,04834;100
92;2;2;7,04834;100
92;2;2;7,04834;100
92;2;2;7,04834;100
92;2;2;7,381836;100
92;2;2;7,381836;100
92;2;2;7,381836;100
92;2;2;7,381836;100
92;2;2;7,381836;100
92;2;2;7,381836;100
92;2;2;7,381836;100
92;2;2;7,381836;100
92;2;2;7,381836;100
92;2;2;7,381836;100
92;2;2;7,381836;100
92;2;2;7,381836;100
92;2;2;7,381836;100
92;2;2;7,715332;100
92;2;2;7,715332;100
92;2;2;7,715332;100
92;2;2;7,715332;100
92;2;2;7,715332;100
92;2;2;7,715332;100
92;2;2;7,715332;100
92;2;2;7,715332;100
92;2;2;7,715332;100
92;2;2;7,715332;100
92;2;2;7,715332;100
92;2;2;7,715332;100
92;2;2;7,715332;100
92;2;2;7,715332;100
92;2;2;8,048828;100
92;2;2;8,048828;100
92;2;2;8,048828;100
92;2;2;8,048828;100
92;2;2;8,048828;100
92;2;2;8,048828;100
92;2;2;8,048828;100
92;2;2;8,048828;100
92;2;2;8,048828;100
92;2;2;8,048828;100
92;2;2;8,048828;100
92;2;2;8,048828;100
92;2;2;8,048828;100
92;2;2;8,382324;100
92;2;2;8,382324;100
92;2;2;8,382324;100
92;2;2;8,382324;100
92;2;2;8,382324;100
92;2;2;8,382324;100
92;2;2;8,382324;100
92;2;2;8,382324;100
92;2;2;8,382324;100
92;2;2;8,382324;100
92;2;2;8,382324;100
92;2;2;8,382324;100
92;2;2;8,382324;100
92;2;2;8,71582;100
92;2;2;8,71582;100
92;2;2;8,71582;100
92;2;2;8,71582;100
92;2;2;8,71582;100
92;2;2;8,71582;100
92;2;2;8,71582;100
92;2;2;8,71582;100
92;2;2;8,71582;100
92;2;2;8,71582;100
92;2;2;8,71582;100
92;2;2;8,71582;100
92;2;2;9,049316;100
92;2;2;9,049316;100
92;2;2;9,049316;100
92;2;2;9,049316;100
92;2;2;9,049316;100
92;2;2;9,049316;100
92;2;2;9,049316;100
92;2;2;9,049316;100
92;2;2;9,049316;100
92;2;2;9,049316;100
92;2;2;9,049316;100
92;2;2;9,049316;100
92;2;2;9,049316;100
92;2;2;9,049316;100
92;2;2;9,382813;100
92;2;2;9,382813;100
92;2;2;9,382813;100
92;2;2;9,382813;100
92;2;2;9,382813;100
92;2;2;9,382813;100
92;2;2;9,382813;100
92;2;2;9,382813;100
92;2;2;9,382813;100
92;2;2;9,382813;100
92;2;2;9,382813;100
92;2;2;9,716309;100
92;2;2;9,716309;100
92;2;2;9,716309;100
92;2;2;9,716309;100
92;2;2;9,716309;100
92;2;2;9,716309;100
92;2;2;9,716309;100
92;2;2;9,716309;100
92;2;2;9,716309;100
92;2;2;9,716309;100
92;2;2;9,716309;100
92;2;2;10,0498;100
92;2;2;10,0498;100
92;2;2;10,0498;100
92;2;2;10,0498;100
92;2;2;10,0498;100
92;2;2;10,0498;100
92;2;2;10,0498;100
92;2;2;10,0498;100
92;2;2;10,0498;100
92;2;2;10,0498;100
92;2;2;10,0498;100
92;2;2;10,0498;100
92;2;2;10,0498;100
92;2;2;10,0498;100
92;2;2;10,0498;100
92;2;2;10,0498;100
92;2;2;10,0498;100
92;2;2;10,3833;100
92;2;2;10,3833;100
92;2;2;10,3833;100
92;2;2;10,3833;100
92;2;2;10,3833;100
92;2;2;10,3833;100
92;2;2;10,3833;100
92;2;2;10,3833;100
92;2;2;10,3833;100
92;2;2;10,3833;100
92;2;2;10,3833;100
92;2;2;10,3833;100
92;2;2;10,3833;100
92;2;2;10,3833;100
92;2;2;10,3833;100
92;2;2;10,7168;100
92;2;2;10,7168;100
92;2;2;10,7168;100
92;2;2;10,7168;100
92;2;2;10,7168;100
92;2;2;10,7168;100
92;2;2;10,7168;100
92;2;2;10,7168;100
92;2;2;10,7168;100
92;2;2;10,7168;100
92;2;2;10,7168;100
92;2;2;11,05029;100
92;2;2;11,05029;98
84;2;2;11,05029;96
76;2;2;11,05029;94
60;2;2;11,05029;92
Boss