92;2;2;45,19434;100
92;2;2;45,19434;100
92;2;2;45,19434;100
92;2;2;45,52734;100
92;2;2;45,52734;100
92;2;2;45,52734;100
92;2;2;45,52734;100
92;2;2;45,52734;100
92;2;2;45,52734;100
92;2;2;45,52734;100
92;2;2;45,52734;100
92;2;2;45,52734;100
92;2;2;45,52734;100
92;2;2;45,52734;100
92;2;2;45,52734;100
92;2;2;45,52734;100
92;2;2;45,52734;100
92;2;2;45,52734;100
92;2;2;45,86035;100
92;2;2;45,86035;100
92;2;2;45,86035;100
92;2;2;45,86035;100
92;2;2;45,86035;100
92;2;2;45,86035;100
92;2;2;45,86035;100
92;2;2;45,86035;100
92;2;2;45,86035;100
92;2;2;45,86035;100
92;2;2;45,86035;100
92;2;2;45,86035;100
92;2;2;45,86035;100
92;2;2;45,86035;100
92;2;2;45,86035;100
92;2;2;45,86035;100
92;2;2;45,86035;100
92;2;2;46,19336;100
92;2;2;46,19336;100
92;2;2;46,19336;100
92;2;2;46,19336;100
92;2;2;46,19336;100
92;2;2;46,19336;100
92;2;2;46,19336;100
92;2;2;46,19336;100
92;2;2;46,19336;100
92;2;2;46,19336;100
92;2;2;46,19336;100
92;2;2;46,19336;100
92;2;2;46,19336;100
92;2;2;46,19336;100
92;2;2;46,19336;100
92;2;2;46,19336;100
92;2;2;46,52637;100
92;2;2;46,52637;100
92;2;2;46,52637;100
92;2;2;46,52637;100
92;2;2;46,52637;100
92;2;2;46,52637;100
92;2;2;46,52637;100
92;2;2;46,52637;100
92;2;2;46,52637;100
92;2;2;46,52637;100
92;2;2;46,52637;100
92;2;2;46,52637;100
92;2;2;46,52637;100
92;2;2;46,52637;100
92;2;2;46,52637;100
92;2;2;46,52637;100
92;2;2;46,85938;100
92;2;2;46,85938;100
92;2;2;46,85938;100
92;2;2;46,85938;100
92;2;2;46,85938;100
92;2;2;46,85938;100
92;2;2;46,85938;100
92;2;2;46,85938;100
92;2;2;46,85938;100
92;2;2;46,85938;100
92;2;2;46,85938;100
92;2;2;46,85938;100
92;2;2;46,85938;100
92;2;2;46,85938;100
92;2;2;46,85938;100
92;2;2;46,85938;100
92;2;2;46,85938;100
92;2;2;47,19238;100
92;2;2;47,19238;100
92;2;2;47,19238;100
92;2;2;47,19238;100
92;2;2;47,19238;100
92;2;2;47,19238;100
92;2;2;47,19238;100
92;2;2;47,19238;100
92;2;2;47,19238;100
92;2;2;47,19238;100
92;2;2;47,19238;100
92;2;2;47,19238;100
92;2;2;47,19238;100
92;2;2;47,19238;100
92;2;2;47,19238;100
92;2;2;47,19238;100
92;2;2;47,19238;100
92;2;2;47,52539;100
92;2;2;47,52539;100
92;2;2;47,52539;100
92;2;2;47,52539;100
92;2;2;47,52539;100
92;2;2;47,52539;100
92;2;2;47,52539;100
92;2;2;47,52539;100
92;2;2;47,52539;100
92;2;2;47,52539;100
92;2;2;47,52539;100
92;2;2;47,52539;100
92;2;2;47,52539;100
92;2;2;47,52539;100
92;2;2;47,52539;100
92;2;2;47,52539;100
92;2;2;47,8584;100
92;2;2;47,8584;100
92;2;2;47,8584;100
92;2;2;47,8584;100
92;2;2;47,8584;100
92;2;2;47,8584;100
92;2;2;47,8584;100
92;2;2;47,8584;100
92;2;2;47,8584;100
92;2;2;47,8584;100
92;2;2;47,8584;100
92;2;2;47,8584;100
92;2;2;47,8584;100
92;2;2;47,8584;100
92;2;2;48,19141;100
92;2;2;48,19141;100
92;2;2;48,19141;100
92;2;2;48,19141;100
92;2;2;48,19141;100
92;2;2;48,19141;100
92;2;2;48,19141;100
92;2;2;48,19141;100
92;2;2;48,19141;100
92;2;2;48,19141;100
92;2;2;48,19141;100
92;2;2;48,19141;100
92;2;2;48,19141;100
92;2;2;48,19141;100
92;2;2;48,19141;100
92;2;2;48,19141;100
92;2;2;48,52441;100
92;2;2;48,52441;100
92;2;2;48,52441;100
92;2;2;48,52441;100
92;2;2;48,52441;100
92;2;2;48,52441;100
92;2;2;48,52441;100
92;2;2;48,52441;100
92;2;2;48,52441;100
92;2;2;48,52441;100
92;2;2;48,52441;100
92;2;2;48,52441;100
92;2;2;48,52441;100
92;2;2;48,52441;100
92;2;2;48,52441;100
92;2;2;48,85742;100
92;2;2;48,85742;100
92;2;2;48,85742;100
92;2;2;48,85742;100
92;2;2;48,85742;100
92;2;2;48,85742;100
92;2;2;48,85742;100
92;2;2;48,85742;100
92;2;2;48,85742;100
92;2;2;48,85742;100
92;2;2;48,85742;100
92;2;2;48,85742;100
92;2;2;48,85742;100
92;2;2;48,85742;100
92;2;2;49,19043;100
92;2;2;49,19043;100
92;2;2;49,19043;100
92;2;2;49,19043;100
92;2;2;49,19043;100
92;2;2;49,19043;100
92;2;2;49,19043;100
92;2;2;49,19043;100
92;2;2;49,19043;100
92;2;2;49,19043;100
92;2;2;49,19043;100
92;2;2;49,19043;100
92;2;2;49,19043;100
92;2;2;49,19043;100
92;2;2;49,19043;100
92;2;2;49,19043;100
92;2;2;49,19043;100
92;2;2;49,52344;100
92;2;2;49,52344;100
92;2;2;49,52344;100
92;2;2;49,52344;100
92;2;2;49,52344;100
92;2;2;49,52344;100
92;2;2;49,52344;100
92;2;2;49,52344;100
92;2;2;49,52344;100
92;2;2;49,52344;100
92;2;2;49,52344;100
92;2;2;49,52344;100
92;2;2;49,52344;100
92;2;2;49,85645;100
92;2;2;49,85645;100
92;2;2;49,85645;100
92;2;2;49,85645;100
92;2;2;49,85645;100
92;2;2;49,85645;100
92;2;2;49,85645;100
92;2;2;49,85645;100
92;2;2;49,85645;100
92;2;2;49,85645;100
92;2;2;49,85645;100
92;2;2;49,85645;100
92;2;2;49,85645;100
92;2;2;49,85645;100
92;2;2;49,85645;100
92;2;2;49,85645;100
92;2;2;50,18945;100
92;2;2;50,18945;100
92;2;2;50,18945;100
92;2;2;50,18945;100
92;2;2;50,18945;100
92;2;2;50,18945;100
92;2;2;50,18945;100
92;2;2;50,18945;100
92;2;2;50,18945;100
92;2;2;50,18945;100
92;2;2;50,18945;100
92;2;2;50,18945;100
92;2;2;50,18945;100
92;2;2;50,18945;100
92;2;2;50,52246;100
92;2;2;50,52246;100
92;2;2;50,52246;100
92;2;2;50,52246;100
92;2;2;50,52246;100
92;2;2;50,52246;100
92;2;2;50,52246;100
92;2;2;50,52246;100
92;2;2;50,52246;100
92;2;2;50,52246;100
92;2;2;50,52246;100
92;2;2;50,52246;100
92;2;2;50,52246;100
92;2;2;50,52246;100
92;2;2;50,85547;100
92;2;2;50,85547;100
92;2;2;50,85547;100
92;2;2;50,85547;100
92;2;2;50,85547;100
92;2;2;50,85547;100
92;2;2;50,85547;100
92;2;2;50,85547;100
92;2;2;50,85547;100
92;2;2;50,85547;100
92;2;2;50,85547;100
92;2;2;50,85547;100
92;2;2;51,18848;100
92;2;2;51,18848;100
92;2;2;51,18848;100
92;2;2;51,18848;100
92;2;2;51,18848;100
92;2;2;51,18848;100
92;2;2;51,18848;100
92;2;2;51,18848;100
92;2;2;51,18848;100
92;2;2;51,18848;100
92;2;2;51,18848;100
92;2;2;51,18848;100
92;2;2;51,18848;100
92;2;2;51,18848;100
92;2;2;51,18848;100
92;2;2;51,52148;100
92;2;2;51,52148;100
92;2;2;51,52148;100
92;2;2;51,52148;100
92;2;2;51,52148;100
92;2;2;51,52148;100
92;2;2;51,52148;100
92;2;2;51,52148;100
92;2;2;51,52148;100
92;2;2;51,52148;100
92;2;2;51,85449;100
92;2;2;51,85449;100
92;2;2;51,85449;100
92;2;2;51,85449;100
92;2;2;51,85449;100
92;2;2;51,85449;100
92;2;2;51,85449;100
92;2;2;51,85449;100
92;2;2;51,85449;100
92;2;2;51,85449;100
92;2;2;51,85449;100
92;2;2;51,85449;100
92;2;2;52,1875;100
92;2;2;52,1875;100
92;2;2;52,1875;100
92;2;2;52,1875;100
92;2;2;52,1875;100
92;2;2;52,1875;100
92;2;2;52,1875;100
92;2;2;52,1875;100
92;2;2;52,1875;100
92;2;2;52,1875;100
92;2;2;52,1875;100
92;2;2;52,1875;100
92;2;2;52,1875;100
92;2;2;52,1875;100
92;2;2;52,52051;100
92;2;2;52,52051;100
92;2;2;52,52051;100
92;3;15;52,52051;85
92;2;2;52,52051;85
92;2;2;52,52051;85
92;2;2;52,52051;85
92;2;2;52,52051;85
92;2;2;52,52051;85
92;2;2;52,52051;85
92;2;2;52,52051;85
92;2;2;52,52051;85
92;2;2;52,52051;85
92;2;2;52,85352;85
92;2;2;52,85352;85
92;2;2;52,85352;85
92;2;2;52,85352;85
92;2;2;52,85352;85
92;2;2;52,85352;85
92;2;2;52,85352;85
92;2;2;52,85352;85
92;2;2;52,85352;85
92;2;2;52,85352;85
92;2;2;52,85352;85
92;2;2;52,85352;85
92;2;2;52,85352;85
92;2;2;52,85352;85
92;2;2;52,85352;85
92;2;2;53,18652;85
92;2;2;53,18652;83
84;2;2;53,18652;81
76;2;2;53,18652;79
68;2;2;53,18652;77
Boss