92;2;2;22,88574;100
92;2;2;22,88574;100
92;2;2;22,88574;100
92;2;2;23,21875;100
92;2;2;23,21875;100
92;2;2;23,21875;100
92;2;2;23,21875;100
92;2;2;23,21875;100
92;2;2;23,21875;100
92;2;2;23,21875;100
92;2;2;23,21875;100
92;2;2;23,21875;100
92;2;2;23,21875;100
92;2;2;23,21875;100
92;2;2;23,21875;100
92;2;2;23,21875;100
92;2;2;23,21875;100
92;2;2;23,21875;100
92;2;2;23,55176;100
92;2;2;23,55176;100
92;2;2;23,55176;100
92;2;2;23,55176;100
92;2;2;23,55176;100
92;2;2;23,55176;100
92;2;2;23,55176;100
92;2;2;23,55176;100
92;2;2;23,55176;100
92;2;2;23,55176;100
92;2;2;23,55176;100
92;2;2;23,55176;100
92;2;2;23,55176;100
92;2;2;23,55176;100
92;2;2;23,55176;100
92;2;2;23,55176;100
92;2;2;23,88477;100
92;2;2;23,88477;100
92;2;2;23,88477;100
92;2;2;23,88477;100
92;2;2;23,88477;100
92;2;2;23,88477;100
92;2;2;23,88477;100
92;2;2;23,88477;100
92;2;2;23,88477;100
92;2;2;23,88477;100
92;2;2;23,88477;100
92;2;2;23,88477;100
92;2;2;23,88477;100
92;2;2;23,88477;100
92;2;2;23,88477;100
92;2;2;24,21777;100
92;2;2;24,21777;100
92;2;2;24,21777;100
92;2;2;24,21777;100
92;2;2;24,21777;100
92;2;2;24,21777;100
92;2;2;24,21777;100
92;2;2;24,21777;100
92;2;2;24,21777;100
92;2;2;24,21777;100
92;2;2;24,21777;100
92;2;2;24,21777;100
92;2;2;24,21777;100
92;2;2;24,21777;100
92;2;2;24,21777;100
92;2;2;24,55078;100
92;3;15;24,55078;100
92;2;2;24,55078;100
92;2;2;24,55078;100
92;2;2;24,55078;100
92;2;2;24,55078;100
92;2;2;24,55078;100
92;2;2;24,55078;100
92;2;2;24,55078;100
92;2;2;24,55078;100
92;2;2;24,55078;100
92;2;2;24,55078;100
92;2;2;24,55078;100
92;2;2;24,55078;100
92;2;2;24,88379;100
92;2;2;24,88379;100
92;2;2;24,88379;100
92;2;2;24,88379;100
92;2;2;24,88379;100
92;2;2;24,88379;100
92;2;2;24,88379;100
92;2;2;24,88379;100
92;2;2;24,88379;100
92;2;2;24,88379;100
92;2;2;24,88379;100
92;2;2;24,88379;100
92;2;2;24,88379;100
92;2;2;24,88379;100
92;2;2;24,88379;100
92;2;2;25,2168;100
92;2;2;25,2168;100
92;2;2;25,2168;100
92;2;2;25,2168;100
92;2;2;25,2168;100
92;2;2;25,2168;100
92;2;2;25,2168;100
92;2;2;25,2168;100
92;2;2;25,2168;100
92;2;2;25,2168;100
92;2;2;25,2168;100
92;2;2;25,2168;100
92;2;2;25,2168;100
92;2;2;25,2168;100
92;2;2;25,2168;100
92;2;2;25,2168;100
92;2;2;25,5498;100
92;2;2;25,5498;100
92;2;2;25,5498;100
92;2;2;25,5498;100
92;2;2;25,5498;100
92;2;2;25,5498;100
92;2;2;25,5498;100
92;2;2;25,5498;100
92;2;2;25,5498;100
92;2;2;25,5498;100
92;2;2;25,5498;100
92;2;2;25,5498;100
92;2;2;25,88281;100
92;2;2;25,88281;100
92;2;2;25,88281;100
92;2;2;25,88281;100
92;2;2;25,88281;100
92;2;2;25,88281;100
92;2;2;25,88281;100
92;2;2;25,88281;100
92;2;2;25,88281;100
92;2;2;25,88281;100
92;3;15;25,88281;100
92;2;2;25,88281;100
92;3;15;25,88281;100
92;2;2;25,88281;100
92;2;2;25,88281;100
92;2;2;26,21582;100
92;2;2;26,21582;100
92;2;2;26,21582;100
92;2;2;26,21582;100
92;2;2;26,21582;100
92;2;2;26,21582;100
92;2;2;26,21582;100
92;2;2;26,21582;100
92;2;2;26,21582;100
92;2;2;26,21582;100
92;2;2;26,54883;100
92;2;2;26,54883;100
92;2;2;26,54883;100
92;2;2;26,54883;100
92;2;2;26,54883;100
92;2;2;26,54883;100
92;3;15;26,54883;100
92;2;2;26,54883;100
92;3;15;26,54883;100
92;2;2;26,54883;100
92;3;15;26,54883;100
92;2;2;26,54883;100
92;2;2;26,54883;100
92;3;15;26,88184;100
92;2;2;26,88184;100
92;2;2;26,88184;100
92;2;2;26,88184;100
92;2;2;26,88184;100
92;2;2;26,88184;100
92;2;2;26,88184;100
92;2;2;26,88184;100
92;2;2;26,88184;100
92;2;2;26,88184;100
92;2;2;26,88184;100
92;2;2;26,88184;100
92;3;15;26,88184;100
92;2;2;26,88184;100
92;2;2;26,88184;100
92;2;2;26,88184;100
92;2;2;27,21484;100
92;2;2;27,21484;100
92;2;2;27,21484;100
92;2;2;27,21484;100
92;2;2;27,21484;100
92;2;2;27,21484;100
92;2;2;27,21484;100
92;2;2;27,21484;100
92;2;2;27,21484;100
92;2;2;27,54785;100
92;2;2;27,54785;100
92;2;2;27,54785;100
92;2;2;27,54785;100
92;2;2;27,54785;100
92;2;2;27,54785;100
92;2;2;27,54785;100
92;2;2;27,54785;100
92;2;2;27,54785;100
92;2;2;27,54785;100
92;2;2;27,88086;100
92;2;2;27,88086;100
92;2;2;27,88086;100
92;2;2;27,88086;100
92;2;2;27,88086;100
92;2;2;27,88086;100
92;2;2;27,88086;100
92;3;15;27,88086;100
92;2;2;27,88086;100
92;2;2;27,88086;100
92;2;2;27,88086;100
92;2;2;27,88086;100
92;2;2;27,88086;100
92;2;2;28,21387;100
92;3;15;28,21387;100
92;2;2;28,21387;100
92;3;15;28,21387;100
92;2;2;28,21387;100
92;2;2;28,21387;100
92;2;2;28,21387;100
92;2;2;28,21387;100
92;2;2;28,21387;100
92;2;2;28,21387;100
92;2;2;28,21387;100
92;2;2;28,21387;100
92;2;2;28,54688;100
92;2;2;28,54688;100
92;2;2;28,54688;100
92;2;2;28,54688;100
92;2;2;28,54688;100
92;2;2;28,54688;100
92;2;2;28,54688;100
92;2;2;28,54688;100
92;2;2;28,54688;100
92;2;2;28,54688;100
92;2;2;28,54688;100
92;2;2;28,54688;100
92;2;2;28,54688;100
92;2;2;28,87988;100
92;2;2;28,87988;100
92;2;2;28,87988;100
92;2;2;28,87988;100
92;2;2;28,87988;100
92;2;2;28,87988;100
92;3;15;28,87988;85
92;2;2;28,87988;85
92;2;2;28,87988;85
92;2;2;28,87988;85
92;2;2;28,87988;85
92;2;2;28,87988;85
92;2;2;28,87988;85
92;2;2;29,21289;85
92;3;15;29,21289;70
92;2;2;29,21289;70
92;2;2;29,21289;70
92;2;2;29,21289;70
92;2;2;29,21289;70
92;2;2;29,21289;70
92;2;2;29,21289;70
92;2;2;29,21289;70
92;2;2;29,21289;70
92;2;2;29,21289;70
92;2;2;29,21289;70
92;2;2;29,21289;70
92;2;2;29,5459;70
92;2;2;29,5459;68
84;2;2;29,5459;66
68;2;2;29,5459;64
52;3;15;29,5459;49
44;3;15;29,5459;34
20;3;15;29,5459;19
4;2;2;29,5459;17
-4;3;15;29,5459;2
Boss