92;2;2;15,78125;100
92;2;2;15,78125;100
92;2;2;15,78125;100
92;2;2;16,11426;100
92;2;2;16,11426;100
92;2;2;16,11426;100
92;2;2;16,11426;100
92;2;2;16,11426;100
92;2;2;16,11426;100
92;2;2;16,11426;100
92;2;2;16,11426;100
92;2;2;16,11426;100
92;2;2;16,11426;100
92;2;2;16,11426;100
92;2;2;16,11426;100
92;2;2;16,11426;100
92;2;2;16,11426;100
92;2;2;16,11426;100
92;2;2;16,44727;100
92;2;2;16,44727;100
92;3;15;16,44727;100
92;2;2;16,44727;100
92;2;2;16,44727;100
92;2;2;16,44727;100
92;2;2;16,44727;100
92;2;2;16,44727;100
92;2;2;16,44727;100
92;2;2;16,44727;100
92;2;2;16,44727;100
92;2;2;16,44727;100
92;2;2;16,78027;100
92;2;2;16,78027;100
92;2;2;16,78027;100
92;2;2;16,78027;100
92;2;2;16,78027;100
92;2;2;16,78027;100
92;2;2;16,78027;100
92;2;2;16,78027;100
92;2;2;16,78027;100
92;2;2;16,78027;100
92;2;2;16,78027;100
92;2;2;16,78027;100
92;2;2;16,78027;100
92;2;2;16,78027;100
92;2;2;17,11328;100
92;2;2;17,11328;100
92;2;2;17,11328;100
92;2;2;17,11328;100
92;2;2;17,11328;100
92;2;2;17,11328;100
92;2;2;17,11328;100
92;2;2;17,11328;100
92;2;2;17,11328;100
92;2;2;17,11328;100
92;2;2;17,11328;100
92;2;2;17,11328;100
92;2;2;17,11328;100
92;2;2;17,44629;100
92;2;2;17,44629;100
92;2;2;17,44629;100
92;2;2;17,44629;100
92;2;2;17,44629;100
92;2;2;17,44629;100
92;2;2;17,44629;100
92;2;2;17,44629;100
92;2;2;17,44629;100
92;2;2;17,44629;100
92;3;15;17,44629;100
92;2;2;17,44629;100
92;2;2;17,44629;100
92;2;2;17,44629;100
92;2;2;17,44629;100
92;2;2;17,7793;100
92;2;2;17,7793;100
92;2;2;17,7793;100
92;2;2;17,7793;100
92;2;2;17,7793;100
92;2;2;17,7793;100
92;2;2;17,7793;100
92;2;2;17,7793;100
92;2;2;17,7793;100
92;2;2;18,1123;100
92;2;2;18,1123;100
92;2;2;18,1123;100
92;2;2;18,1123;100
92;2;2;18,1123;100
92;2;2;18,1123;100
92;2;2;18,1123;100
92;2;2;18,1123;100
92;2;2;18,1123;100
92;2;2;18,1123;100
92;2;2;18,1123;100
92;2;2;18,1123;100
92;2;2;18,1123;100
92;2;2;18,1123;100
92;2;2;18,1123;100
92;2;2;18,44531;100
92;2;2;18,44531;100
92;2;2;18,44531;100
92;2;2;18,44531;100
92;2;2;18,44531;100
92;2;2;18,44531;100
92;2;2;18,44531;100
92;2;2;18,44531;100
92;2;2;18,44531;100
92;2;2;18,44531;100
92;2;2;18,44531;100
92;2;2;18,77832;100
92;2;2;18,77832;100
92;2;2;18,77832;100
92;2;2;18,77832;100
92;2;2;18,77832;100
92;2;2;18,77832;100
92;2;2;18,77832;100
92;2;2;18,77832;100
92;2;2;18,77832;100
92;2;2;18,77832;100
92;3;15;18,77832;100
92;2;2;18,77832;100
92;2;2;18,77832;100
92;2;2;18,77832;100
92;2;2;19,11133;100
92;2;2;19,11133;100
92;2;2;19,11133;100
92;2;2;19,11133;100
92;2;2;19,11133;100
92;3;15;19,11133;100
92;2;2;19,11133;100
92;2;2;19,11133;100
92;2;2;19,11133;100
92;2;2;19,11133;100
92;2;2;19,11133;100
92;2;2;19,11133;100
92;2;2;19,11133;100
92;2;2;19,11133;100
92;2;2;19,11133;100
92;2;2;19,44434;100
92;2;2;19,44434;100
92;2;2;19,44434;100
92;2;2;19,44434;100
92;3;15;19,44434;100
92;2;2;19,44434;100
92;2;2;19,44434;100
92;2;2;19,44434;100
92;2;2;19,44434;100
92;2;2;19,44434;100
92;2;2;19,44434;100
92;2;2;19,44434;100
92;2;2;19,77734;100
92;2;2;19,77734;100
92;3;15;19,77734;100
92;2;2;19,77734;100
92;2;2;19,77734;100
92;2;2;19,77734;100
92;2;2;19,77734;100
92;2;2;19,77734;100
92;2;2;19,77734;100
92;2;2;19,77734;100
92;2;2;19,77734;100
92;2;2;19,77734;100
92;2;2;19,77734;100
92;2;2;20,11035;100
92;3;15;20,11035;100
92;2;2;20,11035;100
92;2;2;20,11035;100
92;3;15;20,11035;100
92;2;2;20,11035;100
92;2;2;20,11035;100
92;2;2;20,11035;100
92;2;2;20,11035;100
92;2;2;20,11035;100
92;2;2;20,11035;100
92;2;2;20,11035;100
92;2;2;20,11035;100
92;2;2;20,44336;100
92;2;2;20,44336;100
92;2;2;20,44336;100
92;2;2;20,44336;100
92;2;2;20,44336;100
92;2;2;20,44336;100
92;2;2;20,44336;100
92;2;2;20,44336;100
92;2;2;20,44336;100
92;2;2;20,44336;100
92;2;2;20,44336;100
92;2;2;20,44336;100
92;2;2;20,44336;100
92;2;2;20,77637;100
92;2;2;20,77637;100
92;2;2;20,77637;100
92;2;2;20,77637;100
92;2;2;20,77637;100
92;2;2;20,77637;100
92;2;2;20,77637;100
92;3;15;20,77637;100
92;2;2;20,77637;100
92;2;2;20,77637;100
92;2;2;21,10938;100
92;2;2;21,10938;100
92;2;2;21,10938;100
92;2;2;21,10938;100
92;2;2;21,10938;100
92;2;2;21,10938;100
92;3;15;21,10938;100
92;2;2;21,10938;100
92;2;2;21,10938;100
92;2;2;21,10938;100
92;2;2;21,10938;100
92;2;2;21,10938;100
92;2;2;21,10938;100
92;3;15;21,10938;100
92;3;15;21,10938;100
92;3;15;21,10938;100
92;2;2;21,10938;100
92;2;2;21,44238;100
92;2;2;21,44238;100
92;2;2;21,44238;100
92;2;2;21,44238;100
92;3;15;21,44238;100
92;2;2;21,44238;100
92;2;2;21,44238;100
92;2;2;21,44238;100
92;3;15;21,44238;100
92;2;2;21,44238;100
92;2;2;21,44238;100
92;3;15;21,44238;100
92;2;2;21,44238;100
92;2;2;21,44238;100
92;2;2;21,77539;100
92;2;2;21,77539;100
92;2;2;21,77539;100
92;2;2;21,77539;100
92;2;2;21,77539;100
92;3;15;21,77539;85
92;2;2;21,77539;85
92;3;15;21,77539;70
92;2;2;21,77539;70
92;2;2;21,77539;70
92;2;2;21,77539;70
92;2;2;21,77539;70
92;2;2;21,77539;70
92;2;2;21,77539;70
92;2;2;21,77539;70
92;2;2;22,1084;70
92;2;2;22,1084;70
92;3;15;22,1084;55
92;2;2;22,1084;55
92;2;2;22,1084;55
92;2;2;22,1084;55
92;2;2;22,1084;55
92;2;2;22,1084;55
92;2;2;22,1084;55
92;2;2;22,1084;55
92;2;2;22,1084;55
92;2;2;22,1084;55
92;2;2;22,1084;55
92;2;2;22,1084;55
92;2;2;22,1084;55
92;2;2;22,1084;55
92;2;2;22,1084;55
92;2;2;22,44141;55
92;2;2;22,44141;53
84;2;2;22,44141;51
76;2;2;22,44141;49
68;2;2;22,44141;47
60;2;2;22,44141;45
52;2;2;22,44141;43
44;2;2;22,44141;41
36;3;15;22,44141;26
28;2;2;22,44141;24
20;3;15;22,44141;9
12;2;2;22,44141;7
4;2;2;22,44141;5
-4;3;15;22,44141;-10
Player