92;2;2;15,39551;100
92;2;2;15,39551;100
92;2;2;15,39551;100
92;2;2;15,72852;100
92;2;2;15,72852;100
92;2;2;15,72852;100
92;2;2;15,72852;100
92;2;2;15,72852;100
92;2;2;15,72852;100
92;2;2;15,72852;100
92;2;2;15,72852;100
92;2;2;15,72852;100
92;2;2;15,72852;100
92;2;2;15,72852;100
92;2;2;15,72852;100
92;2;2;15,72852;100
92;2;2;16,06152;100
92;2;2;16,06152;100
92;2;2;16,06152;100
92;2;2;16,06152;100
92;2;2;16,06152;100
92;2;2;16,06152;100
92;2;2;16,06152;100
92;2;2;16,06152;100
92;2;2;16,06152;100
92;2;2;16,06152;100
92;2;2;16,06152;100
92;2;2;16,06152;100
92;2;2;16,06152;100
92;2;2;16,39453;100
92;2;2;16,39453;100
92;2;2;16,39453;100
92;2;2;16,39453;100
92;3;15;16,39453;100
92;2;2;16,39453;100
92;2;2;16,39453;100
92;2;2;16,39453;100
92;2;2;16,39453;100
92;2;2;16,39453;100
92;2;2;16,39453;100
92;2;2;16,39453;100
92;2;2;16,39453;100
92;2;2;16,39453;100
92;2;2;16,39453;100
92;2;2;16,72754;100
92;2;2;16,72754;100
92;2;2;16,72754;100
92;2;2;16,72754;100
92;2;2;16,72754;100
92;2;2;16,72754;100
92;2;2;16,72754;100
92;2;2;16,72754;100
92;2;2;16,72754;100
92;2;2;16,72754;100
92;2;2;16,72754;100
92;2;2;16,72754;100
92;2;2;16,72754;100
92;2;2;16,72754;100
92;2;2;16,72754;100
92;2;2;16,72754;100
92;2;2;17,06055;100
92;2;2;17,06055;100
92;2;2;17,06055;100
92;2;2;17,06055;100
92;2;2;17,06055;100
92;3;15;17,06055;100
92;2;2;17,06055;100
92;2;2;17,06055;100
92;2;2;17,06055;100
92;3;15;17,06055;100
92;2;2;17,06055;100
92;2;2;17,06055;100
92;2;2;17,06055;100
92;2;2;17,39355;100
92;2;2;17,39355;100
92;2;2;17,39355;100
92;3;15;17,39355;100
92;2;2;17,39355;100
92;2;2;17,39355;100
92;2;2;17,39355;100
92;2;2;17,39355;100
92;2;2;17,39355;100
92;2;2;17,39355;100
92;2;2;17,39355;100
92;2;2;17,39355;100
92;2;2;17,72656;100
92;2;2;17,72656;100
92;2;2;17,72656;100
92;2;2;17,72656;100
92;2;2;17,72656;100
92;2;2;17,72656;100
92;2;2;17,72656;100
92;2;2;17,72656;100
92;2;2;17,72656;100
92;2;2;17,72656;100
92;2;2;17,72656;100
92;2;2;17,72656;100
92;2;2;17,72656;100
92;2;2;17,72656;100
92;2;2;17,72656;100
92;2;2;17,72656;100
92;2;2;18,05957;100
92;2;2;18,05957;100
92;2;2;18,05957;100
92;2;2;18,05957;100
92;2;2;18,05957;100
92;2;2;18,05957;100
92;2;2;18,05957;100
92;2;2;18,05957;100
92;2;2;18,05957;100
92;2;2;18,05957;100
92;2;2;18,05957;100
92;3;15;18,05957;100
92;2;2;18,05957;100
92;2;2;18,05957;100
92;2;2;18,05957;100
92;2;2;18,05957;100
92;2;2;18,39258;100
92;2;2;18,39258;100
92;2;2;18,39258;100
92;2;2;18,39258;100
92;2;2;18,39258;100
92;2;2;18,39258;100
92;2;2;18,39258;100
92;2;2;18,39258;100
92;2;2;18,39258;100
92;2;2;18,39258;100
92;2;2;18,39258;100
92;2;2;18,39258;100
92;2;2;18,39258;100
92;2;2;18,39258;100
92;2;2;18,39258;100
92;2;2;18,72559;100
92;2;2;18,72559;100
92;2;2;18,72559;100
92;2;2;18,72559;100
92;2;2;18,72559;100
92;2;2;18,72559;100
92;2;2;18,72559;100
92;2;2;18,72559;100
92;2;2;18,72559;100
92;2;2;18,72559;100
92;2;2;18,72559;100
92;2;2;18,72559;100
92;2;2;18,72559;100
92;2;2;19,05859;100
92;2;2;19,05859;100
92;2;2;19,05859;100
92;2;2;19,05859;100
92;3;15;19,05859;100
92;2;2;19,05859;100
92;2;2;19,05859;100
92;2;2;19,05859;100
92;2;2;19,05859;100
92;2;2;19,05859;100
92;2;2;19,05859;100
92;2;2;19,05859;100
92;2;2;19,05859;100
92;2;2;19,05859;100
92;2;2;19,3916;100
92;2;2;19,3916;100
92;2;2;19,3916;100
92;2;2;19,3916;100
92;2;2;19,3916;100
92;2;2;19,3916;100
92;2;2;19,3916;100
92;3;15;19,3916;100
92;2;2;19,3916;100
92;2;2;19,3916;100
92;2;2;19,3916;100
92;2;2;19,3916;100
92;2;2;19,3916;100
92;2;2;19,72461;100
92;2;2;19,72461;100
92;2;2;19,72461;100
92;2;2;19,72461;100
92;2;2;19,72461;100
92;2;2;19,72461;100
92;2;2;19,72461;100
92;2;2;19,72461;100
92;2;2;19,72461;100
92;2;2;19,72461;100
92;2;2;19,72461;100
92;3;15;19,72461;100
92;2;2;20,05762;100
92;2;2;20,05762;100
92;2;2;20,05762;100
92;2;2;20,05762;100
92;2;2;20,05762;100
92;3;15;20,05762;100
92;2;2;20,05762;100
92;2;2;20,05762;100
92;2;2;20,05762;100
92;2;2;20,05762;100
92;2;2;20,05762;100
92;2;2;20,05762;100
92;2;2;20,05762;100
92;2;2;20,05762;100
92;2;2;20,05762;100
92;2;2;20,05762;100
92;2;2;20,39063;100
92;2;2;20,39063;100
92;2;2;20,39063;100
92;2;2;20,39063;100
92;2;2;20,39063;100
92;2;2;20,39063;100
92;2;2;20,39063;100
92;3;15;20,39063;100
92;2;2;20,39063;100
92;2;2;20,39063;100
92;2;2;20,39063;100
92;2;2;20,39063;100
92;2;2;20,72363;100
92;3;15;20,72363;100
92;3;15;20,72363;100
92;2;2;20,72363;100
92;2;2;20,72363;100
92;2;2;20,72363;100
92;2;2;20,72363;100
92;2;2;20,72363;100
92;3;15;20,72363;100
92;2;2;20,72363;100
92;3;15;20,72363;100
92;2;2;20,72363;100
92;2;2;20,72363;100
92;2;2;21,05664;100
92;3;15;21,05664;100
92;3;15;21,05664;100
92;2;2;21,05664;100
92;2;2;21,05664;100
92;2;2;21,05664;100
92;2;2;21,05664;100
92;3;15;21,05664;100
92;3;15;21,05664;100
92;2;2;21,05664;100
92;2;2;21,05664;100
92;2;2;21,05664;100
92;2;2;21,05664;100
92;2;2;21,05664;100
92;3;15;21,05664;100
92;2;2;21,38965;100
92;2;2;21,38965;100
92;2;2;21,38965;100
92;2;2;21,38965;100
92;2;2;21,38965;100
92;3;15;21,38965;85
92;2;2;21,38965;85
92;3;15;21,38965;70
92;2;2;21,38965;70
92;2;2;21,38965;70
92;2;2;21,38965;70
92;2;2;21,38965;70
92;2;2;21,38965;70
92;2;2;21,38965;70
92;2;2;21,72266;70
92;2;2;21,72266;70
92;2;2;21,72266;70
92;2;2;21,72266;70
92;2;2;21,72266;70
92;2;2;21,72266;70
92;2;2;21,72266;70
92;2;2;21,72266;70
92;2;2;21,72266;70
92;2;2;21,72266;70
92;2;2;21,72266;70
92;2;2;21,72266;70
92;2;2;21,72266;70
92;2;2;21,72266;70
92;3;15;21,72266;55
92;2;2;21,72266;55
92;2;2;21,72266;55
92;2;2;22,05566;55
92;2;2;22,05566;53
84;2;2;22,05566;51
76;2;2;22,05566;49
68;2;2;22,05566;47
60;2;2;22,05566;45
52;2;2;22,05566;43
44;3;15;22,05566;28
28;2;2;22,05566;26
20;2;2;22,05566;24
12;3;15;22,05566;9
-4;3;15;22,05566;-6
Player