92;2;2;36,83203;100
92;2;2;36,83203;100
92;2;2;37,16504;100
92;2;2;37,16504;100
92;2;2;37,16504;100
92;2;2;37,16504;100
92;2;2;37,16504;100
92;2;2;37,16504;100
92;2;2;37,16504;100
92;2;2;37,16504;100
92;2;2;37,16504;100
92;2;2;37,16504;100
92;2;2;37,16504;100
92;2;2;37,16504;100
92;2;2;37,16504;100
92;2;2;37,16504;100
92;2;2;37,16504;100
92;2;2;37,16504;100
92;2;2;37,16504;100
92;2;2;37,49805;100
92;2;2;37,49805;100
92;2;2;37,49805;100
92;2;2;37,49805;100
92;2;2;37,49805;100
92;2;2;37,49805;100
92;2;2;37,49805;100
92;2;2;37,49805;100
92;2;2;37,49805;100
92;2;2;37,49805;100
92;2;2;37,49805;100
92;2;2;37,49805;100
92;2;2;37,49805;100
92;2;2;37,49805;100
92;2;2;37,49805;100
92;2;2;37,49805;100
92;2;2;37,49805;100
92;2;2;37,83105;100
92;2;2;37,83105;100
92;2;2;37,83105;100
92;2;2;37,83105;100
92;2;2;37,83105;100
92;2;2;37,83105;100
92;2;2;37,83105;100
92;2;2;37,83105;100
92;2;2;37,83105;100
92;2;2;37,83105;100
92;2;2;37,83105;100
92;2;2;37,83105;100
92;2;2;37,83105;100
92;2;2;37,83105;100
92;2;2;37,83105;100
92;2;2;38,16406;100
92;2;2;38,16406;100
92;2;2;38,16406;100
92;2;2;38,16406;100
92;2;2;38,16406;100
92;2;2;38,16406;100
92;2;2;38,16406;100
92;2;2;38,16406;100
92;2;2;38,16406;100
92;2;2;38,16406;100
92;2;2;38,16406;100
92;2;2;38,16406;100
92;2;2;38,16406;100
92;2;2;38,16406;100
92;2;2;38,16406;100
92;2;2;38,16406;100
92;2;2;38,49707;100
92;2;2;38,49707;100
92;2;2;38,49707;100
92;2;2;38,49707;100
92;2;2;38,49707;100
92;2;2;38,49707;100
92;2;2;38,49707;100
92;2;2;38,49707;100
92;2;2;38,49707;100
92;2;2;38,49707;100
92;2;2;38,49707;100
92;2;2;38,49707;100
92;2;2;38,49707;100
92;2;2;38,49707;100
92;2;2;38,83008;100
92;2;2;38,83008;100
92;2;2;38,83008;100
92;2;2;38,83008;100
92;2;2;38,83008;100
92;2;2;38,83008;100
92;2;2;38,83008;100
92;2;2;38,83008;100
92;2;2;38,83008;100
92;2;2;38,83008;100
92;2;2;38,83008;100
92;2;2;38,83008;100
92;2;2;39,16309;100
92;2;2;39,16309;100
92;2;2;39,16309;100
92;2;2;39,16309;100
92;2;2;39,16309;100
92;2;2;39,16309;100
92;2;2;39,16309;100
92;2;2;39,16309;100
92;2;2;39,16309;100
92;2;2;39,16309;100
92;2;2;39,16309;100
92;2;2;39,16309;100
92;2;2;39,16309;100
92;2;2;39,16309;100
92;2;2;39,16309;100
92;2;2;39,49609;100
92;2;2;39,49609;100
92;2;2;39,49609;100
92;2;2;39,49609;100
92;2;2;39,49609;100
92;2;2;39,49609;100
92;2;2;39,49609;100
92;2;2;39,49609;100
92;2;2;39,49609;100
92;2;2;39,49609;100
92;2;2;39,49609;100
92;2;2;39,49609;100
92;2;2;39,49609;100
92;2;2;39,49609;100
92;2;2;39,49609;100
92;2;2;39,8291;100
92;2;2;39,8291;100
92;2;2;39,8291;100
92;2;2;39,8291;100
92;2;2;39,8291;100
92;2;2;39,8291;100
92;2;2;39,8291;100
92;2;2;39,8291;100
92;2;2;39,8291;100
92;2;2;39,8291;100
92;2;2;39,8291;100
92;2;2;39,8291;100
92;2;2;39,8291;100
92;2;2;39,8291;100
92;2;2;39,8291;100
92;2;2;40,16211;100
92;2;2;40,16211;100
92;2;2;40,16211;100
92;2;2;40,16211;100
92;2;2;40,16211;100
92;2;2;40,16211;100
92;2;2;40,16211;100
92;2;2;40,16211;100
92;2;2;40,16211;100
92;2;2;40,16211;100
92;2;2;40,16211;100
92;2;2;40,16211;100
92;2;2;40,16211;100
92;2;2;40,49512;100
92;2;2;40,49512;100
92;2;2;40,49512;100
92;2;2;40,49512;100
92;2;2;40,49512;100
92;2;2;40,49512;100
92;2;2;40,49512;100
92;2;2;40,49512;100
92;2;2;40,49512;100
92;2;2;40,49512;100
92;2;2;40,49512;100
92;2;2;40,49512;100
92;2;2;40,49512;100
92;2;2;40,49512;100
92;2;2;40,82813;100
92;2;2;40,82813;100
92;2;2;40,82813;100
92;2;2;40,82813;100
92;2;2;40,82813;100
92;2;2;40,82813;100
92;2;2;40,82813;100
92;2;2;40,82813;100
92;2;2;40,82813;100
92;2;2;40,82813;100
92;2;2;41,16113;100
92;2;2;41,16113;100
92;2;2;41,16113;100
92;2;2;41,16113;100
92;2;2;41,16113;100
92;2;2;41,16113;100
92;2;2;41,16113;100
92;2;2;41,16113;100
92;2;2;41,16113;100
92;2;2;41,16113;100
92;2;2;41,16113;100
92;2;2;41,16113;100
92;2;2;41,16113;100
92;3;15;41,16113;100
92;2;2;41,16113;100
92;2;2;41,16113;100
92;2;2;41,49414;100
92;2;2;41,49414;100
92;2;2;41,49414;100
92;2;2;41,49414;100
92;2;2;41,49414;100
92;2;2;41,49414;100
92;2;2;41,49414;100
92;2;2;41,49414;100
92;3;15;41,49414;100
92;2;2;41,49414;100
92;2;2;41,49414;100
92;2;2;41,49414;100
92;2;2;41,82715;100
92;2;2;41,82715;100
92;2;2;41,82715;100
92;2;2;41,82715;100
92;2;2;41,82715;100
92;2;2;41,82715;100
92;2;2;41,82715;100
92;2;2;41,82715;100
92;2;2;41,82715;100
92;2;2;41,82715;100
92;2;2;41,82715;100
92;2;2;41,82715;100
92;2;2;41,82715;100
92;2;2;41,82715;100
92;2;2;42,16016;100
92;2;2;42,16016;100
92;2;2;42,16016;100
92;2;2;42,16016;100
92;2;2;42,16016;100
92;2;2;42,16016;100
92;2;2;42,16016;100
92;2;2;42,16016;100
92;2;2;42,16016;100
92;2;2;42,16016;100
92;2;2;42,16016;100
92;2;2;42,49316;100
92;2;2;42,49316;100
92;2;2;42,49316;100
92;2;2;42,49316;100
92;2;2;42,49316;100
92;2;2;42,49316;100
92;3;15;42,49316;100
92;2;2;42,49316;100
92;2;2;42,49316;100
92;2;2;42,49316;100
92;2;2;42,49316;100
92;2;2;42,49316;100
92;2;2;42,82617;100
92;2;2;42,82617;100
92;2;2;42,82617;100
92;2;2;42,82617;100
92;2;2;42,82617;100
92;2;2;42,82617;100
92;2;2;42,82617;100
92;2;2;42,82617;100
92;3;15;43,15918;85
92;3;15;43,15918;70
92;2;2;43,15918;70
92;2;2;43,15918;70
92;2;2;43,15918;70
92;2;2;43,15918;70
92;2;2;43,15918;70
92;2;2;43,15918;70
92;2;2;43,15918;70
92;2;2;43,15918;70
92;2;2;43,15918;70
92;2;2;43,15918;70
92;2;2;43,15918;70
92;2;2;43,15918;70
92;2;2;43,15918;70
92;2;2;43,49219;70
92;2;2;43,49219;68
84;2;2;43,49219;66
60;2;2;43,49219;64
36;2;2;43,49219;62
28;2;2;43,49219;60
12;2;2;43,49219;58
Boss