92;2;2;45,74609;100
92;2;2;45,74609;100
92;2;2;45,74609;100
92;2;2;46,0791;100
92;2;2;46,0791;100
92;2;2;46,0791;100
92;2;2;46,0791;100
92;2;2;46,0791;100
92;2;2;46,0791;100
92;2;2;46,0791;100
92;2;2;46,0791;100
92;2;2;46,0791;100
92;2;2;46,0791;100
92;2;2;46,0791;100
92;2;2;46,0791;100
92;2;2;46,0791;100
92;2;2;46,0791;100
92;2;2;46,0791;100
92;2;2;46,0791;100
92;2;2;46,41211;100
92;2;2;46,41211;100
92;2;2;46,41211;100
92;2;2;46,41211;100
92;2;2;46,41211;100
92;2;2;46,41211;100
92;2;2;46,41211;100
92;2;2;46,41211;100
92;2;2;46,41211;100
92;2;2;46,41211;100
92;2;2;46,41211;100
92;2;2;46,41211;100
92;2;2;46,74512;100
92;2;2;46,74512;100
92;2;2;46,74512;100
92;2;2;46,74512;100
92;3;15;46,74512;100
92;2;2;46,74512;100
92;2;2;46,74512;100
92;2;2;46,74512;100
92;2;2;46,74512;100
92;2;2;46,74512;100
92;2;2;46,74512;100
92;2;2;46,74512;100
92;2;2;46,74512;100
92;2;2;46,74512;100
92;2;2;46,74512;100
92;2;2;47,07813;100
92;2;2;47,07813;100
92;2;2;47,07813;100
92;2;2;47,07813;100
92;2;2;47,07813;100
92;2;2;47,07813;100
92;2;2;47,07813;100
92;2;2;47,07813;100
92;2;2;47,07813;100
92;2;2;47,07813;100
92;2;2;47,07813;100
92;2;2;47,07813;100
92;2;2;47,07813;100
92;2;2;47,07813;100
92;2;2;47,07813;100
92;2;2;47,07813;100
92;2;2;47,41113;100
92;2;2;47,41113;100
92;2;2;47,41113;100
92;2;2;47,41113;100
92;2;2;47,41113;100
92;2;2;47,41113;100
92;2;2;47,41113;100
92;2;2;47,41113;100
92;2;2;47,41113;100
92;2;2;47,41113;100
92;2;2;47,41113;100
92;2;2;47,41113;100
92;2;2;47,41113;100
92;2;2;47,41113;100
92;2;2;47,41113;100
92;2;2;47,41113;100
92;2;2;47,74414;100
92;2;2;47,74414;100
92;2;2;47,74414;100
92;2;2;47,74414;100
92;2;2;47,74414;100
92;2;2;47,74414;100
92;2;2;47,74414;100
92;2;2;47,74414;100
92;2;2;47,74414;100
92;2;2;47,74414;100
92;2;2;47,74414;100
92;2;2;47,74414;100
92;2;2;47,74414;100
92;2;2;48,07715;100
92;2;2;48,07715;100
92;2;2;48,07715;100
92;2;2;48,07715;100
92;2;2;48,07715;100
92;2;2;48,07715;100
92;2;2;48,07715;100
92;2;2;48,07715;100
92;2;2;48,07715;100
92;2;2;48,07715;100
92;2;2;48,07715;100
92;2;2;48,07715;100
92;3;15;48,07715;100
92;2;2;48,07715;100
92;2;2;48,07715;100
92;2;2;48,07715;100
92;2;2;48,07715;100
92;2;2;48,41016;100
92;2;2;48,41016;100
92;2;2;48,41016;100
92;2;2;48,41016;100
92;2;2;48,41016;100
92;2;2;48,41016;100
92;2;2;48,41016;100
92;2;2;48,41016;100
92;2;2;48,41016;100
92;2;2;48,41016;100
92;2;2;48,41016;100
92;2;2;48,41016;100
92;2;2;48,41016;100
92;2;2;48,41016;100
92;2;2;48,41016;100
92;2;2;48,74316;100
92;2;2;48,74316;100
92;2;2;48,74316;100
92;2;2;48,74316;100
92;2;2;48,74316;100
92;3;15;48,74316;100
92;2;2;48,74316;100
92;2;2;48,74316;100
92;2;2;48,74316;100
92;2;2;48,74316;100
92;2;2;48,74316;100
92;2;2;48,74316;100
92;2;2;48,74316;100
92;2;2;48,74316;100
92;2;2;48,74316;100
92;2;2;49,07617;100
92;2;2;49,07617;100
92;2;2;49,07617;100
92;2;2;49,07617;100
92;2;2;49,07617;100
92;2;2;49,07617;100
92;2;2;49,07617;100
92;2;2;49,07617;100
92;2;2;49,07617;100
92;2;2;49,07617;100
92;2;2;49,07617;100
92;2;2;49,07617;100
92;2;2;49,07617;100
92;2;2;49,07617;100
92;2;2;49,07617;100
92;2;2;49,40918;100
92;2;2;49,40918;100
92;2;2;49,40918;100
92;2;2;49,40918;100
92;2;2;49,40918;100
92;2;2;49,40918;100
92;2;2;49,40918;100
92;2;2;49,40918;100
92;2;2;49,40918;100
92;2;2;49,40918;100
92;2;2;49,40918;100
92;2;2;49,40918;100
92;2;2;49,40918;100
92;2;2;49,74219;100
92;2;2;49,74219;100
92;2;2;49,74219;100
92;2;2;49,74219;100
92;2;2;49,74219;100
92;2;2;49,74219;100
92;2;2;49,74219;100
92;2;2;49,74219;100
92;2;2;49,74219;100
92;2;2;49,74219;100
92;2;2;49,74219;100
92;2;2;49,74219;100
92;2;2;49,74219;100
92;2;2;49,74219;100
92;3;15;50,0752;100
92;3;15;50,0752;100
92;2;2;50,0752;100
92;2;2;50,0752;100
92;2;2;50,0752;100
92;2;2;50,0752;100
92;2;2;50,0752;100
92;2;2;50,0752;100
92;2;2;50,0752;100
92;2;2;50,0752;100
92;2;2;50,0752;100
92;2;2;50,0752;100
92;2;2;50,0752;100
92;2;2;50,0752;100
92;2;2;50,0752;100
92;2;2;50,4082;100
92;2;2;50,4082;100
92;2;2;50,4082;100
92;2;2;50,4082;100
92;2;2;50,4082;100
92;2;2;50,4082;100
92;2;2;50,4082;100
92;2;2;50,4082;100
92;2;2;50,4082;100
92;2;2;50,4082;100
92;2;2;50,4082;100
92;2;2;50,74121;100
92;3;15;50,74121;100
92;2;2;50,74121;100
92;2;2;50,74121;100
92;2;2;50,74121;100
92;2;2;50,74121;100
92;2;2;50,74121;100
92;2;2;50,74121;100
92;2;2;50,74121;100
92;2;2;50,74121;100
92;2;2;50,74121;100
92;2;2;50,74121;100
92;2;2;50,74121;100
92;2;2;51,07422;100
92;2;2;51,07422;100
92;3;15;51,07422;100
92;2;2;51,07422;100
92;3;15;51,07422;100
92;2;2;51,07422;100
92;2;2;51,07422;100
92;2;2;51,07422;100
92;2;2;51,07422;100
92;2;2;51,07422;100
92;2;2;51,07422;100
92;2;2;51,07422;100
92;2;2;51,40723;100
92;2;2;51,40723;100
92;2;2;51,40723;100
92;2;2;51,40723;100
92;2;2;51,40723;100
92;2;2;51,40723;100
92;2;2;51,40723;100
92;2;2;51,40723;100
92;2;2;51,40723;100
92;2;2;51,74023;100
92;2;2;51,74023;100
92;2;2;51,74023;100
92;2;2;51,74023;100
92;2;2;51,74023;100
92;2;2;51,74023;100
92;2;2;51,74023;100
92;2;2;51,74023;100
92;3;15;51,74023;100
92;2;2;51,74023;100
92;3;15;51,74023;100
92;2;2;51,74023;100
92;2;2;52,07324;100
92;2;2;52,07324;100
92;2;2;52,07324;100
92;2;2;52,07324;100
92;2;2;52,07324;100
92;2;2;52,07324;100
92;2;2;52,07324;100
92;2;2;52,07324;100
92;2;2;52,07324;100
92;2;2;52,07324;100
92;2;2;52,07324;100
92;2;2;52,07324;100
92;2;2;52,40625;100
92;2;2;52,40625;100
92;3;15;52,40625;85
92;2;2;52,40625;85
92;2;2;52,40625;85
92;2;2;52,40625;85
92;2;2;52,40625;85
92;2;2;52,40625;85
92;2;2;52,40625;85
92;3;15;52,40625;70
92;2;2;52,40625;70
92;2;2;52,73926;70
92;2;2;52,73926;70
92;3;15;52,73926;55
92;2;2;52,73926;55
92;2;2;52,73926;55
92;2;2;52,73926;55
92;2;2;52,73926;55
92;2;2;52,73926;55
92;2;2;52,73926;55
92;2;2;52,73926;55
92;2;2;52,73926;55
92;2;2;52,73926;55
92;2;2;52,73926;55
92;2;2;52,73926;55
92;2;2;53,07227;53
84;2;2;53,07227;51
76;3;15;53,07227;36
68;2;2;53,07227;34
60;2;2;53,07227;32
52;2;2;53,07227;30
28;3;15;53,07227;15
20;3;15;53,07227;0
Player