92;2;2;2,661133;100
92;2;2;2,994141;100
92;2;2;2,994141;100
92;2;2;2,994141;100
92;2;2;2,994141;100
92;2;2;2,994141;100
92;2;2;2,994141;100
92;2;2;2,994141;100
92;2;2;2,994141;100
92;2;2;2,994141;100
92;2;2;2,994141;100
92;2;2;2,994141;100
92;2;2;2,994141;100
92;2;2;2,994141;100
92;2;2;2,994141;100
92;2;2;3,327148;100
92;2;2;3,327148;100
92;2;2;3,327148;100
92;2;2;3,327148;100
92;2;2;3,327148;100
92;2;2;3,327148;100
92;2;2;3,327148;100
92;2;2;3,327148;100
92;2;2;3,327148;100
92;2;2;3,327148;100
92;2;2;3,327148;100
92;2;2;3,327148;100
92;2;2;3,327148;100
92;2;2;3,327148;100
92;2;2;3,660156;100
92;2;2;3,660156;100
92;2;2;3,660156;100
92;2;2;3,660156;100
92;2;2;3,660156;100
92;2;2;3,660156;100
92;2;2;3,660156;100
92;2;2;3,660156;100
92;2;2;3,660156;100
92;2;2;3,660156;100
92;2;2;3,660156;100
92;2;2;3,660156;100
92;2;2;3,993164;100
92;2;2;3,993164;100
92;2;2;3,993164;100
92;2;2;3,993164;100
92;2;2;3,993164;100
92;2;2;3,993164;100
92;3;15;3,993164;100
92;2;2;3,993164;100
92;2;2;3,993164;100
92;2;2;3,993164;100
92;2;2;3,993164;100
92;2;2;3,993164;100
92;2;2;3,993164;100
92;2;2;3,993164;100
92;2;2;3,993164;100
92;2;2;4,326172;100
92;2;2;4,326172;100
92;2;2;4,326172;100
92;2;2;4,326172;100
92;2;2;4,326172;100
92;2;2;4,326172;100
92;2;2;4,326172;100
92;2;2;4,326172;100
92;2;2;4,326172;100
92;2;2;4,326172;100
92;2;2;4,326172;100
92;3;15;4,326172;100
92;2;2;4,326172;100
92;2;2;4,65918;100
92;2;2;4,65918;100
92;2;2;4,65918;100
92;3;15;4,65918;100
92;2;2;4,65918;100
92;2;2;4,65918;100
92;2;2;4,65918;100
92;2;2;4,65918;100
92;2;2;4,65918;100
92;2;2;4,65918;100
92;2;2;4,65918;100
92;2;2;4,65918;100
92;2;2;4,65918;100
92;2;2;4,65918;100
92;2;2;4,992188;100
92;2;2;4,992188;100
92;2;2;4,992188;100
92;3;15;4,992188;100
92;2;2;4,992188;100
92;2;2;4,992188;100
92;2;2;4,992188;100
92;2;2;4,992188;100
92;2;2;4,992188;100
92;2;2;4,992188;100
92;2;2;4,992188;100
92;3;15;5,325195;100
92;2;2;5,325195;100
92;3;15;5,325195;100
92;2;2;5,325195;100
92;2;2;5,325195;100
92;2;2;5,325195;100
92;2;2;5,325195;100
92;2;2;5,325195;100
92;2;2;5,325195;100
92;2;2;5,325195;100
92;2;2;5,325195;100
92;2;2;5,325195;100
92;2;2;5,325195;100
92;2;2;5,658203;100
92;3;15;5,658203;100
92;2;2;5,658203;100
92;2;2;5,658203;100
92;2;2;5,658203;100
92;2;2;5,658203;100
92;2;2;5,658203;100
92;2;2;5,658203;100
92;3;15;5,658203;100
92;2;2;5,658203;100
92;2;2;5,658203;100
92;2;2;5,658203;100
92;2;2;5,658203;100
92;2;2;5,658203;100
92;2;2;5,991211;100
92;2;2;5,991211;100
92;2;2;5,991211;100
92;2;2;5,991211;100
92;2;2;5,991211;100
92;2;2;5,991211;100
92;2;2;5,991211;100
92;2;2;5,991211;100
92;3;15;5,991211;100
92;2;2;6,324219;100
92;2;2;6,324219;100
92;2;2;6,324219;100
92;2;2;6,324219;100
92;2;2;6,324219;100
92;2;2;6,324219;100
92;3;15;6,324219;100
92;2;2;6,324219;100
92;2;2;6,324219;100
92;2;2;6,324219;100
92;2;2;6,324219;100
92;2;2;6,324219;100
92;2;2;6,324219;100
92;2;2;6,324219;100
92;2;2;6,324219;100
92;2;2;6,657227;100
92;2;2;6,657227;100
92;2;2;6,657227;100
92;2;2;6,657227;100
92;2;2;6,657227;100
92;2;2;6,657227;100
92;2;2;6,657227;100
92;2;2;6,657227;100
92;2;2;6,657227;100
92;2;2;6,657227;100
92;2;2;6,657227;100
92;2;2;6,657227;100
92;2;2;6,657227;100
92;2;2;6,657227;100
92;2;2;6,990234;100
92;2;2;6,990234;100
92;2;2;6,990234;100
92;2;2;6,990234;100
92;2;2;6,990234;100
92;2;2;6,990234;100
92;2;2;6,990234;100
92;2;2;6,990234;100
92;2;2;6,990234;100
92;3;15;6,990234;100
92;2;2;6,990234;100
92;2;2;6,990234;100
92;2;2;6,990234;100
92;2;2;6,990234;100
92;3;15;6,990234;100
92;2;2;7,323242;100
92;2;2;7,323242;100
92;3;15;7,323242;100
92;3;15;7,323242;100
92;2;2;7,323242;100
92;2;2;7,323242;100
92;2;2;7,323242;100
92;2;2;7,323242;100
92;2;2;7,323242;100
92;2;2;7,323242;100
92;2;2;7,323242;100
92;2;2;7,323242;100
92;3;15;7,323242;100
92;2;2;7,65625;100
92;3;15;7,65625;100
92;2;2;7,65625;100
92;2;2;7,65625;100
92;3;15;7,65625;100
92;2;2;7,65625;100
92;2;2;7,65625;100
92;3;15;7,65625;100
92;2;2;7,65625;100
92;3;15;7,65625;100
92;2;2;7,65625;100
92;2;2;7,65625;100
92;3;15;7,65625;100
92;2;2;7,65625;100
92;2;2;7,65625;100
92;2;2;7,65625;100
92;3;15;7,989258;100
92;2;2;7,989258;100
92;2;2;7,989258;100
92;3;15;7,989258;100
92;2;2;7,989258;100
92;2;2;7,989258;100
92;2;2;7,989258;100
92;3;15;7,989258;100
92;2;2;7,989258;100
92;2;2;7,989258;100
92;2;2;7,989258;100
92;2;2;7,989258;100
92;2;2;8,322266;100
92;3;15;8,322266;100
92;2;2;8,322266;100
92;2;2;8,322266;100
92;2;2;8,322266;100
92;2;2;8,322266;100
92;2;2;8,322266;100
92;2;2;8,322266;100
92;2;2;8,322266;100
92;3;15;8,322266;100
92;2;2;8,322266;100
92;3;15;8,322266;100
92;3;15;8,322266;100
92;3;15;8,322266;100
92;2;2;8,322266;100
92;3;15;8,655273;100
92;3;15;8,655273;85
92;2;2;8,655273;85
92;2;2;8,655273;85
92;2;2;8,655273;85
92;2;2;8,655273;85
92;2;2;8,655273;85
92;2;2;8,655273;85
92;3;15;8,655273;70
92;2;2;8,655273;70
92;2;2;8,655273;70
92;2;2;8,655273;70
92;2;2;8,655273;70
92;2;2;8,655273;70
92;2;2;8,655273;70
92;2;2;8,655273;70
92;3;15;8,655273;55
92;2;2;8,988281;55
92;2;2;8,988281;55
92;2;2;8,988281;55
92;2;2;8,988281;55
92;2;2;8,988281;55
92;2;2;8,988281;55
92;2;2;8,988281;55
92;2;2;8,988281;55
92;2;2;8,988281;55
92;2;2;8,988281;55
92;2;2;8,988281;55
92;2;2;8,988281;55
92;2;2;8,988281;55
92;2;2;8,988281;55
92;2;2;8,988281;55
92;2;2;8,988281;55
92;2;2;9,321289;53
84;2;2;9,321289;51
76;2;2;9,321289;49
68;3;15;9,321289;34
60;2;2;9,321289;32
44;2;2;9,321289;30
36;2;2;9,321289;28
20;2;2;9,321289;26
12;3;15;9,321289;11
4;2;2;9,321289;9
-4;3;15;9,321289;-6
Player