92;2;2;24,61084;100
92;2;2;24,61084;100
92;2;2;24,94434;100
92;2;2;24,94434;100
92;2;2;24,94434;100
92;2;2;24,94434;100
92;2;2;24,94434;100
92;2;2;24,94434;100
92;2;2;24,94434;100
92;2;2;24,94434;100
92;2;2;24,94434;100
92;2;2;24,94434;100
92;2;2;24,94434;100
92;2;2;24,94434;100
92;2;2;24,94434;100
92;2;2;24,94434;100
92;2;2;24,94434;100
92;2;2;24,94434;100
92;2;2;24,94434;100
92;2;2;25,27783;100
92;2;2;25,27783;100
92;2;2;25,27783;100
92;2;2;25,27783;100
92;2;2;25,27783;100
92;2;2;25,27783;100
92;2;2;25,27783;100
92;2;2;25,27783;100
92;2;2;25,27783;100
92;2;2;25,27783;100
92;2;2;25,27783;100
92;2;2;25,27783;100
92;2;2;25,27783;100
92;2;2;25,27783;100
92;2;2;25,27783;100
92;2;2;25,61133;100
92;2;2;25,61133;100
92;2;2;25,61133;100
92;2;2;25,61133;100
92;2;2;25,61133;100
92;2;2;25,61133;100
92;2;2;25,61133;100
92;2;2;25,61133;100
92;2;2;25,61133;100
92;2;2;25,61133;100
92;2;2;25,61133;100
92;2;2;25,61133;100
92;2;2;25,61133;100
92;2;2;25,61133;100
92;2;2;25,61133;100
92;2;2;25,61133;100
92;2;2;25,94482;100
92;2;2;25,94482;100
92;2;2;25,94482;100
92;2;2;25,94482;100
92;2;2;25,94482;100
92;2;2;25,94482;100
92;2;2;25,94482;100
92;2;2;25,94482;100
92;2;2;25,94482;100
92;2;2;25,94482;100
92;2;2;25,94482;100
92;2;2;25,94482;100
92;2;2;25,94482;100
92;2;2;25,94482;100
92;2;2;25,94482;100
92;2;2;25,94482;100
92;2;2;26,27832;100
92;2;2;26,27832;100
92;2;2;26,27832;100
92;2;2;26,27832;100
92;2;2;26,27832;100
92;2;2;26,27832;100
92;2;2;26,27832;100
92;2;2;26,27832;100
92;2;2;26,27832;100
92;2;2;26,27832;100
92;2;2;26,27832;100
92;2;2;26,27832;100
92;2;2;26,27832;100
92;2;2;26,27832;100
92;2;2;26,27832;100
92;2;2;26,61182;100
92;2;2;26,61182;100
92;2;2;26,61182;100
92;2;2;26,61182;100
92;2;2;26,61182;100
92;2;2;26,61182;100
92;2;2;26,61182;100
92;2;2;26,61182;100
92;2;2;26,61182;100
92;2;2;26,61182;100
92;2;2;26,61182;100
92;2;2;26,61182;100
92;2;2;26,61182;100
92;2;2;26,61182;100
92;2;2;26,61182;100
92;2;2;26,61182;100
92;2;2;26,94531;100
92;2;2;26,94531;100
92;2;2;26,94531;100
92;2;2;26,94531;100
92;2;2;26,94531;100
92;2;2;26,94531;100
92;2;2;26,94531;100
92;2;2;26,94531;100
92;2;2;26,94531;100
92;2;2;26,94531;100
92;2;2;26,94531;100
92;2;2;26,94531;100
92;2;2;26,94531;100
92;2;2;26,94531;100
92;2;2;26,94531;100
92;2;2;26,94531;100
92;2;2;26,94531;100
92;2;2;27,27881;100
92;2;2;27,27881;100
92;2;2;27,27881;100
92;2;2;27,27881;100
92;2;2;27,27881;100
92;2;2;27,27881;100
92;2;2;27,27881;100
92;2;2;27,27881;100
92;2;2;27,27881;100
92;2;2;27,27881;100
92;2;2;27,27881;100
92;2;2;27,27881;100
92;2;2;27,27881;100
92;2;2;27,6123;100
92;2;2;27,6123;100
92;2;2;27,6123;100
92;2;2;27,6123;100
92;2;2;27,6123;100
92;2;2;27,6123;100
92;2;2;27,6123;100
92;2;2;27,6123;100
92;2;2;27,6123;100
92;2;2;27,6123;100
92;2;2;27,6123;100
92;2;2;27,6123;100
92;2;2;27,6123;100
92;2;2;27,6123;100
92;2;2;27,6123;100
92;2;2;27,9458;100
92;2;2;27,9458;100
92;2;2;27,9458;100
92;2;2;27,9458;100
92;2;2;27,9458;100
92;2;2;27,9458;100
92;2;2;27,9458;100
92;2;2;27,9458;100
92;2;2;27,9458;100
92;2;2;27,9458;100
92;2;2;27,9458;100
92;2;2;27,9458;100
92;2;2;27,9458;100
92;2;2;27,9458;100
92;2;2;27,9458;100
92;2;2;28,2793;100
92;2;2;28,2793;100
92;2;2;28,2793;100
92;2;2;28,2793;100
92;2;2;28,2793;100
92;2;2;28,2793;100
92;2;2;28,2793;100
92;2;2;28,2793;100
92;2;2;28,2793;100
92;2;2;28,2793;100
92;2;2;28,2793;100
92;2;2;28,2793;100
92;2;2;28,2793;100
92;2;2;28,61279;100
92;2;2;28,61279;100
92;2;2;28,61279;100
92;2;2;28,61279;100
92;2;2;28,61279;100
92;2;2;28,61279;100
92;2;2;28,61279;100
92;2;2;28,61279;100
92;2;2;28,61279;100
92;2;2;28,61279;100
92;2;2;28,61279;100
92;2;2;28,61279;100
92;2;2;28,61279;100
92;2;2;28,61279;100
92;2;2;28,61279;100
92;2;2;28,61279;100
92;2;2;28,94629;100
92;2;2;28,94629;100
92;2;2;28,94629;100
92;2;2;28,94629;100
92;2;2;28,94629;100
92;2;2;28,94629;100
92;2;2;28,94629;100
92;2;2;28,94629;100
92;2;2;28,94629;100
92;2;2;28,94629;100
92;2;2;28,94629;100
92;2;2;28,94629;100
92;2;2;28,94629;100
92;2;2;28,94629;100
92;2;2;28,94629;100
92;2;2;29,27979;100
92;2;2;29,27979;100
92;2;2;29,27979;100
92;2;2;29,27979;100
92;2;2;29,27979;100
92;2;2;29,27979;100
92;2;2;29,27979;100
92;2;2;29,27979;100
92;2;2;29,27979;100
92;2;2;29,27979;100
92;2;2;29,27979;100
92;2;2;29,27979;100
92;2;2;29,27979;100
92;2;2;29,27979;100
92;2;2;29,61328;100
92;2;2;29,61328;100
92;2;2;29,61328;100
92;2;2;29,61328;100
92;2;2;29,61328;100
92;2;2;29,61328;100
92;2;2;29,61328;100
92;2;2;29,61328;100
92;2;2;29,61328;100
92;2;2;29,61328;100
92;2;2;29,61328;100
92;2;2;29,61328;100
92;2;2;29,61328;100
92;2;2;29,61328;100
92;2;2;29,94678;100
92;2;2;29,94678;100
92;2;2;29,94678;100
92;2;2;29,94678;100
92;2;2;29,94678;100
92;2;2;29,94678;100
92;2;2;29,94678;100
92;2;2;29,94678;100
92;2;2;29,94678;100
92;2;2;29,94678;100
92;2;2;29,94678;100
92;2;2;29,94678;100
92;2;2;29,94678;100
92;2;2;29,94678;100
92;2;2;29,94678;100
92;2;2;30,28027;100
92;2;2;30,28027;100
92;2;2;30,28027;100
92;2;2;30,28027;100
92;2;2;30,28027;100
92;2;2;30,28027;100
92;2;2;30,28027;100
92;2;2;30,28027;100
92;2;2;30,28027;100
92;2;2;30,28027;100
92;2;2;30,28027;100
92;2;2;30,28027;100
92;2;2;30,61377;100
92;2;2;30,61377;100
92;2;2;30,61377;100
92;2;2;30,61377;100
92;2;2;30,61377;100
92;2;2;30,61377;100
92;2;2;30,61377;100
92;2;2;30,61377;100
92;2;2;30,61377;100
92;2;2;30,61377;100
92;2;2;30,61377;100
92;2;2;30,61377;100
92;2;2;30,61377;100
92;2;2;30,94727;100
92;2;2;30,94727;100
92;2;2;30,94727;100
92;2;2;30,94727;100
92;2;2;30,94727;100
92;2;2;30,94727;100
92;2;2;30,94727;100
92;2;2;30,94727;100
92;2;2;30,94727;100
92;2;2;30,94727;100
92;2;2;31,28076;100
92;2;2;31,28076;98
76;2;2;31,28076;96
36;2;2;31,28076;94
-4;2;2;31,28076;92
Boss