92;2;2;51,65332;100
92;2;2;51,65332;100
92;2;2;51,65332;100
92;2;2;51,98682;100
92;2;2;51,98682;100
92;2;2;51,98682;100
92;2;2;51,98682;100
92;2;2;51,98682;100
92;2;2;51,98682;100
92;2;2;51,98682;100
92;2;2;51,98682;100
92;2;2;51,98682;100
92;2;2;51,98682;100
92;2;2;51,98682;100
92;2;2;51,98682;100
92;2;2;51,98682;100
92;2;2;51,98682;100
92;2;2;51,98682;100
92;2;2;51,98682;100
92;2;2;51,98682;100
92;2;2;52,32031;100
92;2;2;52,32031;100
92;2;2;52,32031;100
92;2;2;52,32031;100
92;2;2;52,32031;100
92;2;2;52,32031;100
92;2;2;52,32031;100
92;2;2;52,32031;100
92;2;2;52,32031;100
92;2;2;52,32031;100
92;2;2;52,32031;100
92;2;2;52,32031;100
92;2;2;52,32031;100
92;2;2;52,32031;100
92;2;2;52,65381;100
92;2;2;52,65381;100
92;2;2;52,65381;100
92;2;2;52,65381;100
92;2;2;52,65381;100
92;2;2;52,65381;100
92;2;2;52,65381;100
92;2;2;52,65381;100
92;2;2;52,65381;100
92;2;2;52,65381;100
92;2;2;52,65381;100
92;2;2;52,65381;100
92;2;2;52,65381;100
92;2;2;52,65381;100
92;2;2;52,65381;100
92;2;2;52,65381;100
92;2;2;52,65381;100
92;2;2;52,9873;100
92;2;2;52,9873;100
92;2;2;52,9873;100
92;2;2;52,9873;100
92;2;2;52,9873;100
92;2;2;52,9873;100
92;2;2;52,9873;100
92;2;2;52,9873;100
92;2;2;52,9873;100
92;2;2;52,9873;100
92;2;2;52,9873;100
92;2;2;52,9873;100
92;2;2;52,9873;100
92;2;2;52,9873;100
92;2;2;52,9873;100
92;2;2;52,9873;100
92;2;2;53,3208;100
92;2;2;53,3208;100
92;2;2;53,3208;100
92;2;2;53,3208;100
92;2;2;53,3208;100
92;2;2;53,3208;100
92;2;2;53,3208;100
92;2;2;53,3208;100
92;2;2;53,3208;100
92;2;2;53,3208;100
92;2;2;53,3208;100
92;2;2;53,3208;100
92;2;2;53,3208;100
92;2;2;53,3208;100
92;2;2;53,3208;100
92;2;2;53,6543;100
92;2;2;53,6543;100
92;2;2;53,6543;100
92;2;2;53,6543;100
92;2;2;53,6543;100
92;2;2;53,6543;100
92;2;2;53,6543;100
92;2;2;53,6543;100
92;2;2;53,6543;100
92;2;2;53,6543;100
92;2;2;53,6543;100
92;2;2;53,6543;100
92;2;2;53,6543;100
92;2;2;53,6543;100
92;2;2;53,6543;100
92;2;2;53,6543;100
92;2;2;53,6543;100
92;2;2;53,98779;100
92;2;2;53,98779;100
92;2;2;53,98779;100
92;2;2;53,98779;100
92;2;2;53,98779;100
92;2;2;53,98779;100
92;2;2;53,98779;100
92;2;2;53,98779;100
92;2;2;53,98779;100
92;2;2;53,98779;100
92;2;2;53,98779;100
92;2;2;53,98779;100
92;2;2;53,98779;100
92;2;2;53,98779;100
92;2;2;53,98779;100
92;2;2;53,98779;100
92;2;2;53,98779;100
92;2;2;54,32129;100
92;2;2;54,32129;100
92;2;2;54,32129;100
92;2;2;54,32129;100
92;2;2;54,32129;100
92;2;2;54,32129;100
92;2;2;54,32129;100
92;2;2;54,32129;100
92;2;2;54,32129;100
92;2;2;54,32129;100
92;2;2;54,32129;100
92;2;2;54,32129;100
92;2;2;54,32129;100
92;2;2;54,32129;100
92;2;2;54,32129;100
92;2;2;54,65479;100
92;2;2;54,65479;100
92;2;2;54,65479;100
92;2;2;54,65479;100
92;2;2;54,65479;100
92;2;2;54,65479;100
92;2;2;54,65479;100
92;2;2;54,65479;100
92;2;2;54,65479;100
92;2;2;54,65479;100
92;2;2;54,65479;100
92;2;2;54,65479;100
92;2;2;54,65479;100
92;2;2;54,65479;100
92;2;2;54,65479;100
92;2;2;54,65479;100
92;2;2;54,98828;100
92;2;2;54,98828;100
92;2;2;54,98828;100
92;2;2;54,98828;100
92;2;2;54,98828;100
92;2;2;54,98828;100
92;2;2;54,98828;100
92;2;2;54,98828;100
92;2;2;54,98828;100
92;2;2;54,98828;100
92;2;2;54,98828;100
92;2;2;54,98828;100
92;2;2;54,98828;100
92;2;2;54,98828;100
92;2;2;54,98828;100
92;2;2;55,32178;100
92;2;2;55,32178;100
92;2;2;55,32178;100
92;2;2;55,32178;100
92;2;2;55,32178;100
92;2;2;55,32178;100
92;2;2;55,32178;100
92;2;2;55,32178;100
92;2;2;55,32178;100
92;2;2;55,32178;100
92;2;2;55,32178;100
92;2;2;55,32178;100
92;2;2;55,32178;100
92;2;2;55,65527;100
92;2;2;55,65527;100
92;2;2;55,65527;100
92;2;2;55,65527;100
92;2;2;55,65527;100
92;2;2;55,65527;100
92;2;2;55,65527;100
92;2;2;55,65527;100
92;2;2;55,65527;100
92;2;2;55,65527;100
92;2;2;55,65527;100
92;2;2;55,65527;100
92;2;2;55,65527;100
92;2;2;55,65527;100
92;2;2;55,65527;100
92;2;2;55,65527;100
92;2;2;55,98877;100
92;2;2;55,98877;100
92;2;2;55,98877;100
92;2;2;55,98877;100
92;2;2;55,98877;100
92;2;2;55,98877;100
92;2;2;55,98877;100
92;2;2;55,98877;100
92;2;2;55,98877;100
92;2;2;55,98877;100
92;2;2;55,98877;100
92;2;2;55,98877;100
92;2;2;55,98877;100
92;2;2;56,32227;100
92;2;2;56,32227;100
92;2;2;56,32227;100
92;2;2;56,32227;100
92;2;2;56,32227;100
92;2;2;56,32227;100
92;2;2;56,32227;100
92;2;2;56,32227;100
92;2;2;56,32227;100
92;2;2;56,32227;100
92;2;2;56,32227;100
92;2;2;56,32227;100
92;2;2;56,65576;100
92;2;2;56,65576;100
92;2;2;56,65576;100
92;2;2;56,65576;100
92;2;2;56,65576;100
92;2;2;56,65576;100
92;2;2;56,65576;100
92;3;15;56,65576;100
92;2;2;56,65576;100
92;2;2;56,65576;100
92;2;2;56,65576;100
92;2;2;56,98926;100
92;2;2;56,98926;100
92;2;2;56,98926;100
92;2;2;56,98926;100
92;2;2;56,98926;100
92;2;2;56,98926;100
92;2;2;56,98926;100
92;2;2;56,98926;100
92;2;2;56,98926;100
92;2;2;56,98926;100
92;2;2;56,98926;100
92;2;2;56,98926;100
92;2;2;57,32275;100
92;2;2;57,32275;100
92;2;2;57,32275;100
92;2;2;57,32275;100
92;2;2;57,32275;100
92;2;2;57,32275;100
92;2;2;57,32275;100
92;2;2;57,65625;100
92;2;2;57,65625;100
92;2;2;57,65625;100
92;2;2;57,65625;100
92;2;2;57,65625;100
92;2;2;57,65625;100
92;2;2;57,65625;100
92;2;2;57,65625;100
92;2;2;57,65625;100
92;2;2;57,65625;100
92;2;2;57,98975;100
92;3;15;57,98975;85
92;2;2;57,98975;85
92;2;2;57,98975;85
92;2;2;57,98975;85
92;2;2;57,98975;85
92;2;2;57,98975;85
92;2;2;57,98975;85
92;2;2;57,98975;85
92;2;2;57,98975;85
92;2;2;57,98975;85
84;2;2;58,32324;83
60;2;2;58,32324;81
36;2;2;58,32324;79
28;3;15;58,32324;64
Boss