92;2;2;19,65576;100
92;2;2;19,65576;100
92;2;2;19,98926;100
92;2;2;19,98926;100
92;2;2;19,98926;100
92;2;2;19,98926;100
92;2;2;19,98926;100
92;2;2;19,98926;100
92;2;2;19,98926;100
92;2;2;19,98926;100
92;2;2;19,98926;100
92;2;2;19,98926;100
92;2;2;19,98926;100
92;2;2;19,98926;100
92;2;2;19,98926;100
92;2;2;19,98926;100
92;2;2;19,98926;100
92;2;2;19,98926;100
92;2;2;20,32275;100
92;2;2;20,32275;100
92;2;2;20,32275;100
92;2;2;20,32275;100
92;2;2;20,32275;100
92;2;2;20,32275;100
92;2;2;20,32275;100
92;2;2;20,32275;100
92;2;2;20,32275;100
92;2;2;20,32275;100
92;2;2;20,32275;100
92;2;2;20,32275;100
92;2;2;20,32275;100
92;2;2;20,32275;100
92;2;2;20,32275;100
92;2;2;20,32275;100
92;2;2;20,32275;100
92;2;2;20,65625;100
92;2;2;20,65625;100
92;2;2;20,65625;100
92;2;2;20,65625;100
92;2;2;20,65625;100
92;2;2;20,65625;100
92;2;2;20,65625;100
92;2;2;20,65625;100
92;2;2;20,65625;100
92;2;2;20,65625;100
92;2;2;20,65625;100
92;2;2;20,65625;100
92;2;2;20,65625;100
92;2;2;20,65625;100
92;2;2;20,65625;100
92;2;2;20,65625;100
92;2;2;20,98975;100
92;2;2;20,98975;100
92;2;2;20,98975;100
92;2;2;20,98975;100
92;2;2;20,98975;100
92;2;2;20,98975;100
92;2;2;20,98975;100
92;2;2;20,98975;100
92;2;2;20,98975;100
92;2;2;20,98975;100
92;2;2;20,98975;100
92;2;2;20,98975;100
92;2;2;20,98975;100
92;2;2;20,98975;100
92;2;2;20,98975;100
92;2;2;20,98975;100
92;2;2;20,98975;100
92;2;2;21,32324;100
92;2;2;21,32324;100
92;2;2;21,32324;100
92;2;2;21,32324;100
92;2;2;21,32324;100
92;2;2;21,32324;100
92;2;2;21,32324;100
92;2;2;21,32324;100
92;2;2;21,32324;100
92;2;2;21,32324;100
92;2;2;21,32324;100
92;2;2;21,32324;100
92;2;2;21,32324;100
92;2;2;21,32324;100
92;2;2;21,32324;100
92;2;2;21,32324;100
92;2;2;21,32324;100
92;2;2;21,65674;100
92;2;2;21,65674;100
92;2;2;21,65674;100
92;2;2;21,65674;100
92;2;2;21,65674;100
92;2;2;21,65674;100
92;2;2;21,65674;100
92;2;2;21,65674;100
92;2;2;21,65674;100
92;2;2;21,65674;100
92;2;2;21,65674;100
92;2;2;21,65674;100
92;2;2;21,65674;100
92;2;2;21,65674;100
92;2;2;21,65674;100
92;2;2;21,65674;100
92;2;2;21,99023;100
92;2;2;21,99023;100
92;2;2;21,99023;100
92;2;2;21,99023;100
92;2;2;21,99023;100
92;2;2;21,99023;100
92;2;2;21,99023;100
92;2;2;21,99023;100
92;2;2;21,99023;100
92;2;2;21,99023;100
92;2;2;21,99023;100
92;2;2;21,99023;100
92;2;2;21,99023;100
92;2;2;21,99023;100
92;2;2;21,99023;100
92;2;2;21,99023;100
92;2;2;21,99023;100
92;2;2;22,32373;100
92;2;2;22,32373;100
92;2;2;22,32373;100
92;2;2;22,32373;100
92;2;2;22,32373;100
92;2;2;22,32373;100
92;2;2;22,32373;100
92;2;2;22,32373;100
92;2;2;22,32373;100
92;2;2;22,32373;100
92;2;2;22,32373;100
92;2;2;22,32373;100
92;2;2;22,32373;100
92;2;2;22,32373;100
92;2;2;22,32373;100
92;2;2;22,32373;100
92;2;2;22,65723;100
92;2;2;22,65723;100
92;2;2;22,65723;100
92;2;2;22,65723;100
92;2;2;22,65723;100
92;2;2;22,65723;100
92;2;2;22,65723;100
92;2;2;22,65723;100
92;2;2;22,65723;100
92;2;2;22,65723;100
92;2;2;22,65723;100
92;2;2;22,65723;100
92;2;2;22,65723;100
92;2;2;22,65723;100
92;2;2;22,65723;100
92;2;2;22,65723;100
92;2;2;22,99072;100
92;2;2;22,99072;100
92;2;2;22,99072;100
92;2;2;22,99072;100
92;2;2;22,99072;100
92;2;2;22,99072;100
92;2;2;22,99072;100
92;2;2;22,99072;100
92;2;2;22,99072;100
92;2;2;22,99072;100
92;2;2;22,99072;100
92;2;2;22,99072;100
92;2;2;22,99072;100
92;2;2;22,99072;100
92;2;2;22,99072;100
92;2;2;22,99072;100
92;2;2;22,99072;100
92;2;2;23,32422;100
92;2;2;23,32422;100
92;2;2;23,32422;100
92;2;2;23,32422;100
92;2;2;23,32422;100
92;2;2;23,32422;100
92;2;2;23,32422;100
92;2;2;23,32422;100
92;2;2;23,32422;100
92;2;2;23,32422;100
92;2;2;23,32422;100
92;2;2;23,32422;100
92;2;2;23,32422;100
92;2;2;23,32422;100
92;2;2;23,32422;100
92;2;2;23,32422;100
92;2;2;23,32422;100
92;2;2;23,65771;100
92;2;2;23,65771;100
92;2;2;23,65771;100
92;2;2;23,65771;100
92;2;2;23,65771;100
92;2;2;23,65771;100
92;2;2;23,65771;100
92;2;2;23,65771;100
92;2;2;23,65771;100
92;2;2;23,65771;100
92;2;2;23,65771;100
92;2;2;23,65771;100
92;2;2;23,65771;100
92;2;2;23,65771;100
92;2;2;23,65771;100
92;2;2;23,65771;100
92;2;2;23,99121;100
92;2;2;23,99121;100
92;2;2;23,99121;100
92;2;2;23,99121;100
92;2;2;23,99121;100
92;2;2;23,99121;100
92;2;2;23,99121;100
92;2;2;23,99121;100
92;2;2;23,99121;100
92;2;2;23,99121;100
92;2;2;23,99121;100
92;2;2;23,99121;100
92;2;2;23,99121;100
92;2;2;23,99121;100
92;2;2;23,99121;100
92;2;2;23,99121;100
92;2;2;23,99121;100
92;2;2;24,32471;100
92;2;2;24,32471;100
92;2;2;24,32471;100
92;2;2;24,32471;100
92;2;2;24,32471;100
92;2;2;24,32471;100
92;2;2;24,32471;100
92;2;2;24,32471;100
92;2;2;24,32471;100
92;2;2;24,32471;100
92;2;2;24,32471;100
92;2;2;24,32471;100
92;2;2;24,32471;100
92;2;2;24,32471;100
92;2;2;24,32471;100
92;2;2;24,32471;100
92;2;2;24,32471;100
92;2;2;24,6582;100
92;2;2;24,6582;100
92;2;2;24,6582;100
92;2;2;24,6582;100
92;2;2;24,6582;100
92;2;2;24,6582;100
92;2;2;24,6582;100
92;2;2;24,6582;100
92;2;2;24,6582;100
92;2;2;24,6582;100
92;2;2;24,6582;100
92;2;2;24,6582;100
92;2;2;24,6582;100
92;2;2;24,6582;100
92;2;2;24,6582;100
92;2;2;24,6582;100
92;2;2;24,9917;100
92;2;2;24,9917;100
92;2;2;24,9917;100
92;2;2;24,9917;100
92;2;2;24,9917;100
92;2;2;24,9917;100
92;2;2;24,9917;100
92;2;2;24,9917;100
92;2;2;24,9917;100
92;2;2;24,9917;100
92;2;2;24,9917;100
92;2;2;24,9917;100
92;2;2;24,9917;100
92;2;2;24,9917;100
92;2;2;24,9917;100
92;2;2;24,9917;100
92;2;2;24,9917;100
92;2;2;25,3252;100
92;2;2;25,3252;100
92;2;2;25,3252;100
92;2;2;25,3252;100
92;2;2;25,3252;100
92;2;2;25,3252;100
92;2;2;25,3252;100
92;2;2;25,3252;100
92;2;2;25,3252;100
92;2;2;25,3252;100
92;2;2;25,3252;100
92;2;2;25,3252;100
92;2;2;25,3252;100
92;2;2;25,3252;100
92;2;2;25,3252;100
92;2;2;25,3252;100
92;2;2;25,65869;100
92;2;2;25,65869;100
92;2;2;25,65869;100
92;2;2;25,65869;100
92;2;2;25,65869;100
92;2;2;25,65869;100
92;2;2;25,65869;100
92;2;2;25,65869;100
92;2;2;25,65869;100
92;2;2;25,65869;100
92;2;2;25,65869;100
92;2;2;25,65869;100
92;2;2;25,65869;100
92;2;2;25,65869;100
92;2;2;25,65869;100
92;2;2;25,65869;100
92;2;2;25,99219;100
92;2;2;25,99219;100
92;2;2;25,99219;100
92;2;2;25,99219;100
92;2;2;25,99219;100
92;2;2;25,99219;100
92;2;2;25,99219;100
92;2;2;25,99219;100
92;2;2;25,99219;100
92;2;2;25,99219;100
92;2;2;25,99219;100
92;2;2;25,99219;100
92;2;2;25,99219;100
92;2;2;25,99219;100
92;2;2;25,99219;100
92;2;2;25,99219;100
92;2;2;25,99219;100
92;2;2;26,32568;100
92;2;2;26,32568;100
92;2;2;26,32568;100
92;2;2;26,32568;100
92;2;2;26,32568;100
92;2;2;26,32568;100
92;2;2;26,32568;100
92;2;2;26,32568;100
92;2;2;26,32568;100
92;2;2;26,32568;100
92;2;2;26,32568;100
92;2;2;26,32568;100
92;2;2;26,32568;100
92;2;2;26,32568;100
92;2;2;26,32568;100
92;2;2;26,32568;100
92;2;2;26,32568;100
92;2;2;26,65918;100
92;2;2;26,65918;100
92;2;2;26,65918;100
92;2;2;26,65918;100
92;2;2;26,65918;100
92;2;2;26,65918;100
92;2;2;26,65918;100
92;2;2;26,65918;100
92;2;2;26,65918;100
92;2;2;26,65918;100
92;2;2;26,65918;100
92;2;2;26,65918;100
92;2;2;26,65918;100
92;2;2;26,65918;100
92;2;2;26,65918;100
92;2;2;26,65918;100
92;2;2;26,99268;100
92;2;2;26,99268;100
92;2;2;26,99268;100
92;2;2;26,99268;100
92;2;2;26,99268;100
92;2;2;26,99268;100
92;2;2;26,99268;100
92;2;2;26,99268;100
92;2;2;26,99268;100
92;2;2;26,99268;100
92;2;2;26,99268;100
92;2;2;26,99268;100
92;2;2;26,99268;100
92;2;2;26,99268;100
92;2;2;26,99268;100
92;2;2;26,99268;100
92;2;2;26,99268;100
92;2;2;27,32617;100
92;2;2;27,32617;100
92;2;2;27,32617;100
92;2;2;27,32617;100
92;2;2;27,32617;100
92;2;2;27,32617;100
92;2;2;27,32617;100
92;2;2;27,32617;100
92;2;2;27,32617;100
92;2;2;27,32617;100
92;2;2;27,32617;100
92;2;2;27,32617;100
92;2;2;27,32617;100
92;2;2;27,32617;100
92;2;2;27,32617;100
92;2;2;27,32617;100
92;2;2;27,32617;100
92;2;2;27,65967;100
92;2;2;27,65967;100
92;2;2;27,65967;100
92;2;2;27,65967;100
92;2;2;27,65967;100
92;2;2;27,65967;100
92;2;2;27,65967;100
92;2;2;27,65967;100
92;2;2;27,65967;100
92;2;2;27,65967;100
92;2;2;27,65967;100
92;2;2;27,65967;100
92;2;2;27,65967;100
92;2;2;27,65967;100
92;2;2;27,65967;100
92;2;2;27,65967;100
92;2;2;27,99316;100
92;2;2;27,99316;100
92;2;2;27,99316;100
92;2;2;27,99316;100
92;2;2;27,99316;100
92;2;2;27,99316;100
92;2;2;27,99316;100
92;2;2;27,99316;100
92;2;2;27,99316;100
92;2;2;27,99316;100
92;2;2;27,99316;100
92;2;2;27,99316;100
92;2;2;27,99316;100
92;2;2;27,99316;100
92;2;2;27,99316;100
92;2;2;28,32666;100
92;2;2;28,32666;100
92;2;2;28,32666;100
92;2;2;28,32666;100
92;2;2;28,32666;100
92;2;2;28,32666;100
92;2;2;28,32666;100
92;2;2;28,32666;100
92;2;2;28,32666;100
92;2;2;28,32666;100
92;2;2;28,32666;100
92;2;2;28,32666;100
92;2;2;28,32666;100
92;2;2;28,32666;100
92;2;2;28,32666;100
92;2;2;28,32666;100
92;2;2;28,32666;100
92;2;2;28,66016;100
92;2;2;28,66016;100
92;2;2;28,66016;100
92;2;2;28,66016;100
92;2;2;28,66016;100
92;2;2;28,66016;100
92;2;2;28,66016;100
92;2;2;28,66016;100
92;2;2;28,66016;100
92;2;2;28,66016;100
92;2;2;28,66016;100
92;2;2;28,66016;100
92;2;2;28,66016;100
92;2;2;28,66016;100
92;2;2;28,66016;100
92;2;2;28,66016;100
92;2;2;28,99365;100
92;2;2;28,99365;100
92;2;2;28,99365;100
92;2;2;28,99365;100
92;2;2;28,99365;100
92;2;2;28,99365;100
92;2;2;28,99365;100
92;2;2;28,99365;100
92;2;2;28,99365;100
92;2;2;28,99365;100
92;2;2;28,99365;100
92;2;2;28,99365;100
92;2;2;28,99365;100
92;2;2;28,99365;100
92;2;2;28,99365;100
92;2;2;28,99365;100
92;2;2;28,99365;100
92;2;2;29,32715;100
92;2;2;29,32715;100
92;2;2;29,32715;100
92;2;2;29,32715;100
92;2;2;29,32715;100
92;2;2;29,32715;100
92;2;2;29,32715;100
92;2;2;29,32715;100
92;2;2;29,32715;100
92;2;2;29,32715;100
92;2;2;29,32715;100
92;2;2;29,32715;100
92;2;2;29,32715;100
92;2;2;29,32715;100
92;2;2;29,32715;100
92;2;2;29,32715;100
92;2;2;29,32715;100
92;2;2;29,66064;100
92;2;2;29,66064;100
92;2;2;29,66064;100
92;2;2;29,66064;100
92;2;2;29,66064;100
92;2;2;29,66064;100
92;2;2;29,66064;100
92;2;2;29,66064;100
92;2;2;29,66064;100
92;2;2;29,66064;100
92;2;2;29,66064;100
92;2;2;29,66064;100
92;2;2;29,66064;100
92;2;2;29,66064;100
92;2;2;29,66064;100
92;2;2;29,66064;100
92;2;2;29,99414;100
92;2;2;29,99414;100
92;2;2;29,99414;100
92;2;2;29,99414;100
92;2;2;29,99414;100
92;2;2;29,99414;100
92;2;2;29,99414;100
92;2;2;29,99414;100
92;2;2;29,99414;100
92;2;2;29,99414;100
92;2;2;29,99414;100
92;2;2;29,99414;100
92;2;2;29,99414;100
92;2;2;29,99414;100
92;2;2;30,32764;100
92;2;2;30,32764;100
92;2;2;30,32764;100
92;2;2;30,32764;100
92;2;2;30,32764;100
92;2;2;30,32764;100
92;2;2;30,32764;100
92;2;2;30,32764;100
92;2;2;30,32764;100
92;2;2;30,32764;100
92;2;2;30,32764;100
92;2;2;30,32764;100
92;2;2;30,66113;100
92;2;2;30,66113;100
92;2;2;30,66113;100
92;2;2;30,66113;100
92;2;2;30,66113;100
92;2;2;30,66113;100
92;2;2;30,66113;100
92;2;2;30,66113;100
92;2;2;30,66113;100
92;2;2;30,66113;100
92;2;2;30,66113;100
92;2;2;30,66113;100
92;2;2;30,66113;100
92;2;2;30,66113;100
92;2;2;30,66113;100
92;2;2;30,99463;100
92;2;2;30,99463;100
92;2;2;30,99463;100
92;2;2;30,99463;100
92;2;2;30,99463;100
92;2;2;30,99463;100
92;2;2;30,99463;100
92;2;2;30,99463;100
92;2;2;30,99463;100
92;2;2;30,99463;100
92;2;2;30,99463;100
92;2;2;30,99463;100
92;2;2;30,99463;100
92;2;2;30,99463;100
92;2;2;30,99463;100
92;2;2;30,99463;100
92;2;2;31,32813;100
92;2;2;31,32813;100
92;2;2;31,32813;100
92;2;2;31,32813;100
92;2;2;31,32813;100
92;2;2;31,32813;100
92;2;2;31,32813;100
92;2;2;31,32813;100
92;2;2;31,32813;100
92;2;2;31,32813;100
92;2;2;31,32813;100
92;2;2;31,32813;100
92;2;2;31,32813;100
92;2;2;31,66162;100
92;2;2;31,66162;100
92;2;2;31,66162;100
92;2;2;31,66162;100
92;2;2;31,66162;100
92;2;2;31,66162;100
92;2;2;31,66162;100
92;2;2;31,66162;100
92;2;2;31,66162;100
92;2;2;31,66162;100
92;2;2;31,99512;100
92;2;2;31,99512;100
92;2;2;31,99512;100
92;2;2;31,99512;100
92;2;2;31,99512;100
92;2;2;31,99512;100
92;2;2;31,99512;100
92;2;2;31,99512;100
92;2;2;32,32861;100
92;2;2;32,32861;100
92;2;2;32,32861;100
92;2;2;32,32861;100
92;2;2;32,32861;100
92;2;2;32,32861;100
92;2;2;32,32861;100
92;2;2;32,32861;100
92;2;2;32,32861;100
92;2;2;32,32861;100
92;2;2;32,32861;100
92;2;2;32,32861;100
92;2;2;32,32861;100
92;2;2;32,66211;100
92;2;2;32,66211;100
92;2;2;32,66211;100
92;2;2;32,66211;100
92;2;2;32,66211;100
92;2;2;32,66211;100
92;2;2;32,66211;100
92;2;2;32,66211;100
92;2;2;32,66211;100
92;2;2;32,66211;100
92;2;2;32,99561;100
92;2;2;32,99561;100
92;2;2;32,99561;100
92;2;2;32,99561;100
92;2;2;32,99561;100
92;3;15;32,99561;85
92;2;2;32,99561;85
92;2;2;32,99561;85
92;2;2;32,99561;85
92;2;2;33,3291;85
92;2;2;33,3291;83
76;2;2;33,3291;81
52;3;15;33,3291;66
44;2;2;33,3291;64
36;3;15;33,3291;49
28;3;15;33,3291;34
-4;2;2;33,3291;32
Boss