92;2;2;8,402344;100
92;2;2;8,402344;100
92;2;2;8,735352;100
92;2;2;8,735352;100
92;2;2;8,735352;100
92;2;2;8,735352;100
92;3;15;8,735352;100
92;2;2;8,735352;100
92;2;2;8,735352;100
92;2;2;8,735352;100
92;2;2;8,735352;100
92;2;2;8,735352;100
92;2;2;8,735352;100
92;2;2;8,735352;100
92;2;2;8,735352;100
92;2;2;8,735352;100
92;2;2;8,735352;100
92;2;2;9,068359;100
92;2;2;9,068359;100
92;3;15;9,068359;100
92;2;2;9,068359;100
92;2;2;9,068359;100
92;2;2;9,068359;100
92;2;2;9,068359;100
92;2;2;9,068359;100
92;2;2;9,068359;100
92;2;2;9,068359;100
92;2;2;9,068359;100
92;2;2;9,068359;100
92;2;2;9,068359;100
92;2;2;9,068359;100
92;2;2;9,401367;100
92;2;2;9,401367;100
92;2;2;9,401367;100
92;2;2;9,401367;100
92;2;2;9,401367;100
92;3;15;9,401367;100
92;2;2;9,401367;100
92;2;2;9,401367;100
92;2;2;9,401367;100
92;2;2;9,401367;100
92;2;2;9,401367;100
92;2;2;9,401367;100
92;2;2;9,401367;100
92;2;2;9,401367;100
92;2;2;9,734375;100
92;2;2;9,734375;100
92;2;2;9,734375;100
92;2;2;9,734375;100
92;2;2;9,734375;100
92;2;2;9,734375;100
92;2;2;9,734375;100
92;2;2;9,734375;100
92;2;2;9,734375;100
92;2;2;9,734375;100
92;2;2;9,734375;100
92;2;2;9,734375;100
92;2;2;9,734375;100
92;2;2;9,734375;100
92;2;2;9,734375;100
92;2;2;10,06738;100
92;2;2;10,06738;100
92;2;2;10,06738;100
92;2;2;10,06738;100
92;2;2;10,06738;100
92;2;2;10,06738;100
92;2;2;10,06738;100
92;2;2;10,06738;100
92;2;2;10,06738;100
92;2;2;10,06738;100
92;2;2;10,06738;100
92;2;2;10,06738;100
92;2;2;10,06738;100
92;2;2;10,06738;100
92;2;2;10,40039;100
92;2;2;10,40039;100
92;2;2;10,40039;100
92;2;2;10,40039;100
92;2;2;10,40039;100
92;2;2;10,40039;100
92;2;2;10,40039;100
92;2;2;10,40039;100
92;2;2;10,40039;100
92;2;2;10,40039;100
92;2;2;10,40039;100
92;2;2;10,40039;100
92;2;2;10,40039;100
92;2;2;10,7334;100
92;2;2;10,7334;100
92;2;2;10,7334;100
92;2;2;10,7334;100
92;2;2;10,7334;100
92;2;2;10,7334;100
92;2;2;10,7334;100
92;2;2;10,7334;100
92;2;2;10,7334;100
92;2;2;10,7334;100
92;2;2;10,7334;100
92;2;2;10,7334;100
92;2;2;10,7334;100
92;2;2;11,06641;100
92;2;2;11,06641;100
92;2;2;11,06641;100
92;2;2;11,06641;100
92;2;2;11,06641;100
92;2;2;11,06641;100
92;2;2;11,06641;100
92;2;2;11,06641;100
92;2;2;11,06641;100
92;2;2;11,06641;100
92;2;2;11,06641;100
92;2;2;11,06641;100
92;2;2;11,06641;100
92;2;2;11,06641;100
92;2;2;11,06641;100
92;2;2;11,39941;100
92;2;2;11,39941;100
92;2;2;11,39941;100
92;2;2;11,39941;100
92;2;2;11,39941;100
92;2;2;11,39941;100
92;2;2;11,39941;100
92;2;2;11,39941;100
92;2;2;11,39941;100
92;2;2;11,39941;100
92;2;2;11,39941;100
92;2;2;11,39941;100
92;2;2;11,39941;100
92;2;2;11,39941;100
92;2;2;11,39941;100
92;2;2;11,73242;100
92;2;2;11,73242;100
92;3;15;11,73242;100
92;2;2;11,73242;100
92;2;2;11,73242;100
92;2;2;11,73242;100
92;2;2;11,73242;100
92;2;2;11,73242;100
92;2;2;11,73242;100
92;2;2;11,73242;100
92;2;2;11,73242;100
92;2;2;11,73242;100
92;2;2;11,73242;100
92;2;2;11,73242;100
92;2;2;12,06543;100
92;2;2;12,06543;100
92;3;15;12,06543;100
92;2;2;12,06543;100
92;2;2;12,06543;100
92;3;15;12,06543;100
92;2;2;12,06543;100
92;2;2;12,06543;100
92;2;2;12,06543;100
92;3;15;12,06543;100
92;2;2;12,06543;100
92;2;2;12,06543;100
92;2;2;12,06543;100
92;2;2;12,06543;100
92;2;2;12,06543;100
92;2;2;12,06543;100
92;2;2;12,06543;100
92;2;2;12,39844;100
92;2;2;12,39844;100
92;2;2;12,39844;100
92;2;2;12,39844;100
92;2;2;12,39844;100
92;2;2;12,39844;100
92;2;2;12,39844;100
92;2;2;12,39844;100
92;2;2;12,39844;100
92;2;2;12,39844;100
92;2;2;12,39844;100
92;2;2;12,39844;100
92;2;2;12,39844;100
92;2;2;12,39844;100
92;2;2;12,73145;100
92;2;2;12,73145;100
92;2;2;12,73145;100
92;2;2;12,73145;100
92;2;2;12,73145;100
92;2;2;12,73145;100
92;2;2;12,73145;100
92;2;2;12,73145;100
92;2;2;12,73145;100
92;2;2;12,73145;100
92;2;2;12,73145;100
92;2;2;12,73145;100
92;2;2;13,06445;100
92;2;2;13,06445;100
92;2;2;13,06445;100
92;2;2;13,06445;100
92;2;2;13,06445;100
92;2;2;13,06445;100
92;2;2;13,06445;100
92;2;2;13,06445;100
92;2;2;13,06445;100
92;2;2;13,06445;100
92;2;2;13,06445;100
92;2;2;13,06445;100
92;2;2;13,06445;100
92;2;2;13,39746;100
92;2;2;13,39746;100
92;2;2;13,39746;100
92;2;2;13,39746;100
92;2;2;13,39746;100
92;2;2;13,39746;100
92;2;2;13,39746;100
92;2;2;13,39746;100
92;2;2;13,39746;100
92;2;2;13,39746;100
92;2;2;13,39746;100
92;3;15;13,39746;100
92;2;2;13,39746;100
92;2;2;13,39746;100
92;2;2;13,39746;100
92;2;2;13,73047;100
92;2;2;13,73047;100
92;2;2;13,73047;100
92;3;15;13,73047;100
92;2;2;13,73047;100
92;2;2;13,73047;100
92;3;15;13,73047;100
92;2;2;13,73047;100
92;2;2;13,73047;100
92;2;2;13,73047;100
92;2;2;13,73047;100
92;2;2;13,73047;100
92;2;2;13,73047;100
92;3;15;13,73047;100
92;2;2;13,73047;100
92;2;2;14,06348;100
92;2;2;14,06348;100
92;3;15;14,06348;100
92;3;15;14,06348;100
92;2;2;14,06348;100
92;3;15;14,06348;100
92;2;2;14,06348;100
92;2;2;14,06348;100
92;2;2;14,06348;100
92;2;2;14,06348;100
92;2;2;14,06348;100
92;2;2;14,06348;100
92;2;2;14,06348;100
92;3;15;14,06348;100
92;3;15;14,39648;100
92;2;2;14,39648;100
92;2;2;14,39648;100
92;2;2;14,39648;100
92;2;2;14,39648;100
92;2;2;14,39648;100
92;2;2;14,39648;100
92;2;2;14,39648;100
92;2;2;14,39648;100
92;2;2;14,39648;100
92;2;2;14,39648;100
92;2;2;14,39648;100
92;3;15;14,39648;100
92;2;2;14,39648;100
92;3;15;14,72949;85
92;2;2;14,72949;85
92;2;2;14,72949;85
92;2;2;14,72949;85
92;2;2;14,72949;85
92;2;2;14,72949;85
92;2;2;14,72949;85
92;2;2;14,72949;85
92;2;2;14,72949;85
92;2;2;14,72949;85
92;2;2;14,72949;85
92;2;2;14,72949;85
92;2;2;14,72949;85
92;2;2;14,72949;85
92;2;2;15,0625;85
92;3;15;15,0625;70
92;2;2;15,0625;70
92;2;2;15,0625;70
92;2;2;15,0625;70
92;2;2;15,0625;70
92;2;2;15,0625;70
92;2;2;15,0625;70
92;2;2;15,0625;70
92;2;2;15,0625;70
92;2;2;15,0625;70
92;2;2;15,0625;70
92;2;2;15,0625;70
92;2;2;15,0625;70
92;2;2;15,0625;70
92;2;2;15,0625;70
92;3;15;15,0625;55
92;2;2;15,39551;55
92;3;15;15,39551;40
84;2;2;15,39551;38
68;2;2;15,39551;36
60;2;2;15,39551;34
52;3;15;15,39551;19
36;2;2;15,39551;17
28;2;2;15,39551;15
4;3;15;15,39551;0
Player