92;2;2;36,88379;100
92;2;2;36,88379;100
92;2;2;36,88379;100
92;2;2;36,88379;100
92;2;2;36,88379;100
92;2;2;36,88379;100
92;2;2;36,88379;100
92;2;2;36,88379;100
92;2;2;36,88379;100
92;2;2;37,2168;100
92;2;2;37,2168;100
92;2;2;37,2168;100
92;2;2;37,2168;100
92;2;2;37,2168;100
92;2;2;37,2168;100
92;2;2;37,2168;100
92;2;2;37,2168;100
92;2;2;37,2168;100
92;2;2;37,2168;100
92;2;2;37,2168;100
92;2;2;37,2168;100
92;2;2;37,2168;100
92;2;2;37,2168;100
92;2;2;37,2168;100
92;2;2;37,2168;100
92;2;2;37,5498;100
92;2;2;37,5498;100
92;2;2;37,5498;100
92;3;15;37,5498;100
92;2;2;37,5498;100
92;2;2;37,5498;100
92;2;2;37,5498;100
92;2;2;37,5498;100
92;2;2;37,5498;100
92;2;2;37,5498;100
92;2;2;37,5498;100
92;2;2;37,5498;100
92;2;2;37,5498;100
92;2;2;37,5498;100
92;2;2;37,88281;100
92;2;2;37,88281;100
92;2;2;37,88281;100
92;3;15;37,88281;100
92;2;2;37,88281;100
92;2;2;37,88281;100
92;2;2;37,88281;100
92;2;2;37,88281;100
92;2;2;37,88281;100
92;2;2;37,88281;100
92;2;2;37,88281;100
92;2;2;37,88281;100
92;2;2;37,88281;100
92;2;2;37,88281;100
92;2;2;37,88281;100
92;2;2;38,21582;100
92;2;2;38,21582;100
92;2;2;38,21582;100
92;2;2;38,21582;100
92;2;2;38,21582;100
92;2;2;38,21582;100
92;2;2;38,21582;100
92;2;2;38,21582;100
92;2;2;38,21582;100
92;2;2;38,21582;100
92;2;2;38,21582;100
92;2;2;38,21582;100
92;2;2;38,21582;100
92;2;2;38,21582;100
92;2;2;38,54883;100
92;2;2;38,54883;100
92;3;15;38,54883;100
92;2;2;38,54883;100
92;2;2;38,54883;100
92;2;2;38,54883;100
92;2;2;38,54883;100
92;2;2;38,54883;100
92;2;2;38,54883;100
92;2;2;38,54883;100
92;2;2;38,54883;100
92;2;2;38,54883;100
92;2;2;38,54883;100
92;2;2;38,54883;100
92;2;2;38,54883;100
92;2;2;38,88184;100
92;2;2;38,88184;100
92;2;2;38,88184;100
92;2;2;38,88184;100
92;2;2;38,88184;100
92;2;2;38,88184;100
92;2;2;38,88184;100
92;2;2;38,88184;100
92;2;2;38,88184;100
92;2;2;38,88184;100
92;2;2;38,88184;100
92;2;2;38,88184;100
92;2;2;38,88184;100
92;2;2;38,88184;100
92;2;2;39,21484;100
92;2;2;39,21484;100
92;2;2;39,21484;100
92;2;2;39,21484;100
92;2;2;39,21484;100
92;2;2;39,21484;100
92;2;2;39,21484;100
92;2;2;39,21484;100
92;2;2;39,21484;100
92;2;2;39,21484;100
92;2;2;39,21484;100
92;2;2;39,21484;100
92;2;2;39,21484;100
92;2;2;39,21484;100
92;2;2;39,21484;100
92;2;2;39,54785;100
92;2;2;39,54785;100
92;2;2;39,54785;100
92;2;2;39,54785;100
92;2;2;39,54785;100
92;3;15;39,54785;100
92;2;2;39,54785;100
92;2;2;39,54785;100
92;2;2;39,54785;100
92;2;2;39,54785;100
92;2;2;39,54785;100
92;2;2;39,54785;100
92;2;2;39,54785;100
92;2;2;39,54785;100
92;2;2;39,88086;100
92;3;15;39,88086;100
92;3;15;39,88086;100
92;2;2;39,88086;100
92;3;15;39,88086;100
92;2;2;39,88086;100
92;2;2;39,88086;100
92;2;2;39,88086;100
92;2;2;39,88086;100
92;2;2;39,88086;100
92;2;2;39,88086;100
92;2;2;39,88086;100
92;2;2;40,21387;100
92;3;15;40,21387;100
92;2;2;40,21387;100
92;2;2;40,21387;100
92;2;2;40,21387;100
92;2;2;40,21387;100
92;2;2;40,21387;100
92;2;2;40,21387;100
92;2;2;40,21387;100
92;2;2;40,21387;100
92;2;2;40,21387;100
92;2;2;40,21387;100
92;2;2;40,21387;100
92;2;2;40,54688;100
92;2;2;40,54688;100
92;2;2;40,54688;100
92;2;2;40,54688;100
92;2;2;40,54688;100
92;2;2;40,54688;100
92;2;2;40,54688;100
92;2;2;40,54688;100
92;2;2;40,54688;100
92;2;2;40,54688;100
92;2;2;40,54688;100
92;2;2;40,54688;100
92;2;2;40,87988;100
92;3;15;40,87988;100
92;2;2;40,87988;100
92;2;2;40,87988;100
92;2;2;40,87988;100
92;2;2;40,87988;100
92;2;2;40,87988;100
92;2;2;40,87988;100
92;2;2;40,87988;100
92;3;15;40,87988;100
92;2;2;40,87988;100
92;2;2;40,87988;100
92;2;2;40,87988;100
92;2;2;40,87988;100
92;2;2;41,21289;100
92;2;2;41,21289;100
92;2;2;41,21289;100
92;2;2;41,21289;100
92;2;2;41,21289;100
92;2;2;41,21289;100
92;2;2;41,21289;100
92;2;2;41,21289;100
92;2;2;41,21289;100
92;2;2;41,21289;100
92;2;2;41,21289;100
92;2;2;41,21289;100
92;2;2;41,21289;100
92;3;15;41,21289;100
92;2;2;41,21289;100
92;2;2;41,21289;100
92;2;2;41,21289;100
92;2;2;41,5459;100
92;2;2;41,5459;100
92;3;15;41,5459;100
92;2;2;41,5459;100
92;2;2;41,5459;100
92;3;15;41,5459;100
92;2;2;41,5459;100
92;2;2;41,5459;100
92;2;2;41,5459;100
92;2;2;41,5459;100
92;2;2;41,5459;100
92;2;2;41,5459;100
92;2;2;41,5459;100
92;2;2;41,87891;100
92;2;2;41,87891;100
92;2;2;41,87891;100
92;3;15;41,87891;100
92;2;2;41,87891;100
92;2;2;41,87891;100
92;2;2;41,87891;100
92;2;2;41,87891;100
92;2;2;41,87891;100
92;2;2;41,87891;100
92;2;2;41,87891;100
92;3;15;41,87891;100
92;2;2;41,87891;100
92;2;2;42,21191;100
92;2;2;42,21191;100
92;2;2;42,21191;100
92;3;15;42,21191;100
92;2;2;42,21191;100
92;2;2;42,21191;100
92;3;15;42,21191;100
92;2;2;42,21191;100
92;2;2;42,21191;100
92;3;15;42,21191;100
92;2;2;42,21191;100
92;2;2;42,21191;100
92;2;2;42,21191;100
92;2;2;42,21191;100
92;2;2;42,54492;100
92;2;2;42,54492;100
92;2;2;42,54492;100
92;2;2;42,54492;100
92;3;15;42,54492;100
92;2;2;42,54492;100
92;3;15;42,54492;100
92;2;2;42,54492;100
92;2;2;42,54492;100
92;3;15;42,54492;100
92;2;2;42,54492;100
92;2;2;42,54492;100
92;2;2;42,54492;100
92;2;2;42,54492;100
92;2;2;42,87793;100
92;2;2;42,87793;100
92;3;15;42,87793;85
92;2;2;42,87793;85
92;2;2;42,87793;85
92;3;15;42,87793;70
92;2;2;42,87793;70
92;2;2;42,87793;70
92;3;15;42,87793;55
92;2;2;42,87793;55
92;2;2;42,87793;55
92;2;2;42,87793;55
92;2;2;42,87793;55
92;2;2;42,87793;55
92;2;2;42,87793;55
92;2;2;42,87793;55
92;2;2;43,21094;55
92;2;2;43,21094;55
92;2;2;43,21094;55
92;2;2;43,21094;55
92;2;2;43,21094;55
92;2;2;43,21094;55
92;2;2;43,21094;55
92;2;2;43,21094;55
92;2;2;43,21094;55
92;2;2;43,21094;55
92;2;2;43,21094;55
92;2;2;43,21094;55
92;2;2;43,21094;55
92;2;2;43,21094;55
92;2;2;43,21094;55
92;2;2;43,21094;55
92;2;2;43,21094;55
92;2;2;43,54395;55
92;2;2;43,54395;55
92;2;2;43,54395;55
92;2;2;43,54395;55
92;2;2;43,54395;55
92;2;2;43,54395;55
92;2;2;43,54395;55
92;2;2;43,54395;55
92;2;2;43,54395;55
92;2;2;43,54395;55
92;2;2;43,54395;55
92;2;2;43,54395;55
92;2;2;43,54395;55
92;3;15;43,54395;40
92;2;2;43,54395;40
92;2;2;43,54395;40
92;2;2;43,87695;40
92;2;2;43,87695;40
92;2;2;43,87695;40
92;2;2;43,87695;40
92;2;2;43,87695;40
92;2;2;43,87695;40
92;2;2;43,87695;40
92;2;2;43,87695;40
92;2;2;43,87695;40
92;2;2;43,87695;40
92;2;2;43,87695;40
92;2;2;43,87695;40
92;2;2;43,87695;40
92;2;2;44,20996;40
92;2;2;44,20996;40
92;2;2;44,20996;40
92;2;2;44,20996;40
92;2;2;44,20996;40
92;2;2;44,20996;40
92;2;2;44,20996;40
92;2;2;44,20996;40
92;2;2;44,20996;40
92;2;2;44,20996;40
92;2;2;44,20996;40
92;2;2;44,20996;40
92;2;2;44,20996;40
92;2;2;44,20996;40
92;2;2;44,20996;40
92;2;2;44,20996;40
92;2;2;44,54297;40
92;3;15;44,54297;40
92;2;2;44,54297;40
92;2;2;44,54297;40
92;2;2;44,54297;40
92;2;2;44,54297;40
92;2;2;44,54297;40
92;2;2;44,54297;40
92;2;2;44,54297;40
92;2;2;44,54297;40
92;2;2;44,54297;40
92;2;2;44,54297;40
92;2;2;44,54297;40
92;2;2;44,54297;40
92;2;2;44,54297;40
92;2;2;44,54297;40
92;2;2;44,87598;40
92;2;2;44,87598;40
92;3;15;44,87598;40
92;2;2;44,87598;40
92;2;2;44,87598;40
92;2;2;44,87598;40
92;2;2;44,87598;40
92;2;2;44,87598;40
92;2;2;44,87598;40
92;2;2;44,87598;40
92;3;15;44,87598;40
92;2;2;44,87598;40
92;2;2;44,87598;40
92;2;2;44,87598;40
92;2;2;45,20898;40
92;2;2;45,20898;40
92;2;2;45,20898;40
92;2;2;45,20898;40
92;2;2;45,20898;40
92;2;2;45,20898;40
92;2;2;45,20898;40
92;2;2;45,20898;40
92;2;2;45,20898;40
92;2;2;45,20898;40
92;2;2;45,20898;40
92;2;2;45,20898;40
92;2;2;45,20898;40
92;2;2;45,20898;40
92;2;2;45,54199;40
92;2;2;45,54199;40
92;2;2;45,54199;40
92;2;2;45,54199;40
92;2;2;45,54199;40
92;2;2;45,54199;40
92;2;2;45,54199;40
92;2;2;45,54199;40
92;2;2;45,54199;40
92;2;2;45,54199;40
92;2;2;45,54199;40
92;2;2;45,54199;40
92;2;2;45,54199;40
92;2;2;45,54199;40
92;2;2;45,54199;40
92;2;2;45,54199;40
92;2;2;45,875;40
92;2;2;45,875;40
92;2;2;45,875;40
92;2;2;45,875;40
92;2;2;45,875;40
92;2;2;45,875;40
92;2;2;45,875;40
92;2;2;45,875;40
92;2;2;45,875;40
92;2;2;45,875;40
92;2;2;45,875;40
92;2;2;46,20801;40
92;3;15;46,20801;40
92;2;2;46,20801;40
92;2;2;46,20801;40
92;2;2;46,20801;40
92;2;2;46,20801;40
92;2;2;46,20801;40
92;2;2;46,20801;40
92;2;2;46,20801;40
92;2;2;46,20801;40
92;2;2;46,20801;40
92;2;2;46,20801;40
92;2;2;46,20801;40
92;2;2;46,20801;40
92;2;2;46,20801;40
92;2;2;46,20801;40
92;2;2;46,54102;40
92;2;2;46,54102;40
92;2;2;46,54102;40
92;2;2;46,54102;40
92;2;2;46,54102;40
92;2;2;46,54102;40
92;2;2;46,54102;40
92;2;2;46,54102;40
92;2;2;46,54102;40
92;2;2;46,54102;40
92;2;2;46,54102;40
92;2;2;46,54102;40
92;2;2;46,54102;40
92;2;2;46,54102;40
92;2;2;46,54102;40
92;2;2;46,54102;40
92;2;2;46,87402;40
92;2;2;46,87402;40
92;2;2;46,87402;40
92;2;2;46,87402;40
92;2;2;46,87402;40
92;2;2;46,87402;40
92;2;2;46,87402;40
92;2;2;46,87402;40
92;2;2;46,87402;40
92;2;2;46,87402;40
92;2;2;46,87402;40
92;2;2;46,87402;40
92;2;2;46,87402;40
92;2;2;46,87402;40
92;2;2;46,87402;40
92;2;2;46,87402;40
92;2;2;46,87402;40
92;2;2;47,20703;40
92;2;2;47,20703;40
92;2;2;47,20703;40
92;2;2;47,20703;40
92;2;2;47,20703;40
92;2;2;47,20703;40
92;2;2;47,20703;40
92;2;2;47,20703;40
92;2;2;47,20703;40
92;2;2;47,20703;40
92;2;2;47,20703;40
92;2;2;47,20703;40
92;2;2;47,20703;40
92;2;2;47,20703;40
92;2;2;47,20703;40
92;2;2;47,20703;40
92;2;2;47,54004;40
92;2;2;47,54004;40
92;2;2;47,54004;40
92;2;2;47,54004;40
92;2;2;47,54004;40
92;2;2;47,54004;40
92;2;2;47,54004;40
92;2;2;47,54004;40
92;2;2;47,54004;40
92;2;2;47,54004;40
92;2;2;47,54004;40
92;2;2;47,54004;40
92;2;2;47,54004;40
92;2;2;47,54004;40
92;2;2;47,54004;40
92;2;2;47,54004;40
92;2;2;47,87305;40
92;2;2;47,87305;40
92;2;2;47,87305;40
92;2;2;47,87305;40
92;2;2;47,87305;40
92;2;2;47,87305;40
92;2;2;47,87305;40
92;2;2;47,87305;40
92;2;2;47,87305;40
92;2;2;47,87305;40
92;2;2;47,87305;40
92;2;2;47,87305;40
92;2;2;47,87305;40
92;2;2;47,87305;40
92;2;2;47,87305;40
92;2;2;47,87305;40
92;2;2;48,20605;40
92;2;2;48,20605;40
92;2;2;48,20605;40
92;2;2;48,20605;40
92;2;2;48,20605;40
92;2;2;48,20605;40
92;2;2;48,20605;40
92;2;2;48,20605;40
92;2;2;48,20605;40
92;2;2;48,20605;40
92;2;2;48,20605;40
92;2;2;48,20605;40
92;2;2;48,20605;40
92;2;2;48,20605;40
92;2;2;48,20605;40
92;2;2;48,53906;40
92;2;2;48,53906;40
92;2;2;48,53906;40
92;2;2;48,53906;40
92;2;2;48,53906;40
92;2;2;48,53906;40
92;2;2;48,53906;40
92;2;2;48,53906;40
92;2;2;48,53906;40
92;2;2;48,53906;40
92;2;2;48,53906;40
92;2;2;48,53906;40
92;2;2;48,53906;40
92;2;2;48,87207;40
92;2;2;48,87207;40
92;2;2;48,87207;40
92;2;2;48,87207;40
92;2;2;48,87207;40
92;2;2;48,87207;40
92;2;2;48,87207;40
92;2;2;48,87207;40
92;2;2;48,87207;40
92;2;2;48,87207;40
92;2;2;48,87207;40
92;2;2;48,87207;40
92;2;2;48,87207;40
92;2;2;49,20508;40
92;2;2;49,20508;40
92;2;2;49,20508;40
92;2;2;49,20508;40
92;2;2;49,20508;40
92;2;2;49,20508;40
92;2;2;49,20508;40
92;2;2;49,20508;40
92;2;2;49,20508;40
92;2;2;49,20508;40
92;2;2;49,20508;40
92;2;2;49,20508;40
92;2;2;49,20508;40
92;2;2;49,53809;40
92;2;2;49,53809;40
92;2;2;49,53809;40
92;2;2;49,53809;40
92;2;2;49,53809;40
92;2;2;49,53809;40
92;2;2;49,53809;40
92;2;2;49,53809;40
92;2;2;49,53809;40
92;2;2;49,53809;40
92;2;2;49,53809;40
92;2;2;49,53809;40
92;2;2;49,53809;40
92;2;2;49,53809;40
92;2;2;49,87109;40
92;2;2;49,87109;40
92;2;2;49,87109;40
92;2;2;49,87109;40
92;2;2;49,87109;40
92;2;2;49,87109;40
92;2;2;49,87109;40
92;2;2;49,87109;40
92;2;2;49,87109;40
92;2;2;49,87109;40
92;2;2;49,87109;40
92;2;2;49,87109;40
92;2;2;50,2041;40
92;2;2;50,2041;40
92;2;2;50,2041;40
92;2;2;50,2041;40
92;2;2;50,2041;40
92;2;2;50,2041;40
92;2;2;50,2041;40
92;2;2;50,2041;40
92;2;2;50,2041;40
92;2;2;50,2041;40
92;2;2;50,2041;40
92;2;2;50,2041;40
92;2;2;50,2041;40
92;2;2;50,2041;40
92;2;2;50,53711;40
92;2;2;50,53711;40
92;2;2;50,53711;40
92;2;2;50,53711;40
92;2;2;50,53711;40
92;2;2;50,53711;40
92;2;2;50,53711;40
92;2;2;50,53711;40
92;2;2;50,53711;40
92;2;2;50,53711;40
92;2;2;50,53711;40
92;2;2;50,53711;40
92;2;2;50,53711;40
92;2;2;50,87012;40
92;3;15;50,87012;40
92;2;2;50,87012;40
92;2;2;50,87012;40
92;2;2;50,87012;40
92;2;2;50,87012;40
92;2;2;50,87012;40
92;2;2;50,87012;40
92;2;2;50,87012;40
92;2;2;50,87012;40
92;2;2;50,87012;40
92;2;2;50,87012;40
92;2;2;50,87012;40
92;2;2;50,87012;40
92;2;2;50,87012;40
92;2;2;51,20313;40
92;2;2;51,20313;40
92;2;2;51,20313;40
92;2;2;51,20313;40
92;2;2;51,20313;40
92;2;2;51,20313;40
92;2;2;51,20313;40
92;2;2;51,20313;40
92;2;2;51,20313;40
92;2;2;51,20313;40
92;2;2;51,20313;40
92;2;2;51,20313;40
92;2;2;51,20313;40
92;2;2;51,53613;40
92;2;2;51,53613;40
92;2;2;51,53613;40
92;2;2;51,53613;40
92;2;2;51,53613;40
92;2;2;51,53613;40
92;2;2;51,53613;40
92;2;2;51,53613;40
92;2;2;51,53613;40
92;2;2;51,53613;40
92;2;2;51,53613;40
92;2;2;51,53613;40
92;2;2;51,53613;40
92;2;2;51,53613;40
92;2;2;51,53613;40
92;2;2;51,86914;40
92;2;2;51,86914;40
92;2;2;51,86914;40
92;2;2;51,86914;40
92;2;2;51,86914;40
92;2;2;51,86914;40
92;2;2;51,86914;40
92;2;2;51,86914;40
92;2;2;51,86914;40
92;2;2;51,86914;40
92;2;2;51,86914;40
92;2;2;51,86914;40
92;2;2;51,86914;40
92;2;2;51,86914;40
92;2;2;51,86914;40
92;2;2;52,20215;40
92;2;2;52,20215;38
84;2;2;52,20215;36
76;2;2;52,20215;34
68;2;2;52,20215;32
60;3;15;52,20215;17
52;2;2;52,20215;15
44;2;2;52,20215;13
36;2;2;52,20215;11
20;2;2;52,20215;9
12;2;2;52,20215;7
-4;3;15;52,20215;-8
Player