92;2;2;51,56738;100
92;2;2;51,56738;100
92;2;2;51,90039;100
92;2;2;51,90039;100
92;2;2;51,90039;100
92;2;2;51,90039;100
92;2;2;51,90039;100
92;2;2;51,90039;100
92;2;2;51,90039;100
92;2;2;51,90039;100
92;2;2;52,2334;100
92;2;2;52,2334;100
92;3;15;52,2334;100
92;2;2;52,2334;100
92;2;2;52,2334;100
92;2;2;52,2334;100
92;2;2;52,2334;100
92;2;2;52,2334;100
92;2;2;52,2334;100
92;2;2;52,2334;100
92;2;2;52,2334;100
92;2;2;52,2334;100
92;2;2;52,2334;100
92;2;2;52,2334;100
92;2;2;52,2334;100
92;2;2;52,56641;100
92;3;15;52,56641;100
92;2;2;52,56641;100
92;2;2;52,56641;100
92;2;2;52,56641;100
92;2;2;52,56641;100
92;2;2;52,56641;100
92;2;2;52,56641;100
92;2;2;52,56641;100
92;2;2;52,56641;100
92;2;2;52,56641;100
92;2;2;52,89941;100
92;3;15;52,89941;100
92;2;2;52,89941;100
92;2;2;52,89941;100
92;2;2;52,89941;100
92;2;2;52,89941;100
92;2;2;52,89941;100
92;2;2;52,89941;100
92;2;2;52,89941;100
92;2;2;52,89941;100
92;2;2;52,89941;100
92;2;2;53,23242;100
92;2;2;53,23242;100
92;2;2;53,23242;100
92;2;2;53,23242;100
92;2;2;53,23242;100
92;2;2;53,23242;100
92;2;2;53,23242;100
92;2;2;53,23242;100
92;2;2;53,23242;100
92;2;2;53,23242;100
92;2;2;53,56543;100
92;2;2;53,56543;100
92;2;2;53,56543;100
92;2;2;53,56543;100
92;2;2;53,56543;100
92;2;2;53,56543;100
92;2;2;53,56543;100
92;2;2;53,56543;100
92;2;2;53,56543;100
92;2;2;53,56543;100
92;2;2;53,89844;100
92;2;2;53,89844;100
92;3;15;53,89844;100
92;2;2;53,89844;100
92;2;2;53,89844;100
92;2;2;53,89844;100
92;2;2;53,89844;100
92;2;2;53,89844;100
92;2;2;53,89844;100
92;2;2;53,89844;100
92;2;2;54,23145;100
92;2;2;54,23145;100
92;2;2;54,23145;100
92;2;2;54,23145;100
92;2;2;54,23145;100
92;2;2;54,23145;100
92;2;2;54,23145;100
92;2;2;54,23145;100
92;2;2;54,23145;100
92;2;2;54,23145;100
92;2;2;54,23145;100
92;2;2;54,23145;100
92;2;2;54,56445;100
92;3;15;54,56445;100
92;2;2;54,56445;100
92;2;2;54,56445;100
92;2;2;54,56445;100
92;2;2;54,56445;100
92;2;2;54,56445;100
92;2;2;54,56445;100
92;2;2;54,56445;100
92;2;2;54,56445;100
92;2;2;54,56445;100
92;3;15;54,56445;100
92;2;2;54,56445;100
92;3;15;54,56445;100
92;2;2;54,89746;100
92;2;2;54,89746;100
92;2;2;54,89746;100
92;2;2;54,89746;100
92;2;2;54,89746;100
92;2;2;54,89746;100
92;2;2;54,89746;100
92;2;2;54,89746;100
92;2;2;54,89746;100
92;2;2;54,89746;100
92;2;2;54,89746;100
92;2;2;54,89746;100
92;2;2;54,89746;100
92;2;2;54,89746;100
92;2;2;54,89746;100
92;2;2;55,23047;100
92;2;2;55,23047;100
92;2;2;55,23047;100
92;2;2;55,23047;100
92;2;2;55,23047;100
92;2;2;55,23047;100
92;2;2;55,23047;100
92;2;2;55,23047;100
92;2;2;55,23047;100
92;2;2;55,23047;100
92;2;2;55,23047;100
92;2;2;55,23047;100
92;2;2;55,23047;100
92;2;2;55,56348;100
92;2;2;55,56348;100
92;2;2;55,56348;100
92;3;15;55,56348;100
92;2;2;55,56348;100
92;2;2;55,56348;100
92;2;2;55,56348;100
92;2;2;55,56348;100
92;2;2;55,56348;100
92;2;2;55,56348;100
92;2;2;55,56348;100
92;2;2;55,56348;100
92;2;2;55,89648;100
92;2;2;55,89648;100
92;3;15;55,89648;100
92;2;2;55,89648;100
92;2;2;55,89648;100
92;2;2;55,89648;100
92;2;2;55,89648;100
92;2;2;55,89648;100
92;2;2;55,89648;100
92;2;2;55,89648;100
92;2;2;55,89648;100
92;3;15;56,22949;100
92;2;2;56,22949;100
92;2;2;56,22949;100
92;2;2;56,22949;100
92;2;2;56,22949;100
92;2;2;56,22949;100
92;3;15;56,22949;100
92;2;2;56,22949;100
92;2;2;56,22949;100
92;2;2;56,22949;100
92;2;2;56,22949;100
92;2;2;56,22949;100
92;2;2;56,22949;100
92;2;2;56,5625;100
92;2;2;56,5625;100
92;2;2;56,5625;100
92;2;2;56,5625;100
92;3;15;56,5625;100
92;2;2;56,5625;100
92;2;2;56,5625;100
92;2;2;56,5625;100
92;2;2;56,5625;100
92;2;2;56,5625;100
92;2;2;56,5625;100
92;2;2;56,5625;100
92;2;2;56,5625;100
92;2;2;56,5625;100
92;3;15;56,5625;100
92;2;2;56,5625;100
92;3;15;56,5625;100
92;2;2;56,89551;100
92;2;2;56,89551;100
92;2;2;56,89551;100
92;2;2;56,89551;100
92;2;2;56,89551;100
92;3;15;56,89551;100
92;2;2;56,89551;100
92;2;2;56,89551;100
92;2;2;56,89551;100
92;2;2;56,89551;100
92;2;2;56,89551;100
92;2;2;56,89551;100
92;3;15;56,89551;100
92;2;2;57,22852;100
92;3;15;57,22852;100
92;2;2;57,22852;100
92;2;2;57,22852;100
92;2;2;57,22852;100
92;3;15;57,22852;100
92;3;15;57,22852;100
92;2;2;57,22852;100
92;2;2;57,22852;100
92;2;2;57,22852;100
92;2;2;57,22852;100
92;3;15;57,22852;100
92;2;2;57,56152;100
92;2;2;57,56152;100
92;3;15;57,56152;85
92;2;2;57,56152;85
92;3;15;57,56152;70
92;2;2;57,56152;70
92;2;2;57,56152;70
92;2;2;57,56152;70
92;2;2;57,56152;70
92;3;15;57,56152;55
92;2;2;57,56152;55
92;2;2;57,56152;55
92;2;2;57,56152;55
92;2;2;57,56152;55
92;2;2;57,56152;55
92;2;2;57,89453;55
92;2;2;57,89453;55
92;2;2;57,89453;55
92;2;2;57,89453;55
92;2;2;57,89453;55
92;2;2;57,89453;55
92;2;2;57,89453;55
92;2;2;57,89453;55
92;2;2;57,89453;55
92;2;2;57,89453;55
92;2;2;57,89453;55
92;2;2;57,89453;55
92;2;2;57,89453;55
92;2;2;57,89453;55
92;2;2;57,89453;55
92;2;2;58,22754;55
92;2;2;58,22754;53
84;2;2;58,22754;51
76;2;2;58,22754;49
68;2;2;58,22754;47
44;3;15;58,22754;32
12;2;2;58,22754;30
4;3;15;58,22754;15
-4;3;15;58,22754;0
Player