92;2;2;18,30371;100
92;2;2;18,30371;100
92;2;2;18,63721;100
92;2;2;18,63721;100
92;2;2;18,63721;100
92;2;2;18,63721;100
92;2;2;18,63721;100
92;2;2;18,63721;100
92;2;2;18,63721;100
92;2;2;18,63721;100
92;2;2;18,63721;100
92;2;2;18,63721;100
92;2;2;18,63721;100
92;2;2;18,63721;100
92;2;2;18,63721;100
92;2;2;18,63721;100
92;2;2;18,63721;100
92;2;2;18,63721;100
92;2;2;18,63721;100
92;2;2;18,9707;100
92;2;2;18,9707;100
92;2;2;18,9707;100
92;2;2;18,9707;100
92;2;2;18,9707;100
92;2;2;18,9707;100
92;2;2;18,9707;100
92;2;2;18,9707;100
92;2;2;18,9707;100
92;2;2;18,9707;100
92;2;2;18,9707;100
92;2;2;18,9707;100
92;2;2;18,9707;100
92;2;2;18,9707;100
92;2;2;18,9707;100
92;2;2;18,9707;100
92;2;2;18,9707;100
92;2;2;19,3042;100
92;2;2;19,3042;100
92;2;2;19,3042;100
92;2;2;19,3042;100
92;2;2;19,3042;100
92;2;2;19,3042;100
92;2;2;19,3042;100
92;2;2;19,3042;100
92;2;2;19,3042;100
92;2;2;19,3042;100
92;2;2;19,3042;100
92;2;2;19,3042;100
92;3;15;19,3042;100
92;2;2;19,3042;100
92;2;2;19,3042;100
92;2;2;19,3042;100
92;2;2;19,6377;100
92;2;2;19,6377;100
92;2;2;19,6377;100
92;2;2;19,6377;100
92;2;2;19,6377;100
92;2;2;19,6377;100
92;2;2;19,6377;100
92;2;2;19,6377;100
92;2;2;19,6377;100
92;2;2;19,6377;100
92;2;2;19,6377;100
92;2;2;19,6377;100
92;2;2;19,6377;100
92;2;2;19,6377;100
92;2;2;19,6377;100
92;2;2;19,6377;100
92;2;2;19,6377;100
92;2;2;19,97119;100
92;2;2;19,97119;100
92;2;2;19,97119;100
92;2;2;19,97119;100
92;2;2;19,97119;100
92;2;2;19,97119;100
92;2;2;19,97119;100
92;2;2;19,97119;100
92;2;2;19,97119;100
92;2;2;19,97119;100
92;2;2;19,97119;100
92;2;2;19,97119;100
92;2;2;19,97119;100
92;2;2;19,97119;100
92;2;2;19,97119;100
92;2;2;19,97119;100
92;2;2;19,97119;100
92;2;2;20,30469;100
92;2;2;20,30469;100
92;2;2;20,30469;100
92;2;2;20,30469;100
92;2;2;20,30469;100
92;2;2;20,30469;100
92;2;2;20,30469;100
92;2;2;20,30469;100
92;2;2;20,30469;100
92;2;2;20,30469;100
92;2;2;20,30469;100
92;2;2;20,30469;100
92;2;2;20,30469;100
92;2;2;20,30469;100
92;2;2;20,30469;100
92;2;2;20,30469;100
92;2;2;20,63818;100
92;2;2;20,63818;100
92;2;2;20,63818;100
92;2;2;20,63818;100
92;2;2;20,63818;100
92;2;2;20,63818;100
92;2;2;20,63818;100
92;2;2;20,63818;100
92;2;2;20,63818;100
92;2;2;20,63818;100
92;2;2;20,63818;100
92;2;2;20,63818;100
92;2;2;20,63818;100
92;2;2;20,63818;100
92;2;2;20,63818;100
92;2;2;20,63818;100
92;2;2;20,63818;100
92;2;2;20,97168;100
92;2;2;20,97168;100
92;2;2;20,97168;100
92;2;2;20,97168;100
92;2;2;20,97168;100
92;3;15;20,97168;100
92;2;2;20,97168;100
92;2;2;20,97168;100
92;2;2;20,97168;100
92;2;2;20,97168;100
92;2;2;20,97168;100
92;2;2;20,97168;100
92;2;2;20,97168;100
92;2;2;21,30518;100
92;2;2;21,30518;100
92;2;2;21,30518;100
92;2;2;21,30518;100
92;2;2;21,30518;100
92;2;2;21,30518;100
92;2;2;21,30518;100
92;2;2;21,30518;100
92;2;2;21,30518;100
92;2;2;21,30518;100
92;2;2;21,30518;100
92;2;2;21,30518;100
92;2;2;21,30518;100
92;2;2;21,30518;100
92;2;2;21,30518;100
92;2;2;21,30518;100
92;2;2;21,63867;100
92;2;2;21,63867;100
92;2;2;21,63867;100
92;2;2;21,63867;100
92;2;2;21,63867;100
92;2;2;21,63867;100
92;2;2;21,63867;100
92;2;2;21,63867;100
92;2;2;21,63867;100
92;2;2;21,63867;100
92;2;2;21,63867;100
92;2;2;21,63867;100
92;2;2;21,63867;100
92;2;2;21,97217;100
92;2;2;21,97217;100
92;2;2;21,97217;100
92;2;2;21,97217;100
92;2;2;21,97217;100
92;2;2;21,97217;100
92;2;2;21,97217;100
92;2;2;21,97217;100
92;2;2;21,97217;100
92;2;2;21,97217;100
92;2;2;21,97217;100
92;2;2;21,97217;100
92;2;2;21,97217;100
92;2;2;21,97217;100
92;2;2;21,97217;100
92;2;2;21,97217;100
92;2;2;22,30566;100
92;2;2;22,30566;100
92;2;2;22,30566;100
92;2;2;22,30566;100
92;2;2;22,30566;100
92;2;2;22,30566;100
92;2;2;22,30566;100
92;2;2;22,30566;100
92;2;2;22,30566;100
92;2;2;22,30566;100
92;2;2;22,30566;100
92;2;2;22,30566;100
92;2;2;22,63916;100
92;2;2;22,63916;100
92;2;2;22,63916;100
92;2;2;22,63916;100
92;2;2;22,63916;100
92;2;2;22,63916;100
92;2;2;22,63916;100
92;2;2;22,63916;100
92;2;2;22,63916;100
92;2;2;22,63916;100
92;2;2;22,63916;100
92;2;2;22,63916;100
92;2;2;22,97266;100
92;2;2;22,97266;100
92;2;2;22,97266;100
92;2;2;22,97266;100
92;2;2;22,97266;100
92;2;2;22,97266;100
92;2;2;22,97266;100
92;2;2;22,97266;100
92;2;2;22,97266;100
92;2;2;22,97266;100
92;2;2;22,97266;100
92;2;2;22,97266;100
92;2;2;22,97266;100
92;2;2;23,30615;100
92;2;2;23,30615;100
92;3;15;23,30615;100
92;2;2;23,30615;100
92;2;2;23,30615;100
92;2;2;23,30615;100
92;2;2;23,30615;100
92;2;2;23,30615;100
92;2;2;23,30615;100
92;2;2;23,30615;100
92;2;2;23,30615;100
92;2;2;23,30615;100
92;2;2;23,30615;100
92;2;2;23,63965;100
92;2;2;23,63965;100
92;2;2;23,63965;100
92;2;2;23,63965;100
92;2;2;23,63965;100
92;2;2;23,63965;100
92;2;2;23,63965;100
92;2;2;23,63965;100
92;2;2;23,63965;100
92;2;2;23,63965;100
92;2;2;23,63965;100
92;2;2;23,63965;100
92;3;15;23,63965;100
92;3;15;23,97314;100
92;2;2;23,97314;100
92;2;2;23,97314;100
92;2;2;23,97314;100
92;2;2;23,97314;100
92;2;2;23,97314;100
92;2;2;23,97314;100
92;2;2;23,97314;100
92;2;2;23,97314;100
92;2;2;23,97314;100
92;2;2;23,97314;100
92;2;2;24,30664;100
92;2;2;24,30664;100
92;2;2;24,30664;100
92;2;2;24,30664;100
92;2;2;24,30664;100
92;2;2;24,30664;100
92;2;2;24,30664;100
92;2;2;24,30664;100
92;2;2;24,30664;100
92;2;2;24,30664;100
92;2;2;24,30664;100
92;2;2;24,64014;100
92;2;2;24,64014;100
92;2;2;24,64014;100
92;2;2;24,64014;100
92;2;2;24,64014;100
92;2;2;24,64014;100
92;2;2;24,64014;100
92;2;2;24,64014;100
92;2;2;24,64014;100
92;2;2;24,64014;100
92;2;2;24,97363;100
92;2;2;24,97363;98
60;2;2;24,97363;96
-4;3;15;24,97363;81
Boss