92;2;2;53,7168;100
92;2;2;53,7168;100
92;2;2;53,7168;100
92;2;2;54,0498;100
92;2;2;54,0498;100
92;2;2;54,0498;100
92;2;2;54,0498;100
92;2;2;54,0498;100
92;2;2;54,0498;100
92;2;2;54,0498;100
92;2;2;54,0498;100
92;2;2;54,0498;100
92;2;2;54,0498;100
92;2;2;54,0498;100
92;2;2;54,0498;100
92;2;2;54,0498;100
92;2;2;54,0498;100
92;2;2;54,38281;100
92;2;2;54,38281;100
92;2;2;54,38281;100
92;2;2;54,38281;100
92;2;2;54,38281;100
92;2;2;54,38281;100
92;2;2;54,38281;100
92;2;2;54,38281;100
92;2;2;54,38281;100
92;2;2;54,38281;100
92;2;2;54,38281;100
92;2;2;54,38281;100
92;2;2;54,38281;100
92;2;2;54,38281;100
92;2;2;54,71582;100
92;2;2;54,71582;100
92;2;2;54,71582;100
92;2;2;54,71582;100
92;2;2;54,71582;100
92;2;2;54,71582;100
92;2;2;54,71582;100
92;2;2;54,71582;100
92;2;2;54,71582;100
92;2;2;54,71582;100
92;2;2;54,71582;100
92;2;2;54,71582;100
92;2;2;54,71582;100
92;2;2;54,71582;100
92;2;2;54,71582;100
92;2;2;54,71582;100
92;2;2;54,71582;100
92;2;2;55,04883;100
92;2;2;55,04883;100
92;2;2;55,04883;100
92;2;2;55,04883;100
92;2;2;55,04883;100
92;2;2;55,04883;100
92;2;2;55,04883;100
92;2;2;55,04883;100
92;2;2;55,04883;100
92;2;2;55,04883;100
92;2;2;55,04883;100
92;2;2;55,04883;100
92;2;2;55,04883;100
92;2;2;55,04883;100
92;2;2;55,38184;100
92;2;2;55,38184;100
92;2;2;55,38184;100
92;2;2;55,38184;100
92;2;2;55,38184;100
92;2;2;55,38184;100
92;2;2;55,38184;100
92;2;2;55,38184;100
92;2;2;55,38184;100
92;2;2;55,38184;100
92;2;2;55,38184;100
92;2;2;55,38184;100
92;2;2;55,38184;100
92;2;2;55,38184;100
92;2;2;55,38184;100
92;2;2;55,38184;100
92;2;2;55,71484;100
92;2;2;55,71484;100
92;2;2;55,71484;100
92;2;2;55,71484;100
92;2;2;55,71484;100
92;2;2;55,71484;100
92;2;2;55,71484;100
92;2;2;55,71484;100
92;2;2;55,71484;100
92;2;2;55,71484;100
92;2;2;55,71484;100
92;2;2;55,71484;100
92;2;2;55,71484;100
92;2;2;55,71484;100
92;2;2;55,71484;100
92;2;2;55,71484;100
92;2;2;55,71484;100
92;2;2;56,04785;100
92;2;2;56,04785;100
92;2;2;56,04785;100
92;2;2;56,04785;100
92;2;2;56,04785;100
92;2;2;56,04785;100
92;2;2;56,04785;100
92;2;2;56,04785;100
92;2;2;56,04785;100
92;2;2;56,04785;100
92;2;2;56,04785;100
92;2;2;56,04785;100
92;2;2;56,04785;100
92;2;2;56,04785;100
92;2;2;56,04785;100
92;2;2;56,38086;100
92;2;2;56,38086;100
92;2;2;56,38086;100
92;2;2;56,38086;100
92;2;2;56,38086;100
92;2;2;56,38086;100
92;2;2;56,38086;100
92;2;2;56,38086;100
92;2;2;56,38086;100
92;2;2;56,38086;100
92;2;2;56,38086;100
92;2;2;56,38086;100
92;2;2;56,38086;100
92;2;2;56,38086;100
92;2;2;56,38086;100
92;2;2;56,38086;100
92;2;2;56,38086;100
92;2;2;56,71387;100
92;2;2;56,71387;100
92;2;2;56,71387;100
92;2;2;56,71387;100
92;2;2;56,71387;100
92;2;2;56,71387;100
92;2;2;56,71387;100
92;2;2;56,71387;100
92;2;2;56,71387;100
92;2;2;56,71387;100
92;2;2;56,71387;100
92;2;2;56,71387;100
92;2;2;56,71387;100
92;2;2;56,71387;100
92;2;2;56,71387;100
92;2;2;56,71387;100
92;2;2;57,04688;100
92;2;2;57,04688;100
92;2;2;57,04688;100
92;2;2;57,04688;100
92;2;2;57,04688;100
92;2;2;57,04688;100
92;2;2;57,04688;100
92;2;2;57,04688;100
92;2;2;57,04688;100
92;2;2;57,04688;100
92;2;2;57,04688;100
92;2;2;57,04688;100
92;2;2;57,04688;100
92;2;2;57,37988;100
92;2;2;57,37988;100
92;2;2;57,37988;100
92;2;2;57,37988;100
92;2;2;57,37988;100
92;2;2;57,37988;100
92;2;2;57,37988;100
92;2;2;57,37988;100
92;2;2;57,37988;100
92;2;2;57,37988;100
92;2;2;57,37988;100
92;2;2;57,37988;100
92;2;2;57,37988;100
92;2;2;57,37988;100
92;2;2;57,37988;100
92;2;2;57,37988;100
92;2;2;57,71289;100
92;2;2;57,71289;100
92;2;2;57,71289;100
92;2;2;57,71289;100
92;2;2;57,71289;100
92;2;2;57,71289;100
92;2;2;57,71289;100
92;2;2;57,71289;100
92;2;2;57,71289;100
92;2;2;57,71289;100
92;2;2;57,71289;100
92;2;2;57,71289;100
92;2;2;57,71289;100
92;2;2;57,71289;100
92;2;2;57,71289;100
92;2;2;57,71289;100
92;2;2;58,0459;100
92;2;2;58,0459;100
92;2;2;58,0459;100
92;2;2;58,0459;100
92;2;2;58,0459;100
92;2;2;58,0459;100
92;2;2;58,0459;100
92;2;2;58,0459;100
92;2;2;58,0459;100
92;2;2;58,0459;100
92;2;2;58,0459;100
92;2;2;58,0459;100
92;2;2;58,0459;100
92;2;2;58,37891;100
92;2;2;58,37891;100
92;2;2;58,37891;100
92;2;2;58,37891;100
92;2;2;58,37891;100
92;2;2;58,37891;100
92;2;2;58,37891;100
92;2;2;58,37891;100
92;2;2;58,37891;100
92;2;2;58,37891;100
92;3;15;58,71191;100
92;2;2;58,71191;100
92;2;2;58,71191;100
92;2;2;58,71191;100
92;2;2;58,71191;100
92;2;2;58,71191;100
92;2;2;58,71191;100
92;2;2;58,71191;100
92;2;2;58,71191;100
92;2;2;58,71191;100
92;2;2;58,71191;100
92;2;2;59,04492;100
92;2;2;59,04492;100
92;2;2;59,04492;100
92;2;2;59,04492;100
92;2;2;59,04492;100
92;2;2;59,04492;100
92;2;2;59,04492;100
92;2;2;59,04492;100
92;2;2;59,04492;100
92;2;2;59,04492;100
92;2;2;59,04492;100
92;2;2;59,04492;100
92;2;2;59,04492;100
92;2;2;59,04492;100
92;2;2;59,37793;100
92;2;2;59,37793;100
92;2;2;59,37793;100
92;2;2;59,37793;100
92;2;2;59,37793;100
92;2;2;59,37793;100
92;2;2;59,37793;100
92;2;2;59,37793;100
92;2;2;59,37793;100
92;2;2;59,37793;100
92;2;2;59,37793;100
92;2;2;59,71094;100
92;2;2;59,71094;100
92;2;2;59,71094;100
92;2;2;59,71094;100
92;2;2;59,71094;100
92;2;2;59,71094;100
92;2;2;59,71094;100
92;2;2;59,71094;100
92;2;2;59,71094;100
92;2;2;59,71094;100
92;2;2;59,71094;100
92;2;2;59,71094;100
92;2;2;59,71094;100
92;2;2;0,04394531;100
92;2;2;0,04394531;100
92;2;2;0,04394531;100
92;2;2;0,04394531;100
92;2;2;0,04394531;100
92;2;2;0,04394531;100
92;2;2;0,04394531;100
92;2;2;0,04394531;100
92;2;2;0,04394531;100
92;2;2;0,04394531;100
92;2;2;0,04394531;100
92;2;2;0,04394531;100
92;2;2;0,3769531;100
84;3;15;0,3769531;85
76;3;15;0,3769531;70
68;2;2;0,3769531;68
52;2;2;0,3769531;66
28;2;2;0,3769531;64
12;2;2;0,3769531;62
4;2;2;0,3769531;60
Boss