92;2;2;20,35742;100
92;2;2;20,69043;100
92;2;2;20,69043;100
92;2;2;20,69043;100
92;2;2;20,69043;100
92;2;2;20,69043;100
92;2;2;20,69043;100
92;2;2;20,69043;100
92;2;2;20,69043;100
92;2;2;20,69043;100
92;2;2;20,69043;100
92;2;2;20,69043;100
92;2;2;20,69043;100
92;2;2;20,69043;100
92;2;2;20,69043;100
92;2;2;20,69043;100
92;2;2;21,02344;100
92;2;2;21,02344;100
92;2;2;21,02344;100
92;2;2;21,02344;100
92;2;2;21,02344;100
92;2;2;21,02344;100
92;2;2;21,02344;100
92;2;2;21,02344;100
92;2;2;21,02344;100
92;2;2;21,02344;100
92;2;2;21,02344;100
92;2;2;21,02344;100
92;2;2;21,02344;100
92;2;2;21,02344;100
92;2;2;21,02344;100
92;2;2;21,35645;100
92;2;2;21,35645;100
92;2;2;21,35645;100
92;2;2;21,35645;100
92;2;2;21,35645;100
92;2;2;21,35645;100
92;2;2;21,35645;100
92;2;2;21,35645;100
92;2;2;21,35645;100
92;2;2;21,35645;100
92;2;2;21,35645;100
92;2;2;21,35645;100
92;2;2;21,35645;100
92;2;2;21,35645;100
92;2;2;21,35645;100
92;2;2;21,68945;100
92;2;2;21,68945;100
92;2;2;21,68945;100
92;2;2;21,68945;100
92;2;2;21,68945;100
92;2;2;21,68945;100
92;2;2;21,68945;100
92;2;2;21,68945;100
92;2;2;21,68945;100
92;2;2;21,68945;100
92;2;2;21,68945;100
92;2;2;21,68945;100
92;2;2;21,68945;100
92;2;2;21,68945;100
92;2;2;21,68945;100
92;2;2;21,68945;100
92;2;2;22,02246;100
92;2;2;22,02246;100
92;2;2;22,02246;100
92;2;2;22,02246;100
92;2;2;22,02246;100
92;2;2;22,02246;100
92;2;2;22,02246;100
92;2;2;22,02246;100
92;2;2;22,02246;100
92;2;2;22,02246;100
92;2;2;22,02246;100
92;2;2;22,02246;100
92;2;2;22,02246;100
92;2;2;22,02246;100
92;2;2;22,02246;100
92;2;2;22,35547;100
92;2;2;22,35547;100
92;2;2;22,35547;100
92;2;2;22,35547;100
92;2;2;22,35547;100
92;2;2;22,35547;100
92;2;2;22,35547;100
92;2;2;22,35547;100
92;2;2;22,35547;100
92;2;2;22,35547;100
92;2;2;22,35547;100
92;2;2;22,35547;100
92;2;2;22,35547;100
92;2;2;22,35547;100
92;2;2;22,35547;100
92;2;2;22,35547;100
92;3;15;22,35547;100
92;2;2;22,68848;100
92;2;2;22,68848;100
92;2;2;22,68848;100
92;2;2;22,68848;100
92;2;2;22,68848;100
92;2;2;22,68848;100
92;2;2;22,68848;100
92;2;2;22,68848;100
92;2;2;22,68848;100
92;2;2;22,68848;100
92;2;2;22,68848;100
92;2;2;22,68848;100
92;2;2;22,68848;100
92;2;2;22,68848;100
92;2;2;22,68848;100
92;2;2;22,68848;100
92;2;2;23,02148;100
92;3;15;23,02148;100
92;2;2;23,02148;100
92;2;2;23,02148;100
92;2;2;23,02148;100
92;2;2;23,02148;100
92;2;2;23,02148;100
92;2;2;23,02148;100
92;2;2;23,02148;100
92;2;2;23,02148;100
92;2;2;23,02148;100
92;2;2;23,02148;100
92;2;2;23,02148;100
92;2;2;23,02148;100
92;2;2;23,02148;100
92;2;2;23,35449;100
92;2;2;23,35449;100
92;2;2;23,35449;100
92;2;2;23,35449;100
92;2;2;23,35449;100
92;2;2;23,35449;100
92;2;2;23,35449;100
92;2;2;23,35449;100
92;2;2;23,35449;100
92;2;2;23,35449;100
92;2;2;23,35449;100
92;2;2;23,35449;100
92;2;2;23,35449;100
92;2;2;23,35449;100
92;2;2;23,35449;100
92;2;2;23,6875;100
92;2;2;23,6875;100
92;2;2;23,6875;100
92;2;2;23,6875;100
92;2;2;23,6875;100
92;2;2;23,6875;100
92;2;2;23,6875;100
92;2;2;23,6875;100
92;2;2;23,6875;100
92;2;2;23,6875;100
92;2;2;23,6875;100
92;2;2;23,6875;100
92;2;2;23,6875;100
92;2;2;24,02051;100
92;2;2;24,02051;100
92;2;2;24,02051;100
92;2;2;24,02051;100
92;2;2;24,02051;100
92;2;2;24,02051;100
92;2;2;24,02051;100
92;2;2;24,02051;100
92;2;2;24,02051;100
92;2;2;24,02051;100
92;2;2;24,02051;100
92;2;2;24,35352;100
92;2;2;24,35352;100
92;2;2;24,35352;100
92;2;2;24,35352;100
92;2;2;24,35352;100
92;2;2;24,35352;100
92;2;2;24,35352;100
92;2;2;24,35352;100
92;2;2;24,35352;100
92;2;2;24,35352;100
92;2;2;24,35352;100
92;2;2;24,35352;100
92;2;2;24,35352;100
92;2;2;24,35352;100
92;2;2;24,35352;100
92;2;2;24,68652;100
92;2;2;24,68652;100
92;2;2;24,68652;100
92;2;2;24,68652;100
92;2;2;24,68652;100
92;2;2;24,68652;100
92;2;2;24,68652;100
92;2;2;24,68652;100
92;2;2;24,68652;100
92;2;2;24,68652;100
92;2;2;24,68652;100
92;2;2;24,68652;100
92;2;2;24,68652;100
92;2;2;24,68652;100
92;2;2;24,68652;100
92;2;2;25,01953;100
92;2;2;25,01953;100
92;2;2;25,01953;100
92;2;2;25,01953;100
92;2;2;25,01953;100
92;2;2;25,01953;100
92;2;2;25,01953;100
92;2;2;25,01953;100
92;2;2;25,01953;100
92;2;2;25,01953;100
92;2;2;25,01953;100
92;2;2;25,01953;100
92;2;2;25,01953;100
92;2;2;25,01953;100
92;2;2;25,01953;100
92;2;2;25,01953;100
92;2;2;25,35254;100
92;2;2;25,35254;100
92;2;2;25,35254;100
92;2;2;25,35254;100
92;2;2;25,35254;100
92;2;2;25,35254;100
92;2;2;25,35254;100
92;2;2;25,35254;100
92;2;2;25,35254;100
92;2;2;25,35254;100
92;2;2;25,35254;100
92;2;2;25,35254;100
92;2;2;25,35254;100
92;2;2;25,35254;100
92;2;2;25,35254;100
92;2;2;25,68555;100
92;2;2;25,68555;100
92;2;2;25,68555;100
92;2;2;25,68555;100
92;2;2;25,68555;100
92;2;2;25,68555;100
92;2;2;25,68555;100
92;2;2;25,68555;100
92;2;2;25,68555;100
92;2;2;26,01855;100
92;2;2;26,01855;100
92;2;2;26,01855;100
92;2;2;26,01855;100
92;2;2;26,01855;100
92;2;2;26,01855;100
92;2;2;26,01855;100
92;2;2;26,01855;100
92;2;2;26,01855;100
92;2;2;26,01855;100
92;2;2;26,01855;100
92;2;2;26,01855;100
92;2;2;26,01855;100
92;2;2;26,35156;100
92;2;2;26,35156;100
92;2;2;26,35156;100
92;2;2;26,35156;100
92;2;2;26,35156;100
92;2;2;26,35156;100
92;2;2;26,35156;100
92;2;2;26,35156;100
92;2;2;26,35156;100
92;2;2;26,68457;100
92;2;2;26,68457;100
92;2;2;26,68457;100
92;2;2;26,68457;100
92;2;2;26,68457;100
92;2;2;26,68457;100
92;2;2;26,68457;100
92;2;2;26,68457;100
92;2;2;26,68457;100
92;2;2;26,68457;100
92;2;2;26,68457;100
92;2;2;26,68457;100
92;2;2;26,68457;100
92;2;2;26,68457;100
92;2;2;27,01758;98
84;2;2;27,01758;96
76;2;2;27,01758;94
Boss