92;2;2;17,7334;100
92;2;2;18,06641;100
92;2;2;18,06641;100
92;2;2;18,06641;100
92;2;2;18,06641;100
92;2;2;18,06641;100
92;2;2;18,06641;100
92;2;2;18,06641;100
92;2;2;18,06641;100
92;3;15;18,06641;100
92;2;2;18,06641;100
92;2;2;18,06641;100
92;2;2;18,06641;100
92;2;2;18,06641;100
92;2;2;18,06641;100
92;2;2;18,06641;100
92;2;2;18,06641;100
92;2;2;18,39941;100
92;2;2;18,39941;100
92;2;2;18,39941;100
92;2;2;18,39941;100
92;2;2;18,39941;100
92;2;2;18,39941;100
92;2;2;18,39941;100
92;2;2;18,39941;100
92;2;2;18,39941;100
92;2;2;18,39941;100
92;2;2;18,39941;100
92;2;2;18,39941;100
92;2;2;18,39941;100
92;2;2;18,39941;100
92;2;2;18,39941;100
92;2;2;18,39941;100
92;2;2;18,39941;100
92;2;2;18,73242;100
92;2;2;18,73242;100
92;2;2;18,73242;100
92;2;2;18,73242;100
92;2;2;18,73242;100
92;2;2;18,73242;100
92;2;2;18,73242;100
92;2;2;18,73242;100
92;2;2;18,73242;100
92;2;2;18,73242;100
92;2;2;18,73242;100
92;2;2;18,73242;100
92;2;2;18,73242;100
92;2;2;19,06543;100
92;2;2;19,06543;100
92;2;2;19,06543;100
92;2;2;19,06543;100
92;2;2;19,06543;100
92;2;2;19,06543;100
92;2;2;19,06543;100
92;2;2;19,06543;100
92;2;2;19,06543;100
92;2;2;19,06543;100
92;2;2;19,06543;100
92;2;2;19,06543;100
92;2;2;19,06543;100
92;2;2;19,06543;100
92;2;2;19,06543;100
92;2;2;19,39844;100
92;2;2;19,39844;100
92;2;2;19,39844;100
92;2;2;19,39844;100
92;2;2;19,39844;100
92;2;2;19,39844;100
92;2;2;19,39844;100
92;2;2;19,39844;100
92;2;2;19,39844;100
92;2;2;19,39844;100
92;2;2;19,39844;100
92;2;2;19,39844;100
92;2;2;19,39844;100
92;3;15;19,73145;100
92;2;2;19,73145;100
92;2;2;19,73145;100
92;2;2;19,73145;100
92;2;2;19,73145;100
92;2;2;19,73145;100
92;2;2;19,73145;100
92;2;2;19,73145;100
92;2;2;19,73145;100
92;2;2;19,73145;100
92;2;2;19,73145;100
92;2;2;19,73145;100
92;2;2;19,73145;100
92;2;2;19,73145;100
92;2;2;19,73145;100
92;2;2;19,73145;100
92;2;2;20,06445;100
92;2;2;20,06445;100
92;2;2;20,06445;100
92;2;2;20,06445;100
92;2;2;20,06445;100
92;2;2;20,06445;100
92;2;2;20,06445;100
92;2;2;20,06445;100
92;2;2;20,06445;100
92;2;2;20,06445;100
92;2;2;20,06445;100
92;2;2;20,06445;100
92;2;2;20,06445;100
92;2;2;20,06445;100
92;2;2;20,06445;100
92;2;2;20,39746;100
92;2;2;20,39746;100
92;2;2;20,39746;100
92;2;2;20,39746;100
92;2;2;20,39746;100
92;2;2;20,39746;100
92;2;2;20,39746;100
92;2;2;20,39746;100
92;2;2;20,39746;100
92;2;2;20,39746;100
92;2;2;20,39746;100
92;2;2;20,39746;100
92;2;2;20,39746;100
92;2;2;20,39746;100
92;2;2;20,39746;100
92;2;2;20,39746;100
92;2;2;20,73047;100
92;2;2;20,73047;100
92;2;2;20,73047;100
92;2;2;20,73047;100
92;2;2;20,73047;100
92;2;2;20,73047;100
92;2;2;20,73047;100
92;2;2;20,73047;100
92;2;2;20,73047;100
92;2;2;20,73047;100
92;2;2;20,73047;100
92;2;2;21,06348;100
92;2;2;21,06348;100
92;2;2;21,06348;100
92;2;2;21,06348;100
92;2;2;21,06348;100
92;2;2;21,06348;100
92;2;2;21,06348;100
92;2;2;21,06348;100
92;2;2;21,06348;100
92;2;2;21,06348;100
92;2;2;21,06348;100
92;2;2;21,06348;100
92;2;2;21,06348;100
92;2;2;21,39648;100
92;2;2;21,39648;100
92;2;2;21,39648;100
92;2;2;21,39648;100
92;2;2;21,39648;100
92;2;2;21,39648;100
92;2;2;21,39648;100
92;2;2;21,39648;100
92;2;2;21,39648;100
92;2;2;21,39648;100
92;2;2;21,39648;100
92;2;2;21,39648;100
92;2;2;21,39648;100
92;2;2;21,72949;100
92;2;2;21,72949;100
92;2;2;21,72949;100
92;2;2;21,72949;100
92;2;2;21,72949;100
92;2;2;21,72949;100
92;2;2;21,72949;100
92;2;2;21,72949;100
92;2;2;21,72949;100
92;2;2;21,72949;100
92;2;2;21,72949;100
92;2;2;21,72949;100
92;2;2;21,72949;100
92;2;2;21,72949;100
92;2;2;21,72949;100
92;2;2;22,0625;100
92;2;2;22,0625;100
92;2;2;22,0625;100
92;2;2;22,0625;100
92;2;2;22,0625;100
92;2;2;22,0625;100
92;2;2;22,0625;100
92;2;2;22,0625;100
92;2;2;22,0625;100
92;2;2;22,0625;100
92;2;2;22,0625;100
92;2;2;22,0625;100
92;2;2;22,39551;100
92;2;2;22,39551;100
92;2;2;22,39551;100
92;2;2;22,39551;100
92;2;2;22,39551;100
92;2;2;22,39551;100
92;2;2;22,39551;100
92;2;2;22,39551;100
92;2;2;22,39551;100
92;2;2;22,39551;100
92;2;2;22,39551;100
92;2;2;22,39551;100
92;2;2;22,39551;100
92;2;2;22,39551;100
92;2;2;22,72852;100
92;2;2;22,72852;100
92;2;2;22,72852;100
92;2;2;22,72852;100
92;2;2;22,72852;100
92;2;2;22,72852;100
92;2;2;22,72852;100
92;2;2;22,72852;100
92;2;2;22,72852;100
92;2;2;22,72852;100
92;2;2;22,72852;100
92;2;2;22,72852;100
92;2;2;23,06152;100
92;3;15;23,06152;100
92;2;2;23,06152;100
92;2;2;23,06152;100
92;2;2;23,06152;100
92;2;2;23,06152;100
92;2;2;23,06152;100
92;2;2;23,06152;100
92;2;2;23,06152;100
92;2;2;23,06152;100
92;2;2;23,06152;100
92;3;15;23,06152;100
92;2;2;23,39453;100
92;2;2;23,39453;100
92;2;2;23,39453;100
92;2;2;23,39453;100
92;2;2;23,39453;100
92;2;2;23,39453;100
92;2;2;23,39453;100
92;2;2;23,39453;100
92;2;2;23,39453;100
92;2;2;23,39453;100
92;2;2;23,72754;100
92;2;2;23,72754;100
92;2;2;23,72754;100
92;2;2;23,72754;100
92;2;2;23,72754;100
92;2;2;23,72754;100
92;2;2;23,72754;100
92;2;2;23,72754;100
92;2;2;23,72754;100
92;2;2;23,72754;100
92;2;2;23,72754;100
92;2;2;23,72754;100
92;2;2;23,72754;100
92;2;2;24,06055;100
92;2;2;24,06055;100
92;2;2;24,06055;100
92;2;2;24,06055;100
92;2;2;24,06055;100
92;2;2;24,39355;98
76;2;2;24,39355;96
68;2;2;24,39355;94
Boss