92;2;2;28,71582;100
92;2;2;28,71582;100
92;2;2;28,71582;100
92;2;2;28,71582;100
92;2;2;28,71582;100
92;2;2;29,04883;100
92;2;2;29,04883;100
92;2;2;29,04883;100
92;2;2;29,04883;100
92;2;2;29,04883;100
92;2;2;29,04883;100
92;2;2;29,04883;100
92;2;2;29,04883;100
92;2;2;29,04883;100
92;2;2;29,04883;100
92;2;2;29,04883;100
92;2;2;29,04883;100
92;2;2;29,04883;100
92;2;2;29,04883;100
92;2;2;29,04883;100
92;2;2;29,04883;100
92;2;2;29,04883;100
92;2;2;29,38184;100
92;2;2;29,38184;100
92;2;2;29,38184;100
92;2;2;29,38184;100
92;2;2;29,38184;100
92;2;2;29,38184;100
92;2;2;29,38184;100
92;2;2;29,38184;100
92;2;2;29,38184;100
92;2;2;29,38184;100
92;2;2;29,38184;100
92;2;2;29,38184;100
92;2;2;29,38184;100
92;2;2;29,71484;100
92;2;2;29,71484;100
92;2;2;29,71484;100
92;2;2;29,71484;100
92;2;2;29,71484;100
92;2;2;29,71484;100
92;2;2;29,71484;100
92;2;2;29,71484;100
92;2;2;29,71484;100
92;2;2;29,71484;100
92;2;2;29,71484;100
92;2;2;29,71484;100
92;2;2;29,71484;100
92;2;2;29,71484;100
92;2;2;29,71484;100
92;2;2;29,71484;100
92;2;2;30,04785;100
92;2;2;30,04785;100
92;2;2;30,04785;100
92;2;2;30,04785;100
92;2;2;30,04785;100
92;2;2;30,04785;100
92;2;2;30,04785;100
92;2;2;30,04785;100
92;2;2;30,04785;100
92;2;2;30,04785;100
92;2;2;30,04785;100
92;2;2;30,04785;100
92;2;2;30,04785;100
92;2;2;30,04785;100
92;2;2;30,38086;100
92;2;2;30,38086;100
92;2;2;30,38086;100
92;2;2;30,38086;100
92;2;2;30,38086;100
92;2;2;30,38086;100
92;2;2;30,38086;100
92;2;2;30,38086;100
92;2;2;30,38086;100
92;2;2;30,38086;100
92;2;2;30,38086;100
92;2;2;30,38086;100
92;2;2;30,38086;100
92;3;15;30,38086;100
92;2;2;30,38086;100
92;2;2;30,38086;100
92;2;2;30,71387;100
92;2;2;30,71387;100
92;2;2;30,71387;100
92;2;2;30,71387;100
92;2;2;30,71387;100
92;2;2;30,71387;100
92;2;2;30,71387;100
92;2;2;30,71387;100
92;2;2;30,71387;100
92;2;2;30,71387;100
92;2;2;30,71387;100
92;2;2;30,71387;100
92;2;2;30,71387;100
92;2;2;30,71387;100
92;2;2;30,71387;100
92;2;2;31,04688;100
92;2;2;31,04688;100
92;2;2;31,04688;100
92;2;2;31,04688;100
92;2;2;31,04688;100
92;2;2;31,04688;100
92;2;2;31,04688;100
92;2;2;31,04688;100
92;2;2;31,04688;100
92;2;2;31,04688;100
92;2;2;31,04688;100
92;2;2;31,04688;100
92;2;2;31,04688;100
92;2;2;31,37988;100
92;2;2;31,37988;100
92;2;2;31,37988;100
92;2;2;31,37988;100
92;2;2;31,37988;100
92;2;2;31,37988;100
92;2;2;31,37988;100
92;2;2;31,37988;100
92;2;2;31,37988;100
92;2;2;31,37988;100
92;2;2;31,37988;100
92;2;2;31,37988;100
92;2;2;31,71289;100
92;2;2;31,71289;100
92;2;2;31,71289;100
92;2;2;31,71289;100
92;2;2;31,71289;100
92;2;2;31,71289;100
92;2;2;31,71289;100
92;2;2;31,71289;100
92;2;2;31,71289;100
92;2;2;31,71289;100
92;2;2;31,71289;100
92;2;2;31,71289;100
92;2;2;31,71289;100
92;2;2;31,71289;100
92;2;2;31,71289;100
92;2;2;32,0459;100
92;2;2;32,0459;100
92;2;2;32,0459;100
92;2;2;32,0459;100
92;2;2;32,0459;100
92;2;2;32,0459;100
92;3;15;32,0459;100
92;2;2;32,0459;100
92;2;2;32,0459;100
92;3;15;32,0459;100
92;2;2;32,0459;100
92;2;2;32,0459;100
92;2;2;32,0459;100
92;2;2;32,0459;100
92;2;2;32,0459;100
92;2;2;32,0459;100
92;2;2;32,37891;100
92;2;2;32,37891;100
92;2;2;32,37891;100
92;2;2;32,37891;100
92;2;2;32,37891;100
92;2;2;32,37891;100
92;3;15;32,37891;100
92;2;2;32,37891;100
92;2;2;32,37891;100
92;3;15;32,37891;100
92;3;15;32,37891;100
92;2;2;32,37891;100
92;2;2;32,37891;100
92;2;2;32,37891;100
92;2;2;32,71191;100
92;2;2;32,71191;100
92;2;2;32,71191;100
92;2;2;32,71191;100
92;2;2;32,71191;100
92;2;2;32,71191;100
92;2;2;32,71191;100
92;2;2;32,71191;100
92;2;2;32,71191;100
92;2;2;32,71191;100
92;2;2;32,71191;100
92;2;2;32,71191;100
92;2;2;33,04492;100
92;2;2;33,04492;100
92;2;2;33,04492;100
92;2;2;33,04492;100
92;2;2;33,04492;100
92;2;2;33,04492;100
92;2;2;33,04492;100
92;2;2;33,04492;100
92;2;2;33,04492;100
92;2;2;33,04492;100
92;2;2;33,04492;100
92;2;2;33,04492;100
92;2;2;33,04492;100
92;2;2;33,04492;100
92;2;2;33,04492;100
92;2;2;33,37793;100
92;3;15;33,37793;100
92;2;2;33,37793;100
92;2;2;33,37793;100
92;2;2;33,37793;100
92;2;2;33,37793;100
92;2;2;33,37793;100
92;2;2;33,37793;100
92;2;2;33,37793;100
92;2;2;33,37793;100
92;2;2;33,37793;100
92;2;2;33,37793;100
92;2;2;33,71094;100
92;2;2;33,71094;100
92;3;15;33,71094;100
92;3;15;33,71094;100
92;2;2;33,71094;100
92;2;2;33,71094;100
92;2;2;33,71094;100
92;3;15;33,71094;100
92;2;2;33,71094;100
92;2;2;33,71094;100
92;2;2;33,71094;100
92;2;2;33,71094;100
92;3;15;33,71094;100
92;2;2;34,04395;100
92;2;2;34,04395;100
92;2;2;34,04395;100
92;2;2;34,04395;100
92;2;2;34,04395;100
92;2;2;34,04395;100
92;2;2;34,04395;100
92;3;15;34,04395;100
92;2;2;34,04395;100
92;2;2;34,04395;100
92;2;2;34,04395;100
92;3;15;34,37695;100
92;2;2;34,37695;100
92;2;2;34,37695;100
92;2;2;34,37695;100
92;2;2;34,37695;100
92;2;2;34,37695;100
92;3;15;34,37695;100
92;3;15;34,37695;100
92;2;2;34,37695;100
92;3;15;34,37695;100
92;2;2;34,37695;100
92;2;2;34,37695;100
92;3;15;34,37695;100
92;2;2;34,37695;100
92;3;15;34,37695;100
92;3;15;34,70996;100
92;2;2;34,70996;100
92;2;2;34,70996;100
92;2;2;34,70996;100
92;3;15;34,70996;85
92;2;2;34,70996;85
92;2;2;34,70996;85
92;2;2;34,70996;85
92;2;2;34,70996;85
92;2;2;34,70996;85
92;2;2;34,70996;85
92;2;2;34,70996;85
92;2;2;34,70996;85
92;2;2;34,70996;85
92;2;2;34,70996;85
92;3;15;34,70996;70
92;2;2;34,70996;70
92;3;15;35,04297;55
92;2;2;35,04297;55
92;2;2;35,04297;55
92;2;2;35,04297;55
92;2;2;35,04297;55
92;2;2;35,04297;55
92;2;2;35,04297;55
92;2;2;35,04297;55
92;2;2;35,04297;55
92;2;2;35,04297;55
92;2;2;35,04297;55
92;2;2;35,04297;55
92;2;2;35,04297;55
92;2;2;35,04297;55
92;2;2;35,04297;55
92;2;2;35,04297;55
92;2;2;35,04297;55
92;2;2;35,37598;55
92;2;2;35,37598;53
84;2;2;35,37598;51
76;2;2;35,37598;49
68;2;2;35,37598;47
52;2;2;35,37598;45
44;2;2;35,37598;43
36;3;15;35,37598;28
28;2;2;35,37598;26
20;2;2;35,37598;24
4;3;15;35,37598;9
-4;3;15;35,37598;-6
Player