92;2;2;51,09277;100
92;2;2;51,09277;100
92;2;2;51,09277;100
92;2;2;51,42578;100
92;2;2;51,42578;100
92;2;2;51,42578;100
92;2;2;51,42578;100
92;2;2;51,42578;100
92;2;2;51,42578;100
92;2;2;51,42578;100
92;2;2;51,42578;100
92;2;2;51,42578;100
92;2;2;51,42578;100
92;2;2;51,42578;100
92;2;2;51,42578;100
92;2;2;51,42578;100
92;2;2;51,42578;100
92;2;2;51,42578;100
92;2;2;51,42578;100
92;2;2;51,42578;100
92;2;2;51,75879;100
92;2;2;51,75879;100
92;2;2;51,75879;100
92;2;2;51,75879;100
92;2;2;51,75879;100
92;2;2;51,75879;100
92;2;2;51,75879;100
92;2;2;51,75879;100
92;2;2;51,75879;100
92;2;2;51,75879;100
92;2;2;51,75879;100
92;2;2;51,75879;100
92;2;2;51,75879;100
92;2;2;51,75879;100
92;2;2;51,75879;100
92;2;2;52,0918;100
92;2;2;52,0918;100
92;2;2;52,0918;100
92;2;2;52,0918;100
92;2;2;52,0918;100
92;2;2;52,0918;100
92;2;2;52,0918;100
92;2;2;52,0918;100
92;2;2;52,0918;100
92;2;2;52,0918;100
92;2;2;52,0918;100
92;2;2;52,0918;100
92;2;2;52,0918;100
92;2;2;52,0918;100
92;2;2;52,0918;100
92;2;2;52,0918;100
92;2;2;52,4248;100
92;2;2;52,4248;100
92;2;2;52,4248;100
92;2;2;52,4248;100
92;2;2;52,4248;100
92;2;2;52,4248;100
92;2;2;52,4248;100
92;2;2;52,4248;100
92;2;2;52,4248;100
92;2;2;52,4248;100
92;2;2;52,4248;100
92;2;2;52,4248;100
92;2;2;52,4248;100
92;2;2;52,4248;100
92;2;2;52,4248;100
92;2;2;52,75781;100
92;2;2;52,75781;100
92;2;2;52,75781;100
92;2;2;52,75781;100
92;2;2;52,75781;100
92;2;2;52,75781;100
92;2;2;52,75781;100
92;2;2;52,75781;100
92;2;2;52,75781;100
92;2;2;52,75781;100
92;2;2;52,75781;100
92;2;2;52,75781;100
92;2;2;52,75781;100
92;2;2;52,75781;100
92;2;2;52,75781;100
92;2;2;52,75781;100
92;2;2;53,09082;100
92;2;2;53,09082;100
92;2;2;53,09082;100
92;2;2;53,09082;100
92;2;2;53,09082;100
92;2;2;53,09082;100
92;2;2;53,09082;100
92;2;2;53,09082;100
92;2;2;53,09082;100
92;2;2;53,09082;100
92;2;2;53,09082;100
92;2;2;53,09082;100
92;2;2;53,09082;100
92;2;2;53,09082;100
92;2;2;53,09082;100
92;2;2;53,09082;100
92;2;2;53,09082;100
92;2;2;53,42383;100
92;2;2;53,42383;100
92;2;2;53,42383;100
92;2;2;53,42383;100
92;2;2;53,42383;100
92;2;2;53,42383;100
92;2;2;53,42383;100
92;2;2;53,42383;100
92;2;2;53,42383;100
92;2;2;53,42383;100
92;2;2;53,42383;100
92;2;2;53,42383;100
92;2;2;53,42383;100
92;2;2;53,42383;100
92;2;2;53,42383;100
92;2;2;53,42383;100
92;2;2;53,75684;100
92;2;2;53,75684;100
92;2;2;53,75684;100
92;2;2;53,75684;100
92;2;2;53,75684;100
92;2;2;53,75684;100
92;2;2;53,75684;100
92;2;2;53,75684;100
92;2;2;53,75684;100
92;2;2;53,75684;100
92;3;15;53,75684;100
92;2;2;53,75684;100
92;2;2;53,75684;100
92;2;2;53,75684;100
92;2;2;53,75684;100
92;2;2;54,08984;100
92;2;2;54,08984;100
92;2;2;54,08984;100
92;2;2;54,08984;100
92;2;2;54,08984;100
92;2;2;54,08984;100
92;2;2;54,08984;100
92;2;2;54,08984;100
92;2;2;54,08984;100
92;2;2;54,08984;100
92;2;2;54,08984;100
92;2;2;54,08984;100
92;2;2;54,08984;100
92;2;2;54,08984;100
92;2;2;54,42285;100
92;2;2;54,42285;100
92;2;2;54,42285;100
92;2;2;54,42285;100
92;2;2;54,42285;100
92;2;2;54,42285;100
92;2;2;54,42285;100
92;2;2;54,42285;100
92;2;2;54,42285;100
92;2;2;54,42285;100
92;2;2;54,42285;100
92;2;2;54,42285;100
92;2;2;54,42285;100
92;2;2;54,42285;100
92;2;2;54,42285;100
92;2;2;54,42285;100
92;2;2;54,75586;100
92;2;2;54,75586;100
92;3;15;54,75586;100
92;2;2;54,75586;100
92;2;2;54,75586;100
92;2;2;54,75586;100
92;2;2;54,75586;100
92;2;2;54,75586;100
92;2;2;54,75586;100
92;2;2;54,75586;100
92;2;2;54,75586;100
92;2;2;55,08887;100
92;2;2;55,08887;100
92;2;2;55,08887;100
92;2;2;55,08887;100
92;2;2;55,08887;100
92;2;2;55,08887;100
92;2;2;55,08887;100
92;2;2;55,08887;100
92;2;2;55,08887;100
92;2;2;55,08887;100
92;2;2;55,08887;100
92;2;2;55,08887;100
92;2;2;55,08887;100
92;2;2;55,08887;100
92;2;2;55,08887;100
92;2;2;55,08887;100
92;2;2;55,42188;100
92;2;2;55,42188;100
92;2;2;55,42188;100
92;2;2;55,42188;100
92;2;2;55,42188;100
92;2;2;55,42188;100
92;2;2;55,42188;100
92;2;2;55,42188;100
92;2;2;55,42188;100
92;2;2;55,42188;100
92;2;2;55,42188;100
92;2;2;55,42188;100
92;2;2;55,42188;100
92;2;2;55,75488;100
92;2;2;55,75488;100
92;2;2;55,75488;100
92;2;2;55,75488;100
92;2;2;55,75488;100
92;2;2;55,75488;100
92;3;15;55,75488;100
92;2;2;55,75488;100
92;2;2;55,75488;100
92;2;2;55,75488;100
92;2;2;56,08789;100
92;2;2;56,08789;100
92;2;2;56,08789;100
92;2;2;56,08789;100
92;2;2;56,08789;100
92;2;2;56,08789;100
92;2;2;56,08789;100
92;2;2;56,08789;100
92;2;2;56,08789;100
92;2;2;56,08789;100
92;2;2;56,08789;100
92;2;2;56,08789;100
92;2;2;56,4209;100
92;2;2;56,4209;100
92;2;2;56,4209;100
92;2;2;56,4209;100
92;2;2;56,4209;100
92;2;2;56,4209;100
92;2;2;56,4209;100
92;2;2;56,4209;100
92;2;2;56,4209;100
92;2;2;56,4209;100
92;2;2;56,4209;100
92;2;2;56,4209;100
92;2;2;56,4209;100
92;2;2;56,4209;100
92;2;2;56,4209;100
92;3;15;56,75391;100
92;2;2;56,75391;100
92;2;2;56,75391;100
92;2;2;56,75391;100
92;2;2;56,75391;100
92;2;2;56,75391;100
92;2;2;56,75391;100
92;3;15;56,75391;100
92;2;2;57,08691;100
92;2;2;57,08691;100
92;2;2;57,08691;100
92;2;2;57,08691;100
92;2;2;57,08691;100
92;2;2;57,08691;100
92;2;2;57,08691;100
92;2;2;57,08691;100
92;2;2;57,08691;100
92;2;2;57,41992;100
92;2;2;57,41992;100
92;2;2;57,41992;100
92;2;2;57,41992;100
92;2;2;57,41992;100
92;2;2;57,41992;100
92;2;2;57,41992;100
92;2;2;57,41992;100
92;2;2;57,75293;100
92;2;2;57,75293;98
52;3;15;57,75293;83
4;2;2;57,75293;81
Boss