92;2;2;20,17188;100
92;2;2;20,17188;100
92;2;2;20,17188;100
92;2;2;20,17188;100
92;2;2;20,50488;100
92;2;2;20,50488;100
92;2;2;20,50488;100
92;2;2;20,50488;100
92;2;2;20,50488;100
92;2;2;20,50488;100
92;2;2;20,50488;100
92;2;2;20,50488;100
92;2;2;20,50488;100
92;2;2;20,50488;100
92;2;2;20,83789;100
92;2;2;20,83789;100
92;2;2;20,83789;100
92;2;2;20,83789;100
92;2;2;20,83789;100
92;2;2;20,83789;100
92;2;2;20,83789;100
92;2;2;20,83789;100
92;3;15;20,83789;100
92;2;2;20,83789;100
92;2;2;20,83789;100
92;3;15;21,1709;100
92;2;2;21,1709;100
92;2;2;21,1709;100
92;2;2;21,1709;100
92;2;2;21,1709;100
92;2;2;21,1709;100
92;2;2;21,1709;100
92;2;2;21,1709;100
92;2;2;21,1709;100
92;2;2;21,1709;100
92;2;2;21,1709;100
92;2;2;21,50391;100
92;2;2;21,50391;100
92;2;2;21,50391;100
92;2;2;21,50391;100
92;2;2;21,50391;100
92;2;2;21,50391;100
92;2;2;21,50391;100
92;2;2;21,50391;100
92;2;2;21,50391;100
92;2;2;21,50391;100
92;2;2;21,50391;100
92;2;2;21,50391;100
92;2;2;21,50391;100
92;2;2;21,50391;100
92;2;2;21,83691;100
92;2;2;21,83691;100
92;2;2;21,83691;100
92;2;2;21,83691;100
92;2;2;21,83691;100
92;2;2;21,83691;100
92;2;2;21,83691;100
92;2;2;21,83691;100
92;2;2;21,83691;100
92;2;2;22,16992;100
92;2;2;22,16992;100
92;2;2;22,16992;100
92;3;15;22,16992;100
92;2;2;22,16992;100
92;2;2;22,16992;100
92;2;2;22,16992;100
92;2;2;22,16992;100
92;2;2;22,16992;100
92;2;2;22,16992;100
92;2;2;22,16992;100
92;2;2;22,50293;100
92;2;2;22,50293;100
92;2;2;22,50293;100
92;2;2;22,50293;100
92;2;2;22,50293;100
92;2;2;22,50293;100
92;2;2;22,50293;100
92;2;2;22,50293;100
92;2;2;22,50293;100
92;2;2;22,50293;100
92;2;2;22,50293;100
92;2;2;22,83594;100
92;2;2;22,83594;100
92;2;2;22,83594;100
92;2;2;22,83594;100
92;2;2;22,83594;100
92;2;2;22,83594;100
92;2;2;22,83594;100
92;2;2;22,83594;100
92;2;2;22,83594;100
92;2;2;22,83594;100
92;2;2;22,83594;100
92;2;2;22,83594;100
92;2;2;22,83594;100
92;3;15;22,83594;100
92;2;2;23,16895;100
92;2;2;23,16895;100
92;2;2;23,16895;100
92;2;2;23,16895;100
92;2;2;23,16895;100
92;2;2;23,16895;100
92;2;2;23,16895;100
92;3;15;23,16895;100
92;2;2;23,16895;100
92;2;2;23,16895;100
92;2;2;23,16895;100
92;2;2;23,50195;100
92;2;2;23,50195;100
92;2;2;23,50195;100
92;2;2;23,50195;100
92;2;2;23,50195;100
92;2;2;23,50195;100
92;2;2;23,50195;100
92;2;2;23,50195;100
92;3;15;23,50195;100
92;2;2;23,50195;100
92;2;2;23,50195;100
92;2;2;23,50195;100
92;3;15;23,50195;100
92;3;15;23,83496;100
92;2;2;23,83496;100
92;3;15;23,83496;100
92;2;2;23,83496;100
92;2;2;23,83496;100
92;2;2;23,83496;100
92;3;15;23,83496;100
92;2;2;23,83496;100
92;2;2;23,83496;100
92;2;2;23,83496;100
92;2;2;23,83496;100
92;2;2;23,83496;100
92;2;2;23,83496;100
92;3;15;23,83496;100
92;2;2;24,16797;100
92;2;2;24,16797;100
92;2;2;24,16797;100
92;2;2;24,16797;100
92;3;15;24,16797;100
92;2;2;24,16797;100
92;2;2;24,16797;100
92;2;2;24,16797;100
92;2;2;24,16797;100
92;2;2;24,16797;100
92;3;15;24,16797;100
92;3;15;24,16797;100
92;2;2;24,16797;100
92;2;2;24,16797;100
92;2;2;24,50098;100
92;2;2;24,50098;100
92;2;2;24,50098;100
92;3;15;24,50098;100
92;2;2;24,50098;100
92;2;2;24,50098;100
92;2;2;24,50098;100
92;2;2;24,50098;100
92;3;15;24,50098;100
92;2;2;24,50098;100
92;3;15;24,50098;100
92;2;2;24,83398;100
92;2;2;24,83398;100
92;2;2;24,83398;100
92;3;15;24,83398;100
92;2;2;24,83398;100
92;2;2;24,83398;100
92;2;2;24,83398;100
92;2;2;24,83398;100
92;2;2;24,83398;100
92;2;2;24,83398;100
92;3;15;24,83398;100
92;2;2;25,16699;100
92;2;2;25,16699;100
92;2;2;25,16699;100
92;2;2;25,16699;100
92;2;2;25,16699;100
92;3;15;25,16699;100
92;2;2;25,16699;100
92;3;15;25,16699;100
92;2;2;25,16699;100
92;2;2;25,16699;100
92;3;15;25,16699;100
92;2;2;25,16699;100
92;3;15;25,16699;100
92;2;2;25,16699;100
92;3;15;25,5;100
92;2;2;25,5;100
92;3;15;25,5;100
92;2;2;25,5;100
92;3;15;25,5;100
92;2;2;25,5;100
92;2;2;25,5;100
92;2;2;25,5;100
92;2;2;25,5;100
92;2;2;25,5;100
92;2;2;25,5;100
92;2;2;25,5;100
92;2;2;25,83301;100
92;2;2;25,83301;100
92;3;15;25,83301;100
92;2;2;25,83301;100
92;2;2;25,83301;100
92;2;2;25,83301;100
92;2;2;25,83301;100
92;2;2;25,83301;100
92;2;2;25,83301;100
92;2;2;25,83301;100
92;2;2;25,83301;100
92;2;2;25,83301;100
92;2;2;26,16602;100
92;2;2;26,16602;100
92;3;15;26,16602;85
92;3;15;26,16602;70
92;3;15;26,16602;55
92;2;2;26,16602;55
92;2;2;26,16602;55
92;2;2;26,16602;55
92;2;2;26,16602;55
92;2;2;26,16602;55
92;2;2;26,16602;55
92;2;2;26,16602;55
92;2;2;26,16602;55
92;2;2;26,16602;55
92;2;2;26,16602;55
92;2;2;26,49902;55
92;2;2;26,49902;55
92;2;2;26,49902;55
92;2;2;26,49902;55
92;2;2;26,49902;55
92;2;2;26,49902;55
92;2;2;26,49902;55
92;2;2;26,49902;55
92;2;2;26,49902;55
92;2;2;26,49902;55
92;2;2;26,49902;55
84;2;2;26,83203;53
76;2;2;26,83203;51
68;2;2;26,83203;49
60;3;15;26,83203;34
52;2;2;26,83203;32
36;2;2;26,83203;30
12;3;15;26,83203;15
4;3;15;26,83203;0
Player