92;2;2;15,72266;100
92;3;15;15,72266;100
92;2;2;16,05566;100
92;2;2;16,05566;100
92;2;2;16,05566;100
92;2;2;16,05566;100
92;2;2;16,05566;100
92;2;2;16,05566;100
92;2;2;16,05566;100
92;2;2;16,05566;100
92;2;2;16,05566;100
92;2;2;16,05566;100
92;2;2;16,05566;100
92;2;2;16,05566;100
92;3;15;16,05566;100
92;2;2;16,05566;100
92;2;2;16,05566;100
92;2;2;16,38867;100
92;2;2;16,38867;100
92;2;2;16,38867;100
92;2;2;16,38867;100
92;2;2;16,38867;100
92;2;2;16,38867;100
92;2;2;16,38867;100
92;2;2;16,38867;100
92;2;2;16,38867;100
92;2;2;16,38867;100
92;3;15;16,38867;100
92;2;2;16,38867;100
92;2;2;16,38867;100
92;2;2;16,38867;100
92;2;2;16,38867;100
92;2;2;16,72168;100
92;2;2;16,72168;100
92;2;2;16,72168;100
92;2;2;16,72168;100
92;2;2;16,72168;100
92;2;2;16,72168;100
92;2;2;16,72168;100
92;2;2;16,72168;100
92;2;2;16,72168;100
92;2;2;16,72168;100
92;2;2;16,72168;100
92;2;2;16,72168;100
92;2;2;16,72168;100
92;2;2;16,72168;100
92;2;2;17,05469;100
92;2;2;17,05469;100
92;2;2;17,05469;100
92;2;2;17,05469;100
92;2;2;17,05469;100
92;2;2;17,05469;100
92;2;2;17,05469;100
92;2;2;17,05469;100
92;2;2;17,05469;100
92;2;2;17,05469;100
92;2;2;17,05469;100
92;2;2;17,05469;100
92;2;2;17,05469;100
92;2;2;17,05469;100
92;2;2;17,05469;100
92;2;2;17,3877;100
92;2;2;17,3877;100
92;2;2;17,3877;100
92;2;2;17,3877;100
92;3;15;17,3877;100
92;2;2;17,3877;100
92;2;2;17,3877;100
92;2;2;17,3877;100
92;2;2;17,3877;100
92;2;2;17,3877;100
92;2;2;17,3877;100
92;2;2;17,3877;100
92;2;2;17,3877;100
92;2;2;17,3877;100
92;2;2;17,7207;100
92;2;2;17,7207;100
92;2;2;17,7207;100
92;2;2;17,7207;100
92;2;2;17,7207;100
92;2;2;17,7207;100
92;2;2;17,7207;100
92;2;2;17,7207;100
92;2;2;17,7207;100
92;2;2;17,7207;100
92;2;2;17,7207;100
92;2;2;18,05371;100
92;2;2;18,05371;100
92;2;2;18,05371;100
92;2;2;18,05371;100
92;2;2;18,05371;100
92;2;2;18,05371;100
92;2;2;18,05371;100
92;3;15;18,05371;100
92;2;2;18,05371;100
92;2;2;18,05371;100
92;2;2;18,05371;100
92;2;2;18,05371;100
92;2;2;18,05371;100
92;2;2;18,05371;100
92;2;2;18,38672;100
92;2;2;18,38672;100
92;2;2;18,38672;100
92;2;2;18,38672;100
92;2;2;18,38672;100
92;2;2;18,38672;100
92;2;2;18,38672;100
92;2;2;18,38672;100
92;2;2;18,38672;100
92;2;2;18,38672;100
92;2;2;18,38672;100
92;2;2;18,38672;100
92;2;2;18,71973;100
92;2;2;18,71973;100
92;2;2;18,71973;100
92;2;2;18,71973;100
92;2;2;18,71973;100
92;2;2;18,71973;100
92;3;15;18,71973;100
92;2;2;18,71973;100
92;2;2;18,71973;100
92;2;2;18,71973;100
92;2;2;18,71973;100
92;2;2;18,71973;100
92;2;2;18,71973;100
92;2;2;18,71973;100
92;2;2;18,71973;100
92;2;2;18,71973;100
92;2;2;19,05273;100
92;2;2;19,05273;100
92;2;2;19,05273;100
92;2;2;19,05273;100
92;2;2;19,05273;100
92;2;2;19,05273;100
92;2;2;19,05273;100
92;2;2;19,05273;100
92;2;2;19,05273;100
92;2;2;19,05273;100
92;2;2;19,05273;100
92;2;2;19,05273;100
92;2;2;19,05273;100
92;2;2;19,05273;100
92;2;2;19,05273;100
92;2;2;19,38574;100
92;2;2;19,38574;100
92;2;2;19,38574;100
92;2;2;19,38574;100
92;2;2;19,38574;100
92;2;2;19,38574;100
92;2;2;19,38574;100
92;3;15;19,38574;100
92;2;2;19,38574;100
92;2;2;19,38574;100
92;2;2;19,38574;100
92;2;2;19,38574;100
92;2;2;19,38574;100
92;2;2;19,38574;100
92;2;2;19,71875;100
92;2;2;19,71875;100
92;2;2;19,71875;100
92;2;2;19,71875;100
92;2;2;19,71875;100
92;2;2;19,71875;100
92;2;2;19,71875;100
92;2;2;19,71875;100
92;2;2;19,71875;100
92;2;2;19,71875;100
92;2;2;20,05176;100
92;2;2;20,05176;100
92;2;2;20,05176;100
92;2;2;20,05176;100
92;3;15;20,05176;100
92;2;2;20,05176;100
92;2;2;20,05176;100
92;2;2;20,05176;100
92;2;2;20,05176;100
92;2;2;20,05176;100
92;2;2;20,05176;100
92;2;2;20,05176;100
92;2;2;20,05176;100
92;2;2;20,05176;100
92;2;2;20,38477;100
92;2;2;20,38477;100
92;2;2;20,38477;100
92;2;2;20,38477;100
92;2;2;20,38477;100
92;2;2;20,38477;100
92;2;2;20,38477;100
92;3;15;20,38477;100
92;2;2;20,38477;100
92;2;2;20,38477;100
92;3;15;20,71777;100
92;2;2;20,71777;100
92;2;2;20,71777;100
92;3;15;20,71777;100
92;2;2;20,71777;100
92;2;2;20,71777;100
92;2;2;20,71777;100
92;2;2;20,71777;100
92;2;2;20,71777;100
92;2;2;20,71777;100
92;2;2;20,71777;100
92;2;2;20,71777;100
92;3;15;21,05078;100
92;3;15;21,05078;100
92;2;2;21,05078;100
92;2;2;21,05078;100
92;2;2;21,05078;100
92;2;2;21,05078;100
92;2;2;21,05078;100
92;2;2;21,05078;100
92;2;2;21,05078;100
92;2;2;21,05078;100
92;2;2;21,05078;100
92;2;2;21,05078;100
92;3;15;21,05078;100
92;2;2;21,05078;100
92;2;2;21,38379;100
92;2;2;21,38379;100
92;2;2;21,38379;100
92;3;15;21,38379;100
92;3;15;21,38379;100
92;2;2;21,38379;100
92;2;2;21,38379;100
92;2;2;21,38379;100
92;3;15;21,38379;100
92;2;2;21,38379;100
92;2;2;21,38379;100
92;2;2;21,38379;100
92;2;2;21,38379;100
92;2;2;21,38379;100
92;2;2;21,38379;100
92;2;2;21,7168;100
92;2;2;21,7168;100
92;2;2;21,7168;100
92;2;2;21,7168;100
92;2;2;21,7168;100
92;2;2;21,7168;100
92;2;2;21,7168;100
92;2;2;21,7168;100
92;2;2;21,7168;100
92;2;2;21,7168;100
92;2;2;21,7168;100
92;2;2;21,7168;100
92;2;2;22,0498;100
92;3;15;22,0498;100
92;2;2;22,0498;100
92;3;15;22,0498;100
92;2;2;22,0498;100
92;2;2;22,0498;100
92;2;2;22,0498;100
92;2;2;22,0498;100
92;2;2;22,0498;100
92;3;15;22,0498;100
92;3;15;22,0498;100
92;2;2;22,0498;100
92;3;15;22,0498;100
92;2;2;22,0498;100
92;2;2;22,38281;100
92;2;2;22,38281;100
92;3;15;22,38281;85
92;2;2;22,38281;85
92;2;2;22,38281;85
92;3;15;22,38281;70
92;3;15;22,38281;55
92;2;2;22,38281;55
92;2;2;22,38281;55
92;2;2;22,38281;55
92;2;2;22,38281;55
92;2;2;22,38281;55
92;2;2;22,38281;55
92;2;2;22,38281;55
92;2;2;22,38281;55
92;2;2;22,38281;55
92;2;2;22,71582;55
92;2;2;22,71582;55
92;2;2;22,71582;55
92;2;2;22,71582;55
92;2;2;22,71582;55
92;2;2;22,71582;55
92;2;2;22,71582;55
92;2;2;22,71582;55
92;2;2;22,71582;55
92;2;2;22,71582;55
92;2;2;22,71582;55
92;2;2;22,71582;55
92;2;2;22,71582;55
92;2;2;22,71582;55
92;2;2;22,71582;55
92;2;2;22,71582;55
92;2;2;22,71582;55
92;2;2;23,04883;55
92;2;2;23,04883;53
84;2;2;23,04883;51
76;2;2;23,04883;49
68;2;2;23,04883;47
60;2;2;23,04883;45
52;2;2;23,04883;43
44;2;2;23,04883;41
12;3;15;23,04883;26
-4;3;15;23,04883;11
Boss