92;2;2;50,33691;100
92;2;2;50,33691;100
92;2;2;50,33691;100
92;2;2;50,66992;100
92;2;2;50,66992;100
92;2;2;50,66992;100
92;2;2;50,66992;100
92;2;2;50,66992;100
92;2;2;50,66992;100
92;2;2;50,66992;100
92;2;2;50,66992;100
92;2;2;50,66992;100
92;2;2;50,66992;100
92;2;2;50,66992;100
92;2;2;50,66992;100
92;2;2;51,00293;100
92;2;2;51,00293;100
92;3;15;51,00293;100
92;2;2;51,00293;100
92;2;2;51,00293;100
92;2;2;51,00293;100
92;2;2;51,00293;100
92;2;2;51,00293;100
92;2;2;51,00293;100
92;2;2;51,00293;100
92;2;2;51,00293;100
92;2;2;51,00293;100
92;2;2;51,00293;100
92;2;2;51,33594;100
92;2;2;51,33594;100
92;2;2;51,33594;100
92;2;2;51,33594;100
92;2;2;51,33594;100
92;2;2;51,33594;100
92;2;2;51,33594;100
92;3;15;51,33594;100
92;2;2;51,33594;100
92;2;2;51,33594;100
92;2;2;51,33594;100
92;2;2;51,33594;100
92;2;2;51,66895;100
92;2;2;51,66895;100
92;2;2;51,66895;100
92;2;2;51,66895;100
92;2;2;51,66895;100
92;2;2;51,66895;100
92;2;2;51,66895;100
92;2;2;51,66895;100
92;2;2;51,66895;100
92;2;2;51,66895;100
92;3;15;51,66895;100
92;2;2;51,66895;100
92;2;2;51,66895;100
92;2;2;52,00195;100
92;2;2;52,00195;100
92;3;15;52,00195;100
92;3;15;52,00195;100
92;2;2;52,00195;100
92;2;2;52,00195;100
92;2;2;52,00195;100
92;2;2;52,00195;100
92;2;2;52,00195;100
92;2;2;52,00195;100
92;2;2;52,00195;100
92;2;2;52,33496;100
92;2;2;52,33496;100
92;2;2;52,33496;100
92;2;2;52,33496;100
92;2;2;52,33496;100
92;2;2;52,33496;100
92;2;2;52,33496;100
92;2;2;52,33496;100
92;2;2;52,33496;100
92;2;2;52,33496;100
92;2;2;52,33496;100
92;2;2;52,33496;100
92;2;2;52,66797;100
92;3;15;52,66797;100
92;2;2;52,66797;100
92;2;2;52,66797;100
92;2;2;52,66797;100
92;2;2;52,66797;100
92;3;15;52,66797;100
92;3;15;52,66797;100
92;2;2;52,66797;100
92;3;15;52,66797;100
92;2;2;52,66797;100
92;2;2;53,00098;100
92;2;2;53,00098;100
92;2;2;53,00098;100
92;2;2;53,00098;100
92;2;2;53,00098;100
92;2;2;53,00098;100
92;2;2;53,00098;100
92;3;15;53,00098;100
92;2;2;53,00098;100
92;3;15;53,00098;100
92;2;2;53,00098;100
92;3;15;53,00098;100
92;2;2;53,00098;100
92;2;2;53,00098;100
92;2;2;53,33398;100
92;2;2;53,33398;100
92;2;2;53,33398;100
92;2;2;53,33398;100
92;2;2;53,33398;100
92;2;2;53,33398;100
92;2;2;53,33398;100
92;2;2;53,33398;100
92;2;2;53,33398;100
92;2;2;53,33398;100
92;2;2;53,33398;100
92;2;2;53,66699;100
92;2;2;53,66699;100
92;2;2;53,66699;100
92;2;2;53,66699;100
92;2;2;53,66699;100
92;2;2;53,66699;100
92;3;15;53,66699;100
92;2;2;53,66699;100
92;2;2;53,66699;100
92;2;2;53,66699;100
92;2;2;53,66699;100
92;2;2;53,66699;100
92;2;2;53,66699;100
92;2;2;54;100
92;2;2;54;100
92;2;2;54;100
92;2;2;54;100
92;2;2;54;100
92;2;2;54;100
92;2;2;54;100
92;2;2;54;100
92;2;2;54;100
92;2;2;54;100
92;2;2;54;100
92;2;2;54;100
92;2;2;54;100
92;2;2;54;100
92;2;2;54;100
92;2;2;54,33301;100
92;2;2;54,33301;100
92;2;2;54,33301;100
92;2;2;54,33301;100
92;2;2;54,33301;100
92;2;2;54,33301;100
92;2;2;54,33301;100
92;3;15;54,33301;100
92;2;2;54,33301;100
92;3;15;54,33301;100
92;2;2;54,33301;100
92;2;2;54,33301;100
92;2;2;54,33301;100
92;2;2;54,33301;100
92;2;2;54,33301;100
92;3;15;54,66602;100
92;2;2;54,66602;100
92;2;2;54,66602;100
92;2;2;54,66602;100
92;2;2;54,66602;100
92;2;2;54,66602;100
92;2;2;54,66602;100
92;3;15;54,66602;100
92;2;2;54,66602;100
92;3;15;54,66602;100
92;2;2;54,66602;100
92;2;2;54,66602;100
92;2;2;54,66602;100
92;3;15;54,66602;100
92;2;2;54,66602;100
92;3;15;54,66602;100
92;2;2;54,99902;100
92;2;2;54,99902;100
92;2;2;54,99902;100
92;3;15;54,99902;100
92;2;2;54,99902;100
92;2;2;54,99902;100
92;3;15;54,99902;100
92;2;2;54,99902;100
92;2;2;54,99902;100
92;2;2;54,99902;100
92;3;15;54,99902;100
92;3;15;54,99902;100
92;2;2;54,99902;100
92;2;2;54,99902;100
92;2;2;55,33203;100
92;2;2;55,33203;100
92;2;2;55,33203;100
92;3;15;55,33203;100
92;3;15;55,33203;100
92;2;2;55,33203;100
92;2;2;55,33203;100
92;2;2;55,33203;100
92;2;2;55,33203;100
92;3;15;55,33203;100
92;2;2;55,33203;100
92;2;2;55,33203;100
92;2;2;55,33203;100
92;2;2;55,33203;100
92;2;2;55,33203;100
92;3;15;55,33203;100
92;2;2;55,66504;100
92;2;2;55,66504;100
92;2;2;55,66504;100
92;2;2;55,66504;100
92;2;2;55,66504;100
92;3;15;55,66504;100
92;2;2;55,66504;100
92;2;2;55,66504;100
92;3;15;55,66504;100
92;2;2;55,66504;100
92;2;2;55,66504;100
92;2;2;55,66504;100
92;3;15;55,66504;100
92;2;2;55,99805;100
92;3;15;55,99805;100
92;3;15;55,99805;100
92;2;2;55,99805;100
92;3;15;55,99805;100
92;2;2;55,99805;100
92;2;2;55,99805;100
92;2;2;55,99805;100
92;2;2;55,99805;100
92;2;2;55,99805;100
92;2;2;55,99805;100
92;2;2;56,33105;100
92;2;2;56,33105;100
92;2;2;56,33105;100
92;2;2;56,33105;100
92;2;2;56,33105;100
92;2;2;56,33105;100
92;3;15;56,33105;85
92;2;2;56,33105;85
92;2;2;56,33105;85
92;3;15;56,33105;70
92;2;2;56,33105;70
92;2;2;56,33105;70
92;2;2;56,33105;70
92;2;2;56,33105;70
92;2;2;56,66406;70
92;2;2;56,66406;70
92;3;15;56,66406;55
92;2;2;56,66406;55
92;2;2;56,66406;55
92;2;2;56,66406;55
92;2;2;56,66406;55
92;2;2;56,66406;55
92;2;2;56,66406;55
92;2;2;56,66406;55
92;2;2;56,66406;55
92;2;2;56,66406;55
92;2;2;56,66406;55
92;2;2;56,66406;55
92;2;2;56,66406;55
92;2;2;56,66406;55
92;2;2;56,66406;55
92;2;2;56,99707;55
92;2;2;56,99707;53
84;2;2;56,99707;51
76;2;2;56,99707;49
68;2;2;56,99707;47
60;3;15;56,99707;32
52;2;2;56,99707;30
44;2;2;56,99707;28
36;2;2;56,99707;26
28;2;2;56,99707;24
20;2;2;56,99707;22
12;2;2;56,99707;20
4;3;15;56,99707;5
-4;3;15;56,99707;-10
Player