92;2;2;59,97559;100
92;2;2;59,97559;100
92;2;2;59,97559;100
92;2;2;0,3085938;100
92;2;2;0,3085938;100
92;2;2;0,3085938;100
92;2;2;0,3085938;100
92;2;2;0,3085938;100
92;2;2;0,3085938;100
92;2;2;0,3085938;100
92;2;2;0,3085938;100
92;2;2;0,3085938;100
92;3;15;0,3085938;100
92;2;2;0,3085938;100
92;2;2;0,3085938;100
92;3;15;0,6416016;100
92;2;2;0,6416016;100
92;2;2;0,6416016;100
92;2;2;0,6416016;100
92;2;2;0,6416016;100
92;2;2;0,6416016;100
92;2;2;0,6416016;100
92;2;2;0,6416016;100
92;2;2;0,6416016;100
92;2;2;0,9746094;100
92;2;2;0,9746094;100
92;2;2;0,9746094;100
92;2;2;0,9746094;100
92;2;2;0,9746094;100
92;2;2;0,9746094;100
92;3;15;0,9746094;100
92;2;2;0,9746094;100
92;2;2;0,9746094;100
92;2;2;0,9746094;100
92;2;2;0,9746094;100
92;2;2;1,307617;100
92;2;2;1,307617;100
92;2;2;1,307617;100
92;2;2;1,307617;100
92;2;2;1,307617;100
92;2;2;1,307617;100
92;2;2;1,307617;100
92;2;2;1,307617;100
92;2;2;1,307617;100
92;2;2;1,307617;100
92;2;2;1,640625;100
92;2;2;1,640625;100
92;2;2;1,640625;100
92;2;2;1,640625;100
92;2;2;1,640625;100
92;2;2;1,640625;100
92;2;2;1,640625;100
92;2;2;1,640625;100
92;2;2;1,640625;100
92;2;2;1,640625;100
92;2;2;1,973633;100
92;2;2;1,973633;100
92;2;2;1,973633;100
92;2;2;1,973633;100
92;2;2;1,973633;100
92;2;2;1,973633;100
92;2;2;1,973633;100
92;2;2;1,973633;100
92;2;2;1,973633;100
92;2;2;1,973633;100
92;2;2;1,973633;100
92;2;2;1,973633;100
92;2;2;1,973633;100
92;2;2;1,973633;100
92;2;2;2,306641;100
92;2;2;2,306641;100
92;2;2;2,306641;100
92;2;2;2,306641;100
92;2;2;2,306641;100
92;2;2;2,306641;100
92;2;2;2,306641;100
92;2;2;2,306641;100
92;2;2;2,306641;100
92;2;2;2,306641;100
92;2;2;2,306641;100
92;3;15;2,306641;100
92;2;2;2,306641;100
92;2;2;2,306641;100
92;2;2;2,639648;100
92;3;15;2,639648;100
92;2;2;2,639648;100
92;2;2;2,639648;100
92;2;2;2,639648;100
92;2;2;2,639648;100
92;2;2;2,639648;100
92;2;2;2,639648;100
92;2;2;2,639648;100
92;2;2;2,639648;100
92;2;2;2,639648;100
92;3;15;2,639648;100
92;2;2;2,639648;100
92;2;2;2,639648;100
92;2;2;2,972656;100
92;2;2;2,972656;100
92;2;2;2,972656;100
92;2;2;2,972656;100
92;2;2;2,972656;100
92;2;2;2,972656;100
92;2;2;2,972656;100
92;2;2;2,972656;100
92;2;2;2,972656;100
92;2;2;2,972656;100
92;2;2;2,972656;100
92;2;2;3,305664;100
92;2;2;3,305664;100
92;2;2;3,305664;100
92;2;2;3,305664;100
92;2;2;3,305664;100
92;2;2;3,305664;100
92;2;2;3,305664;100
92;2;2;3,305664;100
92;2;2;3,305664;100
92;2;2;3,305664;100
92;2;2;3,305664;100
92;2;2;3,305664;100
92;2;2;3,305664;100
92;2;2;3,305664;100
92;2;2;3,305664;100
92;2;2;3,638672;100
92;2;2;3,638672;100
92;2;2;3,638672;100
92;2;2;3,638672;100
92;2;2;3,638672;100
92;2;2;3,638672;100
92;2;2;3,638672;100
92;2;2;3,638672;100
92;2;2;3,638672;100
92;2;2;3,638672;100
92;2;2;3,638672;100
92;2;2;3,638672;100
92;2;2;3,638672;100
92;2;2;3,97168;100
92;2;2;3,97168;100
92;2;2;3,97168;100
92;2;2;3,97168;100
92;2;2;3,97168;100
92;2;2;3,97168;100
92;2;2;3,97168;100
92;2;2;3,97168;100
92;2;2;3,97168;100
92;2;2;3,97168;100
92;2;2;4,304688;100
92;2;2;4,304688;100
92;2;2;4,304688;100
92;3;15;4,304688;100
92;2;2;4,304688;100
92;2;2;4,304688;100
92;2;2;4,304688;100
92;2;2;4,304688;100
92;2;2;4,304688;100
92;2;2;4,304688;100
92;2;2;4,304688;100
92;2;2;4,304688;100
92;2;2;4,304688;100
92;2;2;4,304688;100
92;2;2;4,637695;100
92;2;2;4,637695;100
92;3;15;4,637695;100
92;2;2;4,637695;100
92;3;15;4,637695;100
92;2;2;4,637695;100
92;3;15;4,637695;100
92;3;15;4,637695;100
92;2;2;4,637695;100
92;2;2;4,970703;100
92;2;2;4,970703;100
92;2;2;4,970703;100
92;3;15;4,970703;100
92;2;2;4,970703;100
92;2;2;4,970703;100
92;2;2;4,970703;100
92;2;2;4,970703;100
92;2;2;4,970703;100
92;2;2;4,970703;100
92;3;15;4,970703;100
92;2;2;4,970703;100
92;2;2;4,970703;100
92;2;2;4,970703;100
92;3;15;4,970703;100
92;3;15;5,303711;100
92;2;2;5,303711;100
92;3;15;5,303711;100
92;2;2;5,303711;100
92;2;2;5,303711;100
92;2;2;5,303711;100
92;2;2;5,303711;100
92;2;2;5,303711;100
92;3;15;5,303711;100
92;3;15;5,303711;100
92;2;2;5,303711;100
92;2;2;5,303711;100
92;2;2;5,303711;100
92;2;2;5,303711;100
92;2;2;5,303711;100
92;2;2;5,636719;100
92;3;15;5,636719;100
92;2;2;5,636719;100
92;2;2;5,636719;100
92;3;15;5,636719;100
92;2;2;5,636719;100
92;2;2;5,636719;100
92;2;2;5,636719;100
92;3;15;5,636719;100
92;2;2;5,636719;100
92;3;15;5,636719;100
92;2;2;5,636719;100
92;2;2;5,969727;100
92;2;2;5,969727;100
92;2;2;5,969727;100
92;2;2;5,969727;100
92;2;2;5,969727;100
92;2;2;5,969727;100
92;3;15;5,969727;85
92;2;2;5,969727;85
92;3;15;5,969727;70
92;2;2;5,969727;70
92;2;2;5,969727;70
92;3;15;5,969727;55
92;2;2;5,969727;55
92;2;2;5,969727;55
92;2;2;5,969727;55
92;2;2;6,302734;55
92;2;2;6,302734;55
92;2;2;6,302734;55
92;2;2;6,302734;55
92;2;2;6,302734;55
92;2;2;6,302734;55
92;2;2;6,302734;55
92;2;2;6,302734;55
92;2;2;6,302734;55
92;2;2;6,302734;55
92;2;2;6,302734;55
92;2;2;6,302734;55
92;2;2;6,302734;55
92;2;2;6,302734;55
92;2;2;6,302734;55
92;2;2;6,302734;55
92;2;2;6,302734;55
92;2;2;6,635742;55
92;2;2;6,635742;53
84;2;2;6,635742;51
68;2;2;6,635742;49
60;2;2;6,635742;47
52;3;15;6,635742;32
44;2;2;6,635742;30
36;3;15;6,635742;15
28;2;2;6,635742;13
20;2;2;6,635742;11
-4;3;15;6,635742;-4
Player