92;2;2;42,03613;100
92;2;2;42,03613;100
92;2;2;42,03613;100
92;2;2;42,36963;100
92;2;2;42,36963;100
92;2;2;42,36963;100
92;2;2;42,36963;100
92;2;2;42,36963;100
92;2;2;42,36963;100
92;2;2;42,36963;100
92;2;2;42,36963;100
92;2;2;42,36963;100
92;2;2;42,36963;100
92;2;2;42,36963;100
92;2;2;42,36963;100
92;2;2;42,36963;100
92;2;2;42,36963;100
92;2;2;42,36963;100
92;2;2;42,36963;100
92;2;2;42,70313;100
92;2;2;42,70313;100
92;2;2;42,70313;100
92;2;2;42,70313;100
92;2;2;42,70313;100
92;2;2;42,70313;100
92;2;2;42,70313;100
92;2;2;42,70313;100
92;2;2;42,70313;100
92;2;2;42,70313;100
92;2;2;42,70313;100
92;2;2;42,70313;100
92;2;2;42,70313;100
92;2;2;42,70313;100
92;2;2;42,70313;100
92;2;2;42,70313;100
92;2;2;42,70313;100
92;2;2;43,03662;100
92;2;2;43,03662;100
92;2;2;43,03662;100
92;2;2;43,03662;100
92;2;2;43,03662;100
92;2;2;43,03662;100
92;2;2;43,03662;100
92;2;2;43,03662;100
92;2;2;43,03662;100
92;2;2;43,03662;100
92;2;2;43,03662;100
92;2;2;43,03662;100
92;2;2;43,03662;100
92;2;2;43,03662;100
92;2;2;43,03662;100
92;2;2;43,37012;100
92;2;2;43,37012;100
92;2;2;43,37012;100
92;2;2;43,37012;100
92;2;2;43,37012;100
92;2;2;43,37012;100
92;2;2;43,37012;100
92;2;2;43,37012;100
92;2;2;43,37012;100
92;2;2;43,37012;100
92;2;2;43,37012;100
92;2;2;43,37012;100
92;2;2;43,37012;100
92;2;2;43,37012;100
92;2;2;43,37012;100
92;2;2;43,70361;100
92;2;2;43,70361;100
92;2;2;43,70361;100
92;2;2;43,70361;100
92;2;2;43,70361;100
92;2;2;43,70361;100
92;2;2;43,70361;100
92;2;2;43,70361;100
92;2;2;43,70361;100
92;2;2;43,70361;100
92;2;2;43,70361;100
92;2;2;43,70361;100
92;2;2;43,70361;100
92;2;2;43,70361;100
92;2;2;43,70361;100
92;2;2;44,03711;100
92;2;2;44,03711;100
92;2;2;44,03711;100
92;2;2;44,03711;100
92;2;2;44,03711;100
92;2;2;44,03711;100
92;2;2;44,03711;100
92;2;2;44,03711;100
92;2;2;44,03711;100
92;2;2;44,03711;100
92;2;2;44,03711;100
92;2;2;44,03711;100
92;2;2;44,03711;100
92;2;2;44,03711;100
92;2;2;44,03711;100
92;2;2;44,03711;100
92;2;2;44,37061;100
92;2;2;44,37061;100
92;2;2;44,37061;100
92;2;2;44,37061;100
92;2;2;44,37061;100
92;2;2;44,37061;100
92;2;2;44,37061;100
92;2;2;44,37061;100
92;2;2;44,37061;100
92;2;2;44,37061;100
92;2;2;44,37061;100
92;2;2;44,37061;100
92;2;2;44,37061;100
92;2;2;44,37061;100
92;2;2;44,37061;100
92;2;2;44,7041;100
92;2;2;44,7041;100
92;2;2;44,7041;100
92;2;2;44,7041;100
92;2;2;44,7041;100
92;2;2;44,7041;100
92;2;2;44,7041;100
92;2;2;44,7041;100
92;2;2;44,7041;100
92;2;2;44,7041;100
92;2;2;44,7041;100
92;2;2;44,7041;100
92;2;2;44,7041;100
92;2;2;44,7041;100
92;2;2;44,7041;100
92;2;2;45,0376;100
92;2;2;45,0376;100
92;2;2;45,0376;100
92;2;2;45,0376;100
92;2;2;45,0376;100
92;2;2;45,0376;100
92;2;2;45,0376;100
92;2;2;45,0376;100
92;2;2;45,0376;100
92;2;2;45,0376;100
92;2;2;45,0376;100
92;2;2;45,0376;100
92;2;2;45,37109;100
92;2;2;45,37109;100
92;2;2;45,37109;100
92;2;2;45,37109;100
92;2;2;45,37109;100
92;2;2;45,37109;100
92;2;2;45,37109;100
92;2;2;45,37109;100
92;2;2;45,37109;100
92;2;2;45,37109;100
92;2;2;45,37109;100
92;2;2;45,37109;100
92;2;2;45,70459;100
92;2;2;45,70459;100
92;2;2;45,70459;100
92;2;2;45,70459;100
92;2;2;45,70459;100
92;2;2;45,70459;100
92;2;2;45,70459;100
92;2;2;45,70459;100
92;2;2;45,70459;100
92;2;2;45,70459;100
92;2;2;45,70459;100
92;2;2;45,70459;100
92;2;2;45,70459;100
92;2;2;45,70459;100
92;2;2;46,03809;100
92;2;2;46,03809;100
92;2;2;46,03809;100
92;2;2;46,03809;100
92;2;2;46,03809;100
92;2;2;46,03809;100
92;2;2;46,03809;100
92;2;2;46,03809;100
92;2;2;46,03809;100
92;2;2;46,03809;100
92;2;2;46,03809;100
92;2;2;46,03809;100
92;2;2;46,03809;100
92;2;2;46,03809;100
92;2;2;46,03809;100
92;2;2;46,37158;100
92;2;2;46,37158;100
92;2;2;46,37158;100
92;2;2;46,37158;100
92;2;2;46,37158;100
92;2;2;46,37158;100
92;2;2;46,37158;100
92;2;2;46,37158;100
92;2;2;46,37158;100
92;2;2;46,37158;100
92;2;2;46,37158;100
92;2;2;46,37158;100
92;2;2;46,70508;100
92;2;2;46,70508;100
92;2;2;46,70508;100
92;2;2;46,70508;100
92;2;2;46,70508;100
92;2;2;46,70508;100
92;2;2;46,70508;100
92;2;2;46,70508;100
92;2;2;46,70508;100
92;2;2;46,70508;100
92;2;2;46,70508;100
92;2;2;46,70508;100
92;2;2;46,70508;100
92;2;2;47,03857;100
92;2;2;47,03857;100
92;2;2;47,03857;100
92;2;2;47,03857;100
92;2;2;47,03857;100
92;2;2;47,03857;100
92;2;2;47,03857;100
92;2;2;47,03857;100
92;2;2;47,03857;100
92;2;2;47,03857;100
92;2;2;47,03857;100
92;2;2;47,03857;100
92;2;2;47,03857;100
92;2;2;47,03857;100
92;2;2;47,37207;100
92;2;2;47,37207;100
92;2;2;47,37207;100
92;2;2;47,37207;100
92;2;2;47,37207;100
92;2;2;47,37207;100
92;2;2;47,37207;100
92;2;2;47,37207;100
92;2;2;47,37207;100
92;2;2;47,37207;100
92;2;2;47,37207;100
92;2;2;47,37207;100
92;2;2;47,37207;100
92;2;2;47,37207;100
92;2;2;47,70557;100
92;2;2;47,70557;100
92;2;2;47,70557;100
92;2;2;47,70557;100
92;2;2;47,70557;100
92;2;2;47,70557;100
92;2;2;47,70557;100
92;2;2;47,70557;100
92;2;2;47,70557;100
92;2;2;47,70557;100
92;2;2;48,03906;100
92;2;2;48,03906;100
92;2;2;48,03906;100
92;2;2;48,03906;100
92;2;2;48,03906;100
92;2;2;48,03906;100
92;2;2;48,03906;100
92;2;2;48,03906;100
92;2;2;48,03906;100
92;2;2;48,03906;100
92;2;2;48,03906;100
92;2;2;48,03906;100
92;2;2;48,03906;100
92;2;2;48,03906;100
92;2;2;48,37256;100
92;2;2;48,37256;100
92;2;2;48,37256;100
92;2;2;48,37256;100
92;2;2;48,37256;100
92;2;2;48,37256;100
92;2;2;48,37256;100
92;2;2;48,37256;100
92;2;2;48,37256;100
92;2;2;48,37256;100
92;2;2;48,37256;100
92;2;2;48,37256;100
92;2;2;48,70605;100
92;2;2;48,70605;100
92;2;2;48,70605;100
92;2;2;48,70605;100
92;2;2;48,70605;100
92;2;2;48,70605;100
92;2;2;48,70605;100
92;2;2;48,70605;100
92;2;2;48,70605;100
92;2;2;48,70605;100
92;2;2;48,70605;100
92;2;2;49,03955;100
92;2;2;49,03955;100
92;2;2;49,03955;100
92;2;2;49,03955;100
92;2;2;49,03955;100
92;2;2;49,03955;100
92;2;2;49,03955;100
92;2;2;49,03955;100
92;2;2;49,03955;100
92;2;2;49,03955;100
92;2;2;49,37305;100
92;2;2;49,37305;100
92;2;2;49,37305;100
92;2;2;49,37305;100
92;2;2;49,37305;100
92;2;2;49,37305;100
92;2;2;49,37305;100
84;2;2;49,70654;98
76;2;2;49,70654;96
Boss