92;2;2;42,98926;100
92;2;2;42,98926;100
92;2;2;43,32275;100
92;2;2;43,32275;100
92;2;2;43,32275;100
92;2;2;43,32275;100
92;2;2;43,32275;100
92;2;2;43,32275;100
92;2;2;43,32275;100
92;2;2;43,32275;100
92;2;2;43,32275;100
92;2;2;43,32275;100
92;2;2;43,32275;100
92;2;2;43,32275;100
92;2;2;43,32275;100
92;2;2;43,32275;100
92;2;2;43,32275;100
92;2;2;43,32275;100
92;2;2;43,65625;100
92;2;2;43,65625;100
92;2;2;43,65625;100
92;2;2;43,65625;100
92;2;2;43,65625;100
92;2;2;43,65625;100
92;2;2;43,65625;100
92;2;2;43,65625;100
92;2;2;43,65625;100
92;2;2;43,65625;100
92;2;2;43,65625;100
92;2;2;43,65625;100
92;2;2;43,65625;100
92;2;2;43,65625;100
92;2;2;43,65625;100
92;2;2;43,65625;100
92;2;2;43,65625;100
92;2;2;43,98975;100
92;2;2;43,98975;100
92;2;2;43,98975;100
92;2;2;43,98975;100
92;2;2;43,98975;100
92;2;2;43,98975;100
92;2;2;43,98975;100
92;2;2;43,98975;100
92;2;2;43,98975;100
92;2;2;43,98975;100
92;2;2;43,98975;100
92;2;2;43,98975;100
92;2;2;43,98975;100
92;2;2;43,98975;100
92;2;2;43,98975;100
92;2;2;43,98975;100
92;2;2;44,32324;100
92;2;2;44,32324;100
92;2;2;44,32324;100
92;2;2;44,32324;100
92;2;2;44,32324;100
92;2;2;44,32324;100
92;2;2;44,32324;100
92;2;2;44,32324;100
92;2;2;44,32324;100
92;2;2;44,32324;100
92;2;2;44,32324;100
92;2;2;44,32324;100
92;2;2;44,32324;100
92;2;2;44,32324;100
92;2;2;44,32324;100
92;2;2;44,32324;100
92;2;2;44,65674;100
92;2;2;44,65674;100
92;2;2;44,65674;100
92;2;2;44,65674;100
92;2;2;44,65674;100
92;2;2;44,65674;100
92;2;2;44,65674;100
92;2;2;44,65674;100
92;2;2;44,65674;100
92;2;2;44,65674;100
92;2;2;44,65674;100
92;2;2;44,65674;100
92;2;2;44,65674;100
92;2;2;44,65674;100
92;2;2;44,65674;100
92;2;2;44,65674;100
92;2;2;44,65674;100
92;2;2;44,99023;100
92;2;2;44,99023;100
92;2;2;44,99023;100
92;2;2;44,99023;100
92;2;2;44,99023;100
92;2;2;44,99023;100
92;2;2;44,99023;100
92;2;2;44,99023;100
92;2;2;44,99023;100
92;2;2;44,99023;100
92;2;2;44,99023;100
92;2;2;44,99023;100
92;2;2;44,99023;100
92;2;2;44,99023;100
92;2;2;44,99023;100
92;2;2;44,99023;100
92;2;2;45,32373;100
92;2;2;45,32373;100
92;2;2;45,32373;100
92;2;2;45,32373;100
92;2;2;45,32373;100
92;2;2;45,32373;100
92;2;2;45,32373;100
92;2;2;45,32373;100
92;2;2;45,32373;100
92;2;2;45,32373;100
92;2;2;45,32373;100
92;2;2;45,32373;100
92;2;2;45,32373;100
92;2;2;45,32373;100
92;2;2;45,32373;100
92;2;2;45,32373;100
92;2;2;45,32373;100
92;2;2;45,65723;100
92;2;2;45,65723;100
92;2;2;45,65723;100
92;2;2;45,65723;100
92;2;2;45,65723;100
92;2;2;45,65723;100
92;2;2;45,65723;100
92;2;2;45,65723;100
92;2;2;45,65723;100
92;2;2;45,65723;100
92;2;2;45,65723;100
92;2;2;45,65723;100
92;2;2;45,65723;100
92;2;2;45,65723;100
92;2;2;45,65723;100
92;2;2;45,65723;100
92;2;2;45,65723;100
92;2;2;45,99072;100
92;2;2;45,99072;100
92;2;2;45,99072;100
92;2;2;45,99072;100
92;2;2;45,99072;100
92;2;2;45,99072;100
92;2;2;45,99072;100
92;2;2;45,99072;100
92;2;2;45,99072;100
92;2;2;45,99072;100
92;2;2;45,99072;100
92;2;2;45,99072;100
92;2;2;45,99072;100
92;2;2;45,99072;100
92;2;2;45,99072;100
92;2;2;46,32422;100
92;2;2;46,32422;100
92;2;2;46,32422;100
92;2;2;46,32422;100
92;2;2;46,32422;100
92;2;2;46,32422;100
92;2;2;46,32422;100
92;2;2;46,32422;100
92;2;2;46,32422;100
92;2;2;46,32422;100
92;2;2;46,32422;100
92;2;2;46,32422;100
92;2;2;46,32422;100
92;2;2;46,32422;100
92;2;2;46,65771;100
92;2;2;46,65771;100
92;2;2;46,65771;100
92;2;2;46,65771;100
92;2;2;46,65771;100
92;2;2;46,65771;100
92;2;2;46,65771;100
92;2;2;46,65771;100
92;2;2;46,65771;100
92;2;2;46,65771;100
92;2;2;46,65771;100
92;2;2;46,65771;100
92;2;2;46,65771;100
92;2;2;46,65771;100
92;2;2;46,65771;100
92;2;2;46,65771;100
92;2;2;46,99121;100
92;2;2;46,99121;100
92;2;2;46,99121;100
92;2;2;46,99121;100
92;2;2;46,99121;100
92;2;2;46,99121;100
92;2;2;46,99121;100
92;2;2;46,99121;100
92;2;2;46,99121;100
92;2;2;46,99121;100
92;2;2;46,99121;100
92;2;2;46,99121;100
92;2;2;46,99121;100
92;2;2;46,99121;100
92;2;2;46,99121;100
92;2;2;46,99121;100
92;2;2;47,32471;100
92;2;2;47,32471;100
92;2;2;47,32471;100
92;2;2;47,32471;100
92;2;2;47,32471;100
92;2;2;47,32471;100
92;2;2;47,32471;100
92;2;2;47,32471;100
92;2;2;47,32471;100
92;2;2;47,32471;100
92;2;2;47,32471;100
92;2;2;47,32471;100
92;2;2;47,32471;100
92;2;2;47,32471;100
92;2;2;47,6582;100
92;2;2;47,6582;100
92;2;2;47,6582;100
92;2;2;47,6582;100
92;2;2;47,6582;100
92;2;2;47,6582;100
92;2;2;47,6582;100
92;2;2;47,6582;100
92;2;2;47,6582;100
92;2;2;47,6582;100
92;2;2;47,6582;100
92;2;2;47,6582;100
92;2;2;47,6582;100
92;2;2;47,6582;100
92;2;2;47,6582;100
92;2;2;47,6582;100
92;2;2;47,9917;100
92;2;2;47,9917;100
92;2;2;47,9917;100
92;2;2;47,9917;100
92;2;2;47,9917;100
92;2;2;47,9917;100
92;2;2;47,9917;100
92;2;2;47,9917;100
92;2;2;47,9917;100
92;2;2;47,9917;100
92;2;2;47,9917;100
92;2;2;47,9917;100
92;2;2;47,9917;100
92;2;2;47,9917;100
92;2;2;47,9917;100
92;2;2;47,9917;100
92;2;2;48,3252;100
92;2;2;48,3252;100
92;2;2;48,3252;100
92;2;2;48,3252;100
92;2;2;48,3252;100
92;2;2;48,3252;100
92;2;2;48,3252;100
92;2;2;48,3252;100
92;2;2;48,3252;100
92;2;2;48,3252;100
92;2;2;48,3252;100
92;2;2;48,3252;100
92;2;2;48,3252;100
92;2;2;48,3252;100
92;2;2;48,65869;100
92;2;2;48,65869;100
92;2;2;48,65869;100
92;2;2;48,65869;100
92;2;2;48,65869;100
92;2;2;48,65869;100
92;2;2;48,65869;100
92;2;2;48,65869;100
92;2;2;48,65869;100
92;2;2;48,65869;100
92;2;2;48,65869;100
92;2;2;48,65869;100
92;2;2;48,65869;100
92;2;2;48,65869;100
92;2;2;48,65869;100
92;2;2;48,99219;100
92;2;2;48,99219;100
92;2;2;48,99219;100
92;2;2;48,99219;100
92;2;2;48,99219;100
92;2;2;48,99219;100
92;2;2;48,99219;100
92;2;2;48,99219;100
92;2;2;48,99219;100
92;2;2;48,99219;100
92;2;2;48,99219;100
92;2;2;48,99219;100
92;2;2;48,99219;100
92;2;2;49,32568;100
92;2;2;49,32568;100
92;2;2;49,32568;100
92;2;2;49,32568;100
92;2;2;49,32568;100
92;2;2;49,32568;100
92;2;2;49,32568;100
92;2;2;49,32568;100
92;2;2;49,32568;100
92;2;2;49,32568;100
92;2;2;49,32568;100
92;2;2;49,32568;100
92;2;2;49,32568;100
92;2;2;49,32568;100
92;2;2;49,32568;100
92;2;2;49,65918;100
92;2;2;49,65918;100
92;2;2;49,65918;100
92;2;2;49,65918;100
92;2;2;49,65918;100
92;2;2;49,65918;100
92;2;2;49,65918;100
92;2;2;49,65918;100
92;2;2;49,65918;100
92;2;2;49,65918;100
92;2;2;49,65918;100
92;2;2;49,99268;100
92;2;2;49,99268;100
92;2;2;49,99268;100
92;2;2;49,99268;100
92;2;2;49,99268;100
92;2;2;49,99268;100
92;2;2;49,99268;100
92;2;2;49,99268;100
92;2;2;49,99268;100
92;2;2;49,99268;100
92;2;2;49,99268;100
92;2;2;49,99268;100
92;2;2;49,99268;100
92;2;2;49,99268;100
92;2;2;50,32617;100
92;2;2;50,32617;100
92;2;2;50,32617;100
92;2;2;50,32617;100
92;2;2;50,32617;100
92;2;2;50,32617;100
92;2;2;50,32617;100
92;2;2;50,32617;100
92;2;2;50,32617;100
92;2;2;50,32617;100
92;2;2;50,32617;100
92;2;2;50,65967;100
92;2;2;50,65967;100
92;2;2;50,65967;100
92;2;2;50,65967;100
92;2;2;50,65967;100
92;2;2;50,65967;100
92;2;2;50,65967;100
92;2;2;50,65967;100
92;2;2;50,65967;100
92;2;2;50,65967;100
92;2;2;50,65967;100
92;2;2;50,65967;100
92;2;2;50,99316;100
92;2;2;50,99316;100
92;2;2;50,99316;100
92;3;15;50,99316;100
92;2;2;50,99316;100
92;2;2;50,99316;100
92;2;2;50,99316;100
92;2;2;50,99316;100
92;2;2;50,99316;100
92;2;2;50,99316;100
92;2;2;50,99316;100
92;2;2;50,99316;100
92;2;2;51,32666;100
92;2;2;51,32666;100
92;2;2;51,32666;100
92;2;2;51,32666;100
92;2;2;51,32666;100
92;2;2;51,32666;100
92;2;2;51,32666;100
92;2;2;51,32666;100
92;2;2;51,32666;100
92;2;2;51,66016;100
92;2;2;51,66016;100
92;2;2;51,66016;100
92;2;2;51,66016;100
92;2;2;51,66016;100
92;2;2;51,66016;100
92;2;2;51,66016;100
92;2;2;51,66016;100
92;2;2;51,66016;100
92;2;2;51,66016;100
92;2;2;51,66016;100
92;2;2;51,66016;100
92;2;2;51,99365;100
92;2;2;51,99365;100
92;2;2;51,99365;100
92;2;2;51,99365;100
92;2;2;51,99365;100
92;2;2;51,99365;100
92;2;2;51,99365;100
92;2;2;51,99365;100
92;2;2;52,32715;100
92;2;2;52,32715;100
92;2;2;52,32715;100
92;2;2;52,32715;100
92;2;2;52,32715;100
92;2;2;52,32715;100
92;2;2;52,32715;100
92;2;2;52,32715;100
92;2;2;52,32715;100
92;2;2;52,32715;100
92;2;2;52,32715;100
92;2;2;52,66064;100
92;2;2;52,66064;100
92;2;2;52,66064;100
92;2;2;52,66064;100
92;2;2;52,66064;100
92;2;2;52,66064;100
92;2;2;52,66064;100
92;2;2;52,66064;100
92;2;2;52,66064;100
92;2;2;52,66064;100
92;2;2;52,66064;100
92;2;2;52,99414;100
92;2;2;52,99414;98
84;2;2;52,99414;96
76;2;2;52,99414;94
60;2;2;52,99414;92
Boss