92;2;2;31,5918;100
92;2;2;31,5918;100
92;2;2;31,5918;100
92;2;2;31,92529;100
92;2;2;31,92529;100
92;2;2;31,92529;100
92;2;2;31,92529;100
92;2;2;31,92529;100
92;2;2;31,92529;100
92;2;2;31,92529;100
92;2;2;31,92529;100
92;2;2;31,92529;100
92;2;2;31,92529;100
92;2;2;31,92529;100
92;2;2;31,92529;100
92;2;2;31,92529;100
92;2;2;31,92529;100
92;2;2;31,92529;100
92;2;2;31,92529;100
92;2;2;32,25879;100
92;2;2;32,25879;100
92;2;2;32,25879;100
92;2;2;32,25879;100
92;2;2;32,25879;100
92;2;2;32,25879;100
92;2;2;32,25879;100
92;2;2;32,25879;100
92;2;2;32,25879;100
92;2;2;32,25879;100
92;2;2;32,25879;100
92;2;2;32,25879;100
92;2;2;32,25879;100
92;2;2;32,25879;100
92;2;2;32,25879;100
92;2;2;32,25879;100
92;2;2;32,25879;100
92;2;2;32,59229;100
92;2;2;32,59229;100
92;2;2;32,59229;100
92;2;2;32,59229;100
92;2;2;32,59229;100
92;2;2;32,59229;100
92;2;2;32,59229;100
92;2;2;32,59229;100
92;2;2;32,59229;100
92;2;2;32,59229;100
92;2;2;32,59229;100
92;2;2;32,59229;100
92;2;2;32,59229;100
92;2;2;32,59229;100
92;2;2;32,59229;100
92;2;2;32,59229;100
92;2;2;32,59229;100
92;2;2;32,92578;100
92;2;2;32,92578;100
92;2;2;32,92578;100
92;2;2;32,92578;100
92;2;2;32,92578;100
92;2;2;32,92578;100
92;2;2;32,92578;100
92;2;2;32,92578;100
92;2;2;32,92578;100
92;2;2;32,92578;100
92;2;2;32,92578;100
92;2;2;32,92578;100
92;2;2;32,92578;100
92;2;2;32,92578;100
92;2;2;32,92578;100
92;2;2;33,25928;100
92;2;2;33,25928;100
92;2;2;33,25928;100
92;2;2;33,25928;100
92;2;2;33,25928;100
92;2;2;33,25928;100
92;2;2;33,25928;100
92;2;2;33,25928;100
92;2;2;33,25928;100
92;2;2;33,25928;100
92;2;2;33,25928;100
92;2;2;33,25928;100
92;2;2;33,25928;100
92;2;2;33,25928;100
92;2;2;33,25928;100
92;2;2;33,25928;100
92;2;2;33,59277;100
92;2;2;33,59277;100
92;2;2;33,59277;100
92;2;2;33,59277;100
92;2;2;33,59277;100
92;2;2;33,59277;100
92;2;2;33,59277;100
92;2;2;33,59277;100
92;2;2;33,59277;100
92;2;2;33,59277;100
92;2;2;33,59277;100
92;2;2;33,59277;100
92;2;2;33,59277;100
92;2;2;33,59277;100
92;2;2;33,59277;100
92;2;2;33,59277;100
92;2;2;33,59277;100
92;2;2;33,92627;100
92;2;2;33,92627;100
92;2;2;33,92627;100
92;2;2;33,92627;100
92;2;2;33,92627;100
92;2;2;33,92627;100
92;2;2;33,92627;100
92;2;2;33,92627;100
92;2;2;33,92627;100
92;2;2;33,92627;100
92;2;2;33,92627;100
92;2;2;33,92627;100
92;2;2;33,92627;100
92;2;2;33,92627;100
92;2;2;33,92627;100
92;2;2;33,92627;100
92;2;2;34,25977;100
92;2;2;34,25977;100
92;2;2;34,25977;100
92;2;2;34,25977;100
92;2;2;34,25977;100
92;2;2;34,25977;100
92;2;2;34,25977;100
92;2;2;34,25977;100
92;2;2;34,25977;100
92;2;2;34,25977;100
92;2;2;34,25977;100
92;2;2;34,25977;100
92;2;2;34,25977;100
92;2;2;34,25977;100
92;2;2;34,25977;100
92;2;2;34,59326;100
92;2;2;34,59326;100
92;2;2;34,59326;100
92;2;2;34,59326;100
92;2;2;34,59326;100
92;2;2;34,59326;100
92;2;2;34,59326;100
92;2;2;34,59326;100
92;2;2;34,59326;100
92;2;2;34,59326;100
92;2;2;34,59326;100
92;2;2;34,59326;100
92;2;2;34,59326;100
92;2;2;34,59326;100
92;2;2;34,59326;100
92;2;2;34,92676;100
92;2;2;34,92676;100
92;2;2;34,92676;100
92;2;2;34,92676;100
92;2;2;34,92676;100
92;2;2;34,92676;100
92;2;2;34,92676;100
92;2;2;34,92676;100
92;2;2;34,92676;100
92;2;2;34,92676;100
92;2;2;34,92676;100
92;2;2;34,92676;100
92;2;2;34,92676;100
92;2;2;34,92676;100
92;2;2;35,26025;100
92;2;2;35,26025;100
92;2;2;35,26025;100
92;2;2;35,26025;100
92;2;2;35,26025;100
92;2;2;35,26025;100
92;2;2;35,26025;100
92;2;2;35,26025;100
92;2;2;35,26025;100
92;2;2;35,26025;100
92;2;2;35,26025;100
92;2;2;35,26025;100
92;2;2;35,26025;100
92;2;2;35,26025;100
92;2;2;35,59375;100
92;2;2;35,59375;100
92;2;2;35,59375;100
92;2;2;35,59375;100
92;2;2;35,59375;100
92;2;2;35,59375;100
92;2;2;35,59375;100
92;2;2;35,59375;100
92;2;2;35,59375;100
92;2;2;35,59375;100
92;2;2;35,59375;100
92;2;2;35,59375;100
92;2;2;35,59375;100
92;2;2;35,59375;100
92;2;2;35,59375;100
92;2;2;35,92725;100
92;2;2;35,92725;100
92;2;2;35,92725;100
92;2;2;35,92725;100
92;2;2;35,92725;100
92;2;2;35,92725;100
92;2;2;35,92725;100
92;2;2;35,92725;100
92;2;2;35,92725;100
92;2;2;35,92725;100
92;2;2;35,92725;100
92;2;2;35,92725;100
92;2;2;35,92725;100
92;2;2;35,92725;100
92;2;2;35,92725;100
92;2;2;35,92725;100
92;2;2;36,26074;100
92;2;2;36,26074;100
92;2;2;36,26074;100
92;2;2;36,26074;100
92;2;2;36,26074;100
92;2;2;36,26074;100
92;2;2;36,26074;100
92;2;2;36,26074;100
92;2;2;36,26074;100
92;2;2;36,26074;100
92;2;2;36,26074;100
92;2;2;36,26074;100
92;2;2;36,26074;100
92;2;2;36,59424;100
92;2;2;36,59424;100
92;2;2;36,59424;100
92;2;2;36,59424;100
92;2;2;36,59424;100
92;2;2;36,59424;100
92;2;2;36,59424;100
92;2;2;36,59424;100
92;2;2;36,59424;100
92;2;2;36,59424;100
92;2;2;36,59424;100
92;2;2;36,59424;100
92;2;2;36,59424;100
92;2;2;36,92773;100
92;2;2;36,92773;100
92;2;2;36,92773;100
92;2;2;36,92773;100
92;2;2;36,92773;100
92;2;2;36,92773;100
92;2;2;36,92773;100
92;2;2;36,92773;100
92;2;2;36,92773;100
92;2;2;36,92773;100
92;2;2;36,92773;100
92;2;2;36,92773;100
92;2;2;36,92773;100
92;2;2;36,92773;100
92;2;2;37,26123;100
92;2;2;37,26123;100
92;2;2;37,26123;100
92;2;2;37,26123;100
92;2;2;37,26123;100
92;2;2;37,26123;100
92;2;2;37,26123;100
92;2;2;37,26123;100
92;2;2;37,26123;100
92;2;2;37,26123;100
92;2;2;37,26123;100
92;2;2;37,26123;100
92;2;2;37,59473;100
92;2;2;37,59473;100
92;2;2;37,59473;100
92;2;2;37,59473;100
92;2;2;37,59473;100
92;2;2;37,59473;100
92;2;2;37,59473;100
92;2;2;37,59473;100
92;2;2;37,59473;100
92;2;2;37,59473;100
92;2;2;37,59473;100
92;2;2;37,92822;100
92;2;2;37,92822;100
92;2;2;37,92822;100
92;2;2;37,92822;100
92;2;2;37,92822;100
92;2;2;37,92822;100
92;2;2;37,92822;100
92;2;2;37,92822;100
92;2;2;37,92822;100
92;2;2;37,92822;100
92;2;2;37,92822;100
92;2;2;37,92822;100
92;2;2;38,26172;100
92;2;2;38,26172;100
92;2;2;38,26172;100
92;2;2;38,26172;100
92;2;2;38,26172;100
92;2;2;38,26172;100
92;2;2;38,26172;100
92;2;2;38,26172;100
92;2;2;38,26172;100
92;2;2;38,26172;100
92;2;2;38,26172;100
92;2;2;38,59521;100
92;2;2;38,59521;100
92;2;2;38,59521;100
92;2;2;38,59521;100
92;2;2;38,59521;100
92;2;2;38,59521;100
92;2;2;38,92871;100
92;2;2;38,92871;100
92;2;2;38,92871;100
92;2;2;38,92871;100
92;2;2;38,92871;100
92;2;2;38,92871;100
92;2;2;38,92871;100
92;2;2;38,92871;100
92;2;2;38,92871;100
92;2;2;38,92871;100
92;2;2;38,92871;100
92;2;2;38,92871;100
92;2;2;38,92871;100
92;2;2;39,26221;100
92;2;2;39,26221;100
92;2;2;39,26221;100
92;2;2;39,26221;100
92;2;2;39,26221;100
92;2;2;39,26221;100
92;2;2;39,26221;100
92;2;2;39,26221;100
92;2;2;39,5957;100
52;2;2;39,5957;98
Boss