92;2;2;54,22168;100
92;2;2;54,22168;100
92;2;2;54,22168;100
92;2;2;54,55469;100
92;2;2;54,55469;100
92;2;2;54,55469;100
92;2;2;54,55469;100
92;2;2;54,55469;100
92;2;2;54,55469;100
92;2;2;54,55469;100
92;2;2;54,55469;100
92;2;2;54,55469;100
92;2;2;54,55469;100
92;2;2;54,55469;100
92;2;2;54,8877;100
92;2;2;54,8877;100
92;2;2;54,8877;100
92;2;2;54,8877;100
92;2;2;54,8877;100
92;2;2;54,8877;100
92;2;2;54,8877;100
92;2;2;54,8877;100
92;2;2;54,8877;100
92;2;2;54,8877;100
92;2;2;54,8877;100
92;2;2;54,8877;100
92;2;2;55,2207;100
92;2;2;55,2207;100
92;2;2;55,2207;100
92;2;2;55,2207;100
92;2;2;55,2207;100
92;2;2;55,2207;100
92;2;2;55,2207;100
92;2;2;55,2207;100
92;2;2;55,2207;100
92;2;2;55,2207;100
92;2;2;55,2207;100
92;2;2;55,2207;100
92;2;2;55,2207;100
92;2;2;55,2207;100
92;2;2;55,2207;100
92;2;2;55,55371;100
92;2;2;55,55371;100
92;2;2;55,55371;100
92;2;2;55,55371;100
92;2;2;55,55371;100
92;2;2;55,55371;100
92;2;2;55,55371;100
92;2;2;55,55371;100
92;2;2;55,55371;100
92;2;2;55,55371;100
92;2;2;55,55371;100
92;2;2;55,55371;100
92;2;2;55,55371;100
92;2;2;55,88672;100
92;2;2;55,88672;100
92;2;2;55,88672;100
92;2;2;55,88672;100
92;2;2;55,88672;100
92;2;2;55,88672;100
92;2;2;55,88672;100
92;2;2;55,88672;100
92;2;2;55,88672;100
92;2;2;55,88672;100
92;2;2;55,88672;100
92;2;2;56,21973;100
92;2;2;56,21973;100
92;3;15;56,21973;100
92;2;2;56,21973;100
92;2;2;56,21973;100
92;2;2;56,21973;100
92;2;2;56,21973;100
92;2;2;56,21973;100
92;2;2;56,21973;100
92;2;2;56,21973;100
92;2;2;56,21973;100
92;2;2;56,21973;100
92;2;2;56,21973;100
92;2;2;56,21973;100
92;2;2;56,21973;100
92;2;2;56,55273;100
92;2;2;56,55273;100
92;2;2;56,55273;100
92;2;2;56,55273;100
92;2;2;56,55273;100
92;2;2;56,55273;100
92;2;2;56,55273;100
92;2;2;56,55273;100
92;2;2;56,55273;100
92;2;2;56,55273;100
92;2;2;56,55273;100
92;2;2;56,55273;100
92;2;2;56,55273;100
92;2;2;56,55273;100
92;2;2;56,55273;100
92;2;2;56,55273;100
92;2;2;56,88574;100
92;2;2;56,88574;100
92;2;2;56,88574;100
92;2;2;56,88574;100
92;2;2;56,88574;100
92;2;2;56,88574;100
92;2;2;56,88574;100
92;2;2;56,88574;100
92;2;2;56,88574;100
92;2;2;56,88574;100
92;2;2;56,88574;100
92;2;2;56,88574;100
92;2;2;56,88574;100
92;2;2;56,88574;100
92;2;2;57,21875;100
92;2;2;57,21875;100
92;2;2;57,21875;100
92;2;2;57,21875;100
92;2;2;57,21875;100
92;2;2;57,21875;100
92;2;2;57,21875;100
92;2;2;57,21875;100
92;2;2;57,21875;100
92;2;2;57,21875;100
92;2;2;57,21875;100
92;2;2;57,55176;100
92;2;2;57,55176;100
92;2;2;57,55176;100
92;2;2;57,55176;100
92;2;2;57,55176;100
92;2;2;57,55176;100
92;2;2;57,55176;100
92;2;2;57,55176;100
92;2;2;57,55176;100
92;2;2;57,55176;100
92;2;2;57,55176;100
92;2;2;57,55176;100
92;2;2;57,55176;100
92;2;2;57,55176;100
92;2;2;57,55176;100
92;2;2;57,55176;100
92;2;2;57,55176;100
92;2;2;57,88477;100
92;2;2;57,88477;100
92;2;2;57,88477;100
92;2;2;57,88477;100
92;2;2;57,88477;100
92;2;2;57,88477;100
92;2;2;57,88477;100
92;2;2;57,88477;100
92;2;2;57,88477;100
92;2;2;57,88477;100
92;2;2;57,88477;100
92;2;2;57,88477;100
92;2;2;57,88477;100
92;2;2;57,88477;100
92;2;2;57,88477;100
92;2;2;58,21777;100
92;2;2;58,21777;100
92;2;2;58,21777;100
92;2;2;58,21777;100
92;2;2;58,21777;100
92;2;2;58,21777;100
92;2;2;58,21777;100
92;2;2;58,21777;100
92;2;2;58,21777;100
92;2;2;58,21777;100
92;2;2;58,21777;100
92;3;15;58,21777;100
92;2;2;58,21777;100
92;2;2;58,55078;100
92;3;15;58,55078;100
92;2;2;58,55078;100
92;2;2;58,55078;100
92;2;2;58,55078;100
92;2;2;58,55078;100
92;2;2;58,55078;100
92;2;2;58,55078;100
92;2;2;58,55078;100
92;2;2;58,55078;100
92;2;2;58,55078;100
92;2;2;58,55078;100
92;2;2;58,55078;100
92;2;2;58,55078;100
92;2;2;58,88379;100
92;2;2;58,88379;100
92;2;2;58,88379;100
92;2;2;58,88379;100
92;2;2;58,88379;100
92;2;2;58,88379;100
92;2;2;58,88379;100
92;2;2;58,88379;100
92;2;2;58,88379;100
92;2;2;58,88379;100
92;3;15;58,88379;100
92;3;15;58,88379;100
92;2;2;58,88379;100
92;2;2;58,88379;100
92;2;2;58,88379;100
92;2;2;59,2168;100
92;2;2;59,2168;100
92;2;2;59,2168;100
92;2;2;59,2168;100
92;2;2;59,2168;100
92;2;2;59,2168;100
92;2;2;59,2168;100
92;2;2;59,2168;100
92;2;2;59,2168;100
92;2;2;59,2168;100
92;2;2;59,2168;100
92;3;15;59,2168;100
92;2;2;59,2168;100
92;3;15;59,2168;100
92;3;15;59,2168;100
92;2;2;59,2168;100
92;2;2;59,5498;100
92;2;2;59,5498;100
92;2;2;59,5498;100
92;2;2;59,5498;100
92;2;2;59,5498;100
92;2;2;59,5498;100
92;2;2;59,5498;100
92;3;15;59,5498;100
92;2;2;59,5498;100
92;2;2;59,5498;100
92;2;2;59,5498;100
92;2;2;59,88281;100
92;2;2;59,88281;100
92;2;2;59,88281;100
92;3;15;59,88281;100
92;3;15;59,88281;100
92;2;2;59,88281;100
92;2;2;59,88281;100
92;2;2;59,88281;100
92;2;2;59,88281;100
92;2;2;59,88281;100
92;2;2;59,88281;100
92;2;2;59,88281;100
92;2;2;59,88281;100
92;2;2;0,2158203;100
92;2;2;0,2158203;100
92;2;2;0,2158203;100
92;2;2;0,2158203;100
92;2;2;0,2158203;100
92;3;15;0,2158203;85
92;3;15;0,2158203;70
92;2;2;0,2158203;70
92;2;2;0,2158203;70
92;2;2;0,2158203;70
92;2;2;0,2158203;70
92;2;2;0,2158203;70
92;2;2;0,2158203;70
92;2;2;0,2158203;70
92;2;2;0,2158203;70
92;2;2;0,2158203;70
92;2;2;0,5488281;70
92;2;2;0,5488281;70
92;2;2;0,5488281;70
92;2;2;0,5488281;70
92;2;2;0,5488281;70
92;2;2;0,5488281;70
92;2;2;0,5488281;70
92;2;2;0,5488281;70
92;3;15;0,5488281;55
92;2;2;0,5488281;55
92;2;2;0,5488281;55
92;2;2;0,5488281;55
92;2;2;0,5488281;55
92;2;2;0,5488281;55
92;2;2;0,5488281;55
92;2;2;0,5488281;55
92;2;2;0,5488281;55
92;2;2;0,8818359;55
92;2;2;0,8818359;53
84;2;2;0,8818359;51
76;2;2;0,8818359;49
68;2;2;0,8818359;47
60;2;2;0,8818359;45
52;2;2;0,8818359;43
44;2;2;0,8818359;41
36;3;15;0,8818359;26
28;2;2;0,8818359;24
20;2;2;0,8818359;22
12;2;2;0,8818359;20
4;3;15;0,8818359;5
-4;3;15;0,8818359;-10
Player