92;2;2;54,13867;100
92;2;2;54,47168;100
92;2;2;54,47168;100
92;3;15;54,47168;100
92;2;2;54,47168;100
92;2;2;54,47168;100
92;2;2;54,47168;100
92;2;2;54,47168;100
92;2;2;54,47168;100
92;2;2;54,80469;100
92;2;2;54,80469;100
92;3;15;54,80469;100
92;2;2;54,80469;100
92;2;2;54,80469;100
92;2;2;54,80469;100
92;2;2;54,80469;100
92;2;2;54,80469;100
92;2;2;55,1377;100
92;2;2;55,1377;100
92;2;2;55,1377;100
92;2;2;55,1377;100
92;2;2;55,1377;100
92;2;2;55,1377;100
92;2;2;55,1377;100
92;2;2;55,1377;100
92;2;2;55,1377;100
92;2;2;55,1377;100
92;2;2;55,1377;100
92;2;2;55,4707;100
92;2;2;55,4707;100
92;2;2;55,4707;100
92;2;2;55,4707;100
92;2;2;55,4707;100
92;2;2;55,4707;100
92;2;2;55,4707;100
92;2;2;55,4707;100
92;2;2;55,4707;100
92;2;2;55,80371;100
92;2;2;55,80371;100
92;2;2;55,80371;100
92;2;2;55,80371;100
92;2;2;55,80371;100
92;2;2;55,80371;100
92;2;2;55,80371;100
92;2;2;55,80371;100
92;2;2;56,13672;100
92;2;2;56,13672;100
92;2;2;56,13672;100
92;2;2;56,13672;100
92;2;2;56,13672;100
92;2;2;56,13672;100
92;2;2;56,13672;100
92;2;2;56,13672;100
92;2;2;56,13672;100
92;3;15;56,13672;100
92;2;2;56,46973;100
92;2;2;56,46973;100
92;2;2;56,46973;100
92;3;15;56,46973;100
92;2;2;56,46973;100
92;2;2;56,46973;100
92;2;2;56,46973;100
92;2;2;56,46973;100
92;2;2;56,46973;100
92;2;2;56,80273;100
92;2;2;56,80273;100
92;2;2;56,80273;100
92;2;2;56,80273;100
92;3;15;56,80273;100
92;2;2;56,80273;100
92;2;2;56,80273;100
92;2;2;56,80273;100
92;2;2;56,80273;100
92;2;2;56,80273;100
92;2;2;56,80273;100
92;2;2;56,80273;100
92;2;2;57,13574;100
92;2;2;57,13574;100
92;2;2;57,13574;100
92;2;2;57,13574;100
92;2;2;57,13574;100
92;2;2;57,13574;100
92;2;2;57,13574;100
92;3;15;57,13574;100
92;2;2;57,13574;100
92;2;2;57,13574;100
92;2;2;57,13574;100
92;2;2;57,13574;100
92;2;2;57,13574;100
92;2;2;57,13574;100
92;2;2;57,13574;100
92;2;2;57,46875;100
92;2;2;57,46875;100
92;2;2;57,46875;100
92;2;2;57,46875;100
92;2;2;57,46875;100
92;2;2;57,46875;100
92;2;2;57,46875;100
92;2;2;57,46875;100
92;2;2;57,46875;100
92;2;2;57,46875;100
92;2;2;57,46875;100
92;2;2;57,46875;100
92;2;2;57,46875;100
92;2;2;57,46875;100
92;2;2;57,80176;100
92;2;2;57,80176;100
92;2;2;57,80176;100
92;2;2;57,80176;100
92;3;15;57,80176;100
92;2;2;57,80176;100
92;2;2;57,80176;100
92;2;2;57,80176;100
92;2;2;57,80176;100
92;2;2;57,80176;100
92;2;2;57,80176;100
92;2;2;57,80176;100
92;2;2;58,13477;100
92;2;2;58,13477;100
92;2;2;58,13477;100
92;2;2;58,13477;100
92;2;2;58,13477;100
92;2;2;58,13477;100
92;3;15;58,13477;100
92;2;2;58,13477;100
92;3;15;58,13477;100
92;2;2;58,13477;100
92;3;15;58,13477;100
92;2;2;58,13477;100
92;2;2;58,13477;100
92;2;2;58,46777;100
92;2;2;58,46777;100
92;2;2;58,46777;100
92;2;2;58,46777;100
92;2;2;58,46777;100
92;2;2;58,46777;100
92;2;2;58,46777;100
92;2;2;58,46777;100
92;2;2;58,46777;100
92;2;2;58,46777;100
92;2;2;58,80078;100
92;2;2;58,80078;100
92;2;2;58,80078;100
92;2;2;58,80078;100
92;2;2;58,80078;100
92;3;15;58,80078;100
92;2;2;58,80078;100
92;2;2;58,80078;100
92;2;2;58,80078;100
92;2;2;58,80078;100
92;2;2;58,80078;100
92;2;2;58,80078;100
92;2;2;58,80078;100
92;2;2;58,80078;100
92;2;2;58,80078;100
92;2;2;59,13379;100
92;2;2;59,13379;100
92;2;2;59,13379;100
92;2;2;59,13379;100
92;3;15;59,13379;100
92;2;2;59,13379;100
92;3;15;59,13379;100
92;2;2;59,13379;100
92;2;2;59,13379;100
92;2;2;59,13379;100
92;2;2;59,13379;100
92;2;2;59,13379;100
92;2;2;59,4668;100
92;2;2;59,4668;100
92;3;15;59,4668;100
92;2;2;59,4668;100
92;2;2;59,4668;100
92;2;2;59,4668;100
92;2;2;59,4668;100
92;2;2;59,4668;100
92;2;2;59,4668;100
92;2;2;59,4668;100
92;3;15;59,4668;100
92;2;2;59,4668;100
92;2;2;59,4668;100
92;2;2;59,4668;100
92;2;2;59,4668;100
92;2;2;59,4668;100
92;2;2;59,7998;100
92;3;15;59,7998;100
92;2;2;59,7998;100
92;2;2;59,7998;100
92;2;2;59,7998;100
92;2;2;59,7998;100
92;3;15;59,7998;100
92;2;2;59,7998;100
92;3;15;59,7998;100
92;2;2;59,7998;100
92;2;2;59,7998;100
92;2;2;59,7998;100
92;2;2;59,7998;100
92;2;2;59,7998;100
92;2;2;59,7998;100
92;3;15;0,1328125;100
92;2;2;0,1328125;100
92;3;15;0,1328125;100
92;2;2;0,1328125;100
92;2;2;0,1328125;100
92;2;2;0,1328125;100
92;2;2;0,1328125;100
92;2;2;0,1328125;100
92;2;2;0,1328125;100
92;2;2;0,1328125;100
92;3;15;0,1328125;100
92;3;15;0,1328125;100
92;2;2;0,1328125;100
92;2;2;0,1328125;100
92;3;15;0,4658203;100
92;2;2;0,4658203;100
92;2;2;0,4658203;100
92;2;2;0,4658203;100
92;3;15;0,4658203;85
92;3;15;0,4658203;70
92;2;2;0,4658203;70
92;2;2;0,4658203;70
92;2;2;0,4658203;70
92;2;2;0,4658203;70
92;2;2;0,4658203;70
92;2;2;0,4658203;70
92;3;15;0,4658203;55
92;2;2;0,4658203;55
92;2;2;0,4658203;55
92;2;2;0,4658203;55
92;2;2;0,7988281;55
92;2;2;0,7988281;55
92;2;2;0,7988281;55
92;2;2;0,7988281;55
92;2;2;0,7988281;55
92;2;2;0,7988281;55
92;2;2;0,7988281;55
92;2;2;0,7988281;55
92;2;2;0,7988281;55
92;2;2;0,7988281;55
92;2;2;0,7988281;55
92;2;2;0,7988281;55
92;2;2;0,7988281;55
92;2;2;0,7988281;55
92;2;2;1,131836;55
92;2;2;1,131836;53
84;2;2;1,131836;51
68;2;2;1,131836;49
60;2;2;1,131836;47
44;3;15;1,131836;32
28;2;2;1,131836;30
20;2;2;1,131836;28
12;3;15;1,131836;13
-4;3;15;1,131836;-2
Player