92;2;2;49,90527;100
92;2;2;49,90527;100
92;2;2;49,90527;100
92;2;2;49,90527;100
92;2;2;49,90527;100
92;2;2;49,90527;100
92;2;2;50,23828;100
92;2;2;50,23828;100
92;2;2;50,23828;100
92;2;2;50,23828;100
92;2;2;50,23828;100
92;2;2;50,23828;100
92;2;2;50,23828;100
92;2;2;50,23828;100
92;2;2;50,23828;100
92;2;2;50,23828;100
92;2;2;50,23828;100
92;3;15;50,57129;100
92;2;2;50,57129;100
92;2;2;50,57129;100
92;2;2;50,57129;100
92;2;2;50,57129;100
92;2;2;50,57129;100
92;2;2;50,57129;100
92;2;2;50,57129;100
92;2;2;50,57129;100
92;2;2;50,57129;100
92;2;2;50,57129;100
92;2;2;50,57129;100
92;2;2;50,57129;100
92;2;2;50,9043;100
92;2;2;50,9043;100
92;2;2;50,9043;100
92;2;2;50,9043;100
92;2;2;50,9043;100
92;2;2;50,9043;100
92;2;2;50,9043;100
92;2;2;50,9043;100
92;2;2;50,9043;100
92;2;2;50,9043;100
92;2;2;50,9043;100
92;2;2;50,9043;100
92;2;2;51,2373;100
92;3;15;51,2373;100
92;2;2;51,2373;100
92;2;2;51,2373;100
92;2;2;51,2373;100
92;2;2;51,2373;100
92;2;2;51,2373;100
92;2;2;51,2373;100
92;2;2;51,2373;100
92;2;2;51,2373;100
92;2;2;51,2373;100
92;2;2;51,2373;100
92;2;2;51,57031;100
92;2;2;51,57031;100
92;2;2;51,57031;100
92;2;2;51,57031;100
92;2;2;51,57031;100
92;2;2;51,57031;100
92;2;2;51,57031;100
92;2;2;51,57031;100
92;2;2;51,57031;100
92;2;2;51,57031;100
92;2;2;51,57031;100
92;2;2;51,57031;100
92;2;2;51,57031;100
92;2;2;51,90332;100
92;2;2;51,90332;100
92;2;2;51,90332;100
92;2;2;51,90332;100
92;2;2;51,90332;100
92;2;2;51,90332;100
92;2;2;51,90332;100
92;2;2;51,90332;100
92;2;2;51,90332;100
92;2;2;51,90332;100
92;2;2;51,90332;100
92;2;2;51,90332;100
92;2;2;51,90332;100
92;2;2;52,23633;100
92;2;2;52,23633;100
92;3;15;52,23633;100
92;2;2;52,23633;100
92;2;2;52,23633;100
92;3;15;52,23633;100
92;2;2;52,23633;100
92;2;2;52,23633;100
92;2;2;52,23633;100
92;2;2;52,23633;100
92;2;2;52,23633;100
92;2;2;52,23633;100
92;2;2;52,23633;100
92;2;2;52,23633;100
92;2;2;52,23633;100
92;2;2;52,56934;100
92;2;2;52,56934;100
92;2;2;52,56934;100
92;2;2;52,56934;100
92;2;2;52,56934;100
92;3;15;52,56934;100
92;2;2;52,56934;100
92;2;2;52,56934;100
92;2;2;52,56934;100
92;2;2;52,56934;100
92;2;2;52,56934;100
92;2;2;52,56934;100
92;2;2;52,56934;100
92;2;2;52,56934;100
92;2;2;52,56934;100
92;2;2;52,90234;100
92;2;2;52,90234;100
92;2;2;52,90234;100
92;2;2;52,90234;100
92;2;2;52,90234;100
92;2;2;52,90234;100
92;2;2;52,90234;100
92;3;15;52,90234;100
92;2;2;52,90234;100
92;2;2;52,90234;100
92;3;15;52,90234;100
92;2;2;52,90234;100
92;2;2;52,90234;100
92;2;2;52,90234;100
92;2;2;52,90234;100
92;2;2;52,90234;100
92;2;2;53,23535;100
92;2;2;53,23535;100
92;2;2;53,23535;100
92;2;2;53,23535;100
92;2;2;53,23535;100
92;2;2;53,23535;100
92;2;2;53,23535;100
92;2;2;53,23535;100
92;2;2;53,23535;100
92;2;2;53,23535;100
92;2;2;53,23535;100
92;2;2;53,23535;100
92;2;2;53,56836;100
92;2;2;53,56836;100
92;2;2;53,56836;100
92;3;15;53,56836;100
92;2;2;53,56836;100
92;2;2;53,56836;100
92;2;2;53,56836;100
92;2;2;53,56836;100
92;2;2;53,56836;100
92;2;2;53,56836;100
92;2;2;53,56836;100
92;2;2;53,56836;100
92;2;2;53,90137;100
92;3;15;53,90137;100
92;2;2;53,90137;100
92;2;2;53,90137;100
92;2;2;53,90137;100
92;3;15;53,90137;100
92;2;2;53,90137;100
92;2;2;53,90137;100
92;2;2;53,90137;100
92;2;2;53,90137;100
92;2;2;53,90137;100
92;2;2;53,90137;100
92;2;2;53,90137;100
92;2;2;53,90137;100
92;2;2;53,90137;100
92;2;2;53,90137;100
92;2;2;54,23438;100
92;2;2;54,23438;100
92;2;2;54,23438;100
92;2;2;54,23438;100
92;2;2;54,23438;100
92;2;2;54,23438;100
92;2;2;54,23438;100
92;2;2;54,23438;100
92;2;2;54,23438;100
92;2;2;54,23438;100
92;2;2;54,23438;100
92;2;2;54,23438;100
92;2;2;54,23438;100
92;2;2;54,23438;100
92;2;2;54,23438;100
92;2;2;54,56738;100
92;2;2;54,56738;100
92;2;2;54,56738;100
92;2;2;54,56738;100
92;2;2;54,56738;100
92;2;2;54,56738;100
92;2;2;54,56738;100
92;2;2;54,56738;100
92;2;2;54,56738;100
92;2;2;54,56738;100
92;2;2;54,56738;100
92;3;15;54,56738;100
92;2;2;54,56738;100
92;3;15;54,56738;100
92;2;2;54,56738;100
92;2;2;54,90039;100
92;3;15;54,90039;100
92;2;2;54,90039;100
92;2;2;54,90039;100
92;2;2;54,90039;100
92;3;15;54,90039;100
92;2;2;54,90039;100
92;2;2;54,90039;100
92;2;2;54,90039;100
92;2;2;54,90039;100
92;2;2;55,2334;100
92;2;2;55,2334;100
92;3;15;55,2334;100
92;2;2;55,2334;100
92;2;2;55,2334;100
92;2;2;55,2334;100
92;2;2;55,2334;100
92;3;15;55,2334;100
92;3;15;55,2334;100
92;2;2;55,2334;100
92;2;2;55,2334;100
92;2;2;55,2334;100
92;2;2;55,56641;100
92;2;2;55,56641;100
92;2;2;55,56641;100
92;3;15;55,56641;100
92;2;2;55,56641;100
92;2;2;55,56641;100
92;3;15;55,56641;100
92;2;2;55,56641;100
92;3;15;55,56641;100
92;2;2;55,56641;100
92;2;2;55,56641;100
92;2;2;55,56641;100
92;2;2;55,56641;100
92;2;2;55,56641;100
92;2;2;55,89941;100
92;3;15;55,89941;85
92;2;2;55,89941;85
92;2;2;55,89941;85
92;2;2;55,89941;85
92;2;2;55,89941;85
92;2;2;55,89941;85
92;3;15;55,89941;70
92;2;2;55,89941;70
92;2;2;55,89941;70
92;3;15;55,89941;55
92;2;2;55,89941;55
92;2;2;55,89941;55
92;2;2;55,89941;55
92;2;2;55,89941;55
92;2;2;55,89941;55
92;2;2;56,23242;55
92;2;2;56,23242;55
92;2;2;56,23242;55
92;2;2;56,23242;55
92;2;2;56,23242;55
92;2;2;56,23242;55
92;2;2;56,23242;55
92;2;2;56,23242;55
92;2;2;56,23242;55
92;2;2;56,23242;55
92;2;2;56,23242;55
92;2;2;56,23242;55
92;2;2;56,23242;55
92;2;2;56,23242;55
92;2;2;56,23242;55
92;2;2;56,56543;55
92;2;2;56,56543;53
84;2;2;56,56543;51
76;2;2;56,56543;49
68;2;2;56,56543;47
60;2;2;56,56543;45
52;2;2;56,56543;43
44;2;2;56,56543;41
36;3;15;56,56543;26
28;2;2;56,56543;24
20;2;2;56,56543;22
12;2;2;56,56543;20
-4;3;15;56,56543;5
Boss