92;2;2;57,38281;100
92;2;2;57,38281;100
92;3;15;57,38281;100
92;2;2;57,38281;100
92;3;15;57,71582;100
92;2;2;57,71582;100
92;2;2;57,71582;100
92;2;2;57,71582;100
92;2;2;57,71582;100
92;2;2;57,71582;100
92;2;2;57,71582;100
92;2;2;57,71582;100
92;2;2;57,71582;100
92;2;2;57,71582;100
92;2;2;57,71582;100
92;2;2;57,71582;100
92;3;15;58,04883;100
92;2;2;58,04883;100
92;2;2;58,04883;100
92;3;15;58,04883;100
92;2;2;58,04883;100
92;2;2;58,04883;100
92;2;2;58,04883;100
92;2;2;58,04883;100
92;2;2;58,04883;100
92;3;15;58,04883;100
92;2;2;58,04883;100
92;2;2;58,38184;100
92;2;2;58,38184;100
92;2;2;58,38184;100
92;3;15;58,38184;100
92;3;15;58,38184;100
92;2;2;58,38184;100
92;2;2;58,38184;100
92;2;2;58,38184;100
92;2;2;58,38184;100
92;2;2;58,38184;100
92;2;2;58,38184;100
92;2;2;58,38184;100
92;2;2;58,38184;100
92;2;2;58,38184;100
92;2;2;58,71484;100
92;2;2;58,71484;100
92;2;2;58,71484;100
92;3;15;58,71484;100
92;2;2;58,71484;100
92;2;2;58,71484;100
92;2;2;58,71484;100
92;3;15;58,71484;100
92;2;2;58,71484;100
92;2;2;58,71484;100
92;2;2;58,71484;100
92;2;2;59,04785;100
92;2;2;59,04785;100
92;2;2;59,04785;100
92;2;2;59,04785;100
92;2;2;59,04785;100
92;2;2;59,04785;100
92;2;2;59,04785;100
92;2;2;59,04785;100
92;2;2;59,04785;100
92;2;2;59,04785;100
92;2;2;59,04785;100
92;2;2;59,04785;100
92;2;2;59,04785;100
92;2;2;59,38086;100
92;2;2;59,38086;100
92;2;2;59,38086;100
92;2;2;59,38086;100
92;3;15;59,38086;100
92;2;2;59,38086;100
92;2;2;59,38086;100
92;2;2;59,38086;100
92;3;15;59,38086;100
92;2;2;59,38086;100
92;2;2;59,38086;100
92;2;2;59,38086;100
92;2;2;59,38086;100
92;2;2;59,71387;100
92;2;2;59,71387;100
92;2;2;59,71387;100
92;2;2;59,71387;100
92;2;2;59,71387;100
92;2;2;59,71387;100
92;2;2;59,71387;100
92;2;2;59,71387;100
92;2;2;59,71387;100
92;2;2;59,71387;100
92;2;2;59,71387;100
92;2;2;0,046875;100
92;2;2;0,046875;100
92;2;2;0,046875;100
92;2;2;0,046875;100
92;2;2;0,046875;100
92;2;2;0,046875;100
92;2;2;0,046875;100
92;2;2;0,046875;100
92;2;2;0,046875;100
92;2;2;0,046875;100
92;2;2;0,046875;100
92;2;2;0,3798828;100
92;2;2;0,3798828;100
92;3;15;0,3798828;100
92;2;2;0,3798828;100
92;2;2;0,3798828;100
92;2;2;0,3798828;100
92;2;2;0,3798828;100
92;2;2;0,3798828;100
92;2;2;0,3798828;100
92;2;2;0,3798828;100
92;2;2;0,3798828;100
92;2;2;0,3798828;100
92;2;2;0,3798828;100
92;2;2;0,7128906;100
92;2;2;0,7128906;100
92;2;2;0,7128906;100
92;2;2;0,7128906;100
92;2;2;0,7128906;100
92;2;2;0,7128906;100
92;2;2;0,7128906;100
92;2;2;0,7128906;100
92;2;2;0,7128906;100
92;2;2;0,7128906;100
92;2;2;1,045898;100
92;3;15;1,045898;100
92;2;2;1,045898;100
92;2;2;1,045898;100
92;2;2;1,045898;100
92;2;2;1,045898;100
92;2;2;1,045898;100
92;2;2;1,045898;100
92;2;2;1,045898;100
92;2;2;1,378906;100
92;2;2;1,378906;100
92;2;2;1,378906;100
92;2;2;1,378906;100
92;2;2;1,378906;100
92;2;2;1,378906;100
92;2;2;1,378906;100
92;2;2;1,378906;100
92;2;2;1,378906;100
92;2;2;1,378906;100
92;2;2;1,378906;100
92;2;2;1,378906;100
92;2;2;1,378906;100
92;3;15;1,378906;100
92;2;2;1,378906;100
92;2;2;1,711914;100
92;2;2;1,711914;100
92;2;2;1,711914;100
92;2;2;1,711914;100
92;2;2;1,711914;100
92;2;2;1,711914;100
92;2;2;1,711914;100
92;3;15;1,711914;100
92;2;2;1,711914;100
92;2;2;1,711914;100
92;2;2;1,711914;100
92;2;2;1,711914;100
92;3;15;1,711914;100
92;2;2;2,044922;100
92;2;2;2,044922;100
92;2;2;2,044922;100
92;2;2;2,044922;100
92;2;2;2,044922;100
92;2;2;2,044922;100
92;2;2;2,044922;100
92;2;2;2,044922;100
92;3;15;2,044922;100
92;2;2;2,044922;100
92;2;2;2,044922;100
92;2;2;2,37793;100
92;3;15;2,37793;100
92;3;15;2,37793;100
92;2;2;2,37793;100
92;2;2;2,37793;100
92;2;2;2,37793;100
92;2;2;2,37793;100
92;2;2;2,37793;100
92;2;2;2,37793;100
92;2;2;2,37793;100
92;2;2;2,37793;100
92;2;2;2,37793;100
92;2;2;2,710938;100
92;2;2;2,710938;100
92;2;2;2,710938;100
92;2;2;2,710938;100
92;2;2;2,710938;100
92;2;2;2,710938;100
92;2;2;2,710938;100
92;2;2;2,710938;100
92;3;15;2,710938;100
92;2;2;2,710938;100
92;3;15;2,710938;100
92;2;2;2,710938;100
92;2;2;2,710938;100
92;3;15;3,043945;100
92;2;2;3,043945;100
92;2;2;3,043945;100
92;2;2;3,043945;100
92;2;2;3,043945;100
92;2;2;3,043945;100
92;2;2;3,043945;100
92;2;2;3,043945;100
92;2;2;3,043945;100
92;2;2;3,043945;100
92;2;2;3,043945;100
92;3;15;3,376953;100
92;2;2;3,376953;100
92;2;2;3,376953;100
92;2;2;3,376953;100
92;2;2;3,376953;100
92;3;15;3,376953;85
92;2;2;3,376953;85
92;2;2;3,376953;85
92;2;2;3,376953;85
92;2;2;3,376953;85
92;2;2;3,376953;85
92;3;15;3,376953;70
92;3;15;3,376953;55
92;2;2;3,376953;55
92;2;2;3,709961;55
92;2;2;3,709961;55
92;2;2;3,709961;55
92;2;2;3,709961;55
92;2;2;3,709961;55
92;2;2;3,709961;55
92;2;2;3,709961;55
92;2;2;3,709961;55
92;2;2;3,709961;55
92;2;2;3,709961;55
92;2;2;3,709961;55
92;2;2;3,709961;55
92;2;2;3,709961;55
92;2;2;3,709961;55
92;2;2;3,709961;55
92;2;2;3,709961;55
92;2;2;3,709961;55
92;2;2;4,042969;55
92;2;2;4,042969;53
84;2;2;4,042969;51
76;2;2;4,042969;49
68;3;15;4,042969;34
60;3;15;4,042969;19
52;2;2;4,042969;17
44;2;2;4,042969;15
4;3;15;4,042969;0
Player