92;2;2;6,635742;100
92;2;2;6,96875;100
92;2;2;6,96875;100
92;2;2;6,96875;100
92;2;2;6,96875;100
92;2;2;6,96875;100
92;2;2;6,96875;100
92;2;2;6,96875;100
92;2;2;6,96875;100
92;2;2;6,96875;100
92;2;2;6,96875;100
92;2;2;6,96875;100
92;2;2;7,301758;100
92;2;2;7,301758;100
92;2;2;7,301758;100
92;2;2;7,301758;100
92;2;2;7,301758;100
92;2;2;7,301758;100
92;2;2;7,301758;100
92;2;2;7,301758;100
92;2;2;7,301758;100
92;2;2;7,301758;100
92;2;2;7,301758;100
92;2;2;7,301758;100
92;2;2;7,634766;100
92;2;2;7,634766;100
92;2;2;7,634766;100
92;2;2;7,634766;100
92;2;2;7,634766;100
92;2;2;7,634766;100
92;2;2;7,634766;100
92;2;2;7,634766;100
92;2;2;7,634766;100
92;2;2;7,967773;100
92;2;2;7,967773;100
92;2;2;7,967773;100
92;2;2;7,967773;100
92;2;2;7,967773;100
92;2;2;7,967773;100
92;2;2;7,967773;100
92;2;2;7,967773;100
92;2;2;7,967773;100
92;2;2;7,967773;100
92;2;2;7,967773;100
92;2;2;7,967773;100
92;2;2;7,967773;100
92;2;2;7,967773;100
92;2;2;7,967773;100
92;2;2;8,300781;100
92;2;2;8,300781;100
92;2;2;8,300781;100
92;2;2;8,300781;100
92;2;2;8,300781;100
92;2;2;8,300781;100
92;2;2;8,300781;100
92;2;2;8,300781;100
92;2;2;8,300781;100
92;3;15;8,300781;100
92;2;2;8,300781;100
92;2;2;8,300781;100
92;2;2;8,300781;100
92;2;2;8,633789;100
92;3;15;8,633789;100
92;2;2;8,633789;100
92;2;2;8,633789;100
92;2;2;8,633789;100
92;2;2;8,633789;100
92;2;2;8,633789;100
92;2;2;8,633789;100
92;2;2;8,633789;100
92;2;2;8,633789;100
92;3;15;8,633789;100
92;2;2;8,633789;100
92;2;2;8,633789;100
92;2;2;8,966797;100
92;3;15;8,966797;100
92;2;2;8,966797;100
92;2;2;8,966797;100
92;2;2;8,966797;100
92;2;2;8,966797;100
92;2;2;8,966797;100
92;2;2;8,966797;100
92;2;2;9,299805;100
92;2;2;9,299805;100
92;2;2;9,299805;100
92;2;2;9,299805;100
92;2;2;9,299805;100
92;2;2;9,299805;100
92;2;2;9,299805;100
92;2;2;9,299805;100
92;2;2;9,299805;100
92;2;2;9,299805;100
92;2;2;9,299805;100
92;2;2;9,632813;100
92;2;2;9,632813;100
92;2;2;9,632813;100
92;2;2;9,632813;100
92;2;2;9,632813;100
92;2;2;9,632813;100
92;2;2;9,632813;100
92;2;2;9,632813;100
92;2;2;9,632813;100
92;3;15;9,632813;100
92;2;2;9,632813;100
92;2;2;9,632813;100
92;2;2;9,96582;100
92;2;2;9,96582;100
92;2;2;9,96582;100
92;2;2;9,96582;100
92;2;2;9,96582;100
92;2;2;9,96582;100
92;2;2;9,96582;100
92;2;2;9,96582;100
92;2;2;9,96582;100
92;3;15;9,96582;100
92;2;2;9,96582;100
92;2;2;9,96582;100
92;2;2;9,96582;100
92;2;2;10,29883;100
92;2;2;10,29883;100
92;2;2;10,29883;100
92;3;15;10,29883;100
92;2;2;10,29883;100
92;2;2;10,29883;100
92;2;2;10,29883;100
92;2;2;10,29883;100
92;3;15;10,29883;100
92;2;2;10,63184;100
92;2;2;10,63184;100
92;2;2;10,63184;100
92;3;15;10,63184;100
92;2;2;10,63184;100
92;2;2;10,63184;100
92;2;2;10,63184;100
92;2;2;10,63184;100
92;2;2;10,63184;100
92;2;2;10,63184;100
92;2;2;10,63184;100
92;2;2;10,63184;100
92;2;2;10,63184;100
92;2;2;10,63184;100
92;2;2;10,96484;100
92;2;2;10,96484;100
92;2;2;10,96484;100
92;2;2;10,96484;100
92;2;2;10,96484;100
92;2;2;10,96484;100
92;2;2;10,96484;100
92;2;2;10,96484;100
92;2;2;10,96484;100
92;2;2;10,96484;100
92;2;2;10,96484;100
92;3;15;10,96484;100
92;2;2;10,96484;100
92;2;2;10,96484;100
92;3;15;10,96484;100
92;2;2;11,29785;100
92;2;2;11,29785;100
92;2;2;11,29785;100
92;2;2;11,29785;100
92;2;2;11,29785;100
92;2;2;11,29785;100
92;3;15;11,29785;100
92;2;2;11,29785;100
92;2;2;11,29785;100
92;2;2;11,29785;100
92;2;2;11,29785;100
92;3;15;11,29785;100
92;2;2;11,29785;100
92;2;2;11,29785;100
92;3;15;11,29785;100
92;2;2;11,29785;100
92;2;2;11,63086;100
92;2;2;11,63086;100
92;2;2;11,63086;100
92;2;2;11,63086;100
92;2;2;11,63086;100
92;3;15;11,63086;100
92;2;2;11,63086;100
92;2;2;11,63086;100
92;2;2;11,63086;100
92;2;2;11,63086;100
92;2;2;11,63086;100
92;2;2;11,63086;100
92;2;2;11,63086;100
92;2;2;11,96387;100
92;2;2;11,96387;100
92;2;2;11,96387;100
92;2;2;11,96387;100
92;3;15;11,96387;100
92;2;2;11,96387;100
92;2;2;11,96387;100
92;2;2;11,96387;100
92;2;2;11,96387;100
92;2;2;11,96387;100
92;2;2;11,96387;100
92;2;2;11,96387;100
92;2;2;11,96387;100
92;2;2;12,29688;100
92;3;15;12,29688;100
92;2;2;12,29688;100
92;2;2;12,29688;100
92;2;2;12,29688;100
92;2;2;12,29688;100
92;3;15;12,29688;100
92;3;15;12,29688;100
92;2;2;12,29688;100
92;3;15;12,29688;100
92;3;15;12,29688;100
92;2;2;12,29688;100
92;2;2;12,29688;100
92;2;2;12,62988;100
92;3;15;12,62988;85
92;2;2;12,62988;85
92;2;2;12,62988;85
92;3;15;12,62988;70
92;2;2;12,62988;70
92;2;2;12,62988;70
92;2;2;12,62988;70
92;3;15;12,62988;55
92;2;2;12,62988;55
92;2;2;12,62988;55
92;2;2;12,62988;55
92;3;15;12,62988;40
92;2;2;12,62988;40
92;2;2;12,96289;40
92;2;2;12,96289;40
92;2;2;12,96289;40
92;2;2;12,96289;40
92;2;2;12,96289;40
92;2;2;12,96289;40
92;2;2;12,96289;40
92;2;2;12,96289;40
92;2;2;12,96289;40
92;2;2;12,96289;40
92;2;2;12,96289;40
92;2;2;12,96289;40
92;2;2;12,96289;40
92;2;2;12,96289;40
92;2;2;12,96289;40
92;2;2;12,96289;40
92;2;2;13,2959;40
92;2;2;13,2959;38
84;2;2;13,2959;36
76;2;2;13,2959;34
68;2;2;13,2959;32
60;2;2;13,2959;30
52;2;2;13,2959;28
36;2;2;13,2959;26
28;3;15;13,2959;11
12;2;2;13,2959;9
4;2;2;13,2959;7
-4;3;15;13,2959;-8
Player