92;2;2;56,68262;100
92;2;2;56,68262;100
92;2;2;56,68262;100
92;2;2;57,01563;100
92;2;2;57,01563;100
92;2;2;57,01563;100
92;2;2;57,01563;100
92;2;2;57,01563;100
92;2;2;57,01563;100
92;2;2;57,01563;100
92;2;2;57,01563;100
92;2;2;57,01563;100
92;2;2;57,01563;100
92;2;2;57,01563;100
92;2;2;57,01563;100
92;2;2;57,34863;100
92;2;2;57,34863;100
92;2;2;57,34863;100
92;2;2;57,34863;100
92;2;2;57,34863;100
92;2;2;57,34863;100
92;2;2;57,34863;100
92;2;2;57,34863;100
92;2;2;57,34863;100
92;2;2;57,34863;100
92;2;2;57,34863;100
92;2;2;57,68164;100
92;2;2;57,68164;100
92;2;2;57,68164;100
92;2;2;57,68164;100
92;2;2;57,68164;100
92;2;2;57,68164;100
92;3;15;57,68164;100
92;2;2;57,68164;100
92;2;2;57,68164;100
92;2;2;57,68164;100
92;2;2;57,68164;100
92;2;2;57,68164;100
92;2;2;57,68164;100
92;2;2;57,68164;100
92;2;2;57,68164;100
92;2;2;58,01465;100
92;2;2;58,01465;100
92;2;2;58,01465;100
92;2;2;58,01465;100
92;2;2;58,01465;100
92;2;2;58,01465;100
92;2;2;58,01465;100
92;2;2;58,01465;100
92;2;2;58,01465;100
92;2;2;58,01465;100
92;2;2;58,01465;100
92;2;2;58,01465;100
92;2;2;58,01465;100
92;3;15;58,01465;100
92;2;2;58,01465;100
92;2;2;58,34766;100
92;2;2;58,34766;100
92;2;2;58,34766;100
92;2;2;58,34766;100
92;2;2;58,34766;100
92;2;2;58,34766;100
92;2;2;58,34766;100
92;2;2;58,34766;100
92;2;2;58,68066;100
92;2;2;58,68066;100
92;2;2;58,68066;100
92;2;2;58,68066;100
92;2;2;58,68066;100
92;2;2;58,68066;100
92;2;2;58,68066;100
92;2;2;58,68066;100
92;2;2;58,68066;100
92;2;2;58,68066;100
92;2;2;58,68066;100
92;2;2;59,01367;100
92;2;2;59,01367;100
92;2;2;59,01367;100
92;2;2;59,01367;100
92;2;2;59,01367;100
92;2;2;59,01367;100
92;2;2;59,01367;100
92;2;2;59,01367;100
92;2;2;59,01367;100
92;2;2;59,01367;100
92;2;2;59,01367;100
92;2;2;59,01367;100
92;2;2;59,01367;100
92;2;2;59,01367;100
92;3;15;59,01367;100
92;2;2;59,34668;100
92;2;2;59,34668;100
92;2;2;59,34668;100
92;2;2;59,34668;100
92;2;2;59,34668;100
92;2;2;59,34668;100
92;2;2;59,34668;100
92;2;2;59,34668;100
92;2;2;59,34668;100
92;2;2;59,34668;100
92;2;2;59,34668;100
92;2;2;59,34668;100
92;2;2;59,67969;100
92;2;2;59,67969;100
92;2;2;59,67969;100
92;2;2;59,67969;100
92;2;2;59,67969;100
92;2;2;59,67969;100
92;2;2;59,67969;100
92;2;2;59,67969;100
92;2;2;59,67969;100
92;2;2;59,67969;100
92;2;2;59,67969;100
92;2;2;59,67969;100
92;2;2;59,67969;100
92;2;2;59,67969;100
92;2;2;59,67969;100
92;2;2;59,67969;100
92;2;2;0,01269531;100
92;2;2;0,01269531;100
92;2;2;0,01269531;100
92;2;2;0,01269531;100
92;3;15;0,01269531;100
92;2;2;0,01269531;100
92;2;2;0,01269531;100
92;2;2;0,01269531;100
92;2;2;0,01269531;100
92;2;2;0,01269531;100
92;2;2;0,01269531;100
92;2;2;0,01269531;100
92;2;2;0,01269531;100
92;2;2;0,01269531;100
92;2;2;0,3457031;100
92;3;15;0,3457031;100
92;2;2;0,3457031;100
92;2;2;0,3457031;100
92;2;2;0,3457031;100
92;2;2;0,3457031;100
92;2;2;0,3457031;100
92;3;15;0,3457031;100
92;2;2;0,3457031;100
92;3;15;0,3457031;100
92;2;2;0,3457031;100
92;2;2;0,3457031;100
92;2;2;0,3457031;100
92;3;15;0,3457031;100
92;2;2;0,6787109;100
92;2;2;0,6787109;100
92;2;2;0,6787109;100
92;2;2;0,6787109;100
92;2;2;0,6787109;100
92;3;15;0,6787109;100
92;2;2;0,6787109;100
92;2;2;0,6787109;100
92;2;2;0,6787109;100
92;2;2;0,6787109;100
92;2;2;0,6787109;100
92;2;2;0,6787109;100
92;2;2;0,6787109;100
92;2;2;0,6787109;100
92;2;2;0,6787109;100
92;2;2;1,011719;100
92;2;2;1,011719;100
92;3;15;1,011719;100
92;2;2;1,011719;100
92;2;2;1,011719;100
92;2;2;1,011719;100
92;2;2;1,011719;100
92;3;15;1,011719;100
92;3;15;1,011719;100
92;2;2;1,011719;100
92;3;15;1,011719;100
92;2;2;1,011719;100
92;2;2;1,011719;100
92;2;2;1,344727;100
92;2;2;1,344727;100
92;2;2;1,344727;100
92;2;2;1,344727;100
92;2;2;1,344727;100
92;2;2;1,344727;100
92;2;2;1,344727;100
92;2;2;1,344727;100
92;2;2;1,344727;100
92;2;2;1,344727;100
92;2;2;1,344727;100
92;2;2;1,344727;100
92;2;2;1,344727;100
92;2;2;1,344727;100
92;2;2;1,344727;100
92;2;2;1,677734;100
92;2;2;1,677734;100
92;2;2;1,677734;100
92;2;2;1,677734;100
92;2;2;1,677734;100
92;2;2;1,677734;100
92;2;2;1,677734;100
92;2;2;1,677734;100
92;2;2;1,677734;100
92;2;2;1,677734;100
92;2;2;1,677734;100
92;3;15;1,677734;100
92;2;2;1,677734;100
92;2;2;1,677734;100
92;2;2;1,677734;100
92;2;2;2,010742;100
92;2;2;2,010742;100
92;2;2;2,010742;100
92;2;2;2,010742;100
92;2;2;2,010742;100
92;2;2;2,010742;100
92;3;15;2,010742;100
92;2;2;2,010742;100
92;2;2;2,010742;100
92;2;2;2,010742;100
92;2;2;2,010742;100
92;2;2;2,010742;100
92;2;2;2,010742;100
92;2;2;2,010742;100
92;2;2;2,010742;100
92;3;15;2,010742;100
92;2;2;2,34375;100
92;3;15;2,34375;100
92;3;15;2,34375;100
92;2;2;2,34375;100
92;2;2;2,34375;100
92;2;2;2,34375;100
92;2;2;2,34375;100
92;2;2;2,34375;100
92;2;2;2,34375;100
92;2;2;2,34375;100
92;3;15;2,34375;100
92;2;2;2,34375;100
92;2;2;2,34375;100
92;2;2;2,676758;100
92;2;2;2,676758;100
92;2;2;2,676758;100
92;3;15;2,676758;85
92;3;15;2,676758;70
92;2;2;2,676758;70
92;3;15;2,676758;55
92;2;2;2,676758;55
92;2;2;2,676758;55
92;2;2;2,676758;55
92;2;2;2,676758;55
92;2;2;2,676758;55
92;2;2;2,676758;55
92;2;2;2,676758;55
92;2;2;2,676758;55
92;2;2;2,676758;55
92;2;2;3,009766;55
92;2;2;3,009766;55
92;2;2;3,009766;55
92;2;2;3,009766;55
92;2;2;3,009766;55
92;2;2;3,009766;55
92;2;2;3,009766;55
92;2;2;3,009766;55
92;2;2;3,009766;55
92;2;2;3,009766;55
92;2;2;3,009766;55
92;2;2;3,009766;55
92;2;2;3,009766;55
92;2;2;3,009766;55
92;2;2;3,009766;55
92;2;2;3,009766;55
92;2;2;3,342773;55
92;2;2;3,342773;53
84;2;2;3,342773;51
76;2;2;3,342773;49
68;2;2;3,342773;47
52;2;2;3,342773;45
44;3;15;3,342773;30
36;2;2;3,342773;28
28;2;2;3,342773;26
20;2;2;3,342773;24
12;3;15;3,342773;9
4;3;15;3,342773;-6
Player