92;2;2;11,82227;100
92;2;2;11,82227;100
92;2;2;11,82227;100
92;2;2;12,15527;100
92;2;2;12,15527;100
92;2;2;12,15527;100
92;2;2;12,15527;100
92;2;2;12,15527;100
92;2;2;12,15527;100
92;2;2;12,15527;100
92;2;2;12,15527;100
92;3;15;12,15527;100
92;2;2;12,15527;100
92;2;2;12,15527;100
92;2;2;12,15527;100
92;2;2;12,48828;100
92;2;2;12,48828;100
92;2;2;12,48828;100
92;2;2;12,48828;100
92;2;2;12,48828;100
92;2;2;12,48828;100
92;2;2;12,48828;100
92;2;2;12,48828;100
92;2;2;12,48828;100
92;2;2;12,48828;100
92;2;2;12,82129;100
92;2;2;12,82129;100
92;2;2;12,82129;100
92;2;2;12,82129;100
92;2;2;12,82129;100
92;2;2;12,82129;100
92;2;2;12,82129;100
92;2;2;12,82129;100
92;2;2;12,82129;100
92;2;2;12,82129;100
92;2;2;12,82129;100
92;2;2;13,1543;100
92;2;2;13,1543;100
92;2;2;13,1543;100
92;2;2;13,1543;100
92;2;2;13,1543;100
92;2;2;13,1543;100
92;2;2;13,1543;100
92;3;15;13,1543;100
92;2;2;13,1543;100
92;3;15;13,1543;100
92;2;2;13,1543;100
92;2;2;13,1543;100
92;2;2;13,4873;100
92;2;2;13,4873;100
92;2;2;13,4873;100
92;2;2;13,4873;100
92;2;2;13,4873;100
92;3;15;13,4873;100
92;2;2;13,4873;100
92;2;2;13,4873;100
92;2;2;13,4873;100
92;2;2;13,4873;100
92;2;2;13,4873;100
92;2;2;13,82031;100
92;2;2;13,82031;100
92;2;2;13,82031;100
92;2;2;13,82031;100
92;2;2;13,82031;100
92;2;2;13,82031;100
92;2;2;13,82031;100
92;3;15;13,82031;100
92;2;2;13,82031;100
92;2;2;13,82031;100
92;2;2;13,82031;100
92;3;15;13,82031;100
92;2;2;13,82031;100
92;2;2;14,15332;100
92;2;2;14,15332;100
92;2;2;14,15332;100
92;2;2;14,15332;100
92;2;2;14,15332;100
92;3;15;14,15332;100
92;2;2;14,15332;100
92;2;2;14,15332;100
92;2;2;14,15332;100
92;2;2;14,15332;100
92;2;2;14,15332;100
92;2;2;14,15332;100
92;2;2;14,48633;100
92;2;2;14,48633;100
92;2;2;14,48633;100
92;2;2;14,48633;100
92;2;2;14,48633;100
92;2;2;14,48633;100
92;2;2;14,48633;100
92;2;2;14,48633;100
92;3;15;14,48633;100
92;2;2;14,48633;100
92;2;2;14,48633;100
92;3;15;14,48633;100
92;2;2;14,48633;100
92;2;2;14,81934;100
92;2;2;14,81934;100
92;2;2;14,81934;100
92;2;2;14,81934;100
92;2;2;14,81934;100
92;2;2;14,81934;100
92;2;2;14,81934;100
92;2;2;14,81934;100
92;2;2;14,81934;100
92;3;15;14,81934;100
92;3;15;14,81934;100
92;2;2;14,81934;100
92;2;2;14,81934;100
92;2;2;15,15234;100
92;2;2;15,15234;100
92;2;2;15,15234;100
92;3;15;15,15234;100
92;2;2;15,15234;100
92;2;2;15,15234;100
92;2;2;15,15234;100
92;2;2;15,15234;100
92;2;2;15,15234;100
92;2;2;15,15234;100
92;2;2;15,15234;100
92;2;2;15,15234;100
92;2;2;15,48535;100
92;2;2;15,48535;100
92;2;2;15,48535;100
92;2;2;15,48535;100
92;2;2;15,48535;100
92;2;2;15,48535;100
92;2;2;15,48535;100
92;3;15;15,48535;100
92;2;2;15,48535;100
92;2;2;15,48535;100
92;2;2;15,48535;100
92;3;15;15,48535;100
92;2;2;15,48535;100
92;2;2;15,48535;100
92;2;2;15,81836;100
92;2;2;15,81836;100
92;2;2;15,81836;100
92;2;2;15,81836;100
92;2;2;15,81836;100
92;2;2;15,81836;100
92;2;2;15,81836;100
92;2;2;15,81836;100
92;3;15;15,81836;100
92;2;2;15,81836;100
92;2;2;15,81836;100
92;2;2;15,81836;100
92;2;2;15,81836;100
92;2;2;15,81836;100
92;2;2;15,81836;100
92;2;2;15,81836;100
92;2;2;16,15137;100
92;2;2;16,15137;100
92;2;2;16,15137;100
92;2;2;16,15137;100
92;3;15;16,15137;100
92;2;2;16,15137;100
92;2;2;16,15137;100
92;3;15;16,15137;100
92;2;2;16,15137;100
92;3;15;16,15137;100
92;2;2;16,15137;100
92;2;2;16,15137;100
92;2;2;16,48438;100
92;3;15;16,48438;100
92;2;2;16,48438;100
92;2;2;16,48438;100
92;2;2;16,48438;100
92;2;2;16,48438;100
92;2;2;16,48438;100
92;2;2;16,48438;100
92;2;2;16,48438;100
92;2;2;16,48438;100
92;2;2;16,48438;100
92;2;2;16,48438;100
92;3;15;16,48438;100
92;2;2;16,48438;100
92;2;2;16,81738;100
92;2;2;16,81738;100
92;2;2;16,81738;100
92;2;2;16,81738;100
92;2;2;16,81738;100
92;2;2;16,81738;100
92;2;2;16,81738;100
92;2;2;16,81738;100
92;3;15;16,81738;100
92;2;2;16,81738;100
92;2;2;16,81738;100
92;3;15;16,81738;100
92;2;2;16,81738;100
92;2;2;16,81738;100
92;2;2;16,81738;100
92;2;2;16,81738;100
92;2;2;17,15039;100
92;3;15;17,15039;100
92;2;2;17,15039;100
92;2;2;17,15039;100
92;2;2;17,15039;100
92;2;2;17,15039;100
92;2;2;17,15039;100
92;2;2;17,15039;100
92;3;15;17,15039;100
92;2;2;17,15039;100
92;2;2;17,15039;100
92;2;2;17,15039;100
92;2;2;17,15039;100
92;3;15;17,15039;100
92;2;2;17,15039;100
92;3;15;17,4834;100
92;2;2;17,4834;100
92;2;2;17,4834;100
92;2;2;17,4834;100
92;2;2;17,4834;100
92;2;2;17,4834;100
92;2;2;17,4834;100
92;2;2;17,4834;100
92;2;2;17,4834;100
92;3;15;17,4834;100
92;3;15;17,4834;100
92;2;2;17,4834;100
92;2;2;17,4834;100
92;2;2;17,4834;100
92;2;2;17,81641;100
92;2;2;17,81641;100
92;2;2;17,81641;100
92;3;15;17,81641;85
92;2;2;17,81641;85
92;3;15;17,81641;70
92;2;2;17,81641;70
92;3;15;17,81641;55
92;2;2;17,81641;55
92;2;2;17,81641;55
92;2;2;17,81641;55
92;2;2;17,81641;55
92;2;2;17,81641;55
92;2;2;17,81641;55
92;2;2;17,81641;55
92;2;2;18,14941;55
92;2;2;18,14941;55
92;2;2;18,14941;55
92;2;2;18,14941;55
92;2;2;18,14941;55
92;2;2;18,14941;55
92;2;2;18,14941;55
92;2;2;18,14941;55
92;2;2;18,14941;55
92;2;2;18,14941;55
92;2;2;18,14941;55
92;2;2;18,14941;55
92;2;2;18,14941;55
92;2;2;18,14941;55
92;2;2;18,14941;55
92;2;2;18,14941;55
92;2;2;18,48242;53
84;2;2;18,48242;51
76;3;15;18,48242;36
68;2;2;18,48242;34
60;2;2;18,48242;32
52;2;2;18,48242;30
44;2;2;18,48242;28
20;3;15;18,48242;13
4;3;15;18,48242;-2
Player