92;2;2;14,26465;100
92;2;2;14,26465;100
92;2;2;14,59766;100
92;2;2;14,59766;100
92;2;2;14,59766;100
92;2;2;14,59766;100
92;2;2;14,59766;100
92;2;2;14,59766;100
92;2;2;14,59766;100
92;2;2;14,59766;100
92;2;2;14,59766;100
92;2;2;14,59766;100
92;2;2;14,59766;100
92;2;2;14,59766;100
92;2;2;14,59766;100
92;2;2;14,59766;100
92;2;2;14,59766;100
92;2;2;14,59766;100
92;2;2;14,59766;100
92;2;2;14,93066;100
92;2;2;14,93066;100
92;2;2;14,93066;100
92;2;2;14,93066;100
92;2;2;14,93066;100
92;2;2;14,93066;100
92;2;2;14,93066;100
92;2;2;14,93066;100
92;2;2;14,93066;100
92;2;2;14,93066;100
92;2;2;14,93066;100
92;2;2;14,93066;100
92;2;2;14,93066;100
92;2;2;14,93066;100
92;2;2;14,93066;100
92;2;2;14,93066;100
92;2;2;15,26367;100
92;2;2;15,26367;100
92;2;2;15,26367;100
92;2;2;15,26367;100
92;2;2;15,26367;100
92;2;2;15,26367;100
92;2;2;15,26367;100
92;2;2;15,26367;100
92;2;2;15,26367;100
92;2;2;15,26367;100
92;2;2;15,26367;100
92;2;2;15,26367;100
92;2;2;15,26367;100
92;2;2;15,26367;100
92;2;2;15,59668;100
92;2;2;15,59668;100
92;2;2;15,59668;100
92;2;2;15,59668;100
92;2;2;15,59668;100
92;2;2;15,59668;100
92;2;2;15,59668;100
92;2;2;15,59668;100
92;2;2;15,59668;100
92;2;2;15,59668;100
92;2;2;15,59668;100
92;2;2;15,59668;100
92;2;2;15,59668;100
92;2;2;15,59668;100
92;2;2;15,59668;100
92;2;2;15,59668;100
92;2;2;15,59668;100
92;2;2;15,92969;100
92;2;2;15,92969;100
92;2;2;15,92969;100
92;2;2;15,92969;100
92;2;2;15,92969;100
92;2;2;15,92969;100
92;2;2;15,92969;100
92;2;2;15,92969;100
92;3;15;15,92969;100
92;2;2;15,92969;100
92;2;2;15,92969;100
92;2;2;15,92969;100
92;2;2;15,92969;100
92;2;2;15,92969;100
92;2;2;16,2627;100
92;2;2;16,2627;100
92;2;2;16,2627;100
92;2;2;16,2627;100
92;2;2;16,2627;100
92;2;2;16,2627;100
92;2;2;16,2627;100
92;2;2;16,2627;100
92;2;2;16,2627;100
92;2;2;16,2627;100
92;2;2;16,2627;100
92;2;2;16,2627;100
92;2;2;16,2627;100
92;2;2;16,2627;100
92;2;2;16,5957;100
92;2;2;16,5957;100
92;2;2;16,5957;100
92;2;2;16,5957;100
92;2;2;16,5957;100
92;2;2;16,5957;100
92;2;2;16,5957;100
92;2;2;16,5957;100
92;2;2;16,5957;100
92;2;2;16,5957;100
92;2;2;16,5957;100
92;2;2;16,5957;100
92;2;2;16,5957;100
92;2;2;16,5957;100
92;2;2;16,92871;100
92;2;2;16,92871;100
92;2;2;16,92871;100
92;2;2;16,92871;100
92;2;2;16,92871;100
92;2;2;16,92871;100
92;2;2;16,92871;100
92;2;2;16,92871;100
92;2;2;16,92871;100
92;2;2;16,92871;100
92;2;2;16,92871;100
92;2;2;16,92871;100
92;2;2;16,92871;100
92;2;2;16,92871;100
92;3;15;16,92871;100
92;2;2;17,26172;100
92;2;2;17,26172;100
92;2;2;17,26172;100
92;3;15;17,26172;100
92;2;2;17,26172;100
92;2;2;17,26172;100
92;2;2;17,26172;100
92;2;2;17,26172;100
92;2;2;17,26172;100
92;2;2;17,26172;100
92;2;2;17,26172;100
92;2;2;17,26172;100
92;2;2;17,26172;100
92;2;2;17,26172;100
92;2;2;17,59473;100
92;2;2;17,59473;100
92;2;2;17,59473;100
92;2;2;17,59473;100
92;2;2;17,59473;100
92;2;2;17,59473;100
92;2;2;17,59473;100
92;2;2;17,59473;100
92;2;2;17,59473;100
92;2;2;17,59473;100
92;2;2;17,59473;100
92;2;2;17,59473;100
92;2;2;17,59473;100
92;2;2;17,59473;100
92;2;2;17,59473;100
92;2;2;17,92773;100
92;2;2;17,92773;100
92;2;2;17,92773;100
92;2;2;17,92773;100
92;2;2;17,92773;100
92;2;2;17,92773;100
92;2;2;17,92773;100
92;2;2;17,92773;100
92;2;2;17,92773;100
92;2;2;17,92773;100
92;2;2;17,92773;100
92;2;2;17,92773;100
92;2;2;17,92773;100
92;2;2;17,92773;100
92;2;2;18,26074;100
92;2;2;18,26074;100
92;2;2;18,26074;100
92;2;2;18,26074;100
92;2;2;18,26074;100
92;2;2;18,26074;100
92;2;2;18,26074;100
92;2;2;18,26074;100
92;2;2;18,26074;100
92;2;2;18,26074;100
92;2;2;18,26074;100
92;2;2;18,59375;100
92;2;2;18,59375;100
92;2;2;18,59375;100
92;2;2;18,59375;100
92;2;2;18,59375;100
92;2;2;18,59375;100
92;2;2;18,59375;100
92;2;2;18,59375;100
92;2;2;18,59375;100
92;2;2;18,59375;100
92;2;2;18,59375;100
92;2;2;18,59375;100
92;2;2;18,59375;100
92;2;2;18,59375;100
92;2;2;18,92676;100
92;2;2;18,92676;100
92;2;2;18,92676;100
92;2;2;18,92676;100
92;2;2;18,92676;100
92;3;15;18,92676;100
92;2;2;18,92676;100
92;2;2;18,92676;100
92;2;2;18,92676;100
92;2;2;18,92676;100
92;2;2;18,92676;100
92;2;2;18,92676;100
92;2;2;18,92676;100
92;2;2;19,25977;100
92;2;2;19,25977;100
92;2;2;19,25977;100
92;2;2;19,25977;100
92;2;2;19,25977;100
92;2;2;19,25977;100
92;2;2;19,25977;100
92;2;2;19,25977;100
92;2;2;19,25977;100
92;2;2;19,25977;100
92;2;2;19,25977;100
92;2;2;19,25977;100
92;2;2;19,25977;100
92;2;2;19,25977;100
92;2;2;19,59277;100
92;2;2;19,59277;100
92;2;2;19,59277;100
92;2;2;19,59277;100
92;2;2;19,59277;100
92;2;2;19,59277;100
92;2;2;19,59277;100
92;2;2;19,59277;100
92;2;2;19,59277;100
92;2;2;19,59277;100
92;2;2;19,59277;100
92;2;2;19,59277;100
92;2;2;19,59277;100
92;2;2;19,92578;100
92;2;2;19,92578;100
92;2;2;19,92578;100
92;2;2;19,92578;100
92;2;2;19,92578;100
92;3;15;19,92578;100
92;2;2;19,92578;100
92;2;2;19,92578;100
92;2;2;19,92578;100
92;2;2;19,92578;100
92;2;2;19,92578;100
92;2;2;20,25879;100
92;2;2;20,25879;100
92;2;2;20,25879;100
92;2;2;20,25879;100
92;2;2;20,25879;100
92;2;2;20,25879;100
92;2;2;20,25879;100
92;2;2;20,25879;100
92;2;2;20,25879;100
92;2;2;20,25879;100
92;2;2;20,5918;100
92;2;2;20,5918;100
92;2;2;20,5918;100
92;2;2;20,5918;100
92;3;15;20,5918;85
92;2;2;20,5918;85
92;2;2;20,5918;85
92;2;2;20,5918;85
92;2;2;20,5918;85
92;2;2;20,5918;85
92;2;2;20,9248;85
92;2;2;20,9248;85
92;2;2;20,9248;85
92;2;2;20,9248;85
92;2;2;20,9248;85
92;2;2;20,9248;85
92;2;2;20,9248;85
92;2;2;20,9248;85
92;2;2;20,9248;85
92;2;2;21,25781;85
92;2;2;21,25781;83
84;2;2;21,25781;81
76;2;2;21,25781;79
68;2;2;21,25781;77
36;3;15;21,25781;62
Boss