92;2;2;24,29785;100
92;2;2;24,29785;100
92;2;2;24,29785;100
92;2;2;24,63086;100
92;2;2;24,63086;100
92;2;2;24,63086;100
92;2;2;24,63086;100
92;2;2;24,63086;100
92;2;2;24,63086;100
92;2;2;24,63086;100
92;2;2;24,63086;100
92;2;2;24,63086;100
92;2;2;24,63086;100
92;2;2;24,63086;100
92;2;2;24,63086;100
92;2;2;24,96387;100
92;2;2;24,96387;100
92;2;2;24,96387;100
92;2;2;24,96387;100
92;2;2;24,96387;100
92;2;2;24,96387;100
92;2;2;24,96387;100
92;2;2;24,96387;100
92;2;2;24,96387;100
92;3;15;24,96387;100
92;2;2;24,96387;100
92;2;2;25,29688;100
92;2;2;25,29688;100
92;2;2;25,29688;100
92;2;2;25,29688;100
92;2;2;25,29688;100
92;2;2;25,29688;100
92;2;2;25,29688;100
92;2;2;25,29688;100
92;2;2;25,29688;100
92;2;2;25,29688;100
92;3;15;25,29688;100
92;2;2;25,29688;100
92;2;2;25,29688;100
92;2;2;25,29688;100
92;2;2;25,29688;100
92;2;2;25,62988;100
92;2;2;25,62988;100
92;2;2;25,62988;100
92;2;2;25,62988;100
92;2;2;25,62988;100
92;2;2;25,62988;100
92;2;2;25,62988;100
92;2;2;25,62988;100
92;2;2;25,62988;100
92;2;2;25,62988;100
92;2;2;25,62988;100
92;2;2;25,62988;100
92;2;2;25,62988;100
92;2;2;25,62988;100
92;2;2;25,62988;100
92;2;2;25,96289;100
92;2;2;25,96289;100
92;2;2;25,96289;100
92;2;2;25,96289;100
92;2;2;25,96289;100
92;2;2;25,96289;100
92;2;2;25,96289;100
92;2;2;25,96289;100
92;2;2;25,96289;100
92;2;2;25,96289;100
92;2;2;25,96289;100
92;2;2;25,96289;100
92;2;2;25,96289;100
92;2;2;26,2959;100
92;2;2;26,2959;100
92;2;2;26,2959;100
92;2;2;26,2959;100
92;2;2;26,2959;100
92;2;2;26,2959;100
92;2;2;26,2959;100
92;2;2;26,2959;100
92;2;2;26,2959;100
92;2;2;26,2959;100
92;2;2;26,2959;100
92;2;2;26,2959;100
92;2;2;26,2959;100
92;2;2;26,2959;100
92;2;2;26,62891;100
92;2;2;26,62891;100
92;2;2;26,62891;100
92;2;2;26,62891;100
92;2;2;26,62891;100
92;2;2;26,62891;100
92;2;2;26,62891;100
92;2;2;26,62891;100
92;2;2;26,62891;100
92;2;2;26,62891;100
92;3;15;26,62891;100
92;2;2;26,62891;100
92;2;2;26,62891;100
92;2;2;26,96191;100
92;2;2;26,96191;100
92;2;2;26,96191;100
92;2;2;26,96191;100
92;2;2;26,96191;100
92;2;2;26,96191;100
92;2;2;26,96191;100
92;2;2;26,96191;100
92;2;2;26,96191;100
92;2;2;27,29492;100
92;2;2;27,29492;100
92;2;2;27,29492;100
92;2;2;27,29492;100
92;2;2;27,29492;100
92;2;2;27,29492;100
92;2;2;27,29492;100
92;2;2;27,29492;100
92;2;2;27,29492;100
92;2;2;27,29492;100
92;2;2;27,29492;100
92;2;2;27,29492;100
92;2;2;27,29492;100
92;2;2;27,29492;100
92;2;2;27,29492;100
92;2;2;27,62793;100
92;2;2;27,62793;100
92;2;2;27,62793;100
92;2;2;27,62793;100
92;2;2;27,62793;100
92;2;2;27,62793;100
92;2;2;27,62793;100
92;2;2;27,62793;100
92;2;2;27,62793;100
92;2;2;27,62793;100
92;2;2;27,96094;100
92;2;2;27,96094;100
92;2;2;27,96094;100
92;2;2;27,96094;100
92;2;2;27,96094;100
92;2;2;27,96094;100
92;2;2;27,96094;100
92;2;2;27,96094;100
92;2;2;27,96094;100
92;2;2;27,96094;100
92;2;2;27,96094;100
92;2;2;27,96094;100
92;2;2;27,96094;100
92;2;2;28,29395;100
92;2;2;28,29395;100
92;2;2;28,29395;100
92;3;15;28,29395;100
92;2;2;28,29395;100
92;2;2;28,29395;100
92;2;2;28,29395;100
92;2;2;28,29395;100
92;2;2;28,29395;100
92;2;2;28,29395;100
92;2;2;28,29395;100
92;2;2;28,29395;100
92;2;2;28,29395;100
92;2;2;28,29395;100
92;2;2;28,29395;100
92;2;2;28,62695;100
92;3;15;28,62695;100
92;2;2;28,62695;100
92;2;2;28,62695;100
92;2;2;28,62695;100
92;2;2;28,62695;100
92;2;2;28,62695;100
92;2;2;28,62695;100
92;2;2;28,62695;100
92;2;2;28,62695;100
92;2;2;28,62695;100
92;3;15;28,62695;100
92;3;15;28,95996;100
92;2;2;28,95996;100
92;2;2;28,95996;100
92;2;2;28,95996;100
92;2;2;28,95996;100
92;2;2;28,95996;100
92;2;2;28,95996;100
92;2;2;28,95996;100
92;2;2;28,95996;100
92;2;2;28,95996;100
92;2;2;28,95996;100
92;2;2;28,95996;100
92;2;2;29,29297;100
92;2;2;29,29297;100
92;2;2;29,29297;100
92;2;2;29,29297;100
92;2;2;29,29297;100
92;2;2;29,29297;100
92;2;2;29,29297;100
92;2;2;29,29297;100
92;2;2;29,29297;100
92;2;2;29,29297;100
92;3;15;29,29297;100
92;2;2;29,62598;100
92;2;2;29,62598;100
92;2;2;29,62598;100
92;2;2;29,62598;100
92;2;2;29,62598;100
92;2;2;29,62598;100
92;2;2;29,62598;100
92;3;15;29,62598;100
92;2;2;29,62598;100
92;2;2;29,62598;100
92;2;2;29,62598;100
92;3;15;29,62598;100
92;2;2;29,62598;100
92;2;2;29,62598;100
92;2;2;29,95898;100
92;2;2;29,95898;100
92;2;2;29,95898;100
92;2;2;29,95898;100
92;2;2;29,95898;100
92;2;2;29,95898;100
92;2;2;29,95898;100
92;2;2;29,95898;100
92;3;15;29,95898;100
92;2;2;29,95898;100
92;2;2;29,95898;100
92;2;2;29,95898;100
92;3;15;30,29199;100
92;2;2;30,29199;100
92;2;2;30,29199;100
92;2;2;30,29199;100
92;2;2;30,29199;100
92;2;2;30,29199;100
92;2;2;30,29199;100
92;2;2;30,29199;100
92;2;2;30,29199;100
92;3;15;30,29199;85
92;2;2;30,29199;85
92;2;2;30,29199;85
92;2;2;30,29199;85
92;2;2;30,29199;85
92;2;2;30,625;85
92;2;2;30,625;85
92;2;2;30,625;85
92;2;2;30,625;85
92;3;15;30,625;70
92;2;2;30,625;70
92;2;2;30,625;70
92;2;2;30,625;70
92;2;2;30,625;70
92;2;2;30,625;70
92;2;2;30,625;70
92;2;2;30,625;70
92;2;2;30,625;70
92;2;2;30,625;70
92;2;2;30,625;70
92;2;2;30,95801;70
84;2;2;30,95801;68
68;2;2;30,95801;66
60;3;15;30,95801;51
52;3;15;30,95801;36
44;3;15;30,95801;21
36;2;2;30,95801;19
28;3;15;30,95801;4
20;2;2;30,95801;2
4;3;15;30,95801;-13
Player