92;2;2;27,97949;100
92;2;2;27,97949;100
92;2;2;27,97949;100
92;2;2;27,97949;100
92;2;2;27,97949;100
92;2;2;28,3125;100
92;2;2;28,3125;100
92;2;2;28,3125;100
92;2;2;28,3125;100
92;2;2;28,3125;100
92;2;2;28,3125;100
92;2;2;28,3125;100
92;2;2;28,3125;100
92;2;2;28,3125;100
92;2;2;28,3125;100
92;2;2;28,3125;100
92;2;2;28,3125;100
92;2;2;28,3125;100
92;2;2;28,3125;100
92;2;2;28,3125;100
92;2;2;28,64551;100
92;2;2;28,64551;100
92;2;2;28,64551;100
92;2;2;28,64551;100
92;2;2;28,64551;100
92;2;2;28,64551;100
92;2;2;28,64551;100
92;2;2;28,64551;100
92;2;2;28,64551;100
92;2;2;28,64551;100
92;2;2;28,64551;100
92;2;2;28,64551;100
92;2;2;28,64551;100
92;2;2;28,64551;100
92;2;2;28,64551;100
92;2;2;28,97852;100
92;2;2;28,97852;100
92;2;2;28,97852;100
92;2;2;28,97852;100
92;2;2;28,97852;100
92;2;2;28,97852;100
92;2;2;28,97852;100
92;2;2;28,97852;100
92;2;2;28,97852;100
92;2;2;28,97852;100
92;2;2;28,97852;100
92;2;2;28,97852;100
92;2;2;28,97852;100
92;2;2;28,97852;100
92;2;2;28,97852;100
92;2;2;28,97852;100
92;2;2;29,31152;100
92;2;2;29,31152;100
92;2;2;29,31152;100
92;2;2;29,31152;100
92;2;2;29,31152;100
92;2;2;29,31152;100
92;2;2;29,31152;100
92;2;2;29,31152;100
92;2;2;29,31152;100
92;2;2;29,31152;100
92;2;2;29,31152;100
92;2;2;29,31152;100
92;2;2;29,31152;100
92;2;2;29,31152;100
92;2;2;29,64453;100
92;2;2;29,64453;100
92;2;2;29,64453;100
92;2;2;29,64453;100
92;2;2;29,64453;100
92;2;2;29,64453;100
92;2;2;29,64453;100
92;2;2;29,64453;100
92;2;2;29,64453;100
92;2;2;29,64453;100
92;2;2;29,64453;100
92;2;2;29,64453;100
92;2;2;29,64453;100
92;2;2;29,64453;100
92;2;2;29,97754;100
92;2;2;29,97754;100
92;2;2;29,97754;100
92;2;2;29,97754;100
92;2;2;29,97754;100
92;2;2;29,97754;100
92;2;2;29,97754;100
92;2;2;29,97754;100
92;2;2;29,97754;100
92;2;2;29,97754;100
92;2;2;29,97754;100
92;2;2;30,31055;100
92;2;2;30,31055;100
92;2;2;30,31055;100
92;2;2;30,31055;100
92;2;2;30,31055;100
92;2;2;30,31055;100
92;2;2;30,31055;100
92;2;2;30,31055;100
92;2;2;30,31055;100
92;2;2;30,31055;100
92;2;2;30,31055;100
92;2;2;30,31055;100
92;2;2;30,31055;100
92;2;2;30,31055;100
92;2;2;30,64355;100
92;2;2;30,64355;100
92;2;2;30,64355;100
92;2;2;30,64355;100
92;2;2;30,64355;100
92;2;2;30,64355;100
92;2;2;30,64355;100
92;2;2;30,64355;100
92;2;2;30,64355;100
92;2;2;30,64355;100
92;2;2;30,64355;100
92;2;2;30,64355;100
92;2;2;30,64355;100
92;3;15;30,97656;100
92;2;2;30,97656;100
92;2;2;30,97656;100
92;2;2;30,97656;100
92;2;2;30,97656;100
92;2;2;30,97656;100
92;2;2;30,97656;100
92;2;2;30,97656;100
92;2;2;30,97656;100
92;2;2;30,97656;100
92;2;2;30,97656;100
92;2;2;30,97656;100
92;2;2;31,30957;100
92;2;2;31,30957;100
92;2;2;31,30957;100
92;2;2;31,30957;100
92;2;2;31,30957;100
92;2;2;31,30957;100
92;2;2;31,30957;100
92;2;2;31,30957;100
92;2;2;31,30957;100
92;2;2;31,30957;100
92;2;2;31,30957;100
92;2;2;31,30957;100
92;3;15;31,30957;100
92;2;2;31,64258;100
92;2;2;31,64258;100
92;2;2;31,64258;100
92;2;2;31,64258;100
92;3;15;31,64258;100
92;2;2;31,64258;100
92;2;2;31,64258;100
92;2;2;31,64258;100
92;2;2;31,64258;100
92;2;2;31,64258;100
92;2;2;31,64258;100
92;2;2;31,64258;100
92;2;2;31,64258;100
92;2;2;31,64258;100
92;2;2;31,64258;100
92;2;2;31,64258;100
92;2;2;31,97559;100
92;2;2;31,97559;100
92;3;15;31,97559;100
92;2;2;31,97559;100
92;2;2;31,97559;100
92;2;2;31,97559;100
92;2;2;31,97559;100
92;2;2;31,97559;100
92;2;2;31,97559;100
92;2;2;31,97559;100
92;2;2;31,97559;100
92;2;2;31,97559;100
92;2;2;31,97559;100
92;2;2;32,30859;100
92;2;2;32,30859;100
92;2;2;32,30859;100
92;2;2;32,30859;100
92;2;2;32,30859;100
92;2;2;32,30859;100
92;2;2;32,30859;100
92;2;2;32,30859;100
92;2;2;32,6416;100
92;2;2;32,6416;100
92;2;2;32,6416;100
92;2;2;32,6416;100
92;2;2;32,6416;100
92;2;2;32,6416;100
92;2;2;32,6416;100
92;2;2;32,6416;100
92;2;2;32,6416;100
92;2;2;32,6416;100
92;2;2;32,97461;100
92;2;2;32,97461;100
92;2;2;32,97461;100
92;2;2;32,97461;100
92;2;2;32,97461;100
92;2;2;32,97461;100
92;2;2;32,97461;100
92;2;2;32,97461;100
92;2;2;32,97461;100
92;2;2;32,97461;100
92;2;2;32,97461;100
92;2;2;33,30762;100
92;2;2;33,30762;100
92;2;2;33,30762;100
92;2;2;33,30762;100
92;2;2;33,30762;100
92;2;2;33,30762;100
92;2;2;33,30762;100
92;2;2;33,30762;100
92;2;2;33,30762;100
92;2;2;33,30762;100
92;2;2;33,30762;100
92;2;2;33,30762;100
92;2;2;33,30762;100
92;2;2;33,30762;100
92;2;2;33,64063;100
92;2;2;33,64063;100
92;2;2;33,64063;100
92;2;2;33,64063;100
92;2;2;33,64063;100
92;2;2;33,64063;100
92;2;2;33,64063;100
92;2;2;33,64063;100
92;3;15;33,64063;100
92;2;2;33,64063;100
92;3;15;33,64063;100
92;2;2;33,97363;100
92;2;2;33,97363;100
92;2;2;33,97363;100
92;3;15;33,97363;85
92;2;2;33,97363;85
92;2;2;33,97363;85
92;2;2;33,97363;85
92;2;2;33,97363;85
92;2;2;33,97363;85
92;3;15;33,97363;70
92;2;2;33,97363;70
92;2;2;33,97363;70
92;2;2;33,97363;70
92;2;2;33,97363;70
92;2;2;33,97363;70
92;2;2;34,30664;70
92;2;2;34,30664;70
92;2;2;34,30664;70
92;2;2;34,30664;70
92;2;2;34,30664;70
92;2;2;34,30664;70
92;2;2;34,30664;70
92;2;2;34,30664;70
92;2;2;34,30664;70
92;2;2;34,30664;70
92;2;2;34,30664;70
92;2;2;34,30664;70
92;2;2;34,30664;70
92;2;2;34,30664;70
92;2;2;34,30664;70
92;2;2;34,63965;68
84;2;2;34,63965;66
76;3;15;34,63965;51
60;2;2;34,63965;49
52;3;15;34,63965;34
44;2;2;34,63965;32
36;2;2;34,63965;30
20;2;2;34,63965;28
-4;3;15;34,63965;13
Boss