92;2;2;6,832031;100
92;2;2;6,832031;100
92;2;2;6,832031;100
92;2;2;7,165527;100
92;2;2;7,165527;100
92;2;2;7,165527;100
92;2;2;7,165527;100
92;2;2;7,165527;100
92;2;2;7,165527;100
92;2;2;7,165527;100
92;2;2;7,165527;100
92;2;2;7,165527;100
92;2;2;7,165527;100
92;2;2;7,165527;100
92;2;2;7,165527;100
92;2;2;7,165527;100
92;2;2;7,165527;100
92;2;2;7,165527;100
92;2;2;7,165527;100
92;2;2;7,499023;100
92;2;2;7,499023;100
92;2;2;7,499023;100
92;2;2;7,499023;100
92;2;2;7,499023;100
92;2;2;7,499023;100
92;2;2;7,499023;100
92;2;2;7,499023;100
92;2;2;7,499023;100
92;2;2;7,499023;100
92;2;2;7,499023;100
92;2;2;7,499023;100
92;2;2;7,499023;100
92;2;2;7,499023;100
92;2;2;7,499023;100
92;2;2;7,83252;100
92;2;2;7,83252;100
92;2;2;7,83252;100
92;2;2;7,83252;100
92;2;2;7,83252;100
92;2;2;7,83252;100
92;2;2;7,83252;100
92;2;2;7,83252;100
92;2;2;7,83252;100
92;2;2;7,83252;100
92;2;2;7,83252;100
92;2;2;7,83252;100
92;2;2;7,83252;100
92;2;2;7,83252;100
92;2;2;7,83252;100
92;2;2;7,83252;100
92;2;2;7,83252;100
92;2;2;8,166016;100
92;2;2;8,166016;100
92;2;2;8,166016;100
92;2;2;8,166016;100
92;2;2;8,166016;100
92;2;2;8,166016;100
92;2;2;8,166016;100
92;2;2;8,166016;100
92;2;2;8,166016;100
92;2;2;8,166016;100
92;2;2;8,166016;100
92;2;2;8,166016;100
92;2;2;8,166016;100
92;2;2;8,166016;100
92;2;2;8,166016;100
92;2;2;8,499512;100
92;2;2;8,499512;100
92;2;2;8,499512;100
92;2;2;8,499512;100
92;2;2;8,499512;100
92;2;2;8,499512;100
92;2;2;8,499512;100
92;2;2;8,499512;100
92;2;2;8,499512;100
92;2;2;8,499512;100
92;2;2;8,499512;100
92;2;2;8,499512;100
92;2;2;8,499512;100
92;2;2;8,833008;100
92;2;2;8,833008;100
92;2;2;8,833008;100
92;2;2;8,833008;100
92;2;2;8,833008;100
92;2;2;8,833008;100
92;2;2;8,833008;100
92;2;2;8,833008;100
92;2;2;8,833008;100
92;2;2;8,833008;100
92;2;2;8,833008;100
92;2;2;8,833008;100
92;2;2;8,833008;100
92;2;2;8,833008;100
92;2;2;8,833008;100
92;2;2;8,833008;100
92;2;2;8,833008;100
92;2;2;9,166504;100
92;2;2;9,166504;100
92;2;2;9,166504;100
92;2;2;9,166504;100
92;2;2;9,166504;100
92;2;2;9,166504;100
92;2;2;9,166504;100
92;2;2;9,166504;100
92;2;2;9,166504;100
92;2;2;9,166504;100
92;2;2;9,166504;100
92;2;2;9,166504;100
92;2;2;9,166504;100
92;2;2;9,166504;100
92;2;2;9,166504;100
92;2;2;9,166504;100
92;2;2;9,5;100
92;2;2;9,5;100
92;2;2;9,5;100
92;2;2;9,5;100
92;2;2;9,5;100
92;2;2;9,5;100
92;2;2;9,5;100
92;2;2;9,5;100
92;2;2;9,5;100
92;2;2;9,5;100
92;2;2;9,5;100
92;2;2;9,5;100
92;2;2;9,5;100
92;2;2;9,833496;100
92;2;2;9,833496;100
92;2;2;9,833496;100
92;2;2;9,833496;100
92;2;2;9,833496;100
92;2;2;9,833496;100
92;2;2;9,833496;100
92;2;2;9,833496;100
92;2;2;9,833496;100
92;2;2;9,833496;100
92;2;2;9,833496;100
92;2;2;9,833496;100
92;2;2;9,833496;100
92;2;2;9,833496;100
92;2;2;9,833496;100
92;2;2;9,833496;100
92;2;2;10,16699;100
92;2;2;10,16699;100
92;2;2;10,16699;100
92;2;2;10,16699;100
92;2;2;10,16699;100
92;2;2;10,16699;100
92;2;2;10,16699;100
92;2;2;10,16699;100
92;2;2;10,16699;100
92;2;2;10,16699;100
92;2;2;10,16699;100
92;2;2;10,16699;100
92;2;2;10,16699;100
92;2;2;10,16699;100
92;2;2;10,50049;100
92;3;15;10,50049;100
92;2;2;10,50049;100
92;2;2;10,50049;100
92;2;2;10,50049;100
92;2;2;10,50049;100
92;2;2;10,50049;100
92;2;2;10,50049;100
92;2;2;10,50049;100
92;2;2;10,50049;100
92;2;2;10,50049;100
92;2;2;10,50049;100
92;2;2;10,50049;100
92;2;2;10,50049;100
92;2;2;10,83398;100
92;2;2;10,83398;100
92;2;2;10,83398;100
92;2;2;10,83398;100
92;2;2;10,83398;100
92;2;2;10,83398;100
92;2;2;10,83398;100
92;2;2;10,83398;100
92;2;2;10,83398;100
92;2;2;10,83398;100
92;2;2;10,83398;100
92;2;2;10,83398;100
92;2;2;10,83398;100
92;2;2;10,83398;100
92;2;2;10,83398;100
92;2;2;11,16748;100
92;2;2;11,16748;100
92;2;2;11,16748;100
92;2;2;11,16748;100
92;2;2;11,16748;100
92;2;2;11,16748;100
92;2;2;11,16748;100
92;2;2;11,16748;100
92;2;2;11,16748;100
92;2;2;11,16748;100
92;2;2;11,16748;100
92;2;2;11,16748;100
92;2;2;11,16748;100
92;2;2;11,50098;100
92;2;2;11,50098;100
92;2;2;11,50098;100
92;2;2;11,50098;100
92;2;2;11,50098;100
92;2;2;11,50098;100
92;2;2;11,50098;100
92;2;2;11,50098;100
92;2;2;11,50098;100
92;2;2;11,50098;100
92;2;2;11,50098;100
92;2;2;11,50098;100
92;2;2;11,50098;100
92;2;2;11,50098;100
92;2;2;11,50098;100
92;2;2;11,83447;100
92;2;2;11,83447;100
92;2;2;11,83447;100
92;2;2;11,83447;100
92;2;2;11,83447;100
92;2;2;11,83447;100
92;2;2;11,83447;100
92;2;2;11,83447;100
92;2;2;11,83447;100
92;2;2;11,83447;100
92;2;2;11,83447;100
92;2;2;11,83447;100
92;2;2;11,83447;100
92;2;2;11,83447;100
92;2;2;11,83447;100
92;2;2;12,16797;100
92;2;2;12,16797;100
92;2;2;12,16797;100
92;2;2;12,16797;100
92;2;2;12,16797;100
92;2;2;12,16797;100
92;2;2;12,16797;100
92;2;2;12,16797;100
92;2;2;12,16797;100
92;2;2;12,16797;100
92;2;2;12,16797;100
92;2;2;12,16797;100
92;2;2;12,50146;100
92;2;2;12,50146;100
92;2;2;12,50146;100
92;2;2;12,50146;100
92;2;2;12,50146;100
92;2;2;12,50146;100
92;2;2;12,50146;100
92;2;2;12,50146;100
92;2;2;12,50146;100
92;2;2;12,50146;100
92;2;2;12,50146;100
92;3;15;12,50146;100
92;2;2;12,83496;100
92;2;2;12,83496;100
92;2;2;12,83496;100
92;2;2;12,83496;100
92;2;2;12,83496;100
92;2;2;12,83496;100
92;2;2;12,83496;100
92;2;2;12,83496;100
92;2;2;12,83496;100
92;2;2;12,83496;100
92;2;2;12,83496;100
92;2;2;12,83496;100
92;2;2;12,83496;100
92;2;2;12,83496;100
92;2;2;13,16846;100
92;2;2;13,16846;100
92;2;2;13,16846;100
92;2;2;13,16846;100
92;2;2;13,16846;100
92;2;2;13,16846;100
92;2;2;13,16846;100
92;2;2;13,16846;100
92;2;2;13,16846;100
92;2;2;13,16846;100
92;2;2;13,16846;100
92;2;2;13,16846;100
92;2;2;13,16846;100
92;2;2;13,16846;100
92;2;2;13,16846;100
92;2;2;13,50195;100
92;2;2;13,50195;100
92;2;2;13,50195;100
92;2;2;13,50195;100
92;2;2;13,50195;100
92;2;2;13,50195;100
92;2;2;13,50195;100
92;2;2;13,50195;100
92;2;2;13,50195;100
92;2;2;13,50195;100
92;2;2;13,50195;100
92;2;2;13,83545;100
92;2;2;13,83545;100
92;2;2;13,83545;100
92;2;2;13,83545;100
92;2;2;13,83545;100
92;2;2;13,83545;100
92;2;2;13,83545;100
92;2;2;13,83545;100
92;2;2;13,83545;100
92;2;2;13,83545;100
92;2;2;13,83545;100
92;2;2;13,83545;100
92;2;2;13,83545;100
92;2;2;14,16895;100
92;2;2;14,16895;100
92;2;2;14,16895;100
92;2;2;14,16895;100
92;2;2;14,16895;100
92;2;2;14,16895;100
92;2;2;14,16895;100
92;2;2;14,16895;100
92;2;2;14,16895;100
92;2;2;14,50244;100
92;2;2;14,50244;98
84;2;2;14,50244;96
60;3;15;14,50244;81
44;2;2;14,50244;79
Boss