92;2;2;41,0498;100
92;2;2;41,38281;100
92;2;2;41,38281;100
92;2;2;41,38281;100
92;2;2;41,38281;100
92;2;2;41,38281;100
92;2;2;41,38281;100
92;2;2;41,38281;100
92;2;2;41,38281;100
92;2;2;41,38281;100
92;2;2;41,38281;100
92;2;2;41,38281;100
92;2;2;41,38281;100
92;2;2;41,38281;100
92;2;2;41,38281;100
92;2;2;41,71582;100
92;2;2;41,71582;100
92;2;2;41,71582;100
92;2;2;41,71582;100
92;2;2;41,71582;100
92;3;15;41,71582;100
92;2;2;41,71582;100
92;2;2;41,71582;100
92;2;2;41,71582;100
92;2;2;41,71582;100
92;2;2;41,71582;100
92;2;2;42,04883;100
92;2;2;42,04883;100
92;2;2;42,04883;100
92;2;2;42,04883;100
92;2;2;42,04883;100
92;2;2;42,04883;100
92;2;2;42,04883;100
92;2;2;42,04883;100
92;2;2;42,04883;100
92;2;2;42,04883;100
92;2;2;42,04883;100
92;2;2;42,04883;100
92;2;2;42,04883;100
92;2;2;42,38184;100
92;2;2;42,38184;100
92;2;2;42,38184;100
92;2;2;42,38184;100
92;2;2;42,38184;100
92;2;2;42,38184;100
92;2;2;42,38184;100
92;2;2;42,38184;100
92;2;2;42,38184;100
92;2;2;42,38184;100
92;2;2;42,38184;100
92;2;2;42,38184;100
92;2;2;42,71484;100
92;2;2;42,71484;100
92;2;2;42,71484;100
92;2;2;42,71484;100
92;2;2;42,71484;100
92;2;2;42,71484;100
92;2;2;42,71484;100
92;2;2;42,71484;100
92;2;2;42,71484;100
92;2;2;42,71484;100
92;2;2;42,71484;100
92;2;2;42,71484;100
92;3;15;43,04785;100
92;2;2;43,04785;100
92;3;15;43,04785;100
92;3;15;43,04785;100
92;2;2;43,04785;100
92;3;15;43,04785;100
92;2;2;43,04785;100
92;2;2;43,04785;100
92;2;2;43,04785;100
92;2;2;43,04785;100
92;2;2;43,04785;100
92;2;2;43,04785;100
92;2;2;43,04785;100
92;2;2;43,04785;100
92;3;15;43,04785;100
92;2;2;43,38086;100
92;2;2;43,38086;100
92;2;2;43,38086;100
92;2;2;43,38086;100
92;2;2;43,38086;100
92;2;2;43,38086;100
92;2;2;43,38086;100
92;2;2;43,38086;100
92;2;2;43,38086;100
92;2;2;43,38086;100
92;2;2;43,38086;100
92;2;2;43,38086;100
92;2;2;43,38086;100
92;2;2;43,71387;100
92;2;2;43,71387;100
92;2;2;43,71387;100
92;2;2;43,71387;100
92;2;2;43,71387;100
92;2;2;43,71387;100
92;2;2;43,71387;100
92;2;2;43,71387;100
92;2;2;43,71387;100
92;2;2;43,71387;100
92;3;15;43,71387;100
92;2;2;44,04688;100
92;2;2;44,04688;100
92;2;2;44,04688;100
92;2;2;44,04688;100
92;2;2;44,04688;100
92;3;15;44,04688;100
92;2;2;44,04688;100
92;2;2;44,04688;100
92;2;2;44,04688;100
92;3;15;44,04688;100
92;2;2;44,04688;100
92;2;2;44,04688;100
92;2;2;44,04688;100
92;2;2;44,04688;100
92;3;15;44,37988;100
92;3;15;44,37988;100
92;2;2;44,37988;100
92;2;2;44,37988;100
92;2;2;44,37988;100
92;2;2;44,37988;100
92;2;2;44,37988;100
92;2;2;44,37988;100
92;2;2;44,37988;100
92;2;2;44,37988;100
92;2;2;44,37988;100
92;2;2;44,37988;100
92;2;2;44,37988;100
92;2;2;44,71289;100
92;2;2;44,71289;100
92;2;2;44,71289;100
92;2;2;44,71289;100
92;2;2;44,71289;100
92;2;2;44,71289;100
92;2;2;44,71289;100
92;2;2;44,71289;100
92;2;2;44,71289;100
92;2;2;44,71289;100
92;3;15;44,71289;100
92;2;2;44,71289;100
92;2;2;44,71289;100
92;3;15;44,71289;100
92;2;2;44,71289;100
92;3;15;45,0459;100
92;2;2;45,0459;100
92;2;2;45,0459;100
92;2;2;45,0459;100
92;2;2;45,0459;100
92;2;2;45,0459;100
92;2;2;45,0459;100
92;2;2;45,0459;100
92;2;2;45,0459;100
92;2;2;45,0459;100
92;2;2;45,0459;100
92;2;2;45,0459;100
92;2;2;45,0459;100
92;2;2;45,0459;100
92;2;2;45,37891;100
92;2;2;45,37891;100
92;2;2;45,37891;100
92;2;2;45,37891;100
92;2;2;45,37891;100
92;2;2;45,37891;100
92;2;2;45,37891;100
92;3;15;45,37891;100
92;2;2;45,37891;100
92;2;2;45,37891;100
92;2;2;45,37891;100
92;2;2;45,37891;100
92;2;2;45,37891;100
92;2;2;45,37891;100
92;3;15;45,37891;100
92;3;15;45,37891;100
92;2;2;45,71191;100
92;2;2;45,71191;100
92;2;2;45,71191;100
92;2;2;45,71191;100
92;2;2;45,71191;100
92;3;15;45,71191;100
92;2;2;45,71191;100
92;2;2;45,71191;100
92;2;2;45,71191;100
92;2;2;45,71191;100
92;2;2;45,71191;100
92;2;2;45,71191;100
92;2;2;45,71191;100
92;3;15;46,04492;100
92;2;2;46,04492;100
92;3;15;46,04492;100
92;2;2;46,04492;100
92;2;2;46,04492;100
92;2;2;46,04492;100
92;2;2;46,04492;100
92;2;2;46,04492;100
92;2;2;46,04492;100
92;2;2;46,04492;100
92;2;2;46,04492;100
92;2;2;46,04492;100
92;3;15;46,04492;100
92;2;2;46,04492;100
92;2;2;46,04492;100
92;3;15;46,04492;100
92;2;2;46,37793;100
92;3;15;46,37793;100
92;2;2;46,37793;100
92;2;2;46,37793;100
92;2;2;46,37793;100
92;3;15;46,37793;100
92;3;15;46,37793;100
92;2;2;46,37793;100
92;3;15;46,37793;100
92;2;2;46,37793;100
92;2;2;46,37793;100
92;2;2;46,37793;100
92;2;2;46,37793;100
92;2;2;46,37793;100
92;3;15;46,37793;100
92;2;2;46,71094;100
92;2;2;46,71094;100
92;2;2;46,71094;100
92;2;2;46,71094;100
92;2;2;46,71094;100
92;3;15;46,71094;100
92;3;15;46,71094;100
92;2;2;46,71094;100
92;2;2;46,71094;100
92;2;2;46,71094;100
92;2;2;46,71094;100
92;2;2;46,71094;100
92;2;2;46,71094;100
92;2;2;47,04395;100
92;2;2;47,04395;100
92;2;2;47,04395;100
92;2;2;47,04395;100
92;3;15;47,04395;85
92;2;2;47,04395;85
92;2;2;47,04395;85
92;3;15;47,04395;70
92;2;2;47,04395;70
92;3;15;47,04395;55
92;2;2;47,04395;55
92;2;2;47,04395;55
92;2;2;47,04395;55
92;2;2;47,04395;55
92;2;2;47,04395;55
92;2;2;47,37695;55
92;2;2;47,37695;55
92;2;2;47,37695;55
92;3;15;47,37695;40
92;2;2;47,37695;40
92;2;2;47,37695;40
92;2;2;47,37695;40
92;3;15;47,37695;25
92;2;2;47,37695;25
92;2;2;47,37695;25
92;2;2;47,37695;25
92;2;2;47,37695;25
92;2;2;47,37695;25
92;2;2;47,37695;25
92;2;2;47,70996;23
84;2;2;47,70996;21
68;2;2;47,70996;19
60;2;2;47,70996;17
44;2;2;47,70996;15
28;2;2;47,70996;13
20;3;15;47,70996;-2
Player