92;2;2;12,25391;100
92;2;2;12,25391;100
92;3;15;12,58691;100
92;2;2;12,58691;100
92;2;2;12,58691;100
92;2;2;12,58691;100
92;2;2;12,58691;100
92;2;2;12,58691;100
92;2;2;12,58691;100
92;2;2;12,58691;100
92;2;2;12,58691;100
92;2;2;12,58691;100
92;2;2;12,58691;100
92;2;2;12,58691;100
92;2;2;12,58691;100
92;2;2;12,91992;100
92;2;2;12,91992;100
92;2;2;12,91992;100
92;2;2;12,91992;100
92;2;2;12,91992;100
92;2;2;12,91992;100
92;2;2;12,91992;100
92;2;2;12,91992;100
92;2;2;12,91992;100
92;2;2;12,91992;100
92;2;2;12,91992;100
92;2;2;13,25293;100
92;2;2;13,25293;100
92;2;2;13,25293;100
92;2;2;13,25293;100
92;2;2;13,25293;100
92;2;2;13,25293;100
92;2;2;13,25293;100
92;2;2;13,25293;100
92;2;2;13,25293;100
92;2;2;13,25293;100
92;2;2;13,25293;100
92;2;2;13,25293;100
92;2;2;13,25293;100
92;2;2;13,25293;100
92;2;2;13,58594;100
92;2;2;13,58594;100
92;2;2;13,58594;100
92;2;2;13,58594;100
92;2;2;13,58594;100
92;2;2;13,58594;100
92;2;2;13,58594;100
92;2;2;13,58594;100
92;2;2;13,58594;100
92;2;2;13,58594;100
92;2;2;13,58594;100
92;2;2;13,91895;100
92;2;2;13,91895;100
92;2;2;13,91895;100
92;2;2;13,91895;100
92;2;2;13,91895;100
92;2;2;13,91895;100
92;2;2;13,91895;100
92;2;2;13,91895;100
92;2;2;13,91895;100
92;2;2;13,91895;100
92;2;2;14,25195;100
92;2;2;14,25195;100
92;2;2;14,25195;100
92;2;2;14,25195;100
92;2;2;14,25195;100
92;2;2;14,25195;100
92;2;2;14,25195;100
92;2;2;14,25195;100
92;2;2;14,25195;100
92;2;2;14,25195;100
92;2;2;14,25195;100
92;2;2;14,58496;100
92;2;2;14,58496;100
92;2;2;14,58496;100
92;2;2;14,58496;100
92;2;2;14,58496;100
92;2;2;14,58496;100
92;2;2;14,58496;100
92;2;2;14,58496;100
92;2;2;14,58496;100
92;2;2;14,58496;100
92;2;2;14,58496;100
92;2;2;14,91797;100
92;2;2;14,91797;100
92;2;2;14,91797;100
92;2;2;14,91797;100
92;3;15;14,91797;100
92;2;2;14,91797;100
92;2;2;14,91797;100
92;2;2;14,91797;100
92;2;2;14,91797;100
92;2;2;14,91797;100
92;2;2;14,91797;100
92;2;2;14,91797;100
92;2;2;14,91797;100
92;3;15;15,25098;100
92;2;2;15,25098;100
92;2;2;15,25098;100
92;2;2;15,25098;100
92;2;2;15,25098;100
92;2;2;15,25098;100
92;2;2;15,25098;100
92;2;2;15,25098;100
92;2;2;15,25098;100
92;2;2;15,25098;100
92;2;2;15,25098;100
92;2;2;15,25098;100
92;3;15;15,25098;100
92;2;2;15,25098;100
92;3;15;15,58398;100
92;3;15;15,58398;100
92;2;2;15,58398;100
92;2;2;15,58398;100
92;2;2;15,58398;100
92;2;2;15,58398;100
92;3;15;15,58398;100
92;2;2;15,58398;100
92;2;2;15,58398;100
92;2;2;15,58398;100
92;2;2;15,58398;100
92;2;2;15,58398;100
92;2;2;15,58398;100
92;3;15;15,91699;100
92;2;2;15,91699;100
92;2;2;15,91699;100
92;2;2;15,91699;100
92;2;2;15,91699;100
92;2;2;15,91699;100
92;2;2;15,91699;100
92;2;2;15,91699;100
92;2;2;15,91699;100
92;2;2;15,91699;100
92;2;2;15,91699;100
92;2;2;16,25;100
92;2;2;16,25;100
92;2;2;16,25;100
92;2;2;16,25;100
92;2;2;16,25;100
92;2;2;16,25;100
92;2;2;16,25;100
92;2;2;16,25;100
92;2;2;16,25;100
92;3;15;16,25;100
92;2;2;16,25;100
92;2;2;16,25;100
92;2;2;16,25;100
92;2;2;16,25;100
92;2;2;16,25;100
92;2;2;16,25;100
92;2;2;16,58301;100
92;2;2;16,58301;100
92;2;2;16,58301;100
92;2;2;16,58301;100
92;3;15;16,58301;100
92;3;15;16,58301;100
92;2;2;16,58301;100
92;2;2;16,58301;100
92;3;15;16,58301;100
92;2;2;16,58301;100
92;2;2;16,58301;100
92;2;2;16,58301;100
92;2;2;16,58301;100
92;3;15;16,58301;100
92;2;2;16,58301;100
92;2;2;16,91602;100
92;2;2;16,91602;100
92;2;2;16,91602;100
92;2;2;16,91602;100
92;2;2;16,91602;100
92;3;15;16,91602;100
92;3;15;16,91602;100
92;2;2;16,91602;100
92;2;2;16,91602;100
92;2;2;16,91602;100
92;2;2;16,91602;100
92;2;2;16,91602;100
92;2;2;16,91602;100
92;2;2;16,91602;100
92;2;2;16,91602;100
92;2;2;17,24902;100
92;3;15;17,24902;100
92;2;2;17,24902;100
92;3;15;17,24902;100
92;2;2;17,24902;100
92;2;2;17,24902;100
92;2;2;17,24902;100
92;2;2;17,24902;100
92;2;2;17,24902;100
92;2;2;17,24902;100
92;2;2;17,24902;100
92;3;15;17,24902;100
92;2;2;17,24902;100
92;2;2;17,24902;100
92;2;2;17,24902;100
92;2;2;17,58203;100
92;3;15;17,58203;100
92;3;15;17,58203;100
92;3;15;17,58203;100
92;2;2;17,58203;100
92;2;2;17,58203;100
92;2;2;17,58203;100
92;2;2;17,58203;100
92;3;15;17,58203;100
92;2;2;17,58203;100
92;2;2;17,58203;100
92;2;2;17,58203;100
92;3;15;17,58203;100
92;2;2;17,58203;100
92;2;2;17,91504;100
92;3;15;17,91504;100
92;2;2;17,91504;100
92;2;2;17,91504;100
92;2;2;17,91504;100
92;3;15;17,91504;100
92;2;2;17,91504;100
92;2;2;17,91504;100
92;2;2;17,91504;100
92;2;2;17,91504;100
92;2;2;17,91504;100
92;3;15;17,91504;100
92;2;2;18,24805;100
92;2;2;18,24805;100
92;2;2;18,24805;100
92;3;15;18,24805;85
92;2;2;18,24805;85
92;2;2;18,24805;85
92;2;2;18,24805;85
92;2;2;18,24805;85
92;3;15;18,24805;70
92;3;15;18,24805;55
92;2;2;18,24805;55
92;2;2;18,24805;55
92;2;2;18,24805;55
92;2;2;18,24805;55
92;2;2;18,24805;55
92;2;2;18,58105;55
92;2;2;18,58105;55
92;2;2;18,58105;55
92;2;2;18,58105;55
92;2;2;18,58105;55
92;3;15;18,58105;40
92;2;2;18,58105;40
92;2;2;18,58105;40
92;2;2;18,58105;40
92;2;2;18,58105;40
92;2;2;18,58105;40
92;2;2;18,58105;40
92;2;2;18,58105;40
92;2;2;18,58105;40
92;2;2;18,58105;40
92;2;2;18,58105;40
92;2;2;18,91406;40
92;2;2;18,91406;38
84;2;2;18,91406;36
76;2;2;18,91406;34
68;2;2;18,91406;32
60;2;2;18,91406;30
52;2;2;18,91406;28
44;2;2;18,91406;26
36;2;2;18,91406;24
28;3;15;18,91406;9
20;2;2;18,91406;7
4;3;15;18,91406;-8
Player