92;2;2;59,11523;100
92;2;2;59,44824;100
92;2;2;59,44824;100
92;2;2;59,44824;100
92;2;2;59,44824;100
92;2;2;59,44824;100
92;2;2;59,44824;100
92;2;2;59,44824;100
92;2;2;59,44824;100
92;2;2;59,44824;100
92;2;2;59,44824;100
92;2;2;59,44824;100
92;2;2;59,78125;100
92;2;2;59,78125;100
92;2;2;59,78125;100
92;3;15;59,78125;100
92;2;2;59,78125;100
92;2;2;59,78125;100
92;2;2;59,78125;100
92;2;2;59,78125;100
92;2;2;59,78125;100
92;2;2;59,78125;100
92;2;2;59,78125;100
92;3;15;59,78125;100
92;2;2;0,1142578;100
92;2;2;0,1142578;100
92;2;2;0,1142578;100
92;2;2;0,1142578;100
92;3;15;0,1142578;100
92;2;2;0,1142578;100
92;2;2;0,1142578;100
92;2;2;0,1142578;100
92;2;2;0,1142578;100
92;2;2;0,1142578;100
92;2;2;0,1142578;100
92;2;2;0,1142578;100
92;2;2;0,1142578;100
92;2;2;0,1142578;100
92;2;2;0,4472656;100
92;2;2;0,4472656;100
92;2;2;0,4472656;100
92;2;2;0,4472656;100
92;2;2;0,4472656;100
92;2;2;0,4472656;100
92;2;2;0,4472656;100
92;2;2;0,4472656;100
92;2;2;0,4472656;100
92;2;2;0,4472656;100
92;2;2;0,4472656;100
92;2;2;0,4472656;100
92;2;2;0,4472656;100
92;2;2;0,4472656;100
92;2;2;0,4472656;100
92;2;2;0,7802734;100
92;2;2;0,7802734;100
92;3;15;0,7802734;100
92;2;2;0,7802734;100
92;2;2;0,7802734;100
92;2;2;0,7802734;100
92;2;2;0,7802734;100
92;2;2;0,7802734;100
92;2;2;0,7802734;100
92;2;2;0,7802734;100
92;2;2;0,7802734;100
92;2;2;0,7802734;100
92;2;2;0,7802734;100
92;2;2;1,113281;100
92;3;15;1,113281;100
92;2;2;1,113281;100
92;2;2;1,113281;100
92;2;2;1,113281;100
92;2;2;1,113281;100
92;2;2;1,113281;100
92;2;2;1,113281;100
92;2;2;1,113281;100
92;2;2;1,113281;100
92;2;2;1,113281;100
92;2;2;1,113281;100
92;2;2;1,113281;100
92;2;2;1,446289;100
92;2;2;1,446289;100
92;2;2;1,446289;100
92;2;2;1,446289;100
92;2;2;1,446289;100
92;2;2;1,446289;100
92;2;2;1,446289;100
92;2;2;1,446289;100
92;2;2;1,446289;100
92;2;2;1,446289;100
92;2;2;1,446289;100
92;2;2;1,446289;100
92;2;2;1,446289;100
92;2;2;1,779297;100
92;2;2;1,779297;100
92;2;2;1,779297;100
92;2;2;1,779297;100
92;2;2;1,779297;100
92;2;2;1,779297;100
92;2;2;1,779297;100
92;2;2;1,779297;100
92;2;2;1,779297;100
92;2;2;1,779297;100
92;2;2;1,779297;100
92;2;2;1,779297;100
92;2;2;2,112305;100
92;2;2;2,112305;100
92;2;2;2,112305;100
92;2;2;2,112305;100
92;2;2;2,112305;100
92;2;2;2,112305;100
92;2;2;2,112305;100
92;2;2;2,112305;100
92;2;2;2,112305;100
92;2;2;2,112305;100
92;2;2;2,112305;100
92;2;2;2,112305;100
92;2;2;2,445313;100
92;2;2;2,445313;100
92;2;2;2,445313;100
92;3;15;2,445313;100
92;2;2;2,445313;100
92;2;2;2,445313;100
92;2;2;2,445313;100
92;2;2;2,445313;100
92;2;2;2,445313;100
92;2;2;2,445313;100
92;2;2;2,445313;100
92;2;2;2,445313;100
92;2;2;2,445313;100
92;2;2;2,445313;100
92;2;2;2,77832;100
92;2;2;2,77832;100
92;3;15;2,77832;100
92;2;2;2,77832;100
92;2;2;2,77832;100
92;2;2;2,77832;100
92;2;2;2,77832;100
92;2;2;2,77832;100
92;2;2;2,77832;100
92;2;2;2,77832;100
92;2;2;2,77832;100
92;2;2;2,77832;100
92;2;2;2,77832;100
92;2;2;2,77832;100
92;2;2;2,77832;100
92;2;2;2,77832;100
92;2;2;3,111328;100
92;2;2;3,111328;100
92;2;2;3,111328;100
92;2;2;3,111328;100
92;2;2;3,111328;100
92;2;2;3,111328;100
92;2;2;3,111328;100
92;2;2;3,111328;100
92;2;2;3,111328;100
92;2;2;3,111328;100
92;3;15;3,111328;100
92;2;2;3,111328;100
92;2;2;3,111328;100
92;2;2;3,111328;100
92;2;2;3,444336;100
92;2;2;3,444336;100
92;2;2;3,444336;100
92;2;2;3,444336;100
92;3;15;3,444336;100
92;3;15;3,444336;100
92;2;2;3,444336;100
92;2;2;3,444336;100
92;3;15;3,444336;100
92;2;2;3,444336;100
92;2;2;3,444336;100
92;2;2;3,444336;100
92;2;2;3,444336;100
92;2;2;3,777344;100
92;2;2;3,777344;100
92;3;15;3,777344;100
92;2;2;3,777344;100
92;2;2;3,777344;100
92;2;2;3,777344;100
92;2;2;3,777344;100
92;2;2;3,777344;100
92;2;2;3,777344;100
92;2;2;3,777344;100
92;3;15;3,777344;100
92;2;2;3,777344;100
92;2;2;3,777344;100
92;2;2;3,777344;100
92;3;15;4,110352;100
92;2;2;4,110352;100
92;2;2;4,110352;100
92;2;2;4,110352;100
92;2;2;4,110352;100
92;2;2;4,110352;100
92;2;2;4,110352;100
92;3;15;4,110352;100
92;2;2;4,110352;100
92;2;2;4,110352;100
92;2;2;4,110352;100
92;2;2;4,110352;100
92;2;2;4,110352;100
92;2;2;4,110352;100
92;2;2;4,110352;100
92;2;2;4,110352;100
92;2;2;4,443359;100
92;2;2;4,443359;100
92;2;2;4,443359;100
92;2;2;4,443359;100
92;3;15;4,443359;100
92;2;2;4,443359;100
92;2;2;4,443359;100
92;3;15;4,443359;100
92;3;15;4,443359;100
92;2;2;4,443359;100
92;2;2;4,443359;100
92;2;2;4,443359;100
92;2;2;4,443359;100
92;2;2;4,443359;100
92;2;2;4,443359;100
92;2;2;4,776367;100
92;3;15;4,776367;100
92;2;2;4,776367;100
92;3;15;4,776367;100
92;2;2;4,776367;100
92;2;2;4,776367;100
92;2;2;4,776367;100
92;2;2;4,776367;100
92;2;2;4,776367;100
92;3;15;4,776367;100
92;2;2;4,776367;100
92;2;2;4,776367;100
92;2;2;4,776367;100
92;2;2;4,776367;100
92;3;15;5,109375;85
92;2;2;5,109375;85
92;2;2;5,109375;85
92;2;2;5,109375;85
92;2;2;5,109375;85
92;3;15;5,109375;70
92;2;2;5,109375;70
92;3;15;5,109375;55
92;2;2;5,109375;55
92;2;2;5,109375;55
92;2;2;5,109375;55
92;2;2;5,109375;55
92;2;2;5,442383;55
92;2;2;5,442383;55
92;2;2;5,442383;55
92;2;2;5,442383;55
92;3;15;5,442383;40
92;2;2;5,442383;40
92;2;2;5,442383;40
92;2;2;5,442383;40
92;2;2;5,442383;40
92;2;2;5,442383;40
92;2;2;5,442383;40
92;2;2;5,442383;40
92;2;2;5,442383;40
92;2;2;5,775391;38
84;2;2;5,775391;36
68;2;2;5,775391;34
60;2;2;5,775391;32
52;2;2;5,775391;30
36;2;2;5,775391;28
20;2;2;5,775391;26
12;2;2;5,775391;24
4;3;15;5,775391;9
-4;3;15;5,775391;-6
Player