92;2;2;39,12695;100
92;2;2;39,12695;100
92;2;2;39,12695;100
92;2;2;39,46045;100
92;2;2;39,46045;100
92;2;2;39,46045;100
92;2;2;39,46045;100
92;2;2;39,46045;100
92;2;2;39,46045;100
92;2;2;39,46045;100
92;2;2;39,46045;100
92;2;2;39,46045;100
92;2;2;39,46045;100
92;2;2;39,46045;100
92;2;2;39,46045;100
92;2;2;39,46045;100
92;2;2;39,46045;100
92;2;2;39,46045;100
92;2;2;39,46045;100
92;2;2;39,79395;100
92;2;2;39,79395;100
92;2;2;39,79395;100
92;2;2;39,79395;100
92;2;2;39,79395;100
92;2;2;39,79395;100
92;2;2;39,79395;100
92;2;2;39,79395;100
92;2;2;39,79395;100
92;2;2;39,79395;100
92;2;2;39,79395;100
92;2;2;39,79395;100
92;2;2;39,79395;100
92;2;2;39,79395;100
92;2;2;39,79395;100
92;2;2;39,79395;100
92;2;2;39,79395;100
92;2;2;40,12744;100
92;2;2;40,12744;100
92;2;2;40,12744;100
92;2;2;40,12744;100
92;2;2;40,12744;100
92;2;2;40,12744;100
92;2;2;40,12744;100
92;2;2;40,12744;100
92;2;2;40,12744;100
92;2;2;40,12744;100
92;2;2;40,12744;100
92;2;2;40,12744;100
92;2;2;40,12744;100
92;2;2;40,12744;100
92;2;2;40,12744;100
92;2;2;40,12744;100
92;2;2;40,12744;100
92;2;2;40,46094;100
92;2;2;40,46094;100
92;2;2;40,46094;100
92;2;2;40,46094;100
92;2;2;40,46094;100
92;2;2;40,46094;100
92;2;2;40,46094;100
92;2;2;40,46094;100
92;2;2;40,46094;100
92;2;2;40,46094;100
92;2;2;40,46094;100
92;2;2;40,46094;100
92;2;2;40,46094;100
92;2;2;40,46094;100
92;2;2;40,46094;100
92;2;2;40,46094;100
92;2;2;40,79443;100
92;2;2;40,79443;100
92;2;2;40,79443;100
92;2;2;40,79443;100
92;2;2;40,79443;100
92;2;2;40,79443;100
92;2;2;40,79443;100
92;2;2;40,79443;100
92;2;2;40,79443;100
92;2;2;40,79443;100
92;2;2;40,79443;100
92;2;2;40,79443;100
92;2;2;40,79443;100
92;2;2;40,79443;100
92;2;2;40,79443;100
92;2;2;40,79443;100
92;2;2;40,79443;100
92;2;2;41,12793;100
92;2;2;41,12793;100
92;2;2;41,12793;100
92;2;2;41,12793;100
92;2;2;41,12793;100
92;2;2;41,12793;100
92;2;2;41,12793;100
92;2;2;41,12793;100
92;2;2;41,12793;100
92;2;2;41,12793;100
92;2;2;41,12793;100
92;2;2;41,12793;100
92;2;2;41,12793;100
92;2;2;41,12793;100
92;2;2;41,12793;100
92;2;2;41,12793;100
92;2;2;41,12793;100
92;2;2;41,46143;100
92;2;2;41,46143;100
92;2;2;41,46143;100
92;2;2;41,46143;100
92;2;2;41,46143;100
92;2;2;41,46143;100
92;2;2;41,46143;100
92;2;2;41,46143;100
92;2;2;41,46143;100
92;2;2;41,46143;100
92;2;2;41,46143;100
92;2;2;41,46143;100
92;2;2;41,46143;100
92;2;2;41,46143;100
92;2;2;41,46143;100
92;2;2;41,46143;100
92;2;2;41,79492;100
92;2;2;41,79492;100
92;2;2;41,79492;100
92;2;2;41,79492;100
92;2;2;41,79492;100
92;2;2;41,79492;100
92;2;2;41,79492;100
92;2;2;41,79492;100
92;2;2;41,79492;100
92;2;2;41,79492;100
92;2;2;41,79492;100
92;2;2;41,79492;100
92;2;2;41,79492;100
92;2;2;41,79492;100
92;2;2;41,79492;100
92;2;2;41,79492;100
92;2;2;41,79492;100
92;2;2;42,12842;100
92;2;2;42,12842;100
92;2;2;42,12842;100
92;2;2;42,12842;100
92;2;2;42,12842;100
92;2;2;42,12842;100
92;2;2;42,12842;100
92;2;2;42,12842;100
92;2;2;42,12842;100
92;2;2;42,12842;100
92;2;2;42,12842;100
92;2;2;42,12842;100
92;2;2;42,12842;100
92;2;2;42,12842;100
92;2;2;42,46191;100
92;2;2;42,46191;100
92;2;2;42,46191;100
92;2;2;42,46191;100
92;2;2;42,46191;100
92;2;2;42,46191;100
92;2;2;42,46191;100
92;2;2;42,46191;100
92;2;2;42,46191;100
92;2;2;42,46191;100
92;2;2;42,46191;100
92;2;2;42,46191;100
92;2;2;42,46191;100
92;2;2;42,46191;100
92;2;2;42,46191;100
92;2;2;42,46191;100
92;2;2;42,79541;100
92;2;2;42,79541;100
92;2;2;42,79541;100
92;2;2;42,79541;100
92;2;2;42,79541;100
92;2;2;42,79541;100
92;2;2;42,79541;100
92;2;2;42,79541;100
92;2;2;42,79541;100
92;2;2;42,79541;100
92;2;2;42,79541;100
92;2;2;42,79541;100
92;2;2;42,79541;100
92;2;2;42,79541;100
92;2;2;43,12891;100
92;2;2;43,12891;100
92;2;2;43,12891;100
92;2;2;43,12891;100
92;2;2;43,12891;100
92;2;2;43,12891;100
92;2;2;43,12891;100
92;2;2;43,12891;100
92;2;2;43,12891;100
92;2;2;43,12891;100
92;2;2;43,12891;100
92;2;2;43,12891;100
92;2;2;43,12891;100
92;2;2;43,12891;100
92;2;2;43,12891;100
92;2;2;43,12891;100
92;2;2;43,4624;100
92;2;2;43,4624;100
92;2;2;43,4624;100
92;2;2;43,4624;100
92;2;2;43,4624;100
92;2;2;43,4624;100
92;2;2;43,4624;100
92;2;2;43,4624;100
92;2;2;43,4624;100
92;2;2;43,4624;100
92;2;2;43,4624;100
92;2;2;43,4624;100
92;2;2;43,4624;100
92;2;2;43,4624;100
92;2;2;43,4624;100
92;2;2;43,7959;100
92;2;2;43,7959;100
92;2;2;43,7959;100
92;2;2;43,7959;100
92;2;2;43,7959;100
92;2;2;43,7959;100
92;2;2;43,7959;100
92;2;2;43,7959;100
92;2;2;43,7959;100
92;2;2;43,7959;100
92;2;2;43,7959;100
92;2;2;43,7959;100
92;2;2;43,7959;100
92;2;2;44,12939;100
92;2;2;44,12939;100
92;2;2;44,12939;100
92;2;2;44,12939;100
92;2;2;44,12939;100
92;2;2;44,12939;100
92;2;2;44,12939;100
92;2;2;44,12939;100
92;2;2;44,12939;100
92;2;2;44,12939;100
92;2;2;44,12939;100
92;2;2;44,12939;100
92;2;2;44,46289;100
92;2;2;44,46289;100
92;2;2;44,46289;100
92;2;2;44,46289;100
92;2;2;44,46289;100
92;2;2;44,46289;100
92;2;2;44,46289;100
92;2;2;44,46289;100
92;2;2;44,46289;100
92;2;2;44,46289;100
92;2;2;44,46289;100
92;2;2;44,46289;100
92;2;2;44,46289;100
92;2;2;44,46289;100
92;2;2;44,46289;100
92;2;2;44,46289;100
92;2;2;44,79639;100
92;2;2;44,79639;100
92;2;2;44,79639;100
92;2;2;44,79639;100
92;2;2;44,79639;100
92;2;2;44,79639;100
92;2;2;44,79639;100
92;2;2;44,79639;100
92;2;2;44,79639;100
92;2;2;44,79639;100
92;2;2;44,79639;100
92;2;2;44,79639;100
92;2;2;45,12988;100
92;2;2;45,12988;100
92;2;2;45,12988;100
92;2;2;45,12988;100
92;2;2;45,12988;100
92;2;2;45,12988;100
92;3;15;45,12988;100
92;2;2;45,12988;100
92;2;2;45,12988;100
92;2;2;45,12988;100
92;2;2;45,12988;100
92;2;2;45,12988;100
92;2;2;45,46338;100
92;2;2;45,46338;100
92;2;2;45,46338;100
92;2;2;45,46338;100
92;2;2;45,46338;100
92;3;15;45,46338;100
92;2;2;45,46338;100
92;2;2;45,46338;100
92;2;2;45,46338;100
92;2;2;45,79688;100
92;2;2;45,79688;100
92;2;2;45,79688;100
92;2;2;45,79688;100
92;2;2;45,79688;100
92;2;2;45,79688;100
92;2;2;45,79688;100
92;2;2;45,79688;100
92;2;2;45,79688;100
92;2;2;46,13037;100
92;2;2;46,13037;100
92;2;2;46,13037;100
92;2;2;46,13037;100
92;2;2;46,13037;100
92;2;2;46,13037;100
92;2;2;46,13037;100
92;2;2;46,13037;100
92;2;2;46,13037;100
92;2;2;46,13037;100
92;2;2;46,13037;100
92;2;2;46,46387;100
92;2;2;46,46387;100
92;2;2;46,46387;100
92;2;2;46,46387;100
92;3;15;46,46387;100
92;2;2;46,46387;100
92;2;2;46,46387;100
92;2;2;46,46387;100
92;2;2;46,46387;100
92;2;2;46,79736;100
92;3;15;46,79736;85
92;2;2;46,79736;85
92;2;2;46,79736;85
92;2;2;46,79736;85
92;2;2;46,79736;85
92;2;2;46,79736;85
92;2;2;46,79736;85
92;2;2;46,79736;85
92;2;2;46,79736;85
92;2;2;46,79736;85
92;2;2;46,79736;85
92;2;2;46,79736;85
92;2;2;47,13086;85
92;2;2;47,13086;83
68;2;2;47,13086;81
36;3;15;47,13086;66
Boss