92;2;2;44,28418;100
92;2;2;44,28418;100
92;2;2;44,28418;100
92;2;2;44,61719;100
92;2;2;44,61719;100
92;2;2;44,61719;100
92;2;2;44,61719;100
92;3;15;44,61719;100
92;2;2;44,61719;100
92;2;2;44,61719;100
92;2;2;44,61719;100
92;2;2;44,61719;100
92;2;2;44,61719;100
92;2;2;44,61719;100
92;2;2;44,9502;100
92;2;2;44,9502;100
92;2;2;44,9502;100
92;2;2;44,9502;100
92;2;2;44,9502;100
92;2;2;44,9502;100
92;2;2;44,9502;100
92;2;2;44,9502;100
92;2;2;44,9502;100
92;2;2;44,9502;100
92;2;2;44,9502;100
92;2;2;44,9502;100
92;2;2;45,2832;100
92;2;2;45,2832;100
92;2;2;45,2832;100
92;2;2;45,2832;100
92;2;2;45,2832;100
92;2;2;45,2832;100
92;2;2;45,2832;100
92;2;2;45,2832;100
92;2;2;45,2832;100
92;2;2;45,2832;100
92;2;2;45,2832;100
92;2;2;45,61621;100
92;2;2;45,61621;100
92;2;2;45,61621;100
92;2;2;45,61621;100
92;2;2;45,61621;100
92;2;2;45,61621;100
92;3;15;45,61621;100
92;2;2;45,61621;100
92;2;2;45,61621;100
92;2;2;45,61621;100
92;2;2;45,61621;100
92;2;2;45,61621;100
92;2;2;45,61621;100
92;2;2;45,61621;100
92;2;2;45,61621;100
92;2;2;45,94922;100
92;2;2;45,94922;100
92;2;2;45,94922;100
92;2;2;45,94922;100
92;2;2;45,94922;100
92;2;2;45,94922;100
92;2;2;45,94922;100
92;2;2;45,94922;100
92;2;2;45,94922;100
92;2;2;45,94922;100
92;2;2;45,94922;100
92;2;2;45,94922;100
92;2;2;45,94922;100
92;2;2;46,28223;100
92;2;2;46,28223;100
92;2;2;46,28223;100
92;2;2;46,28223;100
92;2;2;46,28223;100
92;2;2;46,28223;100
92;2;2;46,28223;100
92;2;2;46,28223;100
92;2;2;46,28223;100
92;2;2;46,28223;100
92;2;2;46,61523;100
92;2;2;46,61523;100
92;2;2;46,61523;100
92;2;2;46,61523;100
92;2;2;46,61523;100
92;2;2;46,61523;100
92;2;2;46,61523;100
92;2;2;46,61523;100
92;2;2;46,61523;100
92;2;2;46,61523;100
92;2;2;46,61523;100
92;2;2;46,61523;100
92;2;2;46,61523;100
92;2;2;46,61523;100
92;2;2;46,61523;100
92;2;2;46,61523;100
92;2;2;46,94824;100
92;2;2;46,94824;100
92;2;2;46,94824;100
92;2;2;46,94824;100
92;2;2;46,94824;100
92;2;2;46,94824;100
92;2;2;46,94824;100
92;2;2;46,94824;100
92;2;2;46,94824;100
92;2;2;46,94824;100
92;2;2;46,94824;100
92;2;2;46,94824;100
92;2;2;46,94824;100
92;2;2;46,94824;100
92;2;2;47,28125;100
92;2;2;47,28125;100
92;2;2;47,28125;100
92;2;2;47,28125;100
92;2;2;47,28125;100
92;2;2;47,28125;100
92;2;2;47,28125;100
92;2;2;47,28125;100
92;2;2;47,28125;100
92;2;2;47,28125;100
92;2;2;47,28125;100
92;2;2;47,28125;100
92;2;2;47,28125;100
92;2;2;47,28125;100
92;2;2;47,28125;100
92;2;2;47,28125;100
92;2;2;47,61426;100
92;2;2;47,61426;100
92;2;2;47,61426;100
92;2;2;47,61426;100
92;2;2;47,61426;100
92;2;2;47,61426;100
92;2;2;47,61426;100
92;2;2;47,61426;100
92;2;2;47,61426;100
92;2;2;47,61426;100
92;2;2;47,61426;100
92;2;2;47,61426;100
92;3;15;47,61426;100
92;2;2;47,61426;100
92;2;2;47,94727;100
92;2;2;47,94727;100
92;2;2;47,94727;100
92;3;15;47,94727;100
92;3;15;47,94727;100
92;2;2;47,94727;100
92;2;2;47,94727;100
92;2;2;47,94727;100
92;2;2;47,94727;100
92;2;2;47,94727;100
92;2;2;47,94727;100
92;2;2;47,94727;100
92;2;2;48,28027;100
92;3;15;48,28027;100
92;2;2;48,28027;100
92;2;2;48,28027;100
92;2;2;48,28027;100
92;3;15;48,28027;100
92;2;2;48,28027;100
92;2;2;48,28027;100
92;2;2;48,28027;100
92;2;2;48,28027;100
92;2;2;48,28027;100
92;2;2;48,28027;100
92;2;2;48,28027;100
92;2;2;48,61328;100
92;3;15;48,61328;100
92;2;2;48,61328;100
92;2;2;48,61328;100
92;2;2;48,61328;100
92;2;2;48,61328;100
92;3;15;48,61328;100
92;3;15;48,61328;100
92;2;2;48,61328;100
92;2;2;48,61328;100
92;2;2;48,61328;100
92;2;2;48,61328;100
92;2;2;48,61328;100
92;2;2;48,94629;100
92;2;2;48,94629;100
92;2;2;48,94629;100
92;3;15;48,94629;100
92;2;2;48,94629;100
92;2;2;48,94629;100
92;2;2;48,94629;100
92;2;2;48,94629;100
92;2;2;48,94629;100
92;2;2;48,94629;100
92;2;2;48,94629;100
92;2;2;48,94629;100
92;3;15;49,2793;100
92;2;2;49,2793;100
92;2;2;49,2793;100
92;2;2;49,2793;100
92;3;15;49,2793;100
92;3;15;49,2793;100
92;2;2;49,2793;100
92;2;2;49,2793;100
92;2;2;49,2793;100
92;3;15;49,2793;100
92;2;2;49,2793;100
92;2;2;49,2793;100
92;2;2;49,2793;100
92;2;2;49,2793;100
92;2;2;49,2793;100
92;2;2;49,6123;100
92;2;2;49,6123;100
92;2;2;49,6123;100
92;3;15;49,6123;100
92;3;15;49,6123;100
92;3;15;49,6123;100
92;3;15;49,6123;100
92;3;15;49,6123;100
92;2;2;49,6123;100
92;2;2;49,6123;100
92;2;2;49,6123;100
92;2;2;49,94531;100
92;2;2;49,94531;100
92;2;2;49,94531;100
92;2;2;49,94531;100
92;2;2;49,94531;100
92;2;2;49,94531;100
92;2;2;49,94531;100
92;2;2;49,94531;100
92;2;2;49,94531;100
92;2;2;49,94531;100
92;3;15;49,94531;100
92;3;15;49,94531;100
92;2;2;49,94531;100
92;3;15;49,94531;100
92;2;2;49,94531;100
92;3;15;49,94531;100
92;2;2;50,27832;100
92;2;2;50,27832;100
92;2;2;50,27832;100
92;3;15;50,27832;85
92;3;15;50,27832;70
92;2;2;50,27832;70
92;2;2;50,27832;70
92;2;2;50,27832;70
92;2;2;50,27832;70
92;3;15;50,27832;55
92;2;2;50,27832;55
92;2;2;50,27832;55
92;2;2;50,27832;55
92;2;2;50,27832;55
92;2;2;50,27832;55
92;2;2;50,27832;55
92;2;2;50,61133;55
92;2;2;50,61133;55
92;2;2;50,61133;55
92;2;2;50,61133;55
92;2;2;50,61133;55
92;2;2;50,61133;55
92;2;2;50,61133;55
92;2;2;50,61133;55
92;2;2;50,61133;55
92;2;2;50,61133;55
92;2;2;50,61133;55
92;2;2;50,61133;55
92;2;2;50,61133;55
92;2;2;50,61133;55
92;2;2;50,61133;55
92;2;2;50,61133;55
92;2;2;50,61133;55
92;2;2;50,94434;55
92;2;2;50,94434;53
84;2;2;50,94434;51
76;2;2;50,94434;49
68;2;2;50,94434;47
60;2;2;50,94434;45
52;3;15;50,94434;30
44;2;2;50,94434;28
36;3;15;50,94434;13
28;2;2;50,94434;11
12;2;2;50,94434;9
-4;3;15;50,94434;-6
Player