92;3;15;58,15332;100
92;2;2;58,15332;100
92;2;2;58,48633;100
92;2;2;58,48633;100
92;2;2;58,48633;100
92;2;2;58,48633;100
92;2;2;58,48633;100
92;2;2;58,48633;100
92;2;2;58,48633;100
92;2;2;58,48633;100
92;2;2;58,48633;100
92;2;2;58,48633;100
92;2;2;58,48633;100
92;2;2;58,48633;100
92;2;2;58,48633;100
92;2;2;58,81934;100
92;2;2;58,81934;100
92;2;2;58,81934;100
92;2;2;58,81934;100
92;3;15;58,81934;100
92;2;2;58,81934;100
92;2;2;58,81934;100
92;2;2;58,81934;100
92;2;2;58,81934;100
92;2;2;58,81934;100
92;2;2;58,81934;100
92;2;2;58,81934;100
92;2;2;58,81934;100
92;2;2;58,81934;100
92;2;2;59,15234;100
92;2;2;59,15234;100
92;2;2;59,15234;100
92;2;2;59,15234;100
92;3;15;59,15234;100
92;2;2;59,15234;100
92;2;2;59,15234;100
92;2;2;59,15234;100
92;2;2;59,15234;100
92;2;2;59,15234;100
92;2;2;59,48535;100
92;2;2;59,48535;100
92;2;2;59,48535;100
92;2;2;59,48535;100
92;2;2;59,48535;100
92;2;2;59,48535;100
92;2;2;59,48535;100
92;2;2;59,48535;100
92;2;2;59,48535;100
92;2;2;59,81836;100
92;2;2;59,81836;100
92;2;2;59,81836;100
92;2;2;59,81836;100
92;2;2;59,81836;100
92;2;2;59,81836;100
92;2;2;59,81836;100
92;2;2;59,81836;100
92;2;2;59,81836;100
92;2;2;59,81836;100
92;2;2;59,81836;100
92;2;2;59,81836;100
92;3;15;59,81836;100
92;2;2;59,81836;100
92;2;2;0,1513672;100
92;2;2;0,1513672;100
92;2;2;0,1513672;100
92;2;2;0,1513672;100
92;2;2;0,1513672;100
92;3;15;0,1513672;100
92;3;15;0,1513672;100
92;2;2;0,1513672;100
92;2;2;0,1513672;100
92;2;2;0,1513672;100
92;2;2;0,1513672;100
92;2;2;0,1513672;100
92;2;2;0,1513672;100
92;2;2;0,484375;100
92;2;2;0,484375;100
92;3;15;0,484375;100
92;2;2;0,484375;100
92;2;2;0,484375;100
92;2;2;0,484375;100
92;2;2;0,484375;100
92;2;2;0,484375;100
92;2;2;0,484375;100
92;2;2;0,484375;100
92;2;2;0,484375;100
92;2;2;0,484375;100
92;2;2;0,484375;100
92;2;2;0,484375;100
92;2;2;0,8173828;100
92;2;2;0,8173828;100
92;2;2;0,8173828;100
92;2;2;0,8173828;100
92;2;2;0,8173828;100
92;2;2;0,8173828;100
92;2;2;0,8173828;100
92;2;2;0,8173828;100
92;2;2;0,8173828;100
92;2;2;0,8173828;100
92;3;15;0,8173828;100
92;3;15;0,8173828;100
92;2;2;1,150391;100
92;2;2;1,150391;100
92;2;2;1,150391;100
92;2;2;1,150391;100
92;2;2;1,150391;100
92;2;2;1,150391;100
92;2;2;1,150391;100
92;2;2;1,150391;100
92;3;15;1,150391;100
92;2;2;1,150391;100
92;2;2;1,150391;100
92;2;2;1,150391;100
92;2;2;1,150391;100
92;2;2;1,150391;100
92;2;2;1,483398;100
92;2;2;1,483398;100
92;2;2;1,483398;100
92;2;2;1,483398;100
92;2;2;1,483398;100
92;2;2;1,483398;100
92;2;2;1,483398;100
92;2;2;1,483398;100
92;2;2;1,483398;100
92;3;15;1,483398;100
92;2;2;1,483398;100
92;2;2;1,483398;100
92;2;2;1,483398;100
92;2;2;1,483398;100
92;2;2;1,483398;100
92;2;2;1,816406;100
92;2;2;1,816406;100
92;2;2;1,816406;100
92;3;15;1,816406;100
92;2;2;1,816406;100
92;2;2;1,816406;100
92;2;2;1,816406;100
92;2;2;1,816406;100
92;2;2;1,816406;100
92;2;2;1,816406;100
92;2;2;1,816406;100
92;2;2;1,816406;100
92;2;2;2,149414;100
92;2;2;2,149414;100
92;2;2;2,149414;100
92;2;2;2,149414;100
92;2;2;2,149414;100
92;2;2;2,149414;100
92;2;2;2,149414;100
92;2;2;2,149414;100
92;2;2;2,149414;100
92;2;2;2,149414;100
92;2;2;2,149414;100
92;2;2;2,482422;100
92;2;2;2,482422;100
92;2;2;2,482422;100
92;2;2;2,482422;100
92;2;2;2,482422;100
92;2;2;2,482422;100
92;2;2;2,482422;100
92;2;2;2,482422;100
92;2;2;2,482422;100
92;2;2;2,482422;100
92;3;15;2,482422;100
92;2;2;2,482422;100
92;2;2;2,482422;100
92;2;2;2,482422;100
92;2;2;2,81543;100
92;2;2;2,81543;100
92;3;15;2,81543;100
92;2;2;2,81543;100
92;2;2;2,81543;100
92;2;2;2,81543;100
92;2;2;2,81543;100
92;2;2;2,81543;100
92;2;2;2,81543;100
92;2;2;2,81543;100
92;3;15;2,81543;100
92;2;2;2,81543;100
92;2;2;2,81543;100
92;2;2;3,148438;100
92;3;15;3,148438;100
92;2;2;3,148438;100
92;2;2;3,148438;100
92;2;2;3,148438;100
92;2;2;3,148438;100
92;2;2;3,148438;100
92;3;15;3,148438;100
92;3;15;3,148438;100
92;3;15;3,148438;100
92;2;2;3,148438;100
92;2;2;3,148438;100
92;2;2;3,148438;100
92;2;2;3,148438;100
92;2;2;3,148438;100
92;2;2;3,148438;100
92;2;2;3,481445;100
92;2;2;3,481445;100
92;2;2;3,481445;100
92;2;2;3,481445;100
92;3;15;3,481445;100
92;3;15;3,481445;100
92;3;15;3,481445;100
92;2;2;3,481445;100
92;2;2;3,481445;100
92;2;2;3,481445;100
92;3;15;3,481445;100
92;3;15;3,481445;100
92;2;2;3,481445;100
92;2;2;3,481445;100
92;2;2;3,814453;100
92;2;2;3,814453;100
92;3;15;3,814453;100
92;3;15;3,814453;100
92;2;2;3,814453;100
92;2;2;3,814453;100
92;3;15;3,814453;100
92;3;15;3,814453;100
92;2;2;3,814453;100
92;2;2;3,814453;100
92;2;2;3,814453;100
92;2;2;3,814453;100
92;2;2;4,147461;100
92;3;15;4,147461;85
92;2;2;4,147461;85
92;2;2;4,147461;85
92;3;15;4,147461;70
92;2;2;4,147461;70
92;2;2;4,147461;70
92;3;15;4,147461;55
92;2;2;4,147461;55
92;2;2;4,147461;55
92;2;2;4,147461;55
92;2;2;4,147461;55
92;2;2;4,147461;55
92;2;2;4,147461;55
92;2;2;4,147461;55
92;2;2;4,147461;55
92;2;2;4,147461;55
92;2;2;4,480469;55
92;2;2;4,480469;55
92;2;2;4,480469;55
92;2;2;4,480469;55
92;2;2;4,480469;55
92;2;2;4,480469;55
92;2;2;4,480469;55
92;2;2;4,480469;55
92;2;2;4,480469;55
92;2;2;4,480469;55
92;2;2;4,480469;55
92;2;2;4,480469;55
92;2;2;4,480469;55
92;2;2;4,480469;55
92;2;2;4,480469;55
92;2;2;4,480469;55
92;2;2;4,480469;55
92;2;2;4,813477;55
92;2;2;4,813477;53
84;2;2;4,813477;51
76;2;2;4,813477;49
68;2;2;4,813477;47
60;2;2;4,813477;45
52;2;2;4,813477;43
44;2;2;4,813477;41
36;3;15;4,813477;26
28;2;2;4,813477;24
4;3;15;4,813477;9
-4;3;15;4,813477;-6
Player