92;2;2;42,34766;100
92;2;2;42,34766;100
92;2;2;42,34766;100
92;2;2;42,34766;100
92;2;2;42,34766;100
92;2;2;42,34766;100
92;2;2;42,34766;100
92;2;2;42,34766;100
92;2;2;42,34766;100
92;2;2;42,34766;100
92;2;2;42,34766;100
92;2;2;42,34766;100
92;2;2;42,34766;100
92;2;2;42,34766;100
92;2;2;42,34766;100
92;2;2;42,68066;100
92;2;2;42,68066;100
92;2;2;42,68066;100
92;2;2;42,68066;100
92;2;2;42,68066;100
92;2;2;42,68066;100
92;2;2;42,68066;100
92;2;2;42,68066;100
92;2;2;42,68066;100
92;2;2;42,68066;100
92;2;2;43,01367;100
92;2;2;43,01367;100
92;2;2;43,01367;100
92;2;2;43,01367;100
92;2;2;43,01367;100
92;2;2;43,01367;100
92;2;2;43,01367;100
92;2;2;43,01367;100
92;2;2;43,01367;100
92;2;2;43,01367;100
92;2;2;43,01367;100
92;2;2;43,01367;100
92;2;2;43,34668;100
92;2;2;43,34668;100
92;2;2;43,34668;100
92;2;2;43,34668;100
92;2;2;43,34668;100
92;2;2;43,34668;100
92;2;2;43,34668;100
92;2;2;43,34668;100
92;2;2;43,34668;100
92;2;2;43,34668;100
92;2;2;43,34668;100
92;2;2;43,34668;100
92;2;2;43,67969;100
92;2;2;43,67969;100
92;2;2;43,67969;100
92;2;2;43,67969;100
92;2;2;43,67969;100
92;2;2;43,67969;100
92;2;2;43,67969;100
92;2;2;43,67969;100
92;2;2;43,67969;100
92;2;2;44,0127;100
92;2;2;44,0127;100
92;2;2;44,0127;100
92;2;2;44,0127;100
92;2;2;44,0127;100
92;2;2;44,0127;100
92;2;2;44,0127;100
92;2;2;44,0127;100
92;2;2;44,0127;100
92;2;2;44,0127;100
92;2;2;44,0127;100
92;2;2;44,0127;100
92;2;2;44,0127;100
92;2;2;44,3457;100
92;2;2;44,3457;100
92;2;2;44,3457;100
92;2;2;44,3457;100
92;2;2;44,3457;100
92;2;2;44,3457;100
92;2;2;44,3457;100
92;2;2;44,3457;100
92;2;2;44,3457;100
92;2;2;44,3457;100
92;2;2;44,3457;100
92;2;2;44,3457;100
92;2;2;44,3457;100
92;2;2;44,3457;100
92;2;2;44,67871;100
92;2;2;44,67871;100
92;2;2;44,67871;100
92;2;2;44,67871;100
92;2;2;44,67871;100
92;3;15;44,67871;100
92;2;2;44,67871;100
92;2;2;44,67871;100
92;2;2;44,67871;100
92;2;2;44,67871;100
92;2;2;44,67871;100
92;2;2;44,67871;100
92;2;2;45,01172;100
92;2;2;45,01172;100
92;2;2;45,01172;100
92;2;2;45,01172;100
92;3;15;45,01172;100
92;2;2;45,01172;100
92;2;2;45,01172;100
92;3;15;45,01172;100
92;2;2;45,01172;100
92;2;2;45,01172;100
92;2;2;45,01172;100
92;2;2;45,01172;100
92;2;2;45,34473;100
92;2;2;45,34473;100
92;2;2;45,34473;100
92;2;2;45,34473;100
92;2;2;45,34473;100
92;2;2;45,34473;100
92;2;2;45,34473;100
92;2;2;45,34473;100
92;2;2;45,34473;100
92;2;2;45,34473;100
92;2;2;45,34473;100
92;3;15;45,34473;100
92;2;2;45,34473;100
92;2;2;45,34473;100
92;2;2;45,67773;100
92;2;2;45,67773;100
92;2;2;45,67773;100
92;2;2;45,67773;100
92;3;15;45,67773;100
92;2;2;45,67773;100
92;2;2;45,67773;100
92;2;2;45,67773;100
92;2;2;45,67773;100
92;2;2;45,67773;100
92;2;2;45,67773;100
92;3;15;46,01074;100
92;2;2;46,01074;100
92;2;2;46,01074;100
92;2;2;46,01074;100
92;2;2;46,01074;100
92;2;2;46,01074;100
92;3;15;46,01074;100
92;3;15;46,01074;100
92;2;2;46,01074;100
92;2;2;46,01074;100
92;2;2;46,01074;100
92;2;2;46,01074;100
92;2;2;46,34375;100
92;3;15;46,34375;100
92;2;2;46,34375;100
92;2;2;46,34375;100
92;2;2;46,34375;100
92;2;2;46,34375;100
92;2;2;46,34375;100
92;2;2;46,34375;100
92;2;2;46,34375;100
92;2;2;46,34375;100
92;3;15;46,34375;100
92;2;2;46,34375;100
92;2;2;46,34375;100
92;2;2;46,67676;100
92;3;15;46,67676;100
92;3;15;46,67676;100
92;3;15;46,67676;100
92;2;2;46,67676;100
92;2;2;46,67676;100
92;2;2;46,67676;100
92;2;2;46,67676;100
92;3;15;46,67676;100
92;2;2;46,67676;100
92;2;2;46,67676;100
92;2;2;46,67676;100
92;2;2;46,67676;100
92;3;15;47,00977;100
92;2;2;47,00977;100
92;2;2;47,00977;100
92;3;15;47,00977;100
92;3;15;47,00977;100
92;2;2;47,00977;100
92;3;15;47,00977;100
92;3;15;47,00977;100
92;2;2;47,00977;100
92;2;2;47,00977;100
92;2;2;47,00977;100
92;2;2;47,00977;100
92;3;15;47,00977;100
92;2;2;47,00977;100
92;2;2;47,34277;100
92;2;2;47,34277;100
92;2;2;47,34277;100
92;2;2;47,34277;100
92;2;2;47,34277;100
92;2;2;47,34277;100
92;2;2;47,34277;100
92;2;2;47,34277;100
92;2;2;47,34277;100
92;3;15;47,34277;100
92;2;2;47,34277;100
92;2;2;47,34277;100
92;2;2;47,34277;100
92;2;2;47,34277;100
92;3;15;47,67578;100
92;2;2;47,67578;100
92;3;15;47,67578;100
92;3;15;47,67578;100
92;2;2;47,67578;100
92;3;15;47,67578;100
92;2;2;47,67578;100
92;2;2;47,67578;100
92;2;2;47,67578;100
92;2;2;47,67578;100
92;2;2;47,67578;100
92;3;15;47,67578;100
92;2;2;47,67578;100
92;2;2;47,67578;100
92;2;2;47,67578;100
92;2;2;48,00879;100
92;2;2;48,00879;100
92;2;2;48,00879;100
92;2;2;48,00879;100
92;3;15;48,00879;100
92;3;15;48,00879;100
92;2;2;48,00879;100
92;3;15;48,00879;100
92;3;15;48,00879;100
92;2;2;48,00879;100
92;2;2;48,00879;100
92;3;15;48,00879;100
92;2;2;48,00879;100
92;3;15;48,00879;100
92;2;2;48,00879;100
92;2;2;48,00879;100
92;3;15;48,3418;100
92;3;15;48,3418;85
92;2;2;48,3418;85
92;2;2;48,3418;85
92;2;2;48,3418;85
92;2;2;48,3418;85
92;2;2;48,3418;85
92;3;15;48,3418;70
92;2;2;48,3418;70
92;2;2;48,3418;70
92;2;2;48,3418;70
92;2;2;48,3418;70
92;2;2;48,3418;70
92;3;15;48,3418;55
92;2;2;48,3418;55
92;2;2;48,3418;55
92;2;2;48,3418;55
92;2;2;48,6748;55
92;2;2;48,6748;55
92;2;2;48,6748;55
92;2;2;48,6748;55
92;2;2;48,6748;55
92;2;2;48,6748;55
92;2;2;48,6748;55
92;2;2;48,6748;55
92;2;2;48,6748;55
92;2;2;48,6748;55
92;2;2;48,6748;55
92;2;2;48,6748;55
92;2;2;48,6748;55
92;2;2;48,6748;55
92;2;2;48,6748;55
92;2;2;48,6748;55
92;2;2;49,00781;55
84;2;2;49,00781;53
76;3;15;49,00781;38
68;2;2;49,00781;36
52;2;2;49,00781;34
28;2;2;49,00781;32
12;3;15;49,00781;17
4;3;15;49,00781;2
-4;3;15;49,00781;-13
Player