92;2;2;3,209961;100
92;2;2;3,209961;100
92;2;2;3,209961;100
92;2;2;3,542969;100
92;2;2;3,542969;100
92;2;2;3,542969;100
92;2;2;3,542969;100
92;2;2;3,542969;100
92;2;2;3,542969;100
92;2;2;3,542969;100
92;2;2;3,542969;100
92;2;2;3,542969;100
92;2;2;3,542969;100
92;2;2;3,875977;100
92;2;2;3,875977;100
92;2;2;3,875977;100
92;2;2;3,875977;100
92;2;2;3,875977;100
92;2;2;3,875977;100
92;2;2;3,875977;100
92;2;2;3,875977;100
92;2;2;3,875977;100
92;3;15;3,875977;100
92;2;2;3,875977;100
92;2;2;3,875977;100
92;2;2;3,875977;100
92;2;2;3,875977;100
92;2;2;4,208984;100
92;2;2;4,208984;100
92;2;2;4,208984;100
92;2;2;4,208984;100
92;2;2;4,208984;100
92;2;2;4,208984;100
92;2;2;4,208984;100
92;2;2;4,208984;100
92;2;2;4,208984;100
92;2;2;4,208984;100
92;2;2;4,208984;100
92;2;2;4,208984;100
92;2;2;4,541992;100
92;2;2;4,541992;100
92;2;2;4,541992;100
92;2;2;4,541992;100
92;2;2;4,541992;100
92;2;2;4,541992;100
92;2;2;4,541992;100
92;2;2;4,541992;100
92;2;2;4,541992;100
92;2;2;4,541992;100
92;2;2;4,541992;100
92;2;2;4,875;100
92;2;2;4,875;100
92;2;2;4,875;100
92;3;15;4,875;100
92;2;2;4,875;100
92;2;2;4,875;100
92;2;2;4,875;100
92;2;2;4,875;100
92;2;2;4,875;100
92;2;2;4,875;100
92;2;2;4,875;100
92;2;2;4,875;100
92;2;2;4,875;100
92;2;2;5,208008;100
92;2;2;5,208008;100
92;2;2;5,208008;100
92;2;2;5,208008;100
92;2;2;5,208008;100
92;2;2;5,208008;100
92;2;2;5,208008;100
92;2;2;5,208008;100
92;2;2;5,208008;100
92;2;2;5,208008;100
92;2;2;5,208008;100
92;2;2;5,208008;100
92;2;2;5,208008;100
92;2;2;5,208008;100
92;2;2;5,541016;100
92;2;2;5,541016;100
92;2;2;5,541016;100
92;2;2;5,541016;100
92;2;2;5,541016;100
92;2;2;5,541016;100
92;2;2;5,541016;100
92;2;2;5,541016;100
92;2;2;5,541016;100
92;2;2;5,541016;100
92;2;2;5,541016;100
92;2;2;5,541016;100
92;3;15;5,541016;100
92;3;15;5,541016;100
92;2;2;5,874023;100
92;2;2;5,874023;100
92;2;2;5,874023;100
92;2;2;5,874023;100
92;2;2;5,874023;100
92;2;2;5,874023;100
92;2;2;5,874023;100
92;2;2;5,874023;100
92;3;15;5,874023;100
92;2;2;5,874023;100
92;2;2;5,874023;100
92;2;2;6,207031;100
92;2;2;6,207031;100
92;2;2;6,207031;100
92;3;15;6,207031;100
92;2;2;6,207031;100
92;2;2;6,207031;100
92;2;2;6,207031;100
92;3;15;6,207031;100
92;2;2;6,207031;100
92;2;2;6,207031;100
92;2;2;6,207031;100
92;2;2;6,207031;100
92;2;2;6,207031;100
92;2;2;6,207031;100
92;2;2;6,207031;100
92;2;2;6,540039;100
92;2;2;6,540039;100
92;2;2;6,540039;100
92;2;2;6,540039;100
92;3;15;6,540039;100
92;2;2;6,540039;100
92;2;2;6,540039;100
92;2;2;6,540039;100
92;2;2;6,540039;100
92;2;2;6,540039;100
92;2;2;6,540039;100
92;2;2;6,540039;100
92;2;2;6,540039;100
92;2;2;6,540039;100
92;3;15;6,540039;100
92;2;2;6,873047;100
92;2;2;6,873047;100
92;2;2;6,873047;100
92;2;2;6,873047;100
92;2;2;6,873047;100
92;2;2;6,873047;100
92;2;2;6,873047;100
92;2;2;6,873047;100
92;2;2;6,873047;100
92;2;2;6,873047;100
92;2;2;6,873047;100
92;2;2;6,873047;100
92;2;2;6,873047;100
92;2;2;6,873047;100
92;3;15;7,206055;100
92;2;2;7,206055;100
92;2;2;7,206055;100
92;2;2;7,206055;100
92;2;2;7,206055;100
92;2;2;7,206055;100
92;2;2;7,206055;100
92;2;2;7,206055;100
92;2;2;7,206055;100
92;2;2;7,206055;100
92;2;2;7,206055;100
92;2;2;7,206055;100
92;2;2;7,539063;100
92;2;2;7,539063;100
92;2;2;7,539063;100
92;2;2;7,539063;100
92;2;2;7,539063;100
92;2;2;7,539063;100
92;2;2;7,539063;100
92;2;2;7,539063;100
92;3;15;7,539063;100
92;2;2;7,539063;100
92;3;15;7,539063;100
92;2;2;7,539063;100
92;2;2;7,539063;100
92;2;2;7,539063;100
92;3;15;7,539063;100
92;3;15;7,87207;100
92;2;2;7,87207;100
92;2;2;7,87207;100
92;2;2;7,87207;100
92;3;15;7,87207;100
92;2;2;7,87207;100
92;2;2;7,87207;100
92;2;2;7,87207;100
92;2;2;7,87207;100
92;2;2;7,87207;100
92;2;2;7,87207;100
92;2;2;7,87207;100
92;2;2;7,87207;100
92;2;2;7,87207;100
92;2;2;7,87207;100
92;3;15;8,205078;100
92;2;2;8,205078;100
92;2;2;8,205078;100
92;2;2;8,205078;100
92;2;2;8,205078;100
92;2;2;8,205078;100
92;2;2;8,205078;100
92;3;15;8,205078;100
92;2;2;8,205078;100
92;3;15;8,205078;100
92;2;2;8,205078;100
92;2;2;8,205078;100
92;2;2;8,205078;100
92;2;2;8,205078;100
92;3;15;8,538086;100
92;2;2;8,538086;100
92;3;15;8,538086;100
92;2;2;8,538086;100
92;2;2;8,538086;100
92;2;2;8,538086;100
92;2;2;8,538086;100
92;2;2;8,538086;100
92;3;15;8,538086;100
92;3;15;8,538086;100
92;2;2;8,538086;100
92;2;2;8,538086;100
92;2;2;8,538086;100
92;2;2;8,538086;100
92;2;2;8,871094;100
92;3;15;8,871094;100
92;2;2;8,871094;100
92;2;2;8,871094;100
92;2;2;8,871094;100
92;2;2;8,871094;100
92;2;2;8,871094;100
92;2;2;8,871094;100
92;3;15;8,871094;100
92;2;2;8,871094;100
92;3;15;8,871094;100
92;3;15;8,871094;100
92;2;2;8,871094;100
92;2;2;8,871094;100
92;3;15;9,204102;100
92;2;2;9,204102;100
92;3;15;9,204102;85
92;3;15;9,204102;70
92;2;2;9,204102;70
92;2;2;9,204102;70
92;3;15;9,204102;55
92;2;2;9,204102;55
92;2;2;9,204102;55
92;2;2;9,204102;55
92;2;2;9,204102;55
92;2;2;9,204102;55
92;2;2;9,204102;55
92;2;2;9,204102;55
92;2;2;9,537109;55
92;2;2;9,537109;55
92;2;2;9,537109;55
92;2;2;9,537109;55
92;2;2;9,537109;55
92;2;2;9,537109;55
92;2;2;9,537109;55
92;2;2;9,537109;55
92;2;2;9,537109;55
92;2;2;9,537109;55
92;2;2;9,537109;55
92;2;2;9,537109;55
92;2;2;9,537109;55
92;2;2;9,537109;55
92;2;2;9,537109;55
92;2;2;9,537109;55
92;2;2;9,537109;55
92;2;2;9,870117;55
92;2;2;9,870117;55
92;2;2;9,870117;55
92;2;2;9,870117;55
92;2;2;9,870117;55
92;2;2;9,870117;55
92;2;2;9,870117;55
92;2;2;9,870117;55
92;2;2;9,870117;55
92;2;2;9,870117;55
92;2;2;9,870117;55
92;2;2;9,870117;55
92;3;15;9,870117;40
92;3;15;9,870117;25
92;2;2;9,870117;25
92;2;2;10,20313;25
92;2;2;10,20313;25
92;2;2;10,20313;25
92;2;2;10,20313;25
92;2;2;10,20313;25
92;2;2;10,20313;25
92;2;2;10,20313;25
92;2;2;10,20313;25
92;2;2;10,53613;25
92;2;2;10,53613;25
92;2;2;10,53613;25
92;2;2;10,53613;25
92;2;2;10,53613;25
92;2;2;10,53613;25
92;2;2;10,53613;25
92;2;2;10,53613;25
92;2;2;10,86914;25
92;2;2;10,86914;25
92;2;2;10,86914;25
92;2;2;10,86914;25
92;2;2;10,86914;25
92;2;2;10,86914;25
92;2;2;11,20215;25
92;2;2;11,20215;25
92;2;2;11,20215;25
92;2;2;11,20215;25
92;2;2;11,20215;25
92;2;2;11,20215;25
92;2;2;11,20215;25
92;2;2;11,20215;25
92;2;2;11,20215;25
92;2;2;11,20215;25
92;2;2;11,20215;25
92;2;2;11,53516;25
92;2;2;11,53516;25
92;2;2;11,53516;25
92;2;2;11,53516;25
92;2;2;11,53516;25
92;2;2;11,53516;25
92;2;2;11,53516;25
92;2;2;11,86816;25
92;2;2;11,86816;25
92;2;2;11,86816;25
92;2;2;11,86816;25
92;3;15;11,86816;25
92;2;2;11,86816;25
92;2;2;11,86816;25
92;2;2;11,86816;25
92;2;2;12,20117;25
92;2;2;12,20117;25
92;2;2;12,20117;25
92;2;2;12,20117;25
92;2;2;12,20117;25
92;2;2;12,20117;25
92;2;2;12,20117;25
92;2;2;12,20117;25
92;2;2;12,20117;25
92;2;2;12,20117;25
92;2;2;12,20117;25
92;2;2;12,53418;25
92;2;2;12,53418;25
92;2;2;12,53418;25
92;2;2;12,53418;25
92;2;2;12,53418;25
92;2;2;12,53418;25
92;2;2;12,53418;25
92;2;2;12,53418;25
92;2;2;12,53418;25
92;2;2;12,86719;25
92;2;2;12,86719;25
92;2;2;12,86719;25
92;2;2;12,86719;25
92;2;2;12,86719;25
92;2;2;13,2002;25
92;2;2;13,2002;25
92;3;15;13,2002;25
92;2;2;13,2002;25
92;2;2;13,2002;25
92;3;15;13,5332;25
92;2;2;13,5332;25
92;2;2;13,5332;25
92;2;2;13,5332;25
92;2;2;13,5332;25
92;2;2;13,5332;25
92;2;2;13,5332;25
92;2;2;13,5332;25
92;2;2;13,5332;25
92;2;2;13,5332;25
92;2;2;13,5332;25
92;2;2;13,5332;25
92;2;2;13,5332;25
92;2;2;13,86621;25
92;2;2;13,86621;25
92;2;2;13,86621;25
92;2;2;13,86621;25
92;2;2;13,86621;25
92;2;2;13,86621;25
92;2;2;13,86621;25
92;2;2;13,86621;25
92;2;2;13,86621;25
92;2;2;13,86621;25
92;2;2;14,19922;25
92;2;2;14,19922;25
92;2;2;14,19922;25
92;2;2;14,19922;25
92;2;2;14,19922;25
92;2;2;14,19922;25
92;2;2;14,19922;25
92;2;2;14,19922;25
92;2;2;14,19922;25
92;2;2;14,53223;25
92;2;2;14,53223;25
92;2;2;14,53223;25
92;2;2;14,53223;25
92;2;2;14,53223;25
92;2;2;14,53223;25
92;2;2;14,53223;25
92;2;2;14,53223;25
92;2;2;14,53223;25
92;2;2;14,53223;25
92;2;2;14,53223;25
92;2;2;14,53223;25
92;2;2;14,86523;25
92;2;2;14,86523;25
92;2;2;14,86523;25
92;2;2;14,86523;25
92;2;2;14,86523;25
92;2;2;14,86523;25
92;2;2;14,86523;25
92;2;2;14,86523;25
92;2;2;14,86523;25
92;2;2;14,86523;25
92;2;2;15,19824;25
92;2;2;15,19824;25
92;2;2;15,19824;25
92;2;2;15,19824;25
92;2;2;15,19824;25
92;2;2;15,19824;25
92;2;2;15,19824;25
92;2;2;15,19824;25
92;2;2;15,19824;25
92;2;2;15,53125;25
92;2;2;15,53125;25
92;2;2;15,53125;25
92;2;2;15,53125;25
92;2;2;15,53125;25
92;2;2;15,53125;25
92;2;2;15,53125;25
92;2;2;15,53125;25
92;2;2;15,53125;25
92;2;2;15,53125;25
92;2;2;15,53125;25
92;2;2;15,86426;25
92;2;2;15,86426;25
92;2;2;15,86426;25
92;2;2;15,86426;25
92;2;2;15,86426;25
92;2;2;15,86426;25
92;2;2;15,86426;25
92;2;2;15,86426;25
92;2;2;15,86426;25
92;2;2;15,86426;25
92;2;2;15,86426;25
92;2;2;16,19727;25
92;2;2;16,19727;25
92;2;2;16,19727;25
92;2;2;16,19727;25
92;2;2;16,19727;25
92;2;2;16,19727;25
92;2;2;16,19727;25
92;2;2;16,19727;25
92;2;2;16,53027;25
92;2;2;16,53027;25
92;2;2;16,53027;25
92;2;2;16,53027;25
92;2;2;16,53027;25
92;2;2;16,53027;25
92;2;2;16,53027;25
92;2;2;16,53027;25
92;2;2;16,53027;25
92;2;2;16,86328;25
92;2;2;16,86328;25
92;2;2;16,86328;25
92;2;2;16,86328;25
92;2;2;16,86328;25
92;2;2;16,86328;25
92;2;2;16,86328;25
92;2;2;16,86328;25
92;2;2;17,19629;25
92;2;2;17,19629;25
92;2;2;17,19629;25
92;3;15;17,19629;10
92;2;2;17,19629;10
92;2;2;17,5293;8
44;2;2;17,5293;6
36;2;2;17,5293;4
12;2;2;17,5293;2
4;2;2;17,5293;0
Player