92;2;2;13,87598;100
92;2;2;13,87598;100
92;2;2;14,20947;100
92;2;2;14,20947;100
92;2;2;14,20947;100
92;2;2;14,20947;100
92;2;2;14,20947;100
92;2;2;14,20947;100
92;2;2;14,20947;100
92;2;2;14,20947;100
92;2;2;14,20947;100
92;2;2;14,20947;100
92;2;2;14,20947;100
92;2;2;14,20947;100
92;2;2;14,20947;100
92;2;2;14,20947;100
92;2;2;14,54297;100
92;2;2;14,54297;100
92;2;2;14,54297;100
92;2;2;14,54297;100
92;2;2;14,54297;100
92;2;2;14,54297;100
92;2;2;14,54297;100
92;2;2;14,54297;100
92;2;2;14,54297;100
92;2;2;14,54297;100
92;2;2;14,54297;100
92;2;2;14,54297;100
92;2;2;14,54297;100
92;2;2;14,54297;100
92;2;2;14,54297;100
92;2;2;14,54297;100
92;2;2;14,87646;100
92;2;2;14,87646;100
92;2;2;14,87646;100
92;2;2;14,87646;100
92;2;2;14,87646;100
92;2;2;14,87646;100
92;2;2;14,87646;100
92;2;2;14,87646;100
92;2;2;14,87646;100
92;2;2;14,87646;100
92;2;2;14,87646;100
92;2;2;14,87646;100
92;2;2;14,87646;100
92;2;2;14,87646;100
92;2;2;14,87646;100
92;2;2;14,87646;100
92;2;2;15,20996;100
92;2;2;15,20996;100
92;2;2;15,20996;100
92;2;2;15,20996;100
92;2;2;15,20996;100
92;2;2;15,20996;100
92;2;2;15,20996;100
92;2;2;15,20996;100
92;2;2;15,20996;100
92;2;2;15,20996;100
92;2;2;15,20996;100
92;2;2;15,20996;100
92;2;2;15,20996;100
92;2;2;15,20996;100
92;2;2;15,20996;100
92;2;2;15,20996;100
92;2;2;15,54346;100
92;2;2;15,54346;100
92;2;2;15,54346;100
92;2;2;15,54346;100
92;2;2;15,54346;100
92;2;2;15,54346;100
92;2;2;15,54346;100
92;2;2;15,54346;100
92;2;2;15,54346;100
92;2;2;15,54346;100
92;2;2;15,54346;100
92;2;2;15,54346;100
92;2;2;15,54346;100
92;2;2;15,54346;100
92;2;2;15,54346;100
92;2;2;15,54346;100
92;2;2;15,87695;100
92;2;2;15,87695;100
92;2;2;15,87695;100
92;2;2;15,87695;100
92;2;2;15,87695;100
92;2;2;15,87695;100
92;2;2;15,87695;100
92;2;2;15,87695;100
92;2;2;15,87695;100
92;2;2;15,87695;100
92;2;2;15,87695;100
92;2;2;15,87695;100
92;2;2;15,87695;100
92;2;2;15,87695;100
92;2;2;15,87695;100
92;2;2;15,87695;100
92;2;2;15,87695;100
92;2;2;16,21045;100
92;2;2;16,21045;100
92;2;2;16,21045;100
92;2;2;16,21045;100
92;2;2;16,21045;100
92;2;2;16,21045;100
92;2;2;16,21045;100
92;2;2;16,21045;100
92;2;2;16,21045;100
92;2;2;16,21045;100
92;2;2;16,21045;100
92;2;2;16,21045;100
92;2;2;16,21045;100
92;2;2;16,21045;100
92;2;2;16,54395;100
92;2;2;16,54395;100
92;2;2;16,54395;100
92;2;2;16,54395;100
92;2;2;16,54395;100
92;2;2;16,54395;100
92;2;2;16,54395;100
92;2;2;16,54395;100
92;2;2;16,54395;100
92;2;2;16,54395;100
92;2;2;16,54395;100
92;2;2;16,54395;100
92;2;2;16,54395;100
92;2;2;16,87744;100
92;2;2;16,87744;100
92;2;2;16,87744;100
92;2;2;16,87744;100
92;2;2;16,87744;100
92;2;2;16,87744;100
92;2;2;16,87744;100
92;2;2;16,87744;100
92;2;2;16,87744;100
92;2;2;16,87744;100
92;2;2;16,87744;100
92;2;2;16,87744;100
92;2;2;16,87744;100
92;2;2;16,87744;100
92;2;2;16,87744;100
92;2;2;17,21094;100
92;2;2;17,21094;100
92;2;2;17,21094;100
92;2;2;17,21094;100
92;2;2;17,21094;100
92;2;2;17,21094;100
92;2;2;17,21094;100
92;2;2;17,21094;100
92;2;2;17,21094;100
92;2;2;17,21094;100
92;2;2;17,21094;100
92;2;2;17,21094;100
92;2;2;17,21094;100
92;2;2;17,21094;100
92;2;2;17,21094;100
92;2;2;17,21094;100
92;2;2;17,54443;100
92;2;2;17,54443;100
92;2;2;17,54443;100
92;2;2;17,54443;100
92;2;2;17,54443;100
92;2;2;17,54443;100
92;2;2;17,54443;100
92;2;2;17,54443;100
92;2;2;17,54443;100
92;2;2;17,54443;100
92;2;2;17,54443;100
92;2;2;17,54443;100
92;2;2;17,54443;100
92;2;2;17,54443;100
92;2;2;17,87793;100
92;2;2;17,87793;100
92;2;2;17,87793;100
92;2;2;17,87793;100
92;2;2;17,87793;100
92;2;2;17,87793;100
92;2;2;17,87793;100
92;2;2;17,87793;100
92;2;2;17,87793;100
92;2;2;17,87793;100
92;2;2;17,87793;100
92;2;2;17,87793;100
92;2;2;17,87793;100
92;2;2;18,21143;100
92;2;2;18,21143;100
92;2;2;18,21143;100
92;2;2;18,21143;100
92;2;2;18,21143;100
92;2;2;18,21143;100
92;2;2;18,21143;100
92;2;2;18,21143;100
92;2;2;18,21143;100
92;2;2;18,21143;100
92;2;2;18,21143;100
92;2;2;18,21143;100
92;2;2;18,21143;100
92;2;2;18,21143;100
92;2;2;18,54492;100
92;2;2;18,54492;100
92;2;2;18,54492;100
92;2;2;18,54492;100
92;2;2;18,54492;100
92;2;2;18,54492;100
92;2;2;18,54492;100
92;2;2;18,54492;100
92;2;2;18,54492;100
92;2;2;18,54492;100
92;2;2;18,87842;100
92;2;2;18,87842;100
92;2;2;18,87842;100
92;2;2;18,87842;100
92;2;2;18,87842;100
92;2;2;18,87842;100
92;2;2;18,87842;100
92;2;2;18,87842;100
92;2;2;18,87842;100
92;2;2;18,87842;100
92;2;2;18,87842;100
92;2;2;18,87842;100
92;2;2;18,87842;100
92;2;2;18,87842;100
92;2;2;18,87842;100
92;2;2;19,21191;100
92;2;2;19,21191;100
92;2;2;19,21191;100
92;2;2;19,21191;100
92;2;2;19,21191;100
92;2;2;19,21191;100
92;2;2;19,21191;100
92;2;2;19,21191;100
92;2;2;19,21191;100
92;2;2;19,21191;100
92;2;2;19,21191;100
92;2;2;19,21191;100
92;2;2;19,21191;100
92;2;2;19,54541;100
92;2;2;19,54541;100
92;2;2;19,54541;100
92;2;2;19,54541;100
92;2;2;19,54541;100
92;2;2;19,54541;100
92;2;2;19,54541;100
92;2;2;19,54541;100
92;2;2;19,54541;100
92;2;2;19,54541;100
92;2;2;19,54541;100
92;2;2;19,54541;100
92;2;2;19,54541;100
92;2;2;19,87891;100
92;2;2;19,87891;100
92;2;2;19,87891;100
92;2;2;19,87891;100
92;2;2;19,87891;100
92;2;2;19,87891;100
92;2;2;19,87891;100
92;2;2;19,87891;100
92;2;2;19,87891;100
92;2;2;19,87891;100
92;2;2;19,87891;100
92;2;2;20,2124;100
92;2;2;20,2124;100
92;2;2;20,2124;100
92;2;2;20,2124;100
92;2;2;20,2124;100
92;2;2;20,2124;100
92;2;2;20,2124;100
92;2;2;20,2124;100
92;2;2;20,2124;100
92;2;2;20,2124;100
92;2;2;20,2124;100
92;2;2;20,2124;100
92;2;2;20,2124;100
92;2;2;20,5459;100
92;2;2;20,5459;100
92;2;2;20,5459;100
92;2;2;20,5459;100
92;2;2;20,5459;100
92;2;2;20,5459;100
92;2;2;20,5459;100
92;2;2;20,5459;100
92;2;2;20,87939;100
92;2;2;20,87939;100
92;2;2;20,87939;100
92;2;2;20,87939;100
92;2;2;20,87939;100
92;2;2;20,87939;100
92;2;2;20,87939;100
92;2;2;20,87939;100
92;2;2;20,87939;100
92;2;2;20,87939;100
92;2;2;20,87939;100
92;2;2;20,87939;100
92;2;2;21,21289;100
92;2;2;21,21289;100
92;2;2;21,21289;100
92;2;2;21,21289;100
92;2;2;21,21289;100
92;2;2;21,21289;100
92;2;2;21,21289;100
92;2;2;21,21289;100
92;2;2;21,21289;100
92;2;2;21,21289;100
92;2;2;21,54639;98
36;2;2;21,54639;96
Boss