100;3;15;44,72656;100
100;3;15;45,06006;100
100;3;15;45,06006;100
100;2;2;45,06006;100
100;3;15;45,06006;100
100;3;15;45,06006;100
100;2;2;45,06006;100
100;2;2;45,06006;100
100;2;2;45,06006;100
100;2;2;45,06006;100
100;2;2;45,06006;100
100;3;15;45,39355;100
100;2;2;45,39355;100
100;3;15;45,39355;100
100;3;15;45,39355;100
100;3;15;45,39355;100
100;2;2;45,72705;100
100;3;15;45,72705;100
100;3;15;45,72705;100
100;2;2;45,72705;100
100;3;15;45,72705;100
100;3;15;45,72705;100
100;2;2;45,72705;100
100;3;15;45,72705;100
100;3;15;45,72705;100
100;2;2;45,72705;100
100;3;15;46,06055;100
100;2;2;46,06055;100
100;3;15;46,06055;100
100;3;15;46,06055;100
100;3;15;46,06055;100
100;2;2;46,06055;100
100;2;2;46,06055;100
100;2;2;46,06055;100
100;3;15;46,06055;100
100;3;15;46,06055;100
100;2;2;46,06055;100
100;3;15;46,39404;100
100;3;15;46,39404;100
100;3;15;46,39404;100
100;2;2;46,39404;100
100;2;2;46,39404;100
100;2;2;46,39404;100
100;2;2;46,39404;100
100;3;15;46,72754;100
100;3;15;46,72754;100
100;2;2;46,72754;100
100;3;15;46,72754;100
100;2;2;46,72754;100
100;2;2;46,72754;100
100;3;15;46,72754;100
100;3;15;46,72754;100
100;2;2;46,72754;100
100;3;15;46,72754;100
100;2;2;46,72754;100
100;3;15;47,06104;100
100;2;2;47,06104;100
100;3;15;47,06104;100
100;3;15;47,06104;100
100;3;15;47,06104;100
100;3;15;47,06104;100
100;3;15;47,06104;100
100;3;15;47,06104;100
100;2;2;47,06104;100
100;3;15;47,06104;100
100;3;15;47,06104;100
100;2;2;47,06104;100
100;3;15;47,06104;100
100;3;15;47,39453;100
100;3;15;47,39453;100
100;2;2;47,39453;100
100;3;15;47,39453;100
100;3;15;47,39453;100
100;2;2;47,39453;100
100;3;15;47,39453;100
100;3;15;47,72803;100
100;3;15;47,72803;100
100;2;2;47,72803;100
100;3;15;47,72803;100
100;3;15;47,72803;100
100;2;2;47,72803;100
100;2;2;47,72803;100
100;3;15;47,72803;100
100;3;15;47,72803;100
100;3;15;47,72803;100
100;2;2;47,72803;100
100;3;15;47,72803;100
100;3;15;48,06152;100
100;3;15;48,06152;100
100;3;15;48,06152;100
100;3;15;48,06152;100
100;3;15;48,06152;100
100;2;2;48,06152;100
100;3;15;48,06152;100
100;3;15;48,06152;100
100;3;15;48,06152;100
100;3;15;48,06152;100
100;3;15;48,06152;100
100;3;15;48,39502;100
100;3;15;48,39502;100
100;3;15;48,39502;100
100;3;15;48,39502;100
100;3;15;48,39502;100
100;3;15;48,39502;100
100;2;2;48,39502;100
100;3;15;48,39502;100
100;3;15;48,39502;100
100;2;2;48,39502;100
100;3;15;48,72852;100
100;2;2;48,72852;100
100;3;15;48,72852;100
100;3;15;48,72852;100
100;2;2;48,72852;100
100;3;15;48,72852;100
100;2;2;48,72852;100
100;2;2;48,72852;100
100;2;2;48,72852;100
100;3;15;48,72852;100
100;3;15;48,72852;100
100;3;15;49,06201;100
100;2;2;49,06201;100
100;3;15;49,06201;100
100;2;2;49,06201;100
100;3;15;49,06201;100
100;3;15;49,06201;100
100;2;2;49,06201;100
100;3;15;49,06201;100
100;3;15;49,39551;100
100;3;15;49,39551;100
100;3;15;49,39551;100
100;2;2;49,39551;100
100;3;15;49,39551;100
100;3;15;49,39551;100
100;3;15;49,39551;100
100;2;2;49,39551;100
100;3;15;49,39551;100
100;2;2;49,39551;100
100;3;15;49,729;100
100;2;2;49,729;100
100;3;15;49,729;100
100;3;15;49,729;100
100;3;15;49,729;100
100;2;2;49,729;100
100;3;15;49,729;100
100;3;15;50,0625;100
100;2;2;50,0625;100
100;3;15;50,0625;100
100;3;15;50,0625;100
100;3;15;50,0625;100
100;3;15;50,0625;100
100;3;15;50,0625;100
100;3;15;50,0625;100
100;3;15;50,0625;100
100;3;15;50,0625;100
100;2;2;50,0625;100
100;2;2;50,0625;100
100;3;15;50,396;100
100;3;15;50,396;100
100;3;15;50,396;100
100;3;15;50,396;100
100;3;15;50,396;100
100;3;15;50,396;100
100;3;15;50,396;100
100;2;2;50,396;100
100;2;2;50,396;100
100;3;15;50,396;100
100;3;15;50,396;100
100;3;15;50,396;100
100;3;15;50,396;100
100;2;2;50,396;100
100;3;15;50,72949;100
100;3;15;50,72949;100
100;3;15;50,72949;100
100;3;15;50,72949;100
100;3;15;50,72949;100
100;2;2;50,72949;100
100;3;15;50,72949;100
100;2;2;50,72949;100
100;2;2;50,72949;100
100;2;2;50,72949;100
100;2;2;51,06299;100
100;3;15;51,06299;100
100;2;2;51,06299;100
100;3;15;51,06299;100
100;3;15;51,06299;100
100;3;15;51,06299;100
100;2;2;51,06299;100
100;3;15;51,06299;100
100;2;2;51,06299;100
100;2;2;51,06299;100
100;3;15;51,06299;100
100;3;15;51,39648;100
100;2;2;51,39648;100
100;3;15;51,39648;100
100;3;15;51,39648;100
100;2;2;51,39648;100
100;2;2;51,39648;100
100;3;15;51,39648;100
100;3;15;51,39648;100
100;3;15;51,39648;100
100;2;2;51,39648;100
100;3;15;51,72998;100
100;3;15;51,72998;100
100;3;15;51,72998;100
100;3;15;51,72998;100
100;2;2;51,72998;100
100;3;15;51,72998;100
100;3;15;51,72998;100
100;3;15;51,72998;100
100;3;15;51,72998;100
100;3;15;52,06348;100
100;2;2;52,06348;100
100;3;15;52,06348;100
100;3;15;52,06348;100
100;2;2;52,06348;100
100;3;15;52,06348;100
100;3;15;52,06348;100
100;2;2;52,06348;100
100;2;2;52,06348;100
100;3;15;52,06348;100
100;3;15;52,06348;100
100;3;15;52,06348;100
100;2;2;52,39697;100
100;3;15;52,39697;100
100;3;15;52,39697;100
100;2;2;52,39697;100
100;3;15;52,39697;100
100;3;15;52,39697;100
100;3;15;52,39697;100
100;2;2;52,39697;100
100;3;15;52,73047;100
100;3;15;52,73047;100
100;2;2;52,73047;100
100;3;15;52,73047;100
100;2;2;52,73047;100
100;3;15;52,73047;100
100;3;15;52,73047;100
100;3;15;52,73047;100
100;2;2;52,73047;100
100;3;15;53,06396;100
100;3;15;53,06396;100
100;3;15;53,06396;100
100;2;2;53,06396;100
100;3;15;53,06396;100
100;3;15;53,06396;100
100;3;15;53,06396;100
100;3;15;53,06396;100
100;3;15;53,06396;100
100;2;2;53,06396;100
100;2;2;53,06396;100
100;3;15;53,06396;100
100;3;15;53,39746;100
100;3;15;53,39746;100
100;3;15;53,39746;100
100;3;15;53,39746;100
100;3;15;53,39746;100
100;2;2;53,39746;100
100;3;15;53,39746;100
100;2;2;53,39746;100
100;3;15;53,39746;100
100;3;15;53,73096;100
100;3;15;53,73096;100
100;3;15;53,73096;100
100;2;2;53,73096;100
100;3;15;53,73096;100
100;2;2;53,73096;100
100;3;15;54,06445;100
100;3;15;54,06445;100
100;3;15;54,06445;100
100;3;15;54,06445;100
100;3;15;54,06445;100
100;3;15;54,06445;100
100;3;15;54,06445;100
100;3;15;54,06445;100
100;3;15;54,06445;100
100;3;15;54,06445;100
100;2;2;54,06445;100
100;3;15;54,39795;100
100;3;15;54,39795;100
100;2;2;54,39795;100
100;3;15;54,39795;100
100;3;15;54,39795;100
100;3;15;54,39795;100
100;3;15;54,39795;100
100;3;15;54,39795;100
100;3;15;54,73145;100
100;3;15;54,73145;100
100;3;15;54,73145;100
100;3;15;54,73145;100
100;3;15;54,73145;100
100;2;2;54,73145;100
100;3;15;54,73145;100
100;3;15;54,73145;100
100;3;15;54,73145;100
100;3;15;54,73145;100
100;3;15;55,06494;100
100;3;15;55,06494;100
100;2;2;55,06494;100
100;3;15;55,06494;100
100;2;2;55,06494;100
100;2;2;55,06494;100
100;3;15;55,06494;100
100;3;15;55,06494;100
100;3;15;55,06494;100
100;3;15;55,06494;100
100;2;2;55,06494;100
100;3;15;55,39844;100
100;3;15;55,39844;100
100;3;15;55,39844;100
100;2;2;55,39844;100
100;3;15;55,39844;100
100;3;15;55,39844;100
100;3;15;55,39844;100
100;2;2;55,39844;100
100;2;2;55,73193;100
100;2;2;55,73193;100
100;3;15;55,73193;100
100;3;15;55,73193;100
100;2;2;55,73193;100
100;3;15;55,73193;100
100;2;2;55,73193;100
100;3;15;55,73193;100
100;3;15;56,06543;100
100;3;15;56,06543;100
100;3;15;56,06543;100
100;2;2;56,06543;100
100;3;15;56,06543;100
100;3;15;56,06543;100
100;3;15;56,06543;100
100;3;15;56,06543;100
100;3;15;56,06543;100
100;3;15;56,06543;100
100;3;15;56,06543;100
100;3;15;56,06543;100
100;3;15;56,39893;100
100;3;15;56,39893;100
100;3;15;56,39893;100
100;3;15;56,39893;100
100;2;2;56,39893;100
100;2;2;56,39893;100
100;3;15;56,39893;100
100;2;2;56,39893;100
100;2;2;56,39893;100
100;3;15;56,39893;100
100;3;15;56,39893;100
100;3;15;56,73242;100
100;2;2;56,73242;100
100;3;15;56,73242;100
100;3;15;56,73242;100
100;3;15;56,73242;100
100;3;15;56,73242;100
100;3;15;57,06592;100
100;3;15;57,06592;100
100;2;2;57,06592;100
100;3;15;57,06592;100
100;2;2;57,06592;100
100;3;15;57,06592;100
100;3;15;57,06592;100
100;3;15;57,06592;100
100;3;15;57,06592;100
100;2;2;57,06592;100
100;3;15;57,39941;100
100;3;15;57,39941;100
100;3;15;57,39941;100
100;3;15;57,39941;100
100;3;15;57,39941;100
100;2;2;57,39941;100
100;3;15;57,39941;100
100;3;15;57,39941;100
100;3;15;57,39941;100
100;3;15;57,39941;100
100;3;15;57,39941;100
100;3;15;57,73291;100
100;2;2;57,73291;100
100;3;15;57,73291;100
100;3;15;57,73291;100
100;2;2;57,73291;100
100;2;2;57,73291;100
100;3;15;57,73291;100
100;3;15;57,73291;100
100;3;15;57,73291;100
100;3;15;57,73291;100
100;3;15;58,06641;100
100;3;15;58,06641;100
100;2;2;58,06641;100
100;3;15;58,06641;100
100;3;15;58,06641;100
100;3;15;58,06641;100
100;3;15;58,06641;100
100;2;2;58,06641;100
100;3;15;58,06641;100
100;3;15;58,06641;100
100;2;2;58,06641;100
100;2;2;58,06641;100
100;3;15;58,3999;100
100;3;15;58,3999;100
100;3;15;58,3999;100
100;2;2;58,3999;100
100;3;15;58,3999;100
100;2;2;58,3999;100
100;3;15;58,3999;100
100;2;2;58,3999;100
100;3;15;58,3999;100
100;3;15;58,3999;100
100;2;2;58,7334;100
100;3;15;58,7334;100
100;3;15;58,7334;100
100;2;2;58,7334;100
100;3;15;58,7334;100
100;3;15;58,7334;100
100;3;15;58,7334;100
100;2;2;58,7334;100
100;3;15;58,7334;100
100;3;15;58,7334;100
100;2;2;58,7334;100
100;3;15;59,06689;100
100;3;15;59,06689;100
100;3;15;59,06689;100
100;2;2;59,06689;100
100;3;15;59,06689;100
100;3;15;59,06689;100
100;3;15;59,06689;100
100;3;15;59,06689;100
100;3;15;59,06689;100
100;3;15;59,40039;100
100;3;15;59,40039;100
100;3;15;59,40039;100
100;2;2;59,40039;100
100;2;2;59,40039;100
100;3;15;59,40039;100
100;3;15;59,40039;100
100;2;2;59,40039;100
100;3;15;59,40039;100
100;3;15;59,73389;100
100;3;15;59,73389;100
100;3;15;59,73389;100
100;3;15;59,73389;100
100;3;15;59,73389;100
100;3;15;59,73389;100
100;3;15;59,73389;100
100;3;15;59,73389;100
100;3;15;59,73389;100
100;3;15;59,73389;100
100;3;15;59,73389;100
100;2;2;0,06738281;100
100;3;15;0,06738281;100
100;3;15;0,06738281;100
100;3;15;0,06738281;100
100;3;15;0,06738281;100
100;3;15;0,06738281;100
100;3;15;0,4008789;100
100;3;15;0,4008789;100
100;3;15;0,4008789;100
100;3;15;0,4008789;100
100;3;15;0,4008789;100
100;3;15;0,4008789;100
100;2;2;0,4008789;100
100;3;15;0,4008789;100
100;2;2;0,4008789;100
100;2;2;0,4008789;100
100;3;15;0,734375;100
100;2;2;0,734375;100
100;2;2;0,734375;100
100;3;15;0,734375;100
100;3;15;0,734375;100
100;2;2;0,734375;100
100;3;15;0,734375;100
100;3;15;0,734375;100
100;3;15;1,067871;100
100;2;2;1,067871;100
100;2;2;1,067871;100
100;3;15;1,067871;100
100;3;15;1,067871;100
100;3;15;1,067871;100
100;2;2;1,067871;100
100;2;2;1,067871;100
100;3;15;1,067871;100
100;3;15;1,067871;100
100;3;15;1,067871;100
100;3;15;1,401367;100
100;3;15;1,401367;100
100;3;15;1,401367;100
100;3;15;1,401367;100
100;3;15;1,401367;100
100;2;2;1,401367;100
100;3;15;1,401367;100
100;2;2;1,401367;100
100;3;15;1,401367;100
100;3;15;1,401367;100
100;2;2;1,734863;100
100;3;15;1,734863;100
100;2;2;1,734863;100
100;3;15;1,734863;100
100;3;15;1,734863;100
100;3;15;1,734863;100
100;3;15;1,734863;100
100;3;15;1,734863;100
100;3;15;1,734863;100
100;2;2;1,734863;100
100;3;15;1,734863;100
100;2;2;1,734863;100
100;2;2;1,734863;100
100;3;15;2,068359;100
100;2;2;2,068359;100
100;3;15;2,068359;100
100;2;2;2,068359;100
100;3;15;2,068359;100
100;2;2;2,068359;100
100;3;15;2,068359;100
100;2;2;2,068359;100
100;2;2;2,068359;100
100;2;2;2,068359;100
100;3;15;2,068359;100
100;3;15;2,068359;100
100;2;2;2,068359;100
100;2;2;2,401855;100
100;3;15;2,401855;100
100;3;15;2,401855;100
100;3;15;2,401855;100
100;3;15;2,401855;100
100;2;2;2,401855;100
100;3;15;2,401855;100
100;3;15;2,401855;100
100;3;15;2,401855;100
100;3;15;2,401855;100
100;3;15;2,401855;100
100;3;15;2,401855;100
100;3;15;2,401855;100
100;2;2;2,401855;100
100;3;15;2,401855;100
100;3;15;2,401855;100
100;3;15;2,735352;100
100;2;2;2,735352;100
100;3;15;2,735352;100
100;2;2;2,735352;100
100;3;15;2,735352;100
100;3;15;2,735352;100
100;2;2;2,735352;100
100;3;15;2,735352;100
100;3;15;2,735352;100
100;3;15;3,068848;100
100;2;2;3,068848;100
100;2;2;3,068848;100
100;2;2;3,068848;100
100;3;15;3,068848;100
100;3;15;3,068848;100
100;3;15;3,068848;100
100;3;15;3,068848;100
100;3;15;3,068848;100
100;2;2;3,068848;100
100;3;15;3,068848;100
100;3;15;3,068848;100
100;3;15;3,402344;100
100;2;2;3,402344;100
100;3;15;3,402344;100
100;2;2;3,402344;100
100;3;15;3,402344;100
100;3;15;3,402344;100
100;3;15;3,402344;100
100;3;15;3,402344;100
100;2;2;3,402344;100
100;2;2;3,402344;100
100;3;15;3,402344;100
100;3;15;3,73584;100
100;2;2;3,73584;100
100;3;15;3,73584;100
100;3;15;3,73584;100
100;3;15;3,73584;100
100;3;15;3,73584;100
100;2;2;3,73584;100
100;3;15;3,73584;100
100;3;15;4,069336;100
100;3;15;4,069336;100
100;3;15;4,069336;100
100;2;2;4,069336;100
100;3;15;4,069336;100
100;3;15;4,069336;100
100;3;15;4,069336;100
100;3;15;4,402832;100
100;3;15;4,402832;100
100;3;15;4,402832;100
100;2;2;4,402832;100
100;2;2;4,402832;100
100;2;2;4,402832;100
100;3;15;4,402832;100
100;3;15;4,402832;100
100;2;2;4,402832;100
100;2;2;4,402832;100
100;3;15;4,402832;100
100;3;15;4,402832;100
100;2;2;4,736328;100
100;2;2;4,736328;100
100;2;2;4,736328;100
100;3;15;4,736328;100
100;2;2;4,736328;100
100;3;15;4,736328;100
100;3;15;4,736328;100
100;2;2;4,736328;100
100;2;2;4,736328;100
100;3;15;5,069824;100
100;3;15;5,069824;100
100;2;2;5,069824;100
100;3;15;5,069824;100
100;3;15;5,069824;100
100;2;2;5,069824;100
100;2;2;5,069824;100
100;2;2;5,069824;100
100;3;15;5,069824;100
100;2;2;5,40332;100
100;2;2;5,40332;100
100;2;2;5,40332;100
100;3;15;5,40332;100
100;2;2;5,40332;100
100;3;15;5,40332;100
100;3;15;5,40332;100
100;2;2;5,40332;100
100;2;2;5,40332;100
100;3;15;5,40332;100
100;3;15;5,736816;100
100;3;15;5,736816;100
100;3;15;5,736816;100
100;3;15;5,736816;100
100;2;2;5,736816;100
100;2;2;5,736816;100
100;2;2;5,736816;100
100;3;15;5,736816;100
100;3;15;5,736816;100
100;3;15;5,736816;100
100;3;15;5,736816;100
100;3;15;6,070313;100
100;3;15;6,070313;100
100;3;15;6,070313;100
100;3;15;6,070313;100
100;2;2;6,070313;100
100;2;2;6,070313;100
100;3;15;6,070313;100
100;2;2;6,070313;100
100;3;15;6,403809;100
100;3;15;6,403809;100
100;3;15;6,403809;100
100;3;15;6,403809;100
100;2;2;6,403809;100
100;2;2;6,403809;100
100;3;15;6,403809;100
100;3;15;6,737305;100
100;2;2;6,737305;100
100;3;15;6,737305;100
100;2;2;6,737305;100
100;3;15;6,737305;100
100;2;2;6,737305;100
100;3;15;6,737305;100
100;3;15;6,737305;100
100;3;15;6,737305;100
100;3;15;6,737305;100
100;3;15;6,737305;100
100;2;2;7,070801;100
100;3;15;7,070801;100
100;3;15;7,070801;100
100;3;15;7,070801;100
100;3;15;7,070801;100
100;2;2;7,070801;100
100;3;15;7,070801;100
100;2;2;7,070801;100
100;3;15;7,070801;100
100;3;15;7,070801;100
100;3;15;7,070801;100
100;3;15;7,404297;100
100;3;15;7,404297;100
100;3;15;7,404297;100
100;3;15;7,404297;100
100;3;15;7,404297;100
100;3;15;7,404297;100
100;3;15;7,404297;100
100;2;2;7,404297;100
100;3;15;7,737793;100
100;3;15;7,737793;100
100;3;15;7,737793;100
100;2;2;7,737793;100
100;3;15;7,737793;100
100;3;15;7,737793;100
100;3;15;7,737793;100
100;2;2;7,737793;100
100;2;2;7,737793;100
100;2;2;7,737793;100
100;3;15;7,737793;100
100;2;2;8,071289;100
100;2;2;8,071289;100
100;2;2;8,071289;100
100;3;15;8,071289;100
100;3;15;8,071289;100
100;3;15;8,071289;100
100;2;2;8,071289;100
100;3;15;8,071289;100
100;3;15;8,071289;100
100;3;15;8,071289;100
100;2;2;8,404785;100
100;3;15;8,404785;100
100;3;15;8,404785;100
100;3;15;8,404785;100
100;2;2;8,404785;100
100;3;15;8,404785;100
100;3;15;8,404785;100
100;3;15;8,404785;100
100;3;15;8,404785;100
100;3;15;8,404785;100
100;2;2;8,404785;100
100;3;15;8,404785;100
100;2;2;8,738281;100
100;3;15;8,738281;100
100;2;2;8,738281;100
100;3;15;8,738281;100
100;3;15;8,738281;100
100;3;15;8,738281;100
100;3;15;8,738281;100
100;3;15;8,738281;100
100;2;2;8,738281;100
100;2;2;8,738281;100
100;3;15;8,738281;100
100;3;15;9,071777;100
100;3;15;9,071777;100
100;3;15;9,071777;100
100;3;15;9,071777;100
100;3;15;9,071777;100
100;3;15;9,071777;100
100;3;15;9,071777;100
100;3;15;9,071777;100
100;2;2;9,071777;100
100;2;2;9,071777;100
100;3;15;9,071777;100
100;3;15;9,071777;100
100;3;15;9,405273;100
100;2;2;9,405273;100
100;2;2;9,405273;100
100;2;2;9,405273;100
100;3;15;9,405273;100
100;2;2;9,405273;100
100;3;15;9,405273;100
100;3;15;9,405273;100
100;3;15;9,405273;100
100;3;15;9,405273;100
100;2;2;9,405273;100
100;2;2;9,73877;100
100;2;2;9,73877;100
100;3;15;9,73877;100
100;3;15;9,73877;100
100;3;15;9,73877;100
100;3;15;10,07227;100
100;3;15;10,07227;100
100;3;15;10,07227;100
100;3;15;10,07227;100
100;3;15;10,07227;100
100;3;15;10,07227;100
100;3;15;10,07227;100
100;2;2;10,07227;100
100;3;15;10,07227;100
100;3;15;10,07227;100
100;3;15;10,07227;100
100;2;2;10,07227;100
100;3;15;10,07227;100
100;3;15;10,40576;100
100;2;2;10,40576;100
100;2;2;10,40576;100
100;2;2;10,40576;100
100;3;15;10,40576;100
100;3;15;10,40576;100
100;2;2;10,40576;100
100;2;2;10,73926;100
100;3;15;10,73926;100
100;3;15;10,73926;100
100;3;15;10,73926;100
100;2;2;10,73926;100
100;3;15;10,73926;100
100;3;15;10,73926;100
100;3;15;11,07275;100
100;3;15;11,07275;100
100;2;2;11,07275;100
100;3;15;11,07275;100
100;2;2;11,07275;100
100;2;2;11,07275;100
100;2;2;11,07275;100
100;3;15;11,07275;100
100;2;2;11,40625;100
100;3;15;11,40625;100
100;3;15;11,40625;100
100;2;2;11,40625;100
100;3;15;11,40625;100
100;2;2;11,40625;100
100;3;15;11,40625;100
100;3;15;11,40625;100
100;3;15;11,73975;100
100;2;2;11,73975;100
100;3;15;11,73975;100
100;2;2;11,73975;100
100;2;2;11,73975;100
100;3;15;11,73975;100
100;2;2;11,73975;100
100;2;2;11,73975;100
100;3;15;11,73975;100
100;2;2;11,73975;100
100;2;2;12,07324;100
100;3;15;12,07324;100
100;3;15;12,07324;100
100;2;2;12,07324;100
100;3;15;12,07324;100
100;3;15;12,07324;100
100;2;2;12,07324;100
100;2;2;12,07324;100
100;2;2;12,40674;100
100;3;15;12,40674;100
100;3;15;12,40674;100
100;2;2;12,40674;100
100;2;2;12,40674;100
100;2;2;12,40674;100
100;3;15;12,40674;100
100;3;15;12,40674;100
100;3;15;12,40674;100
100;3;15;12,40674;100
100;2;2;12,74023;100
100;3;15;12,74023;100
100;3;15;12,74023;100
100;3;15;12,74023;100
100;3;15;12,74023;100
100;3;15;12,74023;100
100;2;2;12,74023;100
100;3;15;12,74023;100
100;2;2;12,74023;100
100;3;15;12,74023;100
100;2;2;12,74023;100
