100;3;15;39,30835;100
100;3;15;39,30835;100
100;3;15;39,30835;100
100;3;15;39,30835;100
100;3;15;39,30835;100
100;3;15;39,6416;100
100;3;15;39,6416;100
100;3;15;39,6416;100
100;2;2;39,6416;100
100;2;2;39,6416;100
100;3;15;39,6416;100
100;3;15;39,6416;100
100;2;2;39,6416;100
100;3;15;39,6416;100
100;3;15;39,6416;100
100;3;15;39,97485;100
100;2;2;39,97485;100
100;3;15;39,97485;100
100;3;15;39,97485;100
100;3;15;39,97485;100
100;2;2;39,97485;100
100;3;15;39,97485;100
100;2;2;39,97485;100
100;3;15;39,97485;100
100;2;2;39,97485;100
100;2;2;40,30811;100
100;3;15;40,30811;100
100;2;2;40,30811;100
100;2;2;40,30811;100
100;3;15;40,64136;100
100;3;15;40,64136;100
100;3;15;40,64136;100
100;3;15;40,64136;100
100;3;15;40,64136;100
100;2;2;40,64136;100
100;3;15;40,64136;100
100;3;15;40,64136;100
100;2;2;40,64136;100
100;3;15;40,64136;100
100;3;15;40,97461;100
100;3;15;40,97461;100
100;3;15;40,97461;100
100;2;2;40,97461;100
100;2;2;40,97461;100
100;3;15;40,97461;100
100;2;2;40,97461;100
100;2;2;40,97461;100
100;3;15;40,97461;100
100;2;2;41,30786;100
100;3;15;41,30786;100
100;3;15;41,30786;100
100;2;2;41,30786;100
100;3;15;41,30786;100
100;3;15;41,30786;100
100;3;15;41,64111;100
100;3;15;41,64111;100
100;3;15;41,64111;100
100;2;2;41,64111;100
100;3;15;41,64111;100
100;3;15;41,64111;100
100;2;2;41,64111;100
100;2;2;41,64111;100
100;3;15;41,97437;100
100;3;15;41,97437;100
100;3;15;41,97437;100
100;3;15;41,97437;100
100;3;15;41,97437;100
100;2;2;41,97437;100
100;3;15;41,97437;100
100;2;2;42,30762;100
100;2;2;42,30762;100
100;3;15;42,30762;100
100;2;2;42,30762;100
100;2;2;42,30762;100
100;2;2;42,30762;100
100;2;2;42,30762;100
100;2;2;42,30762;100
100;3;15;42,30762;100
100;3;15;42,30762;100
100;3;15;42,64087;100
100;2;2;42,64087;100
100;3;15;42,64087;100
100;3;15;42,64087;100
100;2;2;42,64087;100
100;3;15;42,64087;100
100;3;15;42,64087;100
100;2;2;42,64087;100
100;2;2;42,64087;100
100;2;2;42,64087;100
100;3;15;42,97412;100
100;3;15;42,97412;100
100;2;2;42,97412;100
100;3;15;42,97412;100
100;3;15;42,97412;100
100;2;2;42,97412;100
100;3;15;42,97412;100
100;3;15;42,97412;100
100;3;15;42,97412;100
100;3;15;42,97412;100
100;3;15;43,30737;100
100;3;15;43,30737;100
100;3;15;43,30737;100
100;3;15;43,30737;100
100;3;15;43,30737;100
100;2;2;43,30737;100
100;2;2;43,30737;100
100;2;2;43,30737;100
100;3;15;43,30737;100
100;3;15;43,30737;100
100;3;15;43,64063;100
100;3;15;43,64063;100
100;2;2;43,64063;100
100;3;15;43,64063;100
100;2;2;43,64063;100
100;2;2;43,64063;100
100;3;15;43,64063;100
100;2;2;43,64063;100
100;3;15;43,64063;100
100;3;15;43,97388;100
100;3;15;43,97388;100
100;3;15;43,97388;100
100;3;15;43,97388;100
100;3;15;43,97388;100
100;3;15;43,97388;100
100;2;2;43,97388;100
100;3;15;43,97388;100
100;2;2;43,97388;100
100;2;2;43,97388;100
100;3;15;44,30713;100
100;3;15;44,30713;100
100;2;2;44,30713;100
100;3;15;44,30713;100
100;3;15;44,30713;100
100;3;15;44,30713;100
100;3;15;44,30713;100
100;2;2;44,30713;100
100;3;15;44,30713;100
100;2;2;44,30713;100
100;3;15;44,64038;100
100;2;2;44,64038;100
100;3;15;44,64038;100
100;2;2;44,64038;100
100;2;2;44,64038;100
100;3;15;44,64038;100
100;3;15;44,64038;100
100;3;15;44,64038;100
100;2;2;44,64038;100
100;2;2;44,64038;100
100;3;15;44,97363;100
100;3;15;44,97363;100
100;3;15;44,97363;100
100;3;15;44,97363;100
100;3;15;44,97363;100
100;3;15;44,97363;100
100;2;2;44,97363;100
100;2;2;44,97363;100
100;2;2;44,97363;100
100;2;2;44,97363;100
100;3;15;44,97363;100
100;3;15;44,97363;100
100;3;15;45,30688;100
100;3;15;45,30688;100
100;3;15;45,30688;100
100;3;15;45,30688;100
100;2;2;45,30688;100
100;3;15;45,30688;100
100;3;15;45,30688;100
100;3;15;45,30688;100
100;3;15;45,30688;100
100;2;2;45,30688;100
100;3;15;45,30688;100
100;3;15;45,64014;100
100;2;2;45,64014;100
100;3;15;45,64014;100
100;3;15;45,64014;100
100;3;15;45,64014;100
100;2;2;45,64014;100
100;3;15;45,64014;100
100;2;2;45,64014;100
100;3;15;45,64014;100
100;3;15;45,64014;100
100;3;15;45,64014;100
100;3;15;45,64014;100
100;2;2;45,97339;100
100;2;2;45,97339;100
100;3;15;45,97339;100
100;3;15;45,97339;100
100;2;2;45,97339;100
100;2;2;46,30664;100
100;3;15;46,30664;100
100;3;15;46,30664;100
100;2;2;46,30664;100
100;3;15;46,30664;100
100;2;2;46,30664;100
100;2;2;46,30664;100
100;3;15;46,30664;100
100;3;15;46,30664;100
100;2;2;46,30664;100
100;3;15;46,30664;100
100;3;15;46,30664;100
100;3;15;46,63989;100
100;2;2;46,63989;100
100;3;15;46,63989;100
100;3;15;46,63989;100
100;3;15;46,63989;100
100;3;15;46,63989;100
100;3;15;46,63989;100
100;3;15;46,63989;100
100;2;2;46,63989;100
100;3;15;46,97314;100
100;2;2;46,97314;100
100;3;15;46,97314;100
100;2;2;46,97314;100
100;3;15;46,97314;100
100;3;15;46,97314;100
100;3;15;47,3064;100
100;3;15;47,3064;100
100;3;15;47,3064;100
100;2;2;47,3064;100
100;3;15;47,3064;100
100;2;2;47,3064;100
100;2;2;47,3064;100
100;3;15;47,3064;100
100;3;15;47,3064;100
100;3;15;47,3064;100
100;3;15;47,3064;100
100;3;15;47,63965;100
100;2;2;47,63965;100
100;3;15;47,63965;100
100;3;15;47,63965;100
100;3;15;47,63965;100
100;3;15;47,63965;100
100;2;2;47,63965;100
100;2;2;47,63965;100
100;2;2;47,63965;100
100;3;15;47,63965;100
100;2;2;47,63965;100
100;2;2;47,9729;100
100;2;2;47,9729;100
100;2;2;47,9729;100
100;3;15;47,9729;100
100;2;2;47,9729;100
100;3;15;47,9729;100
100;3;15;47,9729;100
100;2;2;47,9729;100
100;3;15;47,9729;100
100;3;15;47,9729;100
100;3;15;47,9729;100
100;3;15;48,30615;100
100;3;15;48,30615;100
100;3;15;48,30615;100
100;3;15;48,30615;100
100;2;2;48,30615;100
100;3;15;48,30615;100
100;2;2;48,30615;100
100;3;15;48,30615;100
100;2;2;48,30615;100
100;3;15;48,6394;100
100;3;15;48,6394;100
100;2;2;48,6394;100
100;3;15;48,6394;100
100;3;15;48,6394;100
100;2;2;48,6394;100
100;3;15;48,6394;100
100;3;15;48,6394;100
100;3;15;48,6394;100
100;2;2;48,6394;100
100;2;2;48,97266;100
100;2;2;48,97266;100
100;2;2;48,97266;100
100;3;15;48,97266;100
100;3;15;48,97266;100
100;3;15;48,97266;100
100;3;15;48,97266;100
100;3;15;48,97266;100
100;2;2;48,97266;100
100;3;15;48,97266;100
100;3;15;49,30591;100
100;2;2;49,30591;100
100;2;2;49,30591;100
100;2;2;49,30591;100
100;2;2;49,30591;100
100;2;2;49,30591;100
100;3;15;49,30591;100
100;2;2;49,30591;100
100;3;15;49,30591;100
100;3;15;49,30591;100
100;3;15;49,30591;100
100;2;2;49,63916;100
100;3;15;49,63916;100
100;3;15;49,63916;100
100;2;2;49,63916;100
100;3;15;49,63916;100
100;3;15;49,63916;100
100;2;2;49,63916;100
100;2;2;49,63916;100
100;3;15;49,63916;100
100;3;15;49,63916;100
100;3;15;49,63916;100
100;3;15;49,63916;100
100;3;15;49,63916;100
100;3;15;49,97241;100
100;3;15;49,97241;100
100;3;15;49,97241;100
100;3;15;49,97241;100
100;3;15;49,97241;100
100;2;2;49,97241;100
100;3;15;49,97241;100
100;3;15;49,97241;100
100;3;15;49,97241;100
100;2;2;50,30566;100
100;2;2;50,30566;100
100;2;2;50,30566;100
100;3;15;50,30566;100
100;3;15;50,30566;100
100;3;15;50,30566;100
100;3;15;50,30566;100
100;3;15;50,30566;100
100;3;15;50,30566;100
100;3;15;50,30566;100
100;3;15;50,30566;100
100;3;15;50,30566;100
100;3;15;50,63892;100
100;2;2;50,63892;100
100;2;2;50,63892;100
100;2;2;50,63892;100
100;2;2;50,63892;100
100;3;15;50,63892;100
100;3;15;50,63892;100
100;3;15;50,63892;100
100;2;2;50,63892;100
100;3;15;50,63892;100
100;2;2;50,63892;100
100;3;15;50,97217;100
100;2;2;50,97217;100
100;3;15;50,97217;100
100;2;2;50,97217;100
100;3;15;50,97217;100
100;2;2;50,97217;100
100;3;15;50,97217;100
100;3;15;51,30542;100
100;3;15;51,30542;100
100;3;15;51,30542;100
100;3;15;51,30542;100
100;3;15;51,30542;100
100;2;2;51,30542;100
100;2;2;51,30542;100
100;3;15;51,30542;100
100;2;2;51,30542;100
100;2;2;51,63867;100
100;3;15;51,63867;100
100;2;2;51,63867;100
100;3;15;51,63867;100
100;3;15;51,63867;100
100;2;2;51,63867;100
100;2;2;51,63867;100
100;3;15;51,63867;100
100;3;15;51,63867;100
100;2;2;51,63867;100
100;2;2;51,97192;100
100;3;15;51,97192;100
100;3;15;51,97192;100
100;3;15;51,97192;100
100;2;2;51,97192;100
100;3;15;51,97192;100
100;2;2;51,97192;100
100;3;15;51,97192;100
100;3;15;51,97192;100
100;3;15;51,97192;100
100;3;15;51,97192;100
100;3;15;52,30518;100
100;3;15;52,30518;100
100;3;15;52,30518;100
100;2;2;52,30518;100
100;2;2;52,30518;100
100;3;15;52,30518;100
100;3;15;52,30518;100
100;2;2;52,30518;100
100;3;15;52,30518;100
100;2;2;52,30518;100
100;2;2;52,30518;100
100;3;15;52,30518;100
100;2;2;52,30518;100
100;2;2;52,63843;100
100;3;15;52,63843;100
100;3;15;52,63843;100
100;2;2;52,63843;100
100;3;15;52,63843;100
100;3;15;52,63843;100
100;3;15;52,63843;100
100;2;2;52,63843;100
100;2;2;52,63843;100
100;3;15;52,63843;100
100;2;2;52,63843;100
100;2;2;52,97168;100
100;3;15;52,97168;100
100;3;15;52,97168;100
100;2;2;52,97168;100
100;2;2;52,97168;100
100;3;15;52,97168;100
100;3;15;52,97168;100
100;3;15;52,97168;100
100;2;2;52,97168;100
100;3;15;52,97168;100
100;2;2;52,97168;100
100;2;2;52,97168;100
100;2;2;53,30493;100
100;2;2;53,30493;100
100;3;15;53,30493;100
100;3;15;53,30493;100
100;3;15;53,30493;100
100;2;2;53,30493;100
100;2;2;53,30493;100
100;3;15;53,30493;100
100;2;2;53,30493;100
100;3;15;53,30493;100
100;3;15;53,30493;100
100;3;15;53,30493;100
100;2;2;53,63818;100
100;3;15;53,63818;100
100;3;15;53,63818;100
100;2;2;53,63818;100
100;3;15;53,63818;100
100;3;15;53,63818;100
100;2;2;53,63818;100
100;3;15;53,97144;100
100;2;2;53,97144;100
100;3;15;53,97144;100
100;2;2;53,97144;100
100;3;15;53,97144;100
100;2;2;53,97144;100
100;3;15;53,97144;100
100;2;2;53,97144;100
100;3;15;53,97144;100
100;3;15;54,30469;100
100;3;15;54,30469;100
100;2;2;54,30469;100
100;2;2;54,30469;100
100;2;2;54,30469;100
100;3;15;54,30469;100
100;3;15;54,30469;100
100;3;15;54,30469;100
100;2;2;54,63794;100
100;2;2;54,63794;100
100;3;15;54,63794;100
100;2;2;54,63794;100
100;3;15;54,63794;100
100;3;15;54,63794;100
100;2;2;54,63794;100
100;2;2;54,63794;100
100;3;15;54,63794;100
100;3;15;54,63794;100
100;3;15;54,63794;100
100;3;15;54,63794;100
100;2;2;54,97119;100
100;3;15;54,97119;100
100;3;15;54,97119;100
100;3;15;54,97119;100
100;3;15;54,97119;100
100;2;2;54,97119;100
100;3;15;54,97119;100
100;2;2;54,97119;100
100;3;15;54,97119;100
100;3;15;54,97119;100
100;3;15;54,97119;100
100;3;15;54,97119;100
100;2;2;54,97119;100
100;2;2;55,30444;100
100;3;15;55,30444;100
100;3;15;55,30444;100
100;2;2;55,30444;100
100;3;15;55,30444;100
100;3;15;55,30444;100
100;3;15;55,30444;100
100;3;15;55,30444;100
100;3;15;55,6377;100
100;3;15;55,6377;100
100;3;15;55,6377;100
100;3;15;55,6377;100
100;2;2;55,6377;100
100;2;2;55,6377;100
100;2;2;55,6377;100
100;2;2;55,6377;100
100;3;15;55,6377;100
100;3;15;55,6377;100
100;2;2;55,6377;100
100;2;2;55,97095;100
100;3;15;55,97095;100
100;3;15;55,97095;100
100;3;15;55,97095;100
100;2;2;55,97095;100
100;2;2;55,97095;100
100;3;15;55,97095;100
100;3;15;55,97095;100
100;2;2;55,97095;100
100;3;15;55,97095;100
100;2;2;56,3042;100
100;2;2;56,3042;100
100;3;15;56,3042;100
100;3;15;56,3042;100
100;2;2;56,3042;100
100;2;2;56,3042;100
100;2;2;56,3042;100
100;3;15;56,3042;100
100;2;2;56,3042;100
100;2;2;56,3042;100
100;3;15;56,3042;100
100;3;15;56,3042;100
100;2;2;56,63745;100
100;2;2;56,63745;100
100;2;2;56,63745;100
100;3;15;56,63745;100
100;2;2;56,63745;100
100;3;15;56,63745;100
100;3;15;56,63745;100
100;2;2;56,63745;100
100;3;15;56,63745;100
100;3;15;56,63745;100
100;2;2;56,63745;100
100;2;2;56,63745;100
100;2;2;56,63745;100
100;2;2;56,9707;100
100;3;15;56,9707;100
100;3;15;56,9707;100
100;3;15;56,9707;100
100;3;15;56,9707;100
100;3;15;56,9707;100
100;3;15;56,9707;100
100;3;15;56,9707;100
100;3;15;56,9707;100
100;3;15;56,9707;100
100;2;2;56,9707;100
100;3;15;57,30396;100
100;3;15;57,30396;100
100;3;15;57,30396;100
100;3;15;57,30396;100
100;3;15;57,30396;100
100;2;2;57,30396;100
100;2;2;57,30396;100
100;3;15;57,30396;100
100;3;15;57,30396;100
100;2;2;57,63721;100
100;3;15;57,63721;100
100;3;15;57,63721;100
100;3;15;57,63721;100
100;2;2;57,63721;100
100;3;15;57,63721;100
100;3;15;57,63721;100
100;3;15;57,63721;100
100;2;2;57,63721;100
100;3;15;57,63721;100
100;3;15;57,63721;100
100;3;15;57,97046;100
100;3;15;57,97046;100
100;2;2;57,97046;100
100;3;15;57,97046;100
100;3;15;57,97046;100
100;2;2;57,97046;100
100;2;2;57,97046;100
100;3;15;57,97046;100
100;3;15;57,97046;100
100;3;15;58,30371;100
100;3;15;58,30371;100
100;2;2;58,30371;100
100;2;2;58,30371;100
100;3;15;58,30371;100
100;3;15;58,30371;100
100;3;15;58,30371;100
100;3;15;58,30371;100
100;3;15;58,30371;100
100;3;15;58,63696;100
100;2;2;58,63696;100
100;2;2;58,63696;100
100;3;15;58,63696;100
100;3;15;58,63696;100
100;3;15;58,63696;100
100;3;15;58,63696;100
100;2;2;58,63696;100
100;2;2;58,97021;100
100;2;2;58,97021;100
100;3;15;58,97021;100
100;2;2;58,97021;100
100;2;2;58,97021;100
100;2;2;58,97021;100
100;2;2;58,97021;100
100;2;2;58,97021;100
100;3;15;58,97021;100
100;3;15;58,97021;100
100;3;15;58,97021;100
100;3;15;58,97021;100
100;3;15;58,97021;100
100;3;15;58,97021;100
100;3;15;59,30347;100
100;3;15;59,30347;100
100;2;2;59,30347;100
100;2;2;59,30347;100
100;3;15;59,30347;100
100;2;2;59,30347;100
100;2;2;59,30347;100
100;2;2;59,30347;100
100;3;15;59,30347;100
100;3;15;59,30347;100
100;3;15;59,30347;100
100;3;15;59,30347;100
100;2;2;59,63672;100
100;2;2;59,63672;100
100;3;15;59,63672;100
100;3;15;59,63672;100
100;3;15;59,63672;100
100;3;15;59,63672;100
100;3;15;59,63672;100
100;2;2;59,63672;100
100;3;15;59,63672;100
100;3;15;59,63672;100
100;2;2;59,63672;100
100;2;2;59,63672;100
100;3;15;59,96997;100
100;3;15;59,96997;100
100;2;2;59,96997;100
100;3;15;59,96997;100
100;3;15;59,96997;100
100;2;2;59,96997;100
100;2;2;59,96997;100
100;3;15;59,96997;100
100;2;2;59,96997;100
100;3;15;59,96997;100
100;3;15;0,3032227;100
100;3;15;0,3032227;100
100;3;15;0,3032227;100
100;3;15;0,3032227;100
100;3;15;0,3032227;100
100;3;15;0,3032227;100
100;3;15;0,3032227;100
100;3;15;0,3032227;100
100;2;2;0,6364746;100
100;3;15;0,6364746;100
100;2;2;0,6364746;100
100;3;15;0,6364746;100
100;3;15;0,6364746;100
100;2;2;0,6364746;100
100;3;15;0,6364746;100
100;3;15;0,6364746;100
100;2;2;0,6364746;100
100;3;15;0,6364746;100
100;3;15;0,6364746;100
100;2;2;0,6364746;100
100;3;15;0,9697266;100
100;2;2;0,9697266;100
100;2;2;0,9697266;100
100;3;15;0,9697266;100
100;3;15;0,9697266;100
100;2;2;0,9697266;100
100;3;15;1,302979;100
100;3;15;1,302979;100
100;3;15;1,302979;100
100;3;15;1,302979;100
100;3;15;1,302979;100
100;3;15;1,302979;100
100;3;15;1,302979;100
100;2;2;1,302979;100
100;3;15;1,302979;100
100;2;2;1,302979;100
100;3;15;1,63623;100
100;3;15;1,63623;100
100;2;2;1,63623;100
100;2;2;1,63623;100
100;2;2;1,63623;100
100;3;15;1,63623;100
100;3;15;1,63623;100
100;3;15;1,63623;100
100;3;15;1,63623;100
100;2;2;1,63623;100
100;3;15;1,969482;100
100;2;2;1,969482;100
100;3;15;1,969482;100
100;3;15;1,969482;100
100;2;2;1,969482;100
100;3;15;1,969482;100
100;3;15;1,969482;100
100;2;2;1,969482;100
100;3;15;2,302734;100
100;3;15;2,302734;100
100;2;2;2,302734;100
100;3;15;2,302734;100
100;3;15;2,302734;100
100;3;15;2,302734;100
100;2;2;2,302734;100
100;3;15;2,302734;100
100;2;2;2,302734;100
100;3;15;2,302734;100
100;2;2;2,635986;100
100;2;2;2,635986;100
100;3;15;2,635986;100
100;3;15;2,635986;100
100;3;15;2,635986;100
100;3;15;2,635986;100
100;3;15;2,635986;100
100;3;15;2,635986;100
100;2;2;2,635986;100
100;3;15;2,635986;100
100;3;15;2,969238;100
100;3;15;2,969238;100
100;3;15;2,969238;100
100;3;15;2,969238;100
100;2;2;2,969238;100
100;2;2;2,969238;100
100;3;15;2,969238;100
100;2;2;2,969238;100
100;3;15;2,969238;100
100;2;2;2,969238;100
100;3;15;3,30249;100
100;3;15;3,30249;100
100;3;15;3,30249;100
100;3;15;3,30249;100
100;3;15;3,30249;100
100;3;15;3,30249;100
100;3;15;3,30249;100
100;2;2;3,30249;100
100;3;15;3,30249;100
100;3;15;3,30249;100
100;3;15;3,30249;100
100;3;15;3,30249;100
100;3;15;3,635742;100
100;2;2;3,635742;100
100;2;2;3,635742;100
100;3;15;3,635742;100
100;3;15;3,635742;100
100;3;15;3,635742;100
100;3;15;3,635742;100
100;2;2;3,635742;100
100;3;15;3,968994;100
100;3;15;3,968994;100
100;2;2;3,968994;100
100;3;15;3,968994;100
100;3;15;3,968994;100
100;2;2;3,968994;100
100;3;15;3,968994;100
100;2;2;3,968994;100
100;2;2;3,968994;100
100;2;2;4,302246;100
100;3;15;4,302246;100
100;3;15;4,302246;100
100;3;15;4,302246;100
100;2;2;4,302246;100
100;3;15;4,302246;100
100;3;15;4,302246;100
100;3;15;4,302246;100
100;2;2;4,302246;100
100;3;15;4,302246;100
100;3;15;4,302246;100
100;2;2;4,635498;100
100;3;15;4,635498;100
100;3;15;4,635498;100
100;2;2;4,635498;100
100;3;15;4,635498;100
100;3;15;4,635498;100
100;3;15;4,635498;100
100;3;15;4,635498;100
100;2;2;4,635498;100
100;3;15;4,96875;100
100;2;2;4,96875;100
100;2;2;4,96875;100
100;2;2;4,96875;100
100;3;15;4,96875;100
100;3;15;4,96875;100
100;3;15;4,96875;100
100;3;15;4,96875;100
100;2;2;4,96875;100
100;3;15;4,96875;100
100;3;15;4,96875;100
100;3;15;5,302002;100
100;3;15;5,302002;100
100;2;2;5,302002;100
100;3;15;5,302002;100
100;3;15;5,302002;100
100;3;15;5,302002;100
100;2;2;5,302002;100
100;3;15;5,302002;100
100;3;15;5,635254;100
100;2;2;5,635254;100
100;2;2;5,635254;100
100;3;15;5,635254;100
100;3;15;5,635254;100
100;2;2;5,635254;100
100;2;2;5,635254;100
100;2;2;5,635254;100
100;2;2;5,635254;100
100;3;15;5,635254;100
100;3;15;5,968506;100
100;3;15;5,968506;100
100;3;15;5,968506;100
100;2;2;5,968506;100
100;3;15;5,968506;100
100;2;2;5,968506;100
100;3;15;5,968506;100
100;2;2;5,968506;100
100;3;15;6,301758;100
100;3;15;6,301758;100
100;3;15;6,301758;100
100;3;15;6,301758;100
100;3;15;6,301758;100
100;2;2;6,301758;100
100;3;15;6,301758;100
100;3;15;6,301758;100
100;2;2;6,301758;100
100;3;15;6,63501;100
100;3;15;6,63501;100
100;2;2;6,63501;100
100;2;2;6,63501;100
100;2;2;6,63501;100
100;3;15;6,63501;100
100;3;15;6,63501;100
100;2;2;6,63501;100
100;3;15;6,63501;100
100;3;15;6,63501;100
100;3;15;6,968262;100
100;3;15;6,968262;100
100;3;15;6,968262;100
100;2;2;6,968262;100
100;2;2;6,968262;100
100;2;2;6,968262;100
100;2;2;6,968262;100
100;2;2;6,968262;100
100;3;15;7,301514;100
100;2;2;7,301514;100
