100;2;2;51,31641;100
100;2;2;51,31641;100
100;2;2;51,31641;100
100;3;15;51,64972;100
100;3;15;51,64972;100
100;3;15;51,64972;100
100;2;2;51,64972;100
100;2;2;51,64972;100
100;3;15;51,64972;100
100;3;15;51,64972;100
100;2;2;51,64972;100
100;3;15;51,64972;100
100;3;15;51,98303;100
100;2;2;51,98303;100
100;2;2;51,98303;100
100;3;15;51,98303;100
100;2;2;51,98303;100
100;3;15;51,98303;100
100;3;15;51,98303;100
100;2;2;52,31635;100
100;2;2;52,31635;100
100;2;2;52,31635;100
100;3;15;52,31635;100
100;3;15;52,31635;100
100;2;2;52,31635;100
100;3;15;52,31635;100
100;3;15;52,31635;100
100;2;2;52,31635;100
100;3;15;52,31635;100
100;2;2;52,31635;100
100;2;2;52,64966;100
100;3;15;52,64966;100
100;3;15;52,64966;100
100;3;15;52,64966;100
100;3;15;52,64966;100
100;2;2;52,64966;100
100;2;2;52,64966;100
100;3;15;52,64966;100
100;2;2;52,64966;100
100;2;2;52,98297;100
100;3;15;52,98297;100
100;2;2;52,98297;100
100;3;15;52,98297;100
100;2;2;52,98297;100
100;3;15;52,98297;100
100;3;15;52,98297;100
100;2;2;52,98297;100
100;3;15;52,98297;100
100;3;15;53,31628;100
100;2;2;53,31628;100
100;3;15;53,31628;100
100;2;2;53,31628;100
100;3;15;53,31628;100
100;2;2;53,31628;100
100;3;15;53,31628;100
100;3;15;53,31628;100
100;2;2;53,31628;100
100;2;2;53,31628;100
100;3;15;53,31628;100
100;2;2;53,6496;100
100;2;2;53,6496;100
100;3;15;53,6496;100
100;2;2;53,6496;100
100;3;15;53,6496;100
100;3;15;53,6496;100
100;2;2;53,6496;100
100;3;15;53,6496;100
100;3;15;53,6496;100
100;2;2;53,6496;100
100;3;15;53,6496;100
100;2;2;53,6496;100
100;2;2;53,6496;100
100;3;15;53,6496;100
100;2;2;53,98291;100
100;3;15;53,98291;100
100;3;15;53,98291;100
100;3;15;53,98291;100
100;3;15;53,98291;100
100;3;15;53,98291;100
100;2;2;54,31622;100
100;3;15;54,31622;100
100;2;2;54,31622;100
100;3;15;54,31622;100
100;3;15;54,31622;100
100;3;15;54,31622;100
100;2;2;54,31622;100
100;3;15;54,31622;100
100;2;2;54,31622;100
100;3;15;54,64954;100
100;2;2;54,64954;100
100;3;15;54,64954;100
100;3;15;54,64954;100
100;3;15;54,64954;100
100;2;2;54,64954;100
100;2;2;54,64954;100
100;3;15;54,64954;100
100;3;15;54,64954;100
100;3;15;54,98285;100
100;3;15;54,98285;100
100;3;15;54,98285;100
100;3;15;54,98285;100
100;3;15;54,98285;100
100;3;15;54,98285;100
100;3;15;54,98285;100
100;2;2;54,98285;100
100;2;2;54,98285;100
100;3;15;55,31616;100
100;2;2;55,31616;100
100;3;15;55,31616;100
100;2;2;55,31616;100
100;3;15;55,31616;100
100;2;2;55,31616;100
100;2;2;55,64948;100
100;3;15;55,64948;100
100;2;2;55,64948;100
100;3;15;55,64948;100
100;2;2;55,64948;100
100;3;15;55,64948;100
100;3;15;55,64948;100
100;3;15;55,64948;100
100;3;15;55,64948;100
100;2;2;55,98279;100
100;2;2;55,98279;100
100;2;2;55,98279;100
100;2;2;55,98279;100
100;3;15;55,98279;100
100;2;2;55,98279;100
100;2;2;55,98279;100
100;2;2;55,98279;100
100;2;2;55,98279;100
100;3;15;56,3161;100
100;3;15;56,3161;100
100;2;2;56,3161;100
100;3;15;56,3161;100
100;2;2;56,3161;100
100;2;2;56,3161;100
100;3;15;56,3161;100
100;2;2;56,3161;100
100;3;15;56,3161;100
100;2;2;56,3161;100
100;2;2;56,64941;100
100;3;15;56,64941;100
100;3;15;56,64941;100
100;2;2;56,64941;100
100;3;15;56,64941;100
100;2;2;56,64941;100
100;3;15;56,64941;100
100;3;15;56,64941;100
100;2;2;56,98273;100
100;3;15;56,98273;100
100;2;2;56,98273;100
100;3;15;56,98273;100
100;2;2;56,98273;100
100;3;15;56,98273;100
100;2;2;56,98273;100
100;2;2;56,98273;100
100;2;2;56,98273;100
100;3;15;57,31604;100
100;3;15;57,31604;100
100;2;2;57,31604;100
100;2;2;57,31604;100
100;3;15;57,31604;100
100;2;2;57,31604;100
100;2;2;57,31604;100
100;3;15;57,31604;100
100;3;15;57,31604;100
100;2;2;57,31604;100
100;3;15;57,31604;100
100;2;2;57,64935;100
100;2;2;57,64935;100
100;2;2;57,64935;100
100;2;2;57,64935;100
100;3;15;57,64935;100
100;3;15;57,64935;100
100;3;15;57,64935;100
100;3;15;57,64935;100
100;3;15;57,64935;100
100;3;15;57,64935;100
100;2;2;57,98267;100
100;2;2;57,98267;100
100;3;15;57,98267;100
100;3;15;57,98267;100
100;3;15;57,98267;100
100;3;15;57,98267;100
100;2;2;57,98267;100
100;3;15;57,98267;100
100;3;15;57,98267;100
100;3;15;57,98267;100
100;2;2;58,31598;100
100;2;2;58,31598;100
100;3;15;58,31598;100
100;2;2;58,31598;100
100;2;2;58,31598;100
100;3;15;58,31598;100
100;2;2;58,31598;100
100;3;15;58,31598;100
100;3;15;58,31598;100
100;3;15;58,31598;100
100;2;2;58,31598;100
100;3;15;58,31598;100
100;3;15;58,64929;100
100;3;15;58,64929;100
100;2;2;58,64929;100
100;2;2;58,64929;100
100;3;15;58,64929;100
100;3;15;58,64929;100
100;2;2;58,64929;100
100;3;15;58,64929;100
100;2;2;58,64929;100
100;3;15;58,64929;100
100;3;15;58,9826;100
100;3;15;58,9826;100
100;2;2;58,9826;100
100;3;15;58,9826;100
100;3;15;58,9826;100
100;3;15;58,9826;100
100;3;15;58,9826;100
100;3;15;58,9826;100
100;3;15;58,9826;100
100;3;15;58,9826;100
100;2;2;58,9826;100
100;2;2;59,31592;100
100;2;2;59,31592;100
100;3;15;59,31592;100
100;3;15;59,31592;100
100;3;15;59,31592;100
100;3;15;59,31592;100
100;3;15;59,31592;100
100;2;2;59,31592;100
100;3;15;59,31592;100
100;3;15;59,31592;100
100;3;15;59,31592;100
100;2;2;59,31592;100
100;3;15;59,31592;100
100;3;15;59,31592;100
100;2;2;59,31592;100
100;2;2;59,64923;100
100;3;15;59,64923;100
100;2;2;59,64923;100
100;3;15;59,64923;100
100;2;2;59,64923;100
100;3;15;59,64923;100
100;2;2;59,64923;100
100;3;15;59,64923;100
100;2;2;59,64923;100
100;3;15;59,64923;100
100;2;2;59,98254;100
100;3;15;59,98254;100
100;2;2;59,98254;100
100;3;15;59,98254;100
100;3;15;59,98254;100
100;3;15;59,98254;100
100;2;2;59,98254;100
100;3;15;0,3158569;100
100;3;15;0,3158569;100
100;3;15;0,3158569;100
100;2;2;0,3158569;100
100;3;15;0,3158569;100
100;3;15;0,3158569;100
100;3;15;0,3158569;100
100;3;15;0,3158569;100
100;2;2;0,3158569;100
100;3;15;0,3158569;100
100;3;15;0,3158569;100
100;3;15;0,6491699;100
100;3;15;0,6491699;100
100;3;15;0,6491699;100
100;3;15;0,9824829;100
100;3;15;0,9824829;100
100;3;15;0,9824829;100
100;3;15;0,9824829;100
100;3;15;0,9824829;100
100;3;15;0,9824829;100
100;3;15;0,9824829;100
100;3;15;0,9824829;100
100;3;15;1,315796;100
100;2;2;1,315796;100
100;3;15;1,315796;100
100;2;2;1,315796;100
100;2;2;1,315796;100
100;2;2;1,315796;100
100;2;2;1,315796;100
100;3;15;1,649109;100
100;2;2;1,649109;100
100;3;15;1,649109;100
100;2;2;1,649109;100
100;2;2;1,649109;100
100;2;2;1,649109;100
100;2;2;1,649109;100
100;2;2;1,649109;100
100;3;15;1,649109;100
100;2;2;1,649109;100
100;3;15;1,649109;100
100;3;15;1,649109;100
100;3;15;1,982422;100
100;2;2;1,982422;100
100;3;15;1,982422;100
100;2;2;1,982422;100
100;2;2;1,982422;100
100;3;15;1,982422;100
100;3;15;1,982422;100
100;2;2;2,315735;100
100;3;15;2,315735;100
100;2;2;2,315735;100
100;2;2;2,315735;100
100;3;15;2,315735;100
100;3;15;2,315735;100
100;2;2;2,315735;100
100;2;2;2,315735;100
100;2;2;2,315735;100
100;3;15;2,315735;100
100;2;2;2,649048;100
100;3;15;2,649048;100
100;2;2;2,649048;100
100;2;2;2,649048;100
100;3;15;2,649048;100
100;3;15;2,649048;100
100;3;15;2,649048;100
100;2;2;2,649048;100
100;2;2;2,982361;100
100;3;15;2,982361;100
100;2;2;2,982361;100
100;3;15;2,982361;100
100;2;2;2,982361;100
100;2;2;2,982361;100
100;3;15;2,982361;100
100;2;2;3,315674;100
100;2;2;3,315674;100
100;3;15;3,315674;100
100;3;15;3,315674;100
100;3;15;3,315674;100
100;2;2;3,315674;100
100;3;15;3,315674;100
100;3;15;3,315674;100
100;3;15;3,315674;100
100;3;15;3,315674;100
100;3;15;3,315674;100
100;2;2;3,648987;100
100;2;2;3,648987;100
100;3;15;3,648987;100
100;3;15;3,648987;100
100;2;2;3,648987;100
100;2;2;3,648987;100
100;3;15;3,648987;100
100;2;2;3,648987;100
100;2;2;3,9823;100
100;2;2;3,9823;100
100;2;2;3,9823;100
100;3;15;3,9823;100
100;3;15;3,9823;100
100;2;2;3,9823;100
100;2;2;3,9823;100
100;3;15;4,315613;100
100;2;2;4,315613;100
100;2;2;4,315613;100
100;2;2;4,315613;100
100;3;15;4,315613;100
100;3;15;4,315613;100
100;2;2;4,315613;100
100;3;15;4,315613;100
100;3;15;4,315613;100
100;3;15;4,315613;100
100;2;2;4,315613;100
100;2;2;4,648926;100
100;2;2;4,648926;100
100;3;15;4,648926;85
100;2;2;4,648926;85
100;3;15;4,648926;70
100;3;15;4,648926;55
100;3;15;4,648926;40
100;2;2;4,648926;40
100;3;15;4,648926;25
100;2;2;4,648926;25
100;2;2;4,982239;25
100;2;2;4,982239;25
100;3;15;4,982239;10
100;2;2;4,982239;10
100;3;15;4,982239;-5
Player