100;2;2;44,53271;100
100;2;2;44,53271;100
100;2;2;44,53271;100
100;3;15;44,53271;100
100;2;2;44,53271;100
100;3;15;44,53271;100
100;3;15;44,53271;100
100;3;15;44,53271;100
100;3;15;44,53271;100
100;3;15;44,86621;100
100;2;2;44,86621;100
100;2;2;44,86621;100
100;3;15;44,86621;100
100;3;15;44,86621;100
100;3;15;44,86621;100
100;3;15;44,86621;100
100;2;2;44,86621;100
100;2;2;44,86621;100
100;3;15;44,86621;100
100;2;2;44,86621;100
100;3;15;44,86621;100
100;3;15;45,19971;100
100;3;15;45,19971;100
100;2;2;45,19971;100
100;3;15;45,19971;100
100;3;15;45,19971;100
100;2;2;45,19971;100
100;3;15;45,19971;100
100;3;15;45,19971;100
100;2;2;45,19971;100
100;2;2;45,19971;100
100;2;2;45,19971;100
100;3;15;45,5332;100
100;3;15;45,5332;100
100;3;15;45,5332;100
100;3;15;45,5332;100
100;3;15;45,5332;100
100;3;15;45,5332;100
100;3;15;45,5332;100
100;2;2;45,5332;100
100;3;15;45,8667;100
100;3;15;45,8667;100
100;3;15;45,8667;100
100;3;15;45,8667;100
100;2;2;45,8667;100
100;3;15;45,8667;100
100;2;2;45,8667;100
100;3;15;45,8667;100
100;3;15;45,8667;100
100;3;15;45,8667;100
100;3;15;45,8667;100
100;3;15;45,8667;100
100;3;15;45,8667;100
100;3;15;46,2002;100
100;2;2;46,2002;100
100;3;15;46,2002;100
100;3;15;46,2002;100
100;2;2;46,2002;100
100;2;2;46,2002;100
100;2;2;46,2002;100
100;3;15;46,2002;100
100;3;15;46,2002;100
100;3;15;46,2002;100
100;2;2;46,2002;100
100;3;15;46,53369;100
100;3;15;46,53369;100
100;3;15;46,53369;100
100;3;15;46,53369;100
100;3;15;46,53369;100
100;3;15;46,53369;100
100;3;15;46,53369;100
100;3;15;46,53369;100
100;3;15;46,86719;100
100;3;15;46,86719;100
100;3;15;46,86719;100
100;2;2;46,86719;100
100;3;15;46,86719;100
100;3;15;46,86719;100
100;3;15;46,86719;100
100;2;2;46,86719;100
100;3;15;46,86719;100
100;2;2;46,86719;100
100;2;2;46,86719;100
100;3;15;47,20068;100
100;3;15;47,20068;100
100;2;2;47,20068;100
100;3;15;47,20068;100
100;3;15;47,20068;100
100;2;2;47,53418;100
100;2;2;47,53418;100
100;3;15;47,53418;100
100;2;2;47,53418;100
100;2;2;47,53418;100
100;3;15;47,53418;100
100;3;15;47,53418;100
100;3;15;47,53418;100
100;2;2;47,53418;100
100;3;15;47,53418;100
100;3;15;47,53418;100
100;2;2;47,86768;100
100;2;2;47,86768;100
100;2;2;47,86768;100
100;3;15;47,86768;100
100;3;15;47,86768;100
100;3;15;48,20117;100
100;3;15;48,20117;100
100;3;15;48,20117;100
100;2;2;48,20117;100
100;3;15;48,20117;100
100;3;15;48,20117;100
100;3;15;48,20117;100
100;2;2;48,20117;100
100;3;15;48,20117;100
100;2;2;48,20117;100
100;2;2;48,53467;100
100;3;15;48,53467;100
100;3;15;48,53467;100
100;2;2;48,53467;100
100;3;15;48,53467;100
100;2;2;48,53467;100
100;2;2;48,53467;100
100;3;15;48,53467;100
100;3;15;48,53467;100
100;3;15;48,53467;100
100;2;2;48,53467;100
100;3;15;48,86816;100
100;3;15;48,86816;100
100;3;15;48,86816;100
100;3;15;48,86816;100
100;2;2;48,86816;100
100;3;15;48,86816;100
100;3;15;48,86816;100
100;3;15;48,86816;100
100;3;15;48,86816;100
100;3;15;48,86816;100
100;2;2;48,86816;100
100;3;15;48,86816;100
100;2;2;49,20166;100
100;3;15;49,20166;100
100;3;15;49,20166;100
100;3;15;49,20166;100
100;3;15;49,20166;100
100;3;15;49,20166;100
100;3;15;49,20166;100
100;2;2;49,20166;100
100;2;2;49,20166;100
100;3;15;49,53516;100
100;2;2;49,53516;100
100;3;15;49,53516;100
100;3;15;49,53516;100
100;3;15;49,53516;100
100;3;15;49,53516;100
100;2;2;49,53516;100
100;2;2;49,53516;100
100;3;15;49,53516;100
100;3;15;49,53516;100
100;2;2;49,86865;100
100;3;15;49,86865;100
100;3;15;49,86865;100
100;2;2;49,86865;100
100;3;15;49,86865;100
100;3;15;49,86865;100
100;3;15;49,86865;100
100;2;2;49,86865;100
100;3;15;49,86865;100
100;3;15;50,20215;100
100;3;15;50,20215;100
100;2;2;50,20215;100
100;3;15;50,20215;100
100;3;15;50,20215;100
100;3;15;50,20215;100
100;3;15;50,20215;100
100;2;2;50,53564;100
100;2;2;50,53564;100
100;3;15;50,53564;100
100;2;2;50,53564;100
100;3;15;50,53564;100
100;3;15;50,53564;100
100;2;2;50,53564;100
100;2;2;50,53564;100
100;3;15;50,53564;100
100;2;2;50,53564;100
100;3;15;50,86914;100
100;3;15;50,86914;100
100;3;15;50,86914;100
100;2;2;50,86914;100
100;3;15;50,86914;100
100;3;15;50,86914;100
100;3;15;50,86914;100
100;3;15;50,86914;100
100;2;2;50,86914;100
100;2;2;50,86914;100
100;3;15;50,86914;100
100;3;15;50,86914;100
100;3;15;51,20264;100
100;2;2;51,20264;100
100;2;2;51,20264;100
100;3;15;51,20264;100
100;3;15;51,20264;100
100;3;15;51,20264;100
100;2;2;51,20264;100
100;2;2;51,20264;100
100;3;15;51,20264;100
100;3;15;51,20264;100
100;3;15;51,53613;100
100;3;15;51,53613;100
100;3;15;51,53613;100
100;3;15;51,53613;100
100;3;15;51,53613;100
100;3;15;51,53613;100
100;3;15;51,53613;100
100;3;15;51,53613;100
100;2;2;51,86963;100
100;2;2;51,86963;100
100;3;15;51,86963;100
100;3;15;51,86963;100
100;3;15;51,86963;100
100;3;15;51,86963;100
100;2;2;51,86963;100
100;3;15;51,86963;100
100;3;15;51,86963;100
100;3;15;51,86963;100
100;3;15;51,86963;100
100;3;15;51,86963;100
100;2;2;52,20313;100
100;3;15;52,20313;100
100;3;15;52,20313;100
100;2;2;52,20313;100
100;3;15;52,20313;100
100;2;2;52,20313;100
100;3;15;52,20313;100
100;2;2;52,20313;100
100;3;15;52,53662;100
100;3;15;52,53662;100
100;3;15;52,53662;100
100;3;15;52,53662;100
100;3;15;52,53662;100
100;3;15;52,53662;100
100;3;15;52,53662;100
100;3;15;52,53662;100
100;3;15;52,53662;100
100;3;15;52,53662;100
100;3;15;52,53662;100
100;3;15;52,87012;100
100;3;15;52,87012;100
100;3;15;52,87012;100
100;2;2;52,87012;100
100;3;15;52,87012;100
100;2;2;52,87012;100
100;3;15;52,87012;100
100;2;2;52,87012;100
100;3;15;53,20361;100
100;3;15;53,20361;100
100;3;15;53,20361;100
100;2;2;53,20361;100
100;3;15;53,20361;100
100;3;15;53,20361;100
100;2;2;53,20361;100
100;2;2;53,20361;100
100;3;15;53,20361;100
100;3;15;53,20361;100
100;3;15;53,53711;100
100;2;2;53,53711;100
100;3;15;53,53711;100
100;2;2;53,53711;100
100;3;15;53,53711;100
100;3;15;53,53711;100
100;2;2;53,53711;100
100;3;15;53,53711;100
100;3;15;53,87061;100
100;3;15;53,87061;100
100;3;15;53,87061;100
100;3;15;53,87061;100
100;3;15;53,87061;100
100;3;15;53,87061;100
100;2;2;53,87061;100
100;3;15;53,87061;100
100;3;15;53,87061;100
100;2;2;53,87061;100
100;2;2;54,2041;100
100;3;15;54,2041;100
100;3;15;54,2041;100
100;3;15;54,2041;100
100;2;2;54,2041;100
100;3;15;54,2041;100
100;3;15;54,2041;100
100;3;15;54,2041;100
100;2;2;54,5376;100
100;3;15;54,5376;100
100;3;15;54,5376;100
100;3;15;54,5376;100
100;3;15;54,5376;100
100;3;15;54,5376;100
100;3;15;54,5376;100
100;3;15;54,5376;100
100;3;15;54,5376;100
100;3;15;54,5376;100
100;3;15;54,87109;100
100;3;15;54,87109;100
100;3;15;54,87109;100
100;3;15;54,87109;100
100;3;15;54,87109;100
100;3;15;54,87109;100
100;2;2;54,87109;100
100;2;2;54,87109;100
100;3;15;54,87109;100
100;2;2;54,87109;100
100;2;2;54,87109;100
100;2;2;54,87109;100
100;3;15;55,20459;100
100;3;15;55,20459;100
100;3;15;55,20459;100
100;3;15;55,20459;100
100;3;15;55,20459;100
100;2;2;55,20459;100
100;3;15;55,20459;100
100;2;2;55,20459;100
100;3;15;55,20459;100
100;2;2;55,20459;100
100;3;15;55,20459;100
100;3;15;55,20459;100
100;3;15;55,53809;100
100;2;2;55,53809;100
100;2;2;55,53809;100
100;3;15;55,53809;100
100;3;15;55,53809;100
100;3;15;55,53809;100
100;3;15;55,53809;100
100;3;15;55,53809;100
100;2;2;55,53809;100
100;2;2;55,53809;100
100;2;2;55,53809;100
100;3;15;55,53809;100
100;3;15;55,87158;100
100;3;15;55,87158;100
100;3;15;55,87158;100
100;3;15;55,87158;100
100;3;15;55,87158;100
100;3;15;55,87158;100
100;2;2;55,87158;100
100;2;2;55,87158;100
100;2;2;55,87158;100
100;2;2;55,87158;100
100;3;15;55,87158;100
100;3;15;55,87158;100
100;3;15;56,20508;100
100;3;15;56,20508;100
100;3;15;56,20508;100
100;3;15;56,20508;100
100;3;15;56,20508;100
100;2;2;56,20508;100
100;3;15;56,20508;100
100;3;15;56,20508;100
100;2;2;56,53857;100
100;3;15;56,53857;100
100;3;15;56,53857;100
100;3;15;56,53857;100
100;3;15;56,53857;100
100;2;2;56,53857;100
100;3;15;56,53857;100
100;3;15;56,53857;100
100;3;15;56,87207;100
100;2;2;56,87207;100
100;3;15;56,87207;100
100;3;15;56,87207;100
100;2;2;56,87207;100
100;3;15;56,87207;100
100;3;15;56,87207;100
100;3;15;56,87207;100
100;3;15;56,87207;100
100;2;2;57,20557;100
100;3;15;57,20557;100
100;3;15;57,20557;100
100;2;2;57,20557;100
100;3;15;57,20557;100
100;3;15;57,20557;100
100;3;15;57,20557;100
100;2;2;57,20557;100
100;3;15;57,20557;100
100;3;15;57,53906;100
100;3;15;57,53906;100
100;3;15;57,53906;100
100;3;15;57,53906;100
100;2;2;57,53906;100
100;2;2;57,53906;100
100;3;15;57,53906;100
100;3;15;57,53906;100
100;3;15;57,53906;100
100;3;15;57,53906;100
100;2;2;57,53906;100
100;2;2;57,87256;100
100;3;15;57,87256;100
100;2;2;57,87256;100
100;3;15;57,87256;100
100;3;15;57,87256;100
100;3;15;57,87256;100
100;3;15;57,87256;100
100;3;15;57,87256;100
100;3;15;57,87256;100
100;2;2;57,87256;100
100;2;2;57,87256;100
100;3;15;57,87256;100
100;3;15;58,20605;100
100;3;15;58,20605;100
100;2;2;58,20605;100
100;3;15;58,20605;100
100;2;2;58,20605;100
100;3;15;58,20605;100
100;3;15;58,20605;100
100;3;15;58,20605;100
100;2;2;58,53955;100
100;3;15;58,53955;100
100;3;15;58,53955;100
100;3;15;58,53955;100
100;2;2;58,53955;100
100;3;15;58,53955;100
100;3;15;58,87305;100
100;3;15;58,87305;100
100;2;2;58,87305;100
100;2;2;58,87305;100
100;2;2;58,87305;100
100;3;15;58,87305;100
100;3;15;58,87305;100
100;2;2;58,87305;100
100;2;2;59,20654;100
100;2;2;59,20654;100
100;2;2;59,20654;100
100;3;15;59,20654;100
100;2;2;59,20654;100
100;3;15;59,20654;100
100;3;15;59,20654;100
100;3;15;59,20654;100
100;3;15;59,20654;100
100;3;15;59,20654;100
100;3;15;59,20654;100
100;3;15;59,20654;100
100;2;2;59,20654;100
100;3;15;59,54004;100
100;3;15;59,54004;100
100;2;2;59,54004;100
100;3;15;59,54004;100
100;2;2;59,54004;100
100;2;2;59,54004;100
100;3;15;59,54004;100
100;2;2;59,54004;100
100;3;15;59,54004;100
100;3;15;59,87354;100
100;2;2;59,87354;100
100;3;15;59,87354;100
100;3;15;59,87354;100
100;3;15;59,87354;100
100;2;2;59,87354;100
100;2;2;59,87354;100
100;3;15;59,87354;100
100;2;2;59,87354;100
100;2;2;59,87354;100
100;3;15;59,87354;100
100;3;15;59,87354;100
100;3;15;59,87354;100
100;2;2;59,87354;100
100;3;15;0,2070313;100
100;3;15;0,2070313;100
100;2;2;0,2070313;100
100;3;15;0,2070313;100
100;2;2;0,2070313;100
100;3;15;0,2070313;100
100;3;15;0,2070313;100
100;3;15;0,2070313;100
100;3;15;0,2070313;100
100;3;15;0,2070313;100
100;3;15;0,2070313;100
100;3;15;0,5405273;100
100;3;15;0,5405273;100
100;3;15;0,5405273;100
100;3;15;0,5405273;100
100;3;15;0,5405273;100
100;3;15;0,5405273;100
100;3;15;0,5405273;100
100;2;2;0,5405273;100
100;3;15;0,5405273;100
100;3;15;0,5405273;100
100;2;2;0,5405273;100
100;2;2;0,5405273;100
100;3;15;0,8740234;100
100;3;15;0,8740234;100
100;3;15;0,8740234;100
100;2;2;0,8740234;100
100;2;2;0,8740234;100
100;3;15;0,8740234;100
100;3;15;0,8740234;100
100;2;2;0,8740234;100
100;2;2;0,8740234;100
100;2;2;0,8740234;100
100;3;15;0,8740234;100
100;3;15;0,8740234;100
100;3;15;0,8740234;100
100;3;15;1,20752;100
100;2;2;1,20752;100
100;3;15;1,20752;100
100;2;2;1,20752;100
100;3;15;1,20752;100
100;3;15;1,20752;100
100;3;15;1,20752;100
100;3;15;1,20752;100
100;3;15;1,20752;100
100;3;15;1,20752;100
100;3;15;1,20752;100
100;3;15;1,541016;100
100;2;2;1,541016;100
100;3;15;1,541016;100
100;3;15;1,541016;100
100;3;15;1,541016;100
100;3;15;1,541016;100
100;3;15;1,541016;100
100;3;15;1,541016;100
100;2;2;1,541016;100
100;2;2;1,541016;100
100;3;15;1,541016;100
100;3;15;1,874512;100
100;2;2;1,874512;100
100;2;2;1,874512;100
100;2;2;1,874512;100
100;3;15;1,874512;100
100;3;15;1,874512;100
100;2;2;1,874512;100
100;2;2;1,874512;100
100;3;15;1,874512;100
100;3;15;1,874512;100
100;3;15;1,874512;100
100;3;15;1,874512;100
100;2;2;2,208008;100
100;2;2;2,208008;100
100;2;2;2,208008;100
100;3;15;2,208008;100
100;3;15;2,208008;100
100;3;15;2,208008;100
100;3;15;2,208008;100
100;2;2;2,208008;100
100;3;15;2,208008;100
100;2;2;2,541504;100
100;3;15;2,541504;100
100;2;2;2,541504;100
100;2;2;2,541504;100
100;3;15;2,541504;100
100;3;15;2,541504;100
100;3;15;2,541504;100
100;3;15;2,541504;100
100;3;15;2,541504;100
100;2;2;2,541504;100
100;3;15;2,541504;100
100;3;15;2,541504;100
100;2;2;2,541504;100
100;3;15;2,875;100
100;2;2;2,875;100
100;3;15;2,875;100
100;3;15;2,875;100
100;2;2;2,875;100
100;3;15;2,875;100
100;3;15;2,875;100
100;2;2;3,208496;100
100;2;2;3,208496;100
100;3;15;3,208496;100
100;3;15;3,208496;100
100;3;15;3,208496;100
100;3;15;3,208496;100
100;3;15;3,208496;100
100;3;15;3,208496;100
100;2;2;3,541992;100
100;2;2;3,541992;100
100;2;2;3,541992;100
100;3;15;3,541992;100
100;2;2;3,541992;100
100;3;15;3,541992;100
100;2;2;3,541992;100
100;3;15;3,541992;100
100;3;15;3,541992;100
100;2;2;3,541992;100
100;2;2;3,875488;100
100;3;15;3,875488;100
100;3;15;3,875488;100
100;2;2;3,875488;100
100;3;15;3,875488;100
100;3;15;3,875488;100
100;3;15;3,875488;100
100;3;15;3,875488;100
100;3;15;3,875488;100
100;3;15;3,875488;100
100;3;15;3,875488;100
100;2;2;3,875488;100
100;3;15;3,875488;100
100;3;15;4,208984;100
100;2;2;4,208984;100
100;3;15;4,208984;100
100;3;15;4,208984;100
100;3;15;4,208984;100
100;3;15;4,208984;100
100;3;15;4,208984;100
100;3;15;4,208984;100
100;3;15;4,208984;100
100;3;15;4,54248;100
100;2;2;4,54248;100
100;2;2;4,54248;100
100;2;2;4,54248;100
100;3;15;4,54248;100
100;2;2;4,54248;100
100;2;2;4,54248;100
100;3;15;4,54248;100
100;3;15;4,54248;100
100;3;15;4,875977;100
100;3;15;4,875977;100
100;3;15;4,875977;100
100;2;2;4,875977;100
100;2;2;4,875977;100
100;3;15;4,875977;100
100;3;15;4,875977;100
100;3;15;4,875977;100
100;2;2;4,875977;100
100;3;15;4,875977;100
100;3;15;4,875977;100
100;2;2;5,209473;100
100;3;15;5,209473;100
100;3;15;5,209473;100
100;3;15;5,209473;100
100;3;15;5,209473;100
100;3;15;5,209473;100
100;3;15;5,209473;100
100;3;15;5,209473;100
100;3;15;5,209473;100
100;3;15;5,209473;100
100;2;2;5,542969;100
100;2;2;5,542969;100
100;3;15;5,542969;100
100;2;2;5,542969;100
100;3;15;5,542969;100
100;3;15;5,542969;100
100;2;2;5,542969;100
100;3;15;5,542969;100
100;3;15;5,542969;100
100;2;2;5,542969;100
100;3;15;5,542969;100
100;3;15;5,542969;100
100;3;15;5,542969;100
100;3;15;5,876465;100
100;3;15;5,876465;100
100;3;15;5,876465;100
100;2;2;5,876465;100
100;3;15;5,876465;100
100;3;15;5,876465;100
100;3;15;5,876465;100
100;2;2;5,876465;100
100;2;2;6,209961;100
100;2;2;6,209961;100
100;3;15;6,209961;100
100;3;15;6,209961;100
100;3;15;6,209961;100
100;3;15;6,209961;100
100;3;15;6,209961;100
100;3;15;6,543457;100
100;3;15;6,543457;100
100;2;2;6,543457;100
100;2;2;6,543457;100
100;3;15;6,543457;100
100;2;2;6,543457;100
100;3;15;6,543457;100
100;3;15;6,543457;100
100;3;15;6,543457;100
100;3;15;6,543457;100
100;3;15;6,876953;100
100;2;2;6,876953;100
100;2;2;6,876953;100
100;3;15;6,876953;100
100;2;2;6,876953;100
100;3;15;6,876953;100
100;3;15;6,876953;100
100;3;15;6,876953;100
100;2;2;6,876953;100
100;3;15;7,210449;100
100;3;15;7,210449;100
100;2;2;7,210449;100
100;2;2;7,210449;100
100;3;15;7,210449;100
100;3;15;7,210449;100
100;2;2;7,210449;100
100;3;15;7,210449;100
100;2;2;7,543945;100
100;2;2;7,543945;100
100;2;2;7,543945;100
100;3;15;7,543945;100
100;3;15;7,543945;100
100;3;15;7,543945;100
100;3;15;7,543945;100
100;2;2;7,543945;100
100;2;2;7,543945;100
100;3;15;7,543945;100
100;3;15;7,877441;100
100;2;2;7,877441;100
100;3;15;7,877441;100
100;3;15;7,877441;100
100;3;15;7,877441;100
100;2;2;7,877441;100
100;3;15;7,877441;100
100;3;15;7,877441;100
100;3;15;7,877441;100
100;3;15;7,877441;100
100;2;2;7,877441;100
100;3;15;7,877441;100
100;2;2;8,210938;100
100;2;2;8,210938;100
100;3;15;8,210938;100
100;3;15;8,210938;100
100;2;2;8,210938;100
100;2;2;8,210938;100
100;2;2;8,210938;100
100;3;15;8,210938;100
100;3;15;8,210938;100
100;3;15;8,210938;100
100;3;15;8,544434;100
100;3;15;8,544434;100
100;2;2;8,544434;100
100;2;2;8,544434;100
100;3;15;8,544434;100
100;3;15;8,544434;100
100;3;15;8,544434;100
100;3;15;8,544434;100
100;3;15;8,544434;100
100;3;15;8,544434;100
100;3;15;8,544434;100
100;2;2;8,544434;100
100;2;2;8,87793;100
100;2;2;8,87793;100
100;3;15;8,87793;100
100;3;15;8,87793;100
100;2;2;8,87793;100
100;3;15;8,87793;100
100;3;15;8,87793;100
100;3;15;8,87793;100
100;2;2;8,87793;100
100;2;2;8,87793;100
100;3;15;8,87793;100
100;2;2;9,211426;100
100;3;15;9,211426;100
100;2;2;9,211426;100
100;2;2;9,211426;100
100;2;2;9,211426;100
100;2;2;9,211426;100
100;2;2;9,211426;100
100;3;15;9,211426;100
100;3;15;9,211426;100
100;3;15;9,211426;100
100;3;15;9,211426;100
100;3;15;9,211426;100
100;3;15;9,544922;100
100;3;15;9,544922;100
100;3;15;9,544922;100
100;3;15;9,544922;100
100;3;15;9,544922;100
100;3;15;9,544922;100
100;3;15;9,544922;100
100;2;2;9,544922;100
100;2;2;9,878418;100
100;3;15;9,878418;100
100;2;2;9,878418;100
100;2;2;9,878418;100
100;3;15;9,878418;100
100;3;15;9,878418;100
100;3;15;9,878418;100
100;3;15;9,878418;100
100;2;2;9,878418;100
100;3;15;9,878418;100
100;3;15;9,878418;100
100;2;2;9,878418;100
100;3;15;10,21191;100
100;3;15;10,21191;100
100;3;15;10,21191;100
100;3;15;10,21191;100
100;2;2;10,21191;100
100;2;2;10,21191;100
100;3;15;10,21191;100
100;2;2;10,21191;100
100;2;2;10,21191;100
100;2;2;10,21191;100
100;3;15;10,21191;100
100;3;15;10,54541;100
100;2;2;10,54541;100
100;2;2;10,54541;100
100;3;15;10,54541;100
100;3;15;10,54541;100
100;2;2;10,54541;100
100;3;15;10,54541;100
100;3;15;10,54541;100
100;3;15;10,87891;100
100;2;2;10,87891;100
100;3;15;10,87891;100
100;3;15;10,87891;100
100;3;15;10,87891;100
100;3;15;10,87891;100
100;3;15;10,87891;100
100;2;2;10,87891;100
100;3;15;10,87891;100
100;2;2;10,87891;100
100;2;2;10,87891;100
100;3;15;10,87891;100
100;3;15;10,87891;100
100;2;2;11,2124;100
100;3;15;11,2124;100
100;3;15;11,2124;100
100;2;2;11,2124;100
100;3;15;11,2124;100
100;3;15;11,2124;100
100;3;15;11,2124;100
100;3;15;11,2124;100
100;2;2;11,2124;100
100;3;15;11,2124;100
100;3;15;11,5459;100
100;3;15;11,5459;100
100;2;2;11,5459;100
100;3;15;11,5459;100
100;3;15;11,5459;100
100;2;2;11,5459;100
100;2;2;11,5459;100
100;3;15;11,5459;100
100;3;15;11,5459;100
100;2;2;11,87939;100
100;2;2;11,87939;100
100;3;15;11,87939;100
100;3;15;11,87939;100
100;3;15;11,87939;100
100;3;15;11,87939;100
100;2;2;11,87939;100
100;2;2;11,87939;100
100;3;15;11,87939;100
100;3;15;12,21289;100
100;3;15;12,21289;100
100;2;2;12,21289;100
100;3;15;12,21289;100
100;3;15;12,21289;100
100;2;2;12,21289;100
100;3;15;12,21289;100
100;3;15;12,21289;100
100;3;15;12,21289;100
100;2;2;12,21289;100
100;3;15;12,21289;100
100;2;2;12,54639;100
