100;2;2;2,834473;100
100;2;2;3,167969;100
100;3;15;3,167969;100
100;2;2;3,167969;100
100;2;2;3,167969;100
100;2;2;3,167969;100
100;3;15;3,167969;100
100;2;2;3,167969;100
100;2;2;3,167969;100
100;3;15;3,167969;100
100;2;2;3,501465;100
100;3;15;3,501465;100
100;3;15;3,501465;100
100;2;2;3,501465;100
100;3;15;3,501465;100
100;2;2;3,501465;100
100;3;15;3,834961;100
100;3;15;3,834961;100
100;2;2;3,834961;100
100;3;15;3,834961;100
100;3;15;3,834961;100
100;3;15;3,834961;100
100;2;2;3,834961;100
100;2;2;3,834961;100
100;2;2;4,168457;100
100;2;2;4,168457;100
100;3;15;4,168457;100
100;3;15;4,168457;100
100;3;15;4,168457;100
100;3;15;4,168457;100
100;3;15;4,168457;100
100;3;15;4,168457;100
100;3;15;4,168457;100
100;3;15;4,168457;100
100;2;2;4,168457;100
100;2;2;4,168457;100
100;3;15;4,501953;100
100;3;15;4,501953;100
100;2;2;4,501953;100
100;2;2;4,501953;100
100;3;15;4,501953;100
100;3;15;4,501953;100
100;3;15;4,501953;100
100;3;15;4,501953;100
100;3;15;4,501953;100
100;3;15;4,835449;100
100;3;15;4,835449;100
100;3;15;4,835449;100
100;2;2;4,835449;100
100;2;2;4,835449;100
100;2;2;4,835449;100
100;3;15;4,835449;100
100;2;2;5,168945;100
100;2;2;5,168945;100
100;3;15;5,168945;100
100;3;15;5,168945;100
100;2;2;5,168945;100
100;3;15;5,168945;100
100;3;15;5,168945;100
100;3;15;5,168945;100
100;3;15;5,168945;100
100;3;15;5,168945;100
100;3;15;5,168945;100
100;3;15;5,168945;100
100;3;15;5,502441;100
100;3;15;5,502441;100
100;3;15;5,502441;100
100;3;15;5,502441;100
100;3;15;5,502441;100
100;3;15;5,502441;100
100;2;2;5,502441;100
100;3;15;5,502441;100
100;3;15;5,502441;100
100;3;15;5,835938;100
100;3;15;5,835938;100
100;3;15;5,835938;100
100;2;2;5,835938;100
100;3;15;5,835938;100
100;2;2;5,835938;100
100;2;2;5,835938;100
100;2;2;5,835938;100
100;2;2;5,835938;100
100;2;2;5,835938;100
100;3;15;6,169434;100
100;2;2;6,169434;100
100;3;15;6,169434;100
100;3;15;6,169434;100
100;2;2;6,169434;100
100;2;2;6,169434;100
100;3;15;6,169434;100
100;2;2;6,169434;100
100;3;15;6,50293;100
100;2;2;6,50293;100
100;3;15;6,50293;100
100;3;15;6,50293;100
100;3;15;6,50293;100
100;3;15;6,50293;100
100;2;2;6,50293;100
100;2;2;6,50293;100
100;3;15;6,50293;100
100;3;15;6,50293;100
100;3;15;6,50293;100
100;3;15;6,50293;100
100;3;15;6,836426;100
100;3;15;6,836426;100
100;3;15;6,836426;100
100;3;15;6,836426;100
100;3;15;6,836426;100
100;3;15;6,836426;100
100;2;2;6,836426;100
100;2;2;6,836426;100
100;3;15;6,836426;100
100;3;15;6,836426;100
100;2;2;7,169922;100
100;2;2;7,169922;100
100;3;15;7,169922;100
100;2;2;7,169922;100
100;2;2;7,169922;100
100;3;15;7,169922;100
100;2;2;7,169922;100
100;2;2;7,169922;100
100;2;2;7,169922;100
100;3;15;7,169922;100
100;3;15;7,169922;100
100;3;15;7,169922;100
100;2;2;7,503418;100
100;2;2;7,503418;100
100;2;2;7,503418;100
100;3;15;7,503418;100
100;3;15;7,503418;100
100;3;15;7,503418;100
100;3;15;7,503418;100
100;2;2;7,503418;100
100;2;2;7,503418;100
100;2;2;7,836914;100
100;3;15;7,836914;100
100;3;15;7,836914;100
100;2;2;7,836914;100
100;2;2;7,836914;100
100;3;15;7,836914;100
100;3;15;7,836914;100
100;3;15;7,836914;100
100;2;2;7,836914;100
100;2;2;8,17041;100
100;3;15;8,17041;100
100;3;15;8,17041;100
100;3;15;8,17041;100
100;3;15;8,17041;100
100;3;15;8,17041;100
100;2;2;8,17041;100
100;3;15;8,17041;100
100;3;15;8,503906;100
100;2;2;8,503906;100
100;3;15;8,503906;100
100;3;15;8,503906;100
100;2;2;8,503906;100
100;3;15;8,503906;100
100;3;15;8,503906;100
100;3;15;8,503906;100
100;2;2;8,503906;100
100;3;15;8,503906;100
100;3;15;8,503906;100
100;3;15;8,837402;100
100;3;15;8,837402;100
100;3;15;8,837402;100
100;2;2;8,837402;100
100;3;15;8,837402;100
100;3;15;8,837402;100
100;3;15;8,837402;100
100;3;15;8,837402;100
100;2;2;8,837402;100
100;3;15;9,170898;100
100;3;15;9,170898;100
100;3;15;9,170898;100
100;3;15;9,170898;100
100;2;2;9,170898;100
100;2;2;9,170898;100
100;3;15;9,170898;100
100;3;15;9,170898;100
100;3;15;9,170898;100
100;2;2;9,170898;100
100;3;15;9,170898;100
100;3;15;9,170898;100
100;3;15;9,170898;100
100;3;15;9,170898;100
100;3;15;9,504395;100
100;3;15;9,504395;100
100;2;2;9,504395;100
100;3;15;9,504395;100
100;3;15;9,504395;100
100;2;2;9,504395;100
100;3;15;9,504395;100
100;3;15;9,504395;100
100;2;2;9,837891;100
100;2;2;9,837891;100
100;3;15;9,837891;100
100;3;15;9,837891;100
100;3;15;9,837891;100
100;3;15;9,837891;100
100;3;15;9,837891;100
100;3;15;9,837891;100
100;3;15;9,837891;100
100;2;2;9,837891;100
100;3;15;9,837891;100
100;3;15;9,837891;100
100;2;2;9,837891;100
100;2;2;9,837891;100
100;2;2;10,17139;100
100;3;15;10,17139;100
100;3;15;10,17139;100
100;2;2;10,17139;100
100;3;15;10,17139;100
100;2;2;10,17139;100
100;3;15;10,17139;100
100;2;2;10,17139;100
100;2;2;10,17139;100
100;3;15;10,17139;100
100;3;15;10,50488;100
100;2;2;10,50488;100
100;3;15;10,50488;100
100;3;15;10,50488;100
100;3;15;10,50488;100
100;3;15;10,50488;100
100;2;2;10,50488;100
100;3;15;10,50488;100
100;3;15;10,50488;100
100;3;15;10,83838;100
100;3;15;10,83838;100
100;3;15;10,83838;100
100;3;15;10,83838;100
100;2;2;10,83838;100
100;2;2;10,83838;100
100;2;2;10,83838;100
100;3;15;10,83838;100
100;3;15;10,83838;100
100;3;15;10,83838;100
100;2;2;10,83838;100
100;2;2;10,83838;100
100;3;15;11,17188;100
100;3;15;11,17188;100
100;2;2;11,17188;100
100;3;15;11,17188;100
100;2;2;11,17188;100
100;3;15;11,17188;100
100;2;2;11,17188;100
100;3;15;11,17188;100
100;3;15;11,17188;100
100;2;2;11,17188;100
100;3;15;11,50537;100
100;3;15;11,50537;100
100;3;15;11,50537;100
100;3;15;11,50537;100
100;2;2;11,50537;100
100;3;15;11,50537;100
100;2;2;11,50537;100
100;3;15;11,50537;100
100;3;15;11,50537;100
100;3;15;11,50537;100
100;2;2;11,50537;100
100;2;2;11,50537;100
100;3;15;11,50537;100
100;3;15;11,50537;100
100;2;2;11,50537;100
100;3;15;11,83887;100
100;3;15;11,83887;100
100;3;15;11,83887;100
100;3;15;11,83887;100
100;2;2;11,83887;100
100;2;2;11,83887;100
100;3;15;11,83887;100
100;3;15;11,83887;100
100;3;15;11,83887;100
100;2;2;11,83887;100
100;3;15;12,17236;100
100;3;15;12,17236;100
100;3;15;12,17236;100
100;3;15;12,17236;100
100;3;15;12,17236;100
100;3;15;12,17236;100
100;3;15;12,17236;100
100;2;2;12,17236;100
100;3;15;12,17236;100
100;2;2;12,17236;100
100;3;15;12,17236;100
100;2;2;12,17236;100
100;3;15;12,17236;100
100;3;15;12,50586;100
100;3;15;12,50586;100
100;3;15;12,50586;100
100;3;15;12,50586;100
100;2;2;12,50586;100
100;2;2;12,50586;100
100;2;2;12,50586;100
100;3;15;12,50586;100
100;2;2;12,50586;100
100;2;2;12,50586;100
100;3;15;12,50586;100
100;3;15;12,50586;100
100;3;15;12,83936;100
100;3;15;12,83936;100
100;2;2;12,83936;100
100;2;2;12,83936;100
100;3;15;12,83936;100
100;2;2;12,83936;100
100;2;2;12,83936;100
100;3;15;12,83936;100
100;2;2;13,17285;100
100;2;2;13,17285;100
100;2;2;13,17285;100
100;2;2;13,17285;100
100;3;15;13,17285;100
100;2;2;13,17285;100
100;3;15;13,17285;100
100;2;2;13,17285;100
100;3;15;13,17285;100
100;3;15;13,50635;100
100;3;15;13,50635;100
100;2;2;13,50635;100
100;3;15;13,50635;100
100;2;2;13,50635;100
100;3;15;13,50635;100
100;3;15;13,50635;100
100;2;2;13,50635;100
100;3;15;13,50635;100
100;3;15;13,83984;100
100;3;15;13,83984;100
100;3;15;13,83984;100
100;2;2;13,83984;100
100;2;2;13,83984;100
100;3;15;13,83984;100
100;2;2;13,83984;100
100;2;2;13,83984;100
100;2;2;13,83984;100
100;3;15;13,83984;100
100;2;2;13,83984;100
100;3;15;14,17334;100
100;3;15;14,17334;100
100;3;15;14,17334;100
100;3;15;14,17334;100
100;3;15;14,17334;100
100;2;2;14,17334;100
100;3;15;14,17334;100
100;2;2;14,17334;100
100;2;2;14,17334;100
100;3;15;14,17334;100
100;2;2;14,17334;100
100;2;2;14,50684;100
100;2;2;14,50684;100
100;3;15;14,50684;100
100;3;15;14,50684;100
100;3;15;14,50684;100
100;3;15;14,50684;100
100;3;15;14,50684;100
100;3;15;14,50684;100
100;2;2;14,50684;100
100;3;15;14,84033;100
100;3;15;14,84033;100
100;2;2;14,84033;100
100;3;15;14,84033;100
100;2;2;14,84033;100
100;2;2;14,84033;100
100;3;15;14,84033;100
100;3;15;14,84033;100
100;3;15;14,84033;100
100;3;15;14,84033;100
100;2;2;14,84033;100
100;2;2;14,84033;100
100;3;15;14,84033;100
100;3;15;15,17383;100
100;3;15;15,17383;100
100;3;15;15,17383;100
100;3;15;15,17383;100
100;3;15;15,17383;100
100;3;15;15,17383;100
100;3;15;15,50732;100
100;3;15;15,50732;100
100;3;15;15,50732;100
100;2;2;15,50732;100
100;2;2;15,50732;100
100;2;2;15,50732;100
100;3;15;15,50732;100
100;2;2;15,50732;100
100;3;15;15,50732;100
100;3;15;15,50732;100
100;3;15;15,50732;100
100;3;15;15,84082;100
100;3;15;15,84082;100
100;3;15;15,84082;100
100;2;2;15,84082;100
100;3;15;15,84082;100
100;3;15;15,84082;100
100;2;2;15,84082;100
100;3;15;15,84082;100
100;3;15;16,17432;100
100;3;15;16,17432;100
100;3;15;16,17432;100
100;3;15;16,17432;100
100;2;2;16,17432;100
100;3;15;16,17432;100
100;2;2;16,50781;100
100;3;15;16,50781;100
100;3;15;16,50781;100
100;3;15;16,50781;100
100;3;15;16,50781;100
100;3;15;16,50781;100
100;3;15;16,50781;100
100;3;15;16,50781;100
100;3;15;16,50781;100
100;2;2;16,50781;100
100;3;15;16,84131;100
100;2;2;16,84131;100
100;2;2;16,84131;100
100;3;15;16,84131;100
100;2;2;16,84131;100
100;3;15;16,84131;100
100;2;2;16,84131;100
100;3;15;16,84131;100
100;3;15;17,1748;100
100;3;15;17,1748;100
100;2;2;17,1748;100
100;3;15;17,1748;100
100;2;2;17,1748;100
100;3;15;17,1748;100
100;2;2;17,1748;100
100;3;15;17,1748;100
100;2;2;17,1748;100
100;3;15;17,1748;100
100;3;15;17,1748;100
100;3;15;17,1748;100
100;2;2;17,5083;100
100;3;15;17,5083;100
100;2;2;17,5083;100
100;3;15;17,5083;100
100;3;15;17,5083;100
100;3;15;17,5083;100
100;3;15;17,5083;100
100;3;15;17,5083;100
100;3;15;17,5083;100
100;3;15;17,5083;100
100;3;15;17,5083;100
100;2;2;17,8418;100
100;2;2;17,8418;100
100;2;2;17,8418;100
100;3;15;17,8418;100
100;2;2;17,8418;100
100;3;15;17,8418;100
100;3;15;17,8418;100
100;3;15;17,8418;100
100;3;15;17,8418;100
100;2;2;17,8418;100
100;2;2;18,17529;100
100;3;15;18,17529;100
100;2;2;18,17529;100
100;3;15;18,17529;100
100;2;2;18,17529;100
100;2;2;18,17529;100
100;3;15;18,17529;100
100;3;15;18,17529;100
100;3;15;18,17529;100
100;3;15;18,17529;100
100;3;15;18,17529;100
100;3;15;18,50879;100
100;3;15;18,50879;100
100;3;15;18,50879;100
100;2;2;18,50879;100
100;3;15;18,50879;100
100;2;2;18,50879;100
100;3;15;18,50879;100
100;3;15;18,50879;100
100;2;2;18,50879;100
100;2;2;18,50879;100
100;3;15;18,50879;100
100;3;15;18,50879;100
100;3;15;18,84229;100
100;3;15;18,84229;100
100;2;2;18,84229;100
100;2;2;18,84229;100
100;2;2;18,84229;100
100;3;15;18,84229;100
100;2;2;18,84229;100
100;3;15;18,84229;100
100;2;2;18,84229;100
100;3;15;18,84229;100
100;3;15;18,84229;100
100;3;15;18,84229;100
100;3;15;19,17578;100
100;3;15;19,17578;100
100;2;2;19,17578;100
100;2;2;19,17578;100
100;2;2;19,17578;100
100;3;15;19,17578;100
100;3;15;19,17578;100
100;3;15;19,17578;100
100;2;2;19,17578;100
100;3;15;19,17578;100
100;2;2;19,17578;100
100;3;15;19,17578;100
100;2;2;19,17578;100
100;3;15;19,50928;100
100;2;2;19,50928;100
100;2;2;19,50928;100
100;3;15;19,50928;100
100;3;15;19,50928;100
100;3;15;19,50928;100
100;3;15;19,50928;100
100;3;15;19,50928;100
100;2;2;19,50928;100
100;2;2;19,50928;100
100;2;2;19,84277;100
100;2;2;19,84277;100
100;3;15;19,84277;100
100;3;15;19,84277;100
100;3;15;19,84277;100
100;3;15;19,84277;100
100;3;15;19,84277;100
100;2;2;19,84277;100
100;2;2;19,84277;100
100;2;2;19,84277;100
100;3;15;20,17627;100
100;3;15;20,17627;100
100;3;15;20,17627;100
100;2;2;20,17627;100
100;2;2;20,17627;100
100;3;15;20,17627;100
100;3;15;20,17627;100
100;3;15;20,17627;100
100;3;15;20,17627;100
100;3;15;20,17627;100
100;3;15;20,50977;100
100;2;2;20,50977;100
100;3;15;20,50977;100
100;3;15;20,50977;100
100;3;15;20,50977;100
100;3;15;20,50977;100
100;3;15;20,50977;100
100;2;2;20,50977;100
100;3;15;20,50977;100
100;2;2;20,84326;100
100;3;15;20,84326;100
100;3;15;20,84326;100
100;3;15;20,84326;100
100;2;2;20,84326;100
100;3;15;20,84326;100
100;3;15;20,84326;100
100;3;15;20,84326;100
100;3;15;20,84326;100
100;3;15;21,17676;100
100;3;15;21,17676;100
100;3;15;21,17676;100
100;3;15;21,17676;100
100;2;2;21,17676;100
100;3;15;21,17676;100
100;2;2;21,17676;100
100;2;2;21,17676;100
100;2;2;21,17676;100
100;3;15;21,51025;100
100;3;15;21,51025;100
100;3;15;21,51025;100
100;3;15;21,51025;100
100;3;15;21,51025;100
100;2;2;21,51025;100
100;3;15;21,51025;100
100;2;2;21,51025;100
100;3;15;21,51025;100
100;2;2;21,84375;100
100;3;15;21,84375;100
100;3;15;21,84375;100
100;3;15;21,84375;100
100;3;15;21,84375;100
100;3;15;21,84375;100
100;2;2;22,17725;100
100;3;15;22,17725;100
100;3;15;22,17725;100
100;2;2;22,17725;100
100;2;2;22,17725;100
100;3;15;22,17725;100
100;3;15;22,17725;100
100;3;15;22,17725;100
100;3;15;22,17725;100
100;3;15;22,51074;100
100;3;15;22,51074;100
100;3;15;22,51074;100
100;3;15;22,51074;100
100;3;15;22,51074;100
100;3;15;22,51074;100
100;2;2;22,51074;100
100;3;15;22,51074;100
100;3;15;22,51074;100
100;3;15;22,51074;100
100;2;2;22,51074;100
100;3;15;22,51074;100
100;3;15;22,51074;100
100;3;15;22,84424;100
100;2;2;22,84424;100
100;3;15;22,84424;100
100;2;2;22,84424;100
100;2;2;22,84424;100
100;3;15;22,84424;100
100;3;15;22,84424;100
100;3;15;22,84424;100
100;3;15;22,84424;100
100;3;15;22,84424;100
100;3;15;23,17773;100
100;2;2;23,17773;100
100;3;15;23,17773;100
100;3;15;23,17773;100
100;3;15;23,17773;100
100;3;15;23,17773;100
100;3;15;23,17773;100
100;2;2;23,17773;100
100;3;15;23,51123;100
100;2;2;23,51123;100
100;2;2;23,51123;100
100;3;15;23,51123;100
100;2;2;23,51123;100
100;3;15;23,51123;100
100;2;2;23,51123;100
100;3;15;23,51123;100
100;3;15;23,84473;100
100;2;2;23,84473;100
100;3;15;23,84473;100
100;2;2;23,84473;100
100;3;15;23,84473;100
100;3;15;23,84473;100
100;3;15;23,84473;100
100;3;15;23,84473;100
100;3;15;24,17822;100
100;3;15;24,17822;100
100;3;15;24,17822;100
100;3;15;24,17822;100
100;2;2;24,17822;100
100;3;15;24,17822;100
100;2;2;24,17822;100
100;3;15;24,17822;100
100;3;15;24,17822;100
100;3;15;24,17822;100
100;3;15;24,17822;100
100;2;2;24,51172;100
100;2;2;24,51172;100
100;2;2;24,51172;100
100;2;2;24,51172;100
100;3;15;24,51172;100
100;3;15;24,51172;100
100;2;2;24,51172;100
100;2;2;24,51172;100
100;3;15;24,51172;100
100;3;15;24,51172;100
100;3;15;24,51172;100
100;3;15;24,51172;100
100;2;2;24,84521;100
100;3;15;24,84521;100
100;3;15;24,84521;100
100;2;2;24,84521;100
100;3;15;24,84521;100
100;2;2;24,84521;100
100;3;15;24,84521;100
100;3;15;24,84521;100
100;3;15;24,84521;100
100;2;2;25,17871;100
100;3;15;25,17871;100
100;3;15;25,17871;100
100;3;15;25,17871;100
100;2;2;25,17871;100
100;3;15;25,17871;100
100;3;15;25,17871;100
100;3;15;25,17871;100
100;3;15;25,51221;100
100;2;2;25,51221;100
100;3;15;25,51221;100
100;3;15;25,51221;100
100;3;15;25,51221;100
100;2;2;25,51221;100
100;3;15;25,51221;100
100;2;2;25,51221;100
100;3;15;25,8457;100
100;3;15;25,8457;100
100;2;2;25,8457;100
100;3;15;25,8457;100
100;3;15;25,8457;100
100;3;15;25,8457;100
100;2;2;25,8457;100
100;3;15;25,8457;100
100;2;2;26,1792;100
100;3;15;26,1792;100
100;3;15;26,1792;100
100;2;2;26,1792;100
100;3;15;26,1792;100
100;2;2;26,1792;100
100;3;15;26,1792;100
100;2;2;26,1792;100
100;2;2;26,5127;100
100;2;2;26,5127;100
100;2;2;26,5127;100
100;3;15;26,5127;100
100;2;2;26,5127;100
100;3;15;26,5127;100
100;3;15;26,5127;100
100;3;15;26,5127;100
100;2;2;26,5127;100
100;3;15;26,5127;100
100;3;15;26,5127;100
100;3;15;26,5127;100
100;3;15;26,5127;100
100;2;2;26,84619;100
100;2;2;26,84619;100
100;3;15;26,84619;100
100;2;2;26,84619;100
100;2;2;26,84619;100
100;2;2;26,84619;100
100;3;15;26,84619;100
100;2;2;26,84619;100
100;3;15;26,84619;100
100;3;15;26,84619;100
100;2;2;26,84619;100
100;3;15;26,84619;100
100;3;15;26,84619;100
100;3;15;27,17969;100
100;3;15;27,17969;100
100;2;2;27,17969;100
100;3;15;27,17969;100
100;2;2;27,17969;100
100;3;15;27,17969;100
100;2;2;27,17969;100
100;2;2;27,17969;100
100;3;15;27,17969;100
100;2;2;27,17969;100
100;3;15;27,51318;100
100;2;2;27,51318;100
100;3;15;27,51318;100
100;2;2;27,51318;100
100;2;2;27,51318;100
100;3;15;27,51318;100
100;2;2;27,51318;100
100;3;15;27,51318;100
100;3;15;27,51318;100
100;3;15;27,51318;100
100;2;2;27,51318;100
100;3;15;27,51318;100
100;3;15;27,51318;100
100;2;2;27,84668;100
100;2;2;27,84668;100
100;3;15;27,84668;100
100;3;15;27,84668;100
100;2;2;27,84668;100
100;2;2;27,84668;100
100;3;15;27,84668;100
100;3;15;27,84668;100
100;3;15;27,84668;100
100;3;15;27,84668;100
100;3;15;27,84668;100
100;3;15;28,18018;100
100;3;15;28,18018;100
100;3;15;28,18018;100
100;3;15;28,18018;100
100;2;2;28,18018;100
100;3;15;28,18018;100
100;3;15;28,18018;100
100;3;15;28,18018;100
100;3;15;28,18018;100
100;3;15;28,18018;100
100;3;15;28,18018;100
100;3;15;28,51367;100
100;3;15;28,51367;100
100;3;15;28,51367;100
100;3;15;28,51367;100
100;3;15;28,51367;100
100;3;15;28,51367;100
100;3;15;28,51367;100
100;3;15;28,84717;100
100;3;15;28,84717;100
100;2;2;28,84717;100
100;3;15;28,84717;100
100;3;15;28,84717;100
100;2;2;28,84717;100
100;2;2;28,84717;100
100;2;2;28,84717;100
100;2;2;28,84717;100
100;3;15;28,84717;100
100;3;15;28,84717;100
100;3;15;28,84717;100
100;2;2;29,18066;100
100;3;15;29,18066;100
100;3;15;29,18066;100
100;3;15;29,18066;100
100;2;2;29,18066;100
100;3;15;29,18066;100
100;3;15;29,18066;100
100;3;15;29,18066;100
100;3;15;29,18066;100
100;3;15;29,51416;100
100;2;2;29,51416;100
100;3;15;29,51416;100
100;2;2;29,51416;100
100;3;15;29,51416;100
100;3;15;29,51416;100
100;3;15;29,51416;100
100;3;15;29,51416;100
100;2;2;29,51416;100
100;3;15;29,51416;100
100;3;15;29,84766;100
100;3;15;29,84766;100
100;3;15;29,84766;100
100;3;15;29,84766;100
100;3;15;29,84766;100
100;3;15;29,84766;100
100;2;2;30,18115;100
100;3;15;30,18115;100
100;3;15;30,18115;100
100;2;2;30,18115;100
100;2;2;30,18115;100
100;2;2;30,18115;100
100;3;15;30,18115;100
100;3;15;30,18115;100
100;3;15;30,18115;100
100;3;15;30,18115;100
100;2;2;30,51465;100
100;3;15;30,51465;100
100;3;15;30,51465;100
100;3;15;30,51465;100
100;3;15;30,51465;100
100;3;15;30,51465;100
100;2;2;30,84814;100
100;3;15;30,84814;100
100;2;2;30,84814;100
100;3;15;30,84814;100
100;3;15;30,84814;100
100;2;2;30,84814;100
100;3;15;30,84814;100
