100;2;2;56,50391;100
100;3;15;56,50391;100
100;3;15;56,83691;100
100;3;15;56,83691;100
100;2;2;56,83691;100
100;2;2;56,83691;100
100;3;15;56,83691;100
100;3;15;56,83691;100
100;3;15;56,83691;100
100;3;15;56,83691;100
100;2;2;56,83691;100
100;3;15;56,83691;100
100;3;15;57,16992;100
100;2;2;57,16992;100
100;2;2;57,16992;100
100;3;15;57,16992;100
100;2;2;57,16992;100
100;3;15;57,16992;100
100;2;2;57,16992;100
100;3;15;57,16992;100
100;2;2;57,16992;100
100;3;15;57,50293;100
100;3;15;57,50293;100
100;3;15;57,50293;100
100;2;2;57,50293;100
100;3;15;57,50293;100
100;3;15;57,50293;100
100;2;2;57,50293;100
100;3;15;57,50293;100
100;2;2;57,50293;100
100;3;15;57,83594;100
100;3;15;57,83594;100
100;3;15;57,83594;100
100;3;15;57,83594;100
100;2;2;57,83594;100
100;3;15;57,83594;100
100;3;15;57,83594;100
100;3;15;57,83594;100
100;2;2;57,83594;100
100;3;15;58,16895;100
100;3;15;58,16895;100
100;3;15;58,16895;100
100;3;15;58,16895;100
100;3;15;58,16895;100
100;2;2;58,16895;100
100;3;15;58,16895;100
100;2;2;58,16895;100
100;3;15;58,16895;100
100;2;2;58,50195;100
100;3;15;58,50195;100
100;2;2;58,50195;100
100;3;15;58,50195;100
100;3;15;58,50195;100
100;2;2;58,50195;100
100;3;15;58,50195;100
100;3;15;58,50195;100
100;3;15;58,50195;100
100;3;15;58,50195;100
100;3;15;58,50195;100
100;3;15;58,50195;100
100;3;15;58,83496;100
100;2;2;58,83496;100
100;3;15;58,83496;100
100;3;15;58,83496;100
100;2;2;58,83496;100
100;3;15;58,83496;100
100;3;15;58,83496;100
100;3;15;59,16797;100
100;3;15;59,16797;100
100;3;15;59,16797;100
100;3;15;59,16797;100
100;3;15;59,16797;100
100;3;15;59,16797;100
100;2;2;59,16797;100
100;3;15;59,16797;100
100;3;15;59,50098;100
100;3;15;59,50098;100
100;3;15;59,50098;100
100;2;2;59,50098;100
100;3;15;59,50098;100
100;3;15;59,50098;100
100;2;2;59,50098;100
100;3;15;59,50098;100
100;2;2;59,50098;100
100;3;15;59,83398;100
100;2;2;59,83398;100
100;3;15;59,83398;100
100;3;15;59,83398;100
100;3;15;59,83398;100
100;2;2;59,83398;100
100;2;2;59,83398;100
100;3;15;59,83398;100
100;3;15;59,83398;100
100;2;2;0,1669922;100
100;2;2;0,1669922;100
100;3;15;0,1669922;100
100;3;15;0,1669922;100
100;3;15;0,1669922;100
100;3;15;0,1669922;100
100;2;2;0,1669922;100
100;3;15;0,1669922;100
100;3;15;0,1669922;100
100;3;15;0,1669922;100
100;3;15;0,5;100
100;3;15;0,5;100
100;3;15;0,5;100
100;3;15;0,5;100
100;3;15;0,5;100
100;3;15;0,5;100
100;3;15;0,5;100
100;3;15;0,5;100
100;2;2;0,8330078;100
100;3;15;0,8330078;100
100;2;2;0,8330078;100
100;3;15;0,8330078;100
100;3;15;0,8330078;100
100;3;15;0,8330078;100
100;3;15;0,8330078;100
100;3;15;0,8330078;100
100;3;15;0,8330078;100
100;3;15;0,8330078;100
100;3;15;1,166016;100
100;3;15;1,166016;100
100;2;2;1,166016;100
100;3;15;1,166016;100
100;3;15;1,166016;100
100;2;2;1,166016;100
100;3;15;1,166016;100
100;3;15;1,166016;100
100;2;2;1,166016;100
100;3;15;1,166016;100
100;2;2;1,499023;100
100;3;15;1,499023;100
100;2;2;1,499023;100
100;3;15;1,499023;100
100;3;15;1,499023;100
100;3;15;1,499023;100
100;2;2;1,499023;100
100;3;15;1,832031;100
100;3;15;1,832031;100
100;2;2;1,832031;100
100;2;2;1,832031;100
100;3;15;1,832031;100
100;3;15;1,832031;100
100;3;15;1,832031;100
100;3;15;2,165039;100
100;3;15;2,165039;100
100;2;2;2,165039;100
100;3;15;2,165039;100
100;3;15;2,165039;100
100;3;15;2,165039;100
100;3;15;2,165039;100
100;3;15;2,165039;100
100;3;15;2,165039;100
100;3;15;2,498047;100
100;3;15;2,498047;100
100;2;2;2,498047;100
100;3;15;2,498047;100
100;3;15;2,498047;100
100;3;15;2,498047;100
100;3;15;2,498047;100
100;3;15;2,498047;100
100;2;2;2,498047;100
100;3;15;2,498047;100
100;3;15;2,831055;100
100;3;15;2,831055;100
100;3;15;2,831055;100
100;3;15;2,831055;100
100;3;15;2,831055;100
100;2;2;2,831055;100
100;3;15;2,831055;100
100;3;15;2,831055;100
100;3;15;2,831055;100
100;3;15;2,831055;100
100;3;15;3,164063;100
100;3;15;3,164063;100
100;2;2;3,164063;100
100;3;15;3,164063;100
100;2;2;3,164063;100
100;3;15;3,164063;100
100;3;15;3,164063;100
100;2;2;3,164063;100
100;2;2;3,164063;100
100;3;15;3,49707;100
100;3;15;3,49707;100
100;2;2;3,49707;100
100;2;2;3,49707;100
100;3;15;3,49707;100
100;2;2;3,49707;100
100;2;2;3,49707;100
100;3;15;3,49707;100
100;3;15;3,49707;100
100;3;15;3,49707;100
100;3;15;3,830078;100
100;3;15;3,830078;100
100;2;2;3,830078;100
100;2;2;3,830078;100
100;3;15;3,830078;100
100;2;2;3,830078;100
100;3;15;3,830078;100
100;3;15;3,830078;100
100;2;2;4,163086;100
100;3;15;4,163086;100
100;3;15;4,163086;100
100;3;15;4,163086;100
100;2;2;4,163086;100
100;2;2;4,163086;100
100;3;15;4,163086;100
100;3;15;4,163086;100
100;3;15;4,163086;100
100;3;15;4,163086;100
100;3;15;4,163086;100
100;3;15;4,496094;100
100;2;2;4,496094;100
100;3;15;4,496094;100
100;3;15;4,496094;100
100;3;15;4,496094;100
100;3;15;4,496094;100
100;2;2;4,496094;100
100;3;15;4,496094;100
100;3;15;4,496094;100
100;3;15;4,496094;100
100;3;15;4,829102;100
100;3;15;4,829102;100
100;3;15;4,829102;100
100;3;15;4,829102;100
100;3;15;4,829102;100
100;3;15;4,829102;100
100;3;15;4,829102;100
100;3;15;4,829102;100
100;3;15;4,829102;100
100;3;15;5,162109;100
100;3;15;5,162109;100
100;3;15;5,162109;100
100;3;15;5,162109;100
100;3;15;5,495117;100
100;3;15;5,495117;100
100;3;15;5,495117;100
100;3;15;5,495117;100
100;3;15;5,495117;100
100;3;15;5,495117;100
100;3;15;5,495117;100
100;3;15;5,828125;100
100;3;15;5,828125;100
100;3;15;5,828125;100
100;3;15;5,828125;100
100;3;15;5,828125;100
100;2;2;5,828125;100
100;3;15;5,828125;100
100;3;15;6,161133;100
100;3;15;6,161133;100
100;3;15;6,161133;100
100;3;15;6,161133;100
100;3;15;6,161133;100
100;3;15;6,161133;100
100;3;15;6,161133;100
100;3;15;6,161133;100
100;2;2;6,161133;100
100;2;2;6,161133;100
100;3;15;6,161133;100
100;2;2;6,494141;100
100;3;15;6,494141;100
100;3;15;6,494141;100
100;3;15;6,494141;100
100;3;15;6,494141;100
100;3;15;6,494141;100
100;3;15;6,494141;100
100;3;15;6,494141;100
100;3;15;6,494141;100
100;3;15;6,494141;100
100;3;15;6,827148;100
100;3;15;6,827148;100
100;3;15;6,827148;100
100;3;15;6,827148;100
100;3;15;6,827148;100
100;3;15;6,827148;100
100;3;15;6,827148;100
100;3;15;6,827148;100
100;2;2;6,827148;100
100;3;15;6,827148;100
100;3;15;6,827148;100
100;3;15;7,160156;100
100;2;2;7,160156;100
100;3;15;7,160156;100
100;3;15;7,160156;100
100;2;2;7,160156;100
100;3;15;7,160156;100
100;3;15;7,160156;100
100;3;15;7,493164;100
100;3;15;7,493164;100
100;3;15;7,493164;100
100;3;15;7,493164;100
100;3;15;7,493164;100
100;3;15;7,493164;100
100;3;15;7,493164;100
100;2;2;7,493164;100
100;3;15;7,493164;100
100;3;15;7,493164;100
100;3;15;7,826172;100
100;2;2;7,826172;100
100;3;15;7,826172;100
100;3;15;7,826172;100
100;3;15;7,826172;100
100;2;2;7,826172;100
100;2;2;7,826172;100
100;3;15;7,826172;100
100;3;15;7,826172;100
100;3;15;8,15918;100
100;3;15;8,15918;100
100;3;15;8,15918;100
100;3;15;8,15918;100
100;3;15;8,15918;100
100;3;15;8,15918;100
100;3;15;8,15918;100
100;3;15;8,15918;100
100;3;15;8,15918;100
100;2;2;8,492188;100
100;3;15;8,492188;100
100;3;15;8,492188;100
100;3;15;8,492188;100
100;3;15;8,492188;100
100;3;15;8,492188;100
100;3;15;8,492188;100
100;3;15;8,492188;100
100;3;15;8,492188;100
100;3;15;8,492188;100
100;2;2;8,492188;100
100;3;15;8,492188;100
100;3;15;8,492188;100
100;3;15;8,825195;100
100;3;15;8,825195;100
100;3;15;8,825195;100
100;2;2;8,825195;100
100;3;15;8,825195;100
100;3;15;8,825195;100
100;3;15;8,825195;100
100;3;15;8,825195;100
100;3;15;9,158203;100
100;3;15;9,158203;100
100;3;15;9,158203;100
100;2;2;9,158203;100
100;3;15;9,158203;100
100;3;15;9,158203;100
100;2;2;9,491211;100
100;3;15;9,491211;100
100;3;15;9,491211;100
100;3;15;9,491211;100
100;3;15;9,491211;100
100;3;15;9,491211;100
100;3;15;9,824219;100
100;2;2;9,824219;100
100;3;15;9,824219;100
100;3;15;9,824219;100
100;3;15;9,824219;100
100;3;15;9,824219;100
100;3;15;9,824219;100
100;3;15;9,824219;100
100;3;15;9,824219;100
100;3;15;9,824219;100
100;3;15;9,824219;100
100;3;15;9,824219;100
100;2;2;10,15723;100
100;3;15;10,15723;100
100;2;2;10,15723;100
100;3;15;10,15723;100
100;3;15;10,15723;100
100;3;15;10,15723;100
100;3;15;10,15723;100
100;3;15;10,49023;100
100;3;15;10,49023;100
100;3;15;10,49023;100
100;3;15;10,49023;100
100;3;15;10,49023;100
100;3;15;10,49023;100
100;3;15;10,49023;100
100;3;15;10,49023;100
100;3;15;10,82324;100
100;3;15;10,82324;100
100;3;15;10,82324;100
100;2;2;10,82324;100
100;3;15;10,82324;100
100;3;15;10,82324;100
100;3;15;10,82324;100
100;3;15;10,82324;100
100;3;15;10,82324;100
100;3;15;10,82324;100
100;3;15;10,82324;100
100;3;15;10,82324;100
100;3;15;11,15625;100
100;3;15;11,15625;100
100;3;15;11,15625;100
100;3;15;11,15625;100
100;2;2;11,15625;100
100;2;2;11,15625;100
100;3;15;11,15625;100
100;3;15;11,48926;100
100;3;15;11,48926;100
100;3;15;11,48926;100
100;3;15;11,48926;100
100;3;15;11,48926;100
100;3;15;11,48926;100
100;3;15;11,48926;100
100;3;15;11,48926;100
100;2;2;11,48926;100
100;3;15;11,48926;100
100;3;15;11,48926;100
100;2;2;11,48926;100
100;3;15;11,82227;100
100;2;2;11,82227;100
100;2;2;11,82227;100
100;3;15;11,82227;100
100;3;15;11,82227;100
100;3;15;11,82227;100
100;3;15;11,82227;100
100;2;2;11,82227;100
100;2;2;11,82227;100
100;3;15;11,82227;100
100;3;15;12,15527;100
100;3;15;12,15527;100
100;3;15;12,15527;100
100;2;2;12,15527;100
100;3;15;12,15527;100
100;2;2;12,15527;100
100;2;2;12,15527;100
100;3;15;12,48828;100
100;3;15;12,48828;100
100;2;2;12,48828;100
100;3;15;12,48828;100
100;3;15;12,48828;100
100;2;2;12,48828;100
100;3;15;12,48828;100
100;3;15;12,48828;100
100;3;15;12,82129;100
100;3;15;12,82129;100
100;2;2;12,82129;100
100;3;15;12,82129;100
100;3;15;12,82129;100
100;2;2;12,82129;100
100;3;15;12,82129;100
100;3;15;12,82129;100
100;3;15;12,82129;100
100;2;2;13,1543;100
100;2;2;13,1543;100
100;3;15;13,1543;100
100;3;15;13,1543;100
100;3;15;13,1543;100
100;3;15;13,1543;100
100;3;15;13,1543;100
100;3;15;13,1543;100
100;2;2;13,1543;100
100;3;15;13,4873;100
100;3;15;13,4873;100
100;3;15;13,4873;100
100;3;15;13,4873;100
100;3;15;13,4873;100
100;3;15;13,4873;100
100;3;15;13,4873;100
100;3;15;13,4873;100
100;3;15;13,4873;100
100;3;15;13,4873;100
100;3;15;13,4873;100
100;2;2;13,82031;100
100;2;2;13,82031;100
100;2;2;13,82031;100
100;2;2;13,82031;100
100;3;15;13,82031;85
100;3;15;13,82031;70
100;3;15;13,82031;55
100;3;15;13,82031;40
100;3;15;14,15332;25
100;3;15;14,15332;10
92;3;15;14,15332;-5
Player