92;3;15;18,91113;100
92;3;15;18,91113;100
92;2;2;18,91113;100
92;3;15;18,91113;100
92;2;2;19,24414;100
92;3;15;19,24414;100
92;3;15;19,24414;100
92;3;15;19,24414;100
92;2;2;19,24414;100
92;3;15;19,24414;100
92;3;15;19,24414;100
92;3;15;19,24414;100
92;3;15;19,24414;100
92;3;15;19,24414;100
92;3;15;19,57715;100
92;3;15;19,57715;100
92;2;2;19,57715;100
92;3;15;19,57715;100
92;2;2;19,57715;100
92;3;15;19,57715;100
92;3;15;19,57715;100
92;3;15;19,57715;100
92;2;2;19,57715;100
92;3;15;19,57715;100
92;3;15;19,57715;100
92;3;15;19,57715;100
92;2;2;19,91016;100
92;3;15;19,91016;100
92;2;2;19,91016;100
92;3;15;19,91016;100
92;3;15;19,91016;100
92;3;15;19,91016;100
92;3;15;19,91016;100
92;3;15;19,91016;100
92;3;15;20,24316;100
92;3;15;20,24316;100
92;2;2;20,24316;100
92;3;15;20,24316;100
92;2;2;20,24316;100
92;3;15;20,24316;100
92;3;15;20,24316;100
92;3;15;20,24316;100
92;3;15;20,24316;100
92;3;15;20,24316;100
92;3;15;20,24316;100
92;3;15;20,57617;100
92;3;15;20,57617;100
92;3;15;20,57617;100
92;3;15;20,57617;100
92;3;15;20,57617;100
92;3;15;20,57617;100
92;3;15;20,57617;100
92;3;15;20,57617;100
92;3;15;20,57617;100
92;3;15;20,90918;100
92;3;15;20,90918;100
92;2;2;20,90918;100
92;3;15;20,90918;100
92;3;15;20,90918;100
92;3;15;20,90918;100
92;3;15;20,90918;100
92;3;15;20,90918;100
92;2;2;20,90918;100
92;3;15;20,90918;100
92;3;15;20,90918;100
92;3;15;20,90918;100
92;3;15;20,90918;100
92;2;2;21,24219;100
92;3;15;21,24219;100
92;3;15;21,24219;100
92;3;15;21,24219;100
92;2;2;21,24219;100
92;2;2;21,24219;100
92;3;15;21,24219;100
92;3;15;21,24219;100
92;3;15;21,5752;100
92;3;15;21,5752;100
92;3;15;21,5752;100
92;3;15;21,5752;100
92;3;15;21,5752;100
92;3;15;21,5752;100
92;3;15;21,5752;100
92;3;15;21,5752;100
92;3;15;21,5752;100
92;3;15;21,5752;100
92;3;15;21,5752;100
92;3;15;21,9082;100
92;3;15;21,9082;100
92;3;15;21,9082;100
92;2;2;21,9082;100
92;3;15;21,9082;100
92;3;15;21,9082;100
92;3;15;21,9082;100
92;2;2;22,24121;100
92;3;15;22,24121;100
92;3;15;22,24121;100
92;3;15;22,24121;100
92;3;15;22,24121;100
92;3;15;22,24121;100
92;3;15;22,57422;100
92;3;15;22,57422;100
92;3;15;22,57422;100
92;2;2;22,57422;100
92;3;15;22,57422;100
92;3;15;22,57422;100
92;3;15;22,57422;100
92;2;2;22,57422;100
92;2;2;22,57422;100
92;3;15;22,57422;100
92;2;2;22,57422;100
92;3;15;22,57422;100
92;3;15;22,90723;100
92;3;15;22,90723;100
92;3;15;22,90723;100
92;3;15;22,90723;100
92;2;2;22,90723;100
92;3;15;22,90723;100
92;3;15;23,24023;100
92;3;15;23,24023;100
92;3;15;23,24023;100
92;3;15;23,24023;100
92;2;2;23,24023;100
92;3;15;23,24023;100
92;3;15;23,24023;100
92;3;15;23,24023;100
92;3;15;23,24023;100
92;3;15;23,24023;100
92;3;15;23,57324;100
92;2;2;23,57324;100
92;3;15;23,57324;100
92;3;15;23,57324;100
92;3;15;23,57324;100
92;3;15;23,57324;100
92;3;15;23,57324;100
92;2;2;23,57324;100
92;3;15;23,57324;100
92;3;15;23,57324;100
92;3;15;23,57324;100
92;3;15;23,57324;100
92;2;2;23,57324;100
92;3;15;23,90625;100
92;3;15;23,90625;100
92;2;2;23,90625;100
92;2;2;23,90625;100
92;3;15;23,90625;100
92;2;2;23,90625;100
92;3;15;23,90625;100
92;3;15;23,90625;100
92;2;2;23,90625;100
92;3;15;23,90625;100
92;2;2;23,90625;100
92;2;2;24,23926;100
92;3;15;24,23926;100
92;3;15;24,23926;100
92;3;15;24,23926;100
92;3;15;24,23926;100
92;3;15;24,23926;100
92;3;15;24,23926;100
92;3;15;24,23926;100
92;3;15;24,23926;100
92;3;15;24,23926;100
92;3;15;24,23926;100
92;3;15;24,23926;100
92;3;15;24,57227;100
92;3;15;24,57227;100
92;3;15;24,57227;100
92;3;15;24,57227;100
92;3;15;24,57227;100
92;3;15;24,57227;100
92;3;15;24,57227;100
92;3;15;24,57227;100
92;3;15;24,57227;100
92;3;15;24,57227;100
92;3;15;24,57227;100
92;2;2;24,57227;100
92;3;15;24,90527;100
92;3;15;24,90527;100
92;3;15;24,90527;100
92;2;2;24,90527;100
92;3;15;24,90527;100
92;3;15;24,90527;100
92;3;15;24,90527;100
92;2;2;24,90527;100
92;3;15;24,90527;100
92;2;2;24,90527;100
92;3;15;24,90527;100
92;3;15;24,90527;100
92;3;15;25,23828;100
92;3;15;25,23828;100
92;3;15;25,23828;100
92;3;15;25,23828;100
92;3;15;25,23828;100
92;3;15;25,23828;100
92;3;15;25,23828;100
92;2;2;25,23828;100
92;3;15;25,23828;100
92;2;2;25,23828;100
92;3;15;25,57129;100
92;3;15;25,57129;100
92;3;15;25,57129;100
92;2;2;25,57129;100
92;3;15;25,57129;100
92;3;15;25,57129;100
92;3;15;25,57129;100
92;3;15;25,57129;100
92;3;15;25,57129;100
92;3;15;25,57129;100
92;3;15;25,57129;100
92;3;15;25,57129;100
92;3;15;25,57129;100
92;2;2;25,9043;100
92;3;15;25,9043;100
92;3;15;25,9043;100
92;3;15;25,9043;100
92;3;15;25,9043;100
92;3;15;25,9043;100
92;3;15;25,9043;100
92;3;15;25,9043;100
92;3;15;25,9043;100
92;3;15;25,9043;100
92;3;15;25,9043;100
92;2;2;25,9043;100
92;3;15;26,2373;100
92;2;2;26,2373;100
92;3;15;26,2373;100
92;3;15;26,2373;100
92;3;15;26,2373;100
92;3;15;26,2373;100
92;3;15;26,2373;100
92;3;15;26,2373;100
92;3;15;26,2373;100
92;3;15;26,2373;100
92;3;15;26,2373;100
92;3;15;26,2373;100
92;3;15;26,57031;100
92;3;15;26,57031;100
92;3;15;26,57031;100
92;3;15;26,57031;100
92;3;15;26,57031;100
92;3;15;26,57031;100
92;3;15;26,90332;100
92;3;15;26,90332;100
92;3;15;26,90332;100
92;2;2;26,90332;100
92;3;15;26,90332;100
92;3;15;26,90332;100
92;3;15;26,90332;100
92;3;15;26,90332;100
92;3;15;26,90332;100
92;2;2;26,90332;100
92;3;15;26,90332;100
92;3;15;27,23633;100
92;3;15;27,23633;100
92;3;15;27,23633;100
92;3;15;27,23633;100
92;2;2;27,23633;100
92;2;2;27,23633;100
92;3;15;27,23633;100
92;3;15;27,23633;100
92;3;15;27,23633;100
92;3;15;27,23633;100
92;3;15;27,56934;100
92;2;2;27,56934;100
92;2;2;27,56934;100
92;3;15;27,56934;100
92;3;15;27,56934;100
92;3;15;27,56934;100
92;2;2;27,56934;100
92;3;15;27,56934;100
92;3;15;27,90234;100
92;3;15;27,90234;100
92;3;15;27,90234;100
92;2;2;27,90234;100
92;3;15;27,90234;100
92;2;2;27,90234;100
92;3;15;27,90234;100
92;3;15;27,90234;100
92;3;15;27,90234;100
92;3;15;28,23535;100
92;3;15;28,23535;100
92;3;15;28,23535;100
92;3;15;28,23535;100
92;3;15;28,23535;100
92;3;15;28,23535;100
92;3;15;28,23535;100
92;3;15;28,23535;100
92;3;15;28,56836;100
92;3;15;28,56836;100
92;3;15;28,56836;100
92;3;15;28,56836;100
92;2;2;28,56836;100
92;3;15;28,56836;100
92;3;15;28,56836;100
92;3;15;28,56836;100
92;3;15;28,90137;100
92;3;15;28,90137;100
92;3;15;28,90137;100
92;3;15;28,90137;100
92;3;15;28,90137;100
92;3;15;28,90137;100
92;3;15;28,90137;100
92;3;15;28,90137;100
92;3;15;28,90137;100
92;3;15;28,90137;100
92;3;15;28,90137;100
92;3;15;29,23438;100
92;3;15;29,23438;100
92;2;2;29,23438;100
92;3;15;29,23438;100
92;3;15;29,23438;100
92;3;15;29,23438;100
92;3;15;29,23438;100
92;3;15;29,23438;100
92;3;15;29,23438;100
92;3;15;29,56738;100
92;3;15;29,56738;100
92;3;15;29,56738;100
92;2;2;29,56738;100
92;2;2;29,56738;100
92;3;15;29,56738;100
92;3;15;29,56738;100
92;2;2;29,56738;100
92;2;2;29,56738;100
92;3;15;29,56738;100
92;3;15;29,90039;100
92;3;15;29,90039;100
92;3;15;29,90039;100
92;2;2;29,90039;100
92;3;15;29,90039;100
92;3;15;29,90039;100
92;3;15;29,90039;100
92;3;15;29,90039;100
92;3;15;29,90039;100
92;3;15;29,90039;100
92;2;2;30,2334;100
92;3;15;30,2334;100
92;3;15;30,2334;100
92;3;15;30,2334;100
92;2;2;30,2334;100
92;3;15;30,2334;100
92;3;15;30,2334;100
92;2;2;30,2334;100
92;3;15;30,56641;100
92;3;15;30,56641;100
92;3;15;30,56641;100
92;2;2;30,56641;100
92;3;15;30,56641;100
92;3;15;30,56641;100
92;3;15;30,56641;100
92;2;2;30,56641;100
92;3;15;30,56641;100
92;3;15;30,56641;100
92;3;15;30,89941;100
92;3;15;30,89941;100
92;3;15;30,89941;100
92;2;2;30,89941;100
92;3;15;30,89941;100
92;3;15;30,89941;100
92;3;15;30,89941;100
92;3;15;30,89941;100
92;3;15;30,89941;100
92;3;15;30,89941;100
92;3;15;30,89941;100
92;3;15;31,23242;100
92;3;15;31,23242;100
92;3;15;31,23242;100
92;3;15;31,23242;100
92;3;15;31,23242;100
92;3;15;31,23242;100
92;3;15;31,23242;100
92;3;15;31,23242;100
92;3;15;31,23242;100
92;3;15;31,56543;100
92;2;2;31,56543;100
92;3;15;31,56543;100
92;3;15;31,56543;100
92;3;15;31,56543;100
92;3;15;31,56543;100
92;2;2;31,56543;100
92;3;15;31,56543;100
92;3;15;31,56543;100
92;3;15;31,56543;100
92;3;15;31,56543;100
92;3;15;31,56543;100
92;3;15;31,89844;100
92;3;15;31,89844;100
92;3;15;31,89844;100
92;3;15;31,89844;100
92;3;15;31,89844;100
92;3;15;31,89844;100
92;3;15;31,89844;100
92;2;2;31,89844;100
92;3;15;32,23145;100
92;3;15;32,23145;100
92;2;2;32,23145;100
92;3;15;32,23145;100
92;3;15;32,23145;100
92;2;2;32,23145;100
92;3;15;32,56445;100
92;2;2;32,56445;100
92;3;15;32,56445;100
92;3;15;32,56445;100
92;3;15;32,56445;100
92;3;15;32,56445;100
92;3;15;32,56445;100
92;3;15;32,56445;100
92;3;15;32,56445;100
92;3;15;32,56445;100
92;3;15;32,56445;100
92;3;15;32,56445;100
92;3;15;32,56445;100
92;3;15;32,56445;100
92;2;2;32,56445;100
92;3;15;32,89746;100
92;3;15;32,89746;100
92;2;2;32,89746;100
92;3;15;32,89746;100
92;3;15;32,89746;100
92;2;2;32,89746;100
92;2;2;32,89746;100
92;3;15;32,89746;100
92;3;15;32,89746;100
92;3;15;32,89746;100
92;3;15;32,89746;100
92;3;15;32,89746;100
92;2;2;33,23047;100
92;3;15;33,23047;100
92;3;15;33,23047;100
92;3;15;33,23047;100
92;3;15;33,23047;100
92;3;15;33,23047;100
92;3;15;33,23047;100
92;3;15;33,23047;100
92;2;2;33,23047;100
92;3;15;33,56348;100
92;2;2;33,56348;100
92;2;2;33,56348;100
92;3;15;33,56348;100
92;2;2;33,56348;100
92;3;15;33,56348;100
92;3;15;33,56348;100
92;3;15;33,56348;100
92;3;15;33,56348;100
92;3;15;33,56348;100
92;3;15;33,89648;100
92;2;2;33,89648;100
92;3;15;33,89648;100
92;3;15;33,89648;100
92;3;15;33,89648;100
92;3;15;33,89648;100
92;3;15;33,89648;100
92;3;15;34,22949;100
92;3;15;34,22949;100
92;2;2;34,22949;100
92;3;15;34,22949;100
92;3;15;34,22949;100
92;3;15;34,22949;100
92;3;15;34,22949;100
92;3;15;34,22949;100
92;2;2;34,22949;100
92;3;15;34,22949;100
92;3;15;34,22949;100
92;3;15;34,5625;100
92;2;2;34,5625;100
92;3;15;34,5625;100
92;3;15;34,5625;100
92;3;15;34,5625;100
92;3;15;34,5625;100
92;3;15;34,5625;100
92;3;15;34,5625;100
92;3;15;34,5625;100
92;3;15;34,5625;100
92;3;15;34,5625;100
92;2;2;34,5625;100
92;2;2;34,5625;100
92;3;15;34,5625;100
92;3;15;34,5625;100
92;3;15;34,5625;100
92;3;15;34,89551;100
92;2;2;34,89551;100
92;3;15;34,89551;100
92;2;2;34,89551;100
92;3;15;34,89551;100
92;3;15;34,89551;100
92;3;15;34,89551;100
92;2;2;34,89551;100
92;3;15;34,89551;100
92;3;15;34,89551;100
92;3;15;34,89551;100
92;2;2;34,89551;100
92;2;2;35,22852;100
92;2;2;35,22852;100
92;3;15;35,22852;100
92;3;15;35,22852;100
92;3;15;35,22852;100
92;2;2;35,22852;100
92;2;2;35,22852;100
92;3;15;35,22852;100
92;3;15;35,22852;100
92;3;15;35,56152;100
92;3;15;35,56152;100
92;3;15;35,56152;100
92;3;15;35,56152;100
92;3;15;35,56152;100
92;3;15;35,56152;100
92;3;15;35,56152;100
92;3;15;35,56152;100
92;3;15;35,56152;100
92;3;15;35,56152;100
92;3;15;35,56152;100
92;3;15;35,56152;100
92;3;15;35,56152;100
92;2;2;35,89453;100
92;3;15;35,89453;100
92;3;15;35,89453;100
92;3;15;35,89453;100
92;3;15;35,89453;100
92;3;15;35,89453;100
92;3;15;35,89453;100
92;3;15;35,89453;100
92;3;15;35,89453;100
92;3;15;35,89453;100
92;3;15;35,89453;100
92;3;15;36,22754;100
92;3;15;36,22754;100
92;3;15;36,22754;100
92;3;15;36,22754;100
92;3;15;36,22754;100
92;3;15;36,22754;100
92;3;15;36,22754;100
92;3;15;36,22754;100
92;2;2;36,22754;100
92;2;2;36,22754;100
92;3;15;36,56055;100
92;3;15;36,56055;100
92;3;15;36,56055;100
92;3;15;36,56055;100
92;3;15;36,56055;100
92;3;15;36,56055;100
92;3;15;36,56055;100
92;3;15;36,56055;100
92;3;15;36,56055;100
92;2;2;36,56055;100
92;3;15;36,89355;100
92;3;15;36,89355;100
92;3;15;36,89355;100
92;3;15;36,89355;100
92;2;2;36,89355;100
92;3;15;36,89355;100
92;3;15;36,89355;100
92;3;15;36,89355;100
92;2;2;36,89355;100
92;2;2;37,22656;100
92;3;15;37,22656;100
92;3;15;37,22656;100
92;3;15;37,22656;100
92;3;15;37,22656;100
92;2;2;37,22656;100
92;3;15;37,22656;100
92;3;15;37,22656;100
92;2;2;37,22656;100
92;2;2;37,22656;100
92;3;15;37,22656;100
92;3;15;37,22656;100
92;3;15;37,22656;100
92;2;2;37,22656;100
92;3;15;37,55957;100
92;3;15;37,55957;100
92;3;15;37,55957;100
92;3;15;37,55957;100
92;3;15;37,55957;100
92;3;15;37,55957;100
92;3;15;37,55957;100
92;3;15;37,55957;100
92;3;15;37,55957;100
92;3;15;37,55957;100
92;3;15;37,89258;100
92;3;15;37,89258;100
92;3;15;37,89258;100
92;3;15;37,89258;100
92;3;15;37,89258;100
92;3;15;37,89258;100
92;3;15;37,89258;100
92;3;15;37,89258;100
92;2;2;37,89258;100
92;3;15;37,89258;100
92;3;15;37,89258;100
92;3;15;38,22559;100
92;2;2;38,22559;100
92;3;15;38,22559;100
92;3;15;38,22559;100
92;3;15;38,22559;100
92;3;15;38,22559;100
92;3;15;38,22559;100
92;3;15;38,22559;100
92;3;15;38,22559;100
92;3;15;38,55859;100
92;3;15;38,55859;100
92;2;2;38,55859;100
92;2;2;38,55859;100
92;2;2;38,55859;100
92;2;2;38,55859;100
92;3;15;38,55859;100
92;3;15;38,8916;100
92;3;15;38,8916;100
92;3;15;38,8916;100
92;3;15;38,8916;100
92;2;2;38,8916;100
92;3;15;38,8916;100
92;3;15;38,8916;100
92;3;15;38,8916;100
92;3;15;38,8916;100
92;3;15;38,8916;100
92;2;2;38,8916;100
92;3;15;39,22461;100
92;2;2;39,22461;100
92;3;15;39,22461;100
92;3;15;39,22461;100
92;3;15;39,22461;100
92;3;15;39,22461;100
92;3;15;39,22461;100
92;3;15;39,22461;100
92;2;2;39,22461;100
92;3;15;39,22461;100
92;3;15;39,22461;100
92;2;2;39,22461;100
92;3;15;39,55762;100
92;3;15;39,55762;100
92;2;2;39,55762;100
92;3;15;39,55762;100
92;3;15;39,55762;100
92;3;15;39,55762;100
92;2;2;39,55762;100
92;3;15;39,55762;100
92;3;15;39,89063;100
92;2;2;39,89063;100
92;2;2;39,89063;100
92;3;15;39,89063;100
92;3;15;39,89063;100
92;2;2;39,89063;100
92;3;15;39,89063;100
92;2;2;39,89063;100
92;3;15;39,89063;100
92;3;15;40,22363;100
92;3;15;40,22363;100
92;3;15;40,22363;100
92;2;2;40,22363;100
92;3;15;40,22363;100
92;3;15;40,22363;100
92;3;15;40,22363;100
92;3;15;40,22363;100
92;2;2;40,22363;100
92;3;15;40,22363;100
92;3;15;40,22363;100
92;2;2;40,55664;100
92;3;15;40,55664;100
92;3;15;40,55664;100
92;3;15;40,55664;100
92;2;2;40,55664;100
92;3;15;40,55664;100
92;3;15;40,55664;100
92;3;15;40,55664;100
92;2;2;40,55664;100
92;3;15;40,55664;100
92;3;15;40,55664;100
92;3;15;40,88965;100
92;3;15;40,88965;100
92;3;15;40,88965;100
92;3;15;40,88965;100
92;3;15;40,88965;100
92;3;15;40,88965;100
92;2;2;40,88965;100
92;3;15;40,88965;100
92;3;15;40,88965;100
92;3;15;40,88965;100
92;3;15;40,88965;100
92;3;15;40,88965;100
92;3;15;40,88965;100
92;3;15;41,22266;100
92;3;15;41,22266;100
92;3;15;41,22266;100
92;3;15;41,22266;100
92;2;2;41,22266;100
92;2;2;41,22266;100
92;3;15;41,22266;100
92;2;2;41,22266;100
92;3;15;41,22266;100
92;3;15;41,22266;100
92;3;15;41,22266;100
92;3;15;41,22266;100
92;3;15;41,22266;100
92;3;15;41,55566;100
92;2;2;41,55566;100
92;2;2;41,55566;100
92;3;15;41,55566;100
92;3;15;41,55566;100
92;3;15;41,55566;100
92;3;15;41,55566;100
92;3;15;41,55566;100
92;3;15;41,55566;100
92;3;15;41,55566;100
92;2;2;41,88867;100
92;3;15;41,88867;100
92;3;15;41,88867;100
92;3;15;41,88867;100
92;3;15;41,88867;100
92;3;15;41,88867;100
92;3;15;41,88867;100
92;3;15;41,88867;100
92;3;15;42,22168;100
92;3;15;42,22168;100
92;3;15;42,22168;100
92;3;15;42,22168;100
92;3;15;42,22168;100
92;3;15;42,22168;100
92;3;15;42,22168;100
92;3;15;42,22168;100
92;3;15;42,22168;100
92;2;2;42,22168;100
92;3;15;42,22168;100
92;3;15;42,22168;100
92;2;2;42,55469;100
92;2;2;42,55469;100
92;3;15;42,55469;100
92;2;2;42,55469;100
92;3;15;42,55469;100
92;2;2;42,55469;100
92;3;15;42,55469;100
92;3;15;42,55469;100
92;3;15;42,55469;100
92;3;15;42,55469;100
92;3;15;42,55469;100
92;2;2;42,55469;100
92;3;15;42,8877;100
92;3;15;42,8877;100
92;3;15;42,8877;100
92;3;15;42,8877;100
92;2;2;42,8877;100
92;3;15;42,8877;100
92;2;2;42,8877;100
92;2;2;42,8877;100
92;3;15;42,8877;100
92;3;15;43,2207;100
92;3;15;43,2207;100
92;3;15;43,2207;100
92;3;15;43,2207;100
92;2;2;43,2207;100
92;2;2;43,2207;100
92;3;15;43,2207;100
92;3;15;43,2207;100
92;3;15;43,2207;100
92;3;15;43,2207;100
92;3;15;43,55371;100
92;2;2;43,55371;100
92;3;15;43,55371;100
92;3;15;43,55371;100
92;2;2;43,55371;100
92;3;15;43,55371;100
92;3;15;43,55371;100
92;3;15;43,55371;100
92;3;15;43,55371;100
92;3;15;43,55371;100
92;3;15;43,55371;100
92;3;15;43,55371;100
92;3;15;43,55371;100
92;2;2;43,88672;100
92;3;15;43,88672;100
92;3;15;43,88672;100
92;2;2;43,88672;100
92;2;2;43,88672;100
92;3;15;43,88672;100
92;2;2;43,88672;100
92;3;15;43,88672;100
92;3;15;43,88672;100
92;3;15;44,21973;100
92;3;15;44,21973;100
92;3;15;44,21973;100
92;3;15;44,21973;100
92;3;15;44,21973;100
92;3;15;44,21973;100
92;3;15;44,21973;100
92;3;15;44,21973;100
92;3;15;44,21973;100
92;2;2;44,21973;100
92;3;15;44,21973;100
92;3;15;44,21973;100
92;3;15;44,21973;100
92;3;15;44,55273;100
92;3;15;44,55273;100
92;3;15;44,55273;100
92;3;15;44,55273;100
92;3;15;44,55273;100
92;3;15;44,55273;100
92;3;15;44,55273;100
92;3;15;44,55273;100
92;3;15;44,55273;100
92;2;2;44,55273;100
92;3;15;44,55273;100
92;3;15;44,55273;100
92;3;15;44,55273;100
92;3;15;44,88574;100
92;3;15;44,88574;85
92;3;15;44,88574;70
92;3;15;44,88574;55
92;3;15;44,88574;40
92;3;15;44,88574;25
92;3;15;44,88574;10
92;3;15;44,88574;-5
Player