100;3;15;34,82764;100
100;3;15;34,82764;100
100;2;2;34,82764;100
100;3;15;35,16113;100
100;3;15;35,16113;100
100;2;2;35,16113;100
100;2;2;35,16113;100
100;2;2;35,16113;100
100;3;15;35,16113;100
100;2;2;35,16113;100
100;2;2;35,16113;100
100;2;2;35,16113;100
100;3;15;35,49463;100
100;3;15;35,49463;100
100;2;2;35,49463;100
100;3;15;35,49463;100
100;3;15;35,49463;100
100;2;2;35,49463;100
100;2;2;35,49463;100
100;3;15;35,82813;100
100;2;2;35,82813;100
100;2;2;35,82813;100
100;3;15;35,82813;100
100;2;2;35,82813;100
100;3;15;35,82813;100
100;3;15;35,82813;100
100;2;2;36,16162;100
100;3;15;36,16162;100
100;3;15;36,16162;100
100;3;15;36,16162;100
100;2;2;36,16162;100
100;3;15;36,16162;100
100;3;15;36,49512;100
100;2;2;36,49512;100
100;2;2;36,49512;100
100;3;15;36,49512;100
100;2;2;36,49512;100
100;3;15;36,49512;100
100;3;15;36,49512;100
100;3;15;36,49512;100
100;3;15;36,49512;100
100;3;15;36,49512;100
100;3;15;36,49512;100
100;3;15;36,82861;100
100;2;2;36,82861;100
100;3;15;36,82861;100
100;2;2;36,82861;100
100;3;15;36,82861;100
100;2;2;36,82861;100
100;2;2;37,16211;100
100;3;15;37,16211;100
100;2;2;37,16211;100
100;2;2;37,16211;100
100;2;2;37,49561;100
100;2;2;37,49561;100
100;3;15;37,49561;100
100;2;2;37,49561;100
100;3;15;37,49561;100
100;3;15;37,49561;100
100;2;2;37,8291;100
100;2;2;37,8291;100
100;2;2;37,8291;100
100;3;15;37,8291;100
100;2;2;37,8291;100
100;2;2;37,8291;100
100;3;15;37,8291;100
100;3;15;38,1626;100
100;3;15;38,1626;100
100;2;2;38,1626;100
100;2;2;38,1626;100
100;3;15;38,1626;100
100;3;15;38,1626;100
100;2;2;38,1626;100
100;3;15;38,1626;100
100;2;2;38,1626;100
100;3;15;38,49609;100
100;2;2;38,49609;100
100;2;2;38,49609;100
100;3;15;38,49609;100
100;2;2;38,49609;100
100;3;15;38,49609;100
100;3;15;38,49609;100
100;2;2;38,82959;100
100;2;2;38,82959;100
100;3;15;38,82959;100
100;2;2;38,82959;100
100;2;2;38,82959;100
100;2;2;38,82959;100
100;3;15;38,82959;100
100;2;2;38,82959;100
100;2;2;39,16309;100
100;3;15;39,16309;100
100;3;15;39,16309;100
100;3;15;39,16309;100
100;2;2;39,16309;100
100;3;15;39,49658;100
100;2;2;39,49658;100
100;2;2;39,49658;100
100;3;15;39,49658;100
100;2;2;39,49658;100
100;3;15;39,49658;100
100;3;15;39,49658;100
100;2;2;39,49658;100
100;2;2;39,49658;100
100;2;2;39,83008;100
100;2;2;39,83008;100
100;2;2;39,83008;100
100;3;15;39,83008;100
100;3;15;39,83008;100
100;2;2;39,83008;100
100;3;15;39,83008;100
100;3;15;39,83008;100
100;3;15;40,16357;100
100;2;2;40,16357;100
100;2;2;40,16357;100
100;3;15;40,16357;100
100;2;2;40,16357;100
100;3;15;40,16357;100
100;2;2;40,16357;100
100;2;2;40,16357;100
100;2;2;40,16357;100
100;2;2;40,16357;100
100;3;15;40,49707;100
100;3;15;40,49707;100
100;3;15;40,49707;100
100;2;2;40,49707;100
100;3;15;40,49707;100
100;2;2;40,49707;100
100;3;15;40,83057;100
100;3;15;40,83057;100
100;2;2;40,83057;100
100;2;2;40,83057;100
100;3;15;40,83057;100
100;3;15;41,16406;100
100;3;15;41,16406;100
100;2;2;41,16406;100
100;2;2;41,16406;100
100;3;15;41,16406;100
100;3;15;41,49756;100
100;3;15;41,49756;100
100;3;15;41,49756;100
100;2;2;41,49756;100
100;3;15;41,49756;100
100;3;15;41,83105;100
100;3;15;41,83105;100
100;3;15;41,83105;100
100;3;15;41,83105;100
100;3;15;41,83105;100
100;2;2;41,83105;100
100;2;2;41,83105;100
100;2;2;42,16455;100
100;3;15;42,16455;100
100;3;15;42,16455;100
100;2;2;42,16455;100
100;3;15;42,16455;100
100;3;15;42,16455;100
100;3;15;42,16455;100
100;3;15;42,16455;100
100;2;2;42,16455;100
100;3;15;42,16455;100
100;3;15;42,49805;100
100;3;15;42,49805;100
100;3;15;42,49805;100
100;3;15;42,49805;100
100;3;15;42,49805;100
100;3;15;42,49805;100
100;2;2;42,49805;100
100;3;15;42,49805;100
100;3;15;42,49805;100
100;3;15;42,83154;100
100;3;15;42,83154;100
100;3;15;42,83154;100
100;2;2;42,83154;100
100;3;15;42,83154;100
100;2;2;43,16504;100
100;3;15;43,16504;100
100;2;2;43,16504;100
100;3;15;43,16504;100
100;2;2;43,16504;100
100;3;15;43,16504;100
100;3;15;43,16504;100
100;3;15;43,49854;100
100;3;15;43,49854;100
100;3;15;43,49854;100
100;2;2;43,49854;100
100;3;15;43,83203;100
100;3;15;43,83203;100
100;3;15;43,83203;100
100;3;15;43,83203;100
100;3;15;43,83203;100
100;2;2;43,83203;100
100;3;15;43,83203;100
100;3;15;44,16553;100
100;3;15;44,16553;100
100;2;2;44,16553;100
100;2;2;44,16553;100
100;2;2;44,49902;100
100;3;15;44,49902;100
100;3;15;44,49902;100
100;3;15;44,49902;100
100;2;2;44,49902;100
100;3;15;44,49902;100
100;3;15;44,83252;100
100;2;2;44,83252;100
100;3;15;44,83252;100
100;3;15;44,83252;100
100;2;2;44,83252;100
100;3;15;44,83252;100
100;3;15;44,83252;100
100;2;2;44,83252;100
100;3;15;44,83252;100
100;3;15;44,83252;100
100;3;15;45,16602;100
100;2;2;45,16602;100
100;3;15;45,16602;100
100;2;2;45,16602;100
100;2;2;45,16602;100
100;2;2;45,16602;100
100;2;2;45,49951;100
100;2;2;45,49951;100
100;3;15;45,49951;100
100;2;2;45,49951;100
100;3;15;45,49951;100
100;2;2;45,49951;100
100;3;15;45,49951;100
100;3;15;45,83301;100
100;2;2;45,83301;100
100;3;15;45,83301;100
100;2;2;45,83301;100
100;3;15;45,83301;100
100;3;15;45,83301;100
100;2;2;45,83301;100
100;2;2;45,83301;100
100;3;15;45,83301;100
100;3;15;45,83301;100
100;3;15;46,1665;100
100;2;2;46,1665;100
100;2;2;46,1665;100
100;2;2;46,1665;100
100;3;15;46,1665;100
100;2;2;46,1665;100
100;2;2;46,5;100
100;2;2;46,5;100
100;3;15;46,5;100
100;2;2;46,5;100
100;3;15;46,5;100
100;2;2;46,5;100
100;2;2;46,5;100
100;2;2;46,5;100
100;3;15;46,5;100
100;3;15;46,8335;100
100;2;2;46,8335;100
100;3;15;46,8335;100
100;3;15;46,8335;100
100;2;2;46,8335;100
100;3;15;46,8335;100
100;2;2;46,8335;100
100;3;15;46,8335;100
100;2;2;47,16699;100
100;3;15;47,16699;100
100;2;2;47,16699;100
100;2;2;47,16699;100
100;3;15;47,16699;100
100;2;2;47,16699;100
100;2;2;47,16699;100
100;2;2;47,16699;100
100;2;2;47,50049;100
100;2;2;47,50049;100
100;3;15;47,50049;100
100;2;2;47,50049;100
100;3;15;47,50049;100
100;2;2;47,50049;100
100;3;15;47,50049;100
100;2;2;47,50049;100
100;3;15;47,83398;100
100;3;15;47,83398;100
100;2;2;47,83398;100
100;3;15;47,83398;100
100;3;15;47,83398;100
100;2;2;47,83398;100
100;3;15;47,83398;100
100;2;2;47,83398;100
100;3;15;47,83398;100
100;3;15;48,16748;100
100;3;15;48,16748;100
100;3;15;48,16748;100
100;2;2;48,16748;100
100;3;15;48,16748;100
100;2;2;48,16748;100
100;3;15;48,16748;100
100;3;15;48,16748;100
100;3;15;48,16748;100
100;3;15;48,50098;100
100;2;2;48,50098;100
100;3;15;48,50098;100
100;2;2;48,50098;100
100;3;15;48,50098;100
100;3;15;48,50098;100
100;2;2;48,50098;100
100;2;2;48,50098;100
100;2;2;48,83447;100
100;2;2;48,83447;100
100;2;2;48,83447;100
100;3;15;48,83447;100
100;2;2;48,83447;100
100;3;15;48,83447;100
100;3;15;48,83447;100
100;3;15;48,83447;100
100;3;15;49,16797;100
100;3;15;49,16797;100
100;3;15;49,16797;100
100;2;2;49,16797;100
100;3;15;49,16797;100
100;2;2;49,16797;100
100;3;15;49,16797;100
100;2;2;49,16797;100
100;2;2;49,50146;100
100;2;2;49,50146;100
100;3;15;49,50146;100
100;2;2;49,50146;100
100;3;15;49,50146;100
100;3;15;49,83496;100
100;3;15;49,83496;100
100;3;15;49,83496;100
100;3;15;50,16846;100
100;3;15;50,16846;100
100;3;15;50,16846;100
100;3;15;50,50195;100
100;3;15;50,50195;100
100;2;2;50,50195;100
100;2;2;50,50195;100
100;3;15;50,50195;100
100;2;2;50,50195;100
100;3;15;50,50195;100
100;2;2;50,50195;100
100;3;15;50,50195;100
100;3;15;50,50195;100
100;2;2;50,50195;100
100;2;2;50,83545;100
100;3;15;50,83545;100
100;2;2;50,83545;100
100;2;2;50,83545;100
100;3;15;50,83545;100
100;3;15;50,83545;100
100;3;15;50,83545;100
100;3;15;50,83545;100
100;3;15;50,83545;100
100;2;2;50,83545;100
100;3;15;51,16895;100
100;2;2;51,16895;100
100;3;15;51,16895;100
100;2;2;51,16895;100
100;2;2;51,16895;100
100;3;15;51,50244;100
100;2;2;51,50244;100
100;2;2;51,50244;100
100;3;15;51,50244;100
100;3;15;51,50244;100
100;3;15;51,50244;100
100;2;2;51,50244;100
100;2;2;51,50244;100
100;3;15;51,83594;100
100;2;2;51,83594;100
100;3;15;51,83594;100
100;3;15;51,83594;100
100;3;15;51,83594;100
100;2;2;51,83594;100
100;2;2;51,83594;100
100;3;15;51,83594;100
100;2;2;52,16943;100
100;3;15;52,16943;100
100;3;15;52,16943;100
100;3;15;52,16943;100
100;2;2;52,16943;100
100;3;15;52,16943;100
100;2;2;52,16943;100
100;3;15;52,50293;100
100;2;2;52,50293;100
100;2;2;52,50293;100
100;3;15;52,50293;100
100;2;2;52,50293;100
100;2;2;52,83643;100
100;2;2;52,83643;100
100;3;15;52,83643;100
100;3;15;52,83643;100
100;3;15;52,83643;100
100;3;15;52,83643;100
100;3;15;52,83643;100
100;3;15;53,16992;100
100;2;2;53,16992;100
100;3;15;53,16992;100
100;3;15;53,16992;100
100;2;2;53,16992;100
100;3;15;53,16992;100
100;2;2;53,50342;100
100;3;15;53,50342;100
100;2;2;53,50342;100
100;2;2;53,50342;100
100;3;15;53,50342;100
100;2;2;53,50342;100
100;2;2;53,50342;100
100;3;15;53,50342;100
100;3;15;53,50342;100
100;3;15;53,83691;100
100;3;15;53,83691;100
100;2;2;53,83691;100
100;2;2;53,83691;100
100;3;15;53,83691;100
100;2;2;53,83691;100
100;3;15;53,83691;100
100;3;15;54,17041;100
100;3;15;54,17041;100
100;3;15;54,17041;100
100;3;15;54,17041;100
100;3;15;54,17041;100
100;3;15;54,17041;100
100;2;2;54,17041;100
100;3;15;54,17041;100
100;2;2;54,50391;100
100;3;15;54,50391;100
100;3;15;54,50391;100
100;3;15;54,50391;100
100;3;15;54,8374;100
100;3;15;54,8374;100
100;2;2;54,8374;100
100;3;15;54,8374;100
100;3;15;54,8374;100
100;3;15;54,8374;100
100;2;2;54,8374;100
100;3;15;54,8374;100
100;2;2;55,1709;100
100;3;15;55,1709;100
100;3;15;55,1709;100
100;3;15;55,1709;100
100;2;2;55,1709;100
100;3;15;55,50439;100
100;3;15;55,50439;85
100;3;15;55,50439;70
100;3;15;55,50439;55
100;3;15;55,50439;40
100;2;2;55,50439;40
100;2;2;55,50439;40
100;3;15;55,50439;25
100;3;15;55,83789;10
92;3;15;55,83789;-5
Player