100;3;15;8,079102;100
100;3;15;8,079102;100
100;3;15;8,079102;100
100;3;15;8,079102;100
100;2;2;8,079102;100
100;2;2;8,079102;100
100;2;2;8,079102;100
100;3;15;8,079102;100
100;3;15;8,412109;100
100;3;15;8,412109;100
100;3;15;8,412109;100
100;3;15;8,412109;100
100;3;15;8,412109;100
100;3;15;8,412109;100
100;2;2;8,412109;100
100;3;15;8,745117;100
100;3;15;8,745117;100
100;3;15;8,745117;100
100;3;15;8,745117;100
100;3;15;8,745117;100
100;3;15;8,745117;100
100;3;15;8,745117;100
100;3;15;8,745117;100
100;2;2;8,745117;100
100;3;15;8,745117;100
100;3;15;8,745117;100
100;3;15;9,078125;100
100;2;2;9,078125;100
100;3;15;9,078125;100
100;3;15;9,078125;100
100;3;15;9,078125;100
100;3;15;9,078125;100
100;3;15;9,078125;100
100;3;15;9,078125;100
100;3;15;9,078125;100
100;3;15;9,411133;100
100;3;15;9,411133;100
100;3;15;9,411133;100
100;3;15;9,411133;100
100;3;15;9,411133;100
100;3;15;9,411133;100
100;3;15;9,411133;100
100;2;2;9,411133;100
100;3;15;9,411133;100
100;3;15;9,744141;100
100;3;15;9,744141;100
100;3;15;9,744141;100
100;3;15;9,744141;100
100;3;15;9,744141;100
100;3;15;9,744141;100
100;3;15;9,744141;100
100;3;15;9,744141;100
100;3;15;9,744141;100
100;3;15;9,744141;100
100;3;15;9,744141;100
100;3;15;9,744141;100
100;3;15;9,744141;100
100;3;15;10,07715;100
100;3;15;10,07715;100
100;2;2;10,07715;100
100;3;15;10,07715;100
100;3;15;10,07715;100
100;3;15;10,07715;100
100;3;15;10,07715;100
100;3;15;10,07715;100
100;3;15;10,07715;100
100;3;15;10,07715;100
100;3;15;10,07715;100
100;3;15;10,07715;100
100;3;15;10,07715;100
100;2;2;10,41016;100
100;3;15;10,41016;100
100;2;2;10,41016;100
100;3;15;10,41016;100
100;3;15;10,41016;100
100;3;15;10,41016;100
100;3;15;10,41016;100
100;3;15;10,74316;100
100;3;15;10,74316;100
100;3;15;10,74316;100
100;2;2;10,74316;100
100;3;15;10,74316;100
100;3;15;10,74316;100
100;3;15;10,74316;100
100;3;15;10,74316;100
100;2;2;10,74316;100
100;3;15;10,74316;100
100;3;15;11,07617;100
100;3;15;11,07617;100
100;3;15;11,07617;100
100;3;15;11,07617;100
100;3;15;11,07617;100
100;3;15;11,07617;100
100;3;15;11,07617;100
100;2;2;11,07617;100
100;3;15;11,07617;100
100;3;15;11,07617;100
100;3;15;11,07617;100
100;3;15;11,07617;100
100;2;2;11,40918;100
100;3;15;11,40918;100
100;3;15;11,40918;100
100;3;15;11,40918;100
100;3;15;11,40918;100
100;3;15;11,40918;100
100;2;2;11,40918;100
100;2;2;11,40918;100
100;3;15;11,40918;100
100;3;15;11,40918;100
100;3;15;11,40918;100
100;2;2;11,74219;100
100;2;2;11,74219;100
100;2;2;11,74219;100
100;3;15;11,74219;100
100;2;2;11,74219;100
100;3;15;11,74219;100
100;3;15;11,74219;100
100;3;15;11,74219;100
100;2;2;11,74219;100
100;3;15;11,74219;100
100;3;15;11,74219;100
100;3;15;12,0752;100
100;3;15;12,0752;100
100;3;15;12,0752;100
100;3;15;12,0752;100
100;3;15;12,0752;100
100;3;15;12,0752;100
100;3;15;12,0752;100
100;3;15;12,0752;100
100;3;15;12,0752;100
100;3;15;12,4082;100
100;3;15;12,4082;100
100;3;15;12,4082;100
100;2;2;12,4082;100
100;2;2;12,4082;100
100;3;15;12,4082;100
100;3;15;12,4082;100
100;2;2;12,4082;100
100;3;15;12,74121;100
100;3;15;12,74121;100
100;3;15;12,74121;100
100;3;15;12,74121;100
100;3;15;12,74121;100
100;2;2;12,74121;100
100;2;2;12,74121;100
100;3;15;12,74121;100
100;3;15;12,74121;100
100;3;15;12,74121;100
100;3;15;12,74121;100
100;2;2;13,07422;100
100;3;15;13,07422;100
100;3;15;13,07422;100
100;3;15;13,07422;100
100;3;15;13,07422;100
100;3;15;13,07422;100
100;2;2;13,07422;100
100;2;2;13,07422;100
100;3;15;13,40723;100
100;3;15;13,40723;100
100;2;2;13,40723;100
100;3;15;13,40723;100
100;3;15;13,40723;100
100;3;15;13,40723;100
100;2;2;13,40723;100
100;3;15;13,40723;100
100;3;15;13,40723;100
100;3;15;13,40723;100
100;3;15;13,40723;100
100;3;15;13,40723;100
100;3;15;13,74023;100
100;3;15;13,74023;100
100;3;15;13,74023;100
100;3;15;13,74023;100
100;3;15;13,74023;100
100;3;15;13,74023;100
100;2;2;13,74023;100
100;3;15;13,74023;100
100;3;15;13,74023;100
100;3;15;13,74023;100
100;3;15;13,74023;100
100;3;15;14,07324;100
100;2;2;14,07324;100
100;3;15;14,07324;100
100;3;15;14,07324;100
100;2;2;14,07324;100
100;3;15;14,07324;100
100;3;15;14,07324;100
100;2;2;14,07324;100
100;3;15;14,07324;100
100;2;2;14,07324;100
100;3;15;14,40625;100
100;2;2;14,40625;100
100;3;15;14,40625;100
100;2;2;14,40625;100
100;3;15;14,40625;100
100;3;15;14,40625;100
100;3;15;14,40625;100
100;3;15;14,40625;100
100;3;15;14,40625;100
100;3;15;14,40625;100
100;3;15;14,40625;100
100;3;15;14,40625;100
100;2;2;14,40625;100
100;3;15;14,73926;100
100;3;15;14,73926;100
100;2;2;14,73926;100
100;2;2;14,73926;100
100;3;15;14,73926;100
100;3;15;14,73926;100
100;3;15;14,73926;100
100;2;2;14,73926;100
100;3;15;14,73926;100
100;3;15;14,73926;100
100;3;15;14,73926;100
100;2;2;14,73926;100
100;3;15;15,07227;100
100;3;15;15,07227;100
100;2;2;15,07227;100
100;3;15;15,07227;100
100;3;15;15,07227;100
100;3;15;15,07227;100
100;3;15;15,07227;100
100;3;15;15,07227;100
100;2;2;15,07227;100
100;3;15;15,07227;100
100;3;15;15,07227;100
100;3;15;15,07227;100
100;3;15;15,07227;100
100;3;15;15,40527;100
100;3;15;15,40527;100
100;2;2;15,40527;100
100;2;2;15,40527;100
100;3;15;15,40527;100
100;3;15;15,40527;100
100;3;15;15,40527;100
100;3;15;15,40527;100
100;2;2;15,40527;100
100;3;15;15,40527;100
100;3;15;15,40527;100
100;2;2;15,40527;100
100;3;15;15,73828;100
100;2;2;15,73828;100
100;3;15;15,73828;100
100;3;15;15,73828;100
100;3;15;15,73828;100
100;2;2;15,73828;100
100;3;15;15,73828;100
100;2;2;15,73828;100
100;3;15;15,73828;100
100;2;2;16,07129;100
100;2;2;16,07129;100
100;2;2;16,07129;100
100;3;15;16,07129;100
100;3;15;16,07129;100
100;3;15;16,07129;100
100;3;15;16,07129;100
100;3;15;16,07129;100
100;2;2;16,07129;100
100;3;15;16,07129;100
100;3;15;16,07129;100
100;3;15;16,07129;100
100;2;2;16,4043;100
100;3;15;16,4043;100
100;2;2;16,4043;100
100;3;15;16,4043;100
100;3;15;16,4043;100
100;3;15;16,4043;100
100;3;15;16,4043;100
100;2;2;16,4043;100
100;3;15;16,4043;100
100;2;2;16,4043;100
100;3;15;16,4043;100
100;3;15;16,7373;100
100;3;15;16,7373;100
100;3;15;16,7373;100
100;2;2;16,7373;100
100;3;15;16,7373;100
100;3;15;16,7373;100
100;3;15;16,7373;100
100;3;15;16,7373;100
100;2;2;16,7373;100
100;3;15;17,07031;100
100;3;15;17,07031;100
100;3;15;17,07031;100
100;3;15;17,07031;100
100;3;15;17,07031;100
100;3;15;17,07031;100
100;3;15;17,07031;100
100;3;15;17,07031;100
100;3;15;17,07031;100
100;3;15;17,07031;100
100;3;15;17,07031;100
100;3;15;17,40332;100
100;3;15;17,40332;100
100;2;2;17,40332;100
100;2;2;17,40332;100
100;3;15;17,40332;100
100;2;2;17,40332;100
100;3;15;17,40332;100
100;3;15;17,40332;100
100;3;15;17,40332;100
100;3;15;17,40332;100
100;3;15;17,40332;100
100;3;15;17,40332;100
100;2;2;17,40332;100
100;2;2;17,40332;100
100;3;15;17,73633;100
100;2;2;17,73633;100
100;3;15;17,73633;100
100;2;2;17,73633;100
100;3;15;17,73633;100
100;3;15;17,73633;100
100;3;15;17,73633;100
100;2;2;17,73633;100
100;3;15;17,73633;100
100;3;15;17,73633;100
100;3;15;17,73633;100
100;3;15;18,06934;100
100;3;15;18,06934;100
100;2;2;18,06934;100
100;3;15;18,06934;100
100;3;15;18,06934;100
100;3;15;18,06934;100
100;3;15;18,06934;100
100;3;15;18,06934;100
100;2;2;18,06934;100
100;3;15;18,06934;100
100;3;15;18,06934;100
100;3;15;18,40234;100
100;3;15;18,40234;100
100;2;2;18,40234;100
100;2;2;18,40234;100
100;3;15;18,40234;100
100;3;15;18,40234;100
100;3;15;18,73535;100
100;2;2;18,73535;100
100;3;15;18,73535;100
100;2;2;18,73535;100
100;3;15;18,73535;100
100;3;15;18,73535;100
100;2;2;18,73535;100
100;2;2;18,73535;100
100;2;2;18,73535;100
100;2;2;18,73535;100
100;3;15;18,73535;100
100;3;15;18,73535;100
100;3;15;19,06836;100
100;3;15;19,06836;100
100;3;15;19,06836;100
100;3;15;19,06836;100
100;2;2;19,06836;100
100;3;15;19,06836;100
100;3;15;19,06836;100
100;2;2;19,06836;100
100;3;15;19,06836;100
100;3;15;19,06836;100
100;3;15;19,40137;100
100;2;2;19,40137;100
100;3;15;19,40137;100
100;3;15;19,40137;100
100;3;15;19,40137;100
100;3;15;19,40137;100
100;2;2;19,40137;100
100;3;15;19,40137;100
100;3;15;19,40137;100
100;3;15;19,40137;100
100;3;15;19,40137;100
100;3;15;19,40137;100
100;3;15;19,40137;100
100;3;15;19,73438;100
100;3;15;19,73438;100
100;3;15;19,73438;100
100;3;15;19,73438;100
100;3;15;19,73438;100
100;3;15;19,73438;100
100;3;15;19,73438;100
100;2;2;19,73438;100
100;3;15;19,73438;100
100;2;2;19,73438;100
100;3;15;19,73438;100
100;3;15;19,73438;100
100;3;15;20,06738;100
100;3;15;20,06738;100
100;2;2;20,06738;100
100;3;15;20,06738;100
100;3;15;20,06738;100
100;2;2;20,06738;100
100;3;15;20,06738;100
100;3;15;20,40039;100
100;3;15;20,40039;100
100;3;15;20,40039;100
100;3;15;20,40039;100
100;3;15;20,40039;100
100;3;15;20,40039;100
100;3;15;20,40039;100
100;3;15;20,40039;100
100;3;15;20,40039;100
100;3;15;20,40039;100
100;2;2;20,7334;100
100;2;2;20,7334;100
100;2;2;20,7334;100
100;2;2;20,7334;100
100;3;15;20,7334;100
100;3;15;20,7334;100
100;3;15;20,7334;100
100;3;15;20,7334;100
100;3;15;21,06641;100
100;3;15;21,06641;100
100;2;2;21,06641;100
100;3;15;21,06641;100
100;2;2;21,06641;100
100;3;15;21,06641;100
100;3;15;21,06641;100
100;3;15;21,06641;100
100;3;15;21,06641;100
100;3;15;21,06641;100
100;3;15;21,39941;100
100;3;15;21,39941;100
100;3;15;21,39941;100
100;3;15;21,39941;100
100;3;15;21,39941;100
100;3;15;21,39941;100
100;3;15;21,39941;100
100;3;15;21,39941;100
100;3;15;21,39941;100
100;3;15;21,39941;100
100;3;15;21,39941;100
100;3;15;21,39941;100
100;2;2;21,39941;100
100;3;15;21,39941;100
100;2;2;21,73242;100
100;3;15;21,73242;100
100;3;15;21,73242;100
100;3;15;21,73242;100
100;3;15;21,73242;100
100;3;15;21,73242;100
100;2;2;21,73242;100
100;3;15;21,73242;100
100;3;15;21,73242;100
100;3;15;21,73242;100
100;3;15;22,06543;100
100;3;15;22,06543;100
100;3;15;22,06543;100
100;3;15;22,06543;100
100;3;15;22,06543;100
100;3;15;22,06543;100
100;3;15;22,06543;100
100;3;15;22,06543;100
100;3;15;22,06543;100
100;3;15;22,06543;100
100;2;2;22,06543;100
100;3;15;22,06543;100
100;3;15;22,06543;100
100;3;15;22,39844;100
100;3;15;22,39844;100
100;3;15;22,39844;100
100;3;15;22,39844;100
100;3;15;22,39844;100
100;3;15;22,39844;100
100;2;2;22,39844;100
100;3;15;22,39844;100
100;3;15;22,39844;100
100;3;15;22,39844;100
100;3;15;22,73145;100
100;3;15;22,73145;100
100;2;2;22,73145;100
100;3;15;22,73145;100
100;3;15;22,73145;100
100;2;2;22,73145;100
100;2;2;22,73145;100
100;3;15;22,73145;100
100;3;15;22,73145;100
100;3;15;22,73145;100
100;3;15;22,73145;100
100;2;2;23,06445;100
100;3;15;23,06445;100
100;3;15;23,06445;100
100;2;2;23,06445;100
100;3;15;23,06445;100
100;3;15;23,06445;100
100;3;15;23,06445;100
100;3;15;23,06445;100
100;2;2;23,06445;100
100;2;2;23,06445;100
100;3;15;23,06445;100
100;3;15;23,06445;100
100;3;15;23,39746;100
100;3;15;23,39746;100
100;2;2;23,39746;100
100;2;2;23,39746;100
100;3;15;23,39746;100
100;3;15;23,39746;100
100;3;15;23,39746;100
100;2;2;23,39746;100
100;3;15;23,39746;100
100;2;2;23,39746;100
100;2;2;23,39746;100
100;3;15;23,73047;100
100;3;15;23,73047;100
100;2;2;23,73047;100
100;3;15;23,73047;100
100;2;2;23,73047;100
100;3;15;23,73047;100
100;3;15;23,73047;100
100;3;15;23,73047;100
100;2;2;23,73047;100
100;3;15;23,73047;100
100;3;15;23,73047;100
100;3;15;23,73047;100
100;3;15;24,06348;100
100;3;15;24,06348;100
100;3;15;24,06348;100
100;3;15;24,06348;100
100;3;15;24,06348;100
100;2;2;24,06348;100
100;3;15;24,06348;100
100;3;15;24,06348;100
100;3;15;24,06348;100
100;3;15;24,06348;100
100;2;2;24,06348;100
100;3;15;24,06348;100
100;3;15;24,39648;100
100;3;15;24,39648;100
100;3;15;24,39648;100
100;3;15;24,39648;100
100;2;2;24,39648;100
100;2;2;24,39648;100
100;3;15;24,39648;100
100;2;2;24,39648;100
100;3;15;24,39648;100
100;3;15;24,39648;100
100;3;15;24,72949;85
100;3;15;24,72949;70
100;3;15;24,72949;55
100;2;2;24,72949;55
100;3;15;24,72949;40
100;3;15;24,72949;25
100;3;15;24,72949;10
100;3;15;24,72949;-5
Player