100;3;15;5,337769;100
100;2;2;5,337769;100
100;3;15;5,337769;100
100;3;15;5,337769;100
100;3;15;5,337769;100
100;2;2;5,337769;100
100;3;15;5,671143;100
100;3;15;5,671143;100
100;2;2;5,671143;100
100;2;2;5,671143;100
100;2;2;5,671143;100
100;2;2;5,671143;100
100;2;2;5,671143;100
100;2;2;5,671143;100
100;2;2;5,671143;100
100;2;2;6,004517;100
100;3;15;6,004517;100
100;2;2;6,004517;100
100;2;2;6,004517;100
100;2;2;6,004517;100
100;2;2;6,004517;100
100;2;2;6,004517;100
100;2;2;6,004517;100
100;3;15;6,004517;100
100;2;2;6,337891;100
100;3;15;6,337891;100
100;3;15;6,337891;100
100;3;15;6,337891;100
100;2;2;6,337891;100
100;2;2;6,337891;100
100;3;15;6,337891;100
100;2;2;6,337891;100
100;3;15;6,671265;100
100;3;15;6,671265;100
100;2;2;6,671265;100
100;3;15;6,671265;100
100;2;2;6,671265;100
100;2;2;6,671265;100
100;2;2;6,671265;100
100;3;15;6,671265;100
100;3;15;6,671265;100
100;3;15;6,671265;100
100;2;2;6,671265;100
100;3;15;6,671265;100
100;3;15;7,004639;100
100;3;15;7,004639;100
100;3;15;7,004639;100
100;2;2;7,004639;100
100;3;15;7,004639;100
100;3;15;7,004639;100
100;3;15;7,004639;100
100;2;2;7,004639;100
100;3;15;7,004639;100
100;2;2;7,338013;100
100;2;2;7,338013;100
100;2;2;7,338013;100
100;3;15;7,338013;100
100;3;15;7,338013;100
100;3;15;7,338013;100
100;3;15;7,338013;100
100;2;2;7,338013;100
100;2;2;7,338013;100
100;2;2;7,338013;100
100;3;15;7,338013;100
100;2;2;7,338013;100
100;2;2;7,671387;100
100;2;2;7,671387;100
100;2;2;7,671387;100
100;3;15;7,671387;100
100;2;2;7,671387;100
100;3;15;7,671387;100
100;2;2;7,671387;100
100;2;2;7,671387;100
100;3;15;8,004761;100
100;2;2;8,004761;100
100;3;15;8,004761;100
100;2;2;8,004761;100
100;3;15;8,004761;100
100;3;15;8,004761;100
100;3;15;8,338135;100
100;3;15;8,338135;100
100;2;2;8,338135;100
100;2;2;8,338135;100
100;3;15;8,338135;100
100;3;15;8,338135;100
100;3;15;8,671509;100
100;3;15;8,671509;100
100;3;15;8,671509;100
100;2;2;8,671509;100
100;3;15;8,671509;100
100;2;2;9,004883;100
100;3;15;9,004883;100
100;3;15;9,004883;100
100;3;15;9,004883;100
100;2;2;9,004883;100
100;2;2;9,004883;100
100;3;15;9,004883;100
100;2;2;9,004883;100
100;3;15;9,004883;100
100;2;2;9,004883;100
100;3;15;9,338257;100
100;2;2;9,338257;100
100;2;2;9,338257;100
100;2;2;9,338257;100
100;3;15;9,338257;100
100;3;15;9,338257;100
100;2;2;9,338257;100
100;2;2;9,338257;100
100;2;2;9,338257;100
100;2;2;9,671631;100
100;3;15;9,671631;100
100;3;15;9,671631;100
100;2;2;9,671631;100
100;2;2;9,671631;100
100;2;2;9,671631;100
100;3;15;9,671631;100
100;3;15;9,671631;100
100;3;15;10,005;100
100;3;15;10,005;100
100;2;2;10,005;100
100;2;2;10,005;100
100;3;15;10,33838;100
100;3;15;10,33838;100
100;3;15;10,33838;100
100;2;2;10,33838;100
100;3;15;10,33838;100
100;2;2;10,33838;100
100;3;15;10,67175;100
100;3;15;10,67175;100
100;3;15;10,67175;100
100;3;15;10,67175;100
100;3;15;10,67175;100
100;3;15;10,67175;100
100;2;2;10,67175;100
100;3;15;10,67175;100
100;3;15;11,00513;100
100;2;2;11,00513;100
100;2;2;11,00513;100
100;2;2;11,00513;100
100;3;15;11,00513;100
100;3;15;11,00513;100
100;3;15;11,00513;100
100;3;15;11,3385;100
100;2;2;11,3385;100
100;2;2;11,3385;100
100;2;2;11,3385;100
100;2;2;11,3385;100
100;3;15;11,67188;100
100;3;15;11,67188;100
100;3;15;11,67188;100
100;3;15;11,67188;100
100;3;15;11,67188;100
100;2;2;11,67188;100
100;3;15;11,67188;100
100;2;2;11,67188;100
100;3;15;12,00525;100
100;3;15;12,00525;100
100;3;15;12,00525;100
100;2;2;12,00525;100
100;2;2;12,00525;100
100;2;2;12,00525;100
100;2;2;12,00525;100
100;3;15;12,00525;100
100;3;15;12,00525;100
100;3;15;12,00525;100
100;2;2;12,00525;100
100;2;2;12,33862;100
100;3;15;12,33862;100
100;2;2;12,33862;100
100;2;2;12,33862;100
100;3;15;12,33862;100
100;3;15;12,33862;100
100;3;15;12,33862;100
100;2;2;12,33862;100
100;3;15;12,33862;100
100;3;15;12,33862;100
100;2;2;12,33862;100
100;3;15;12,33862;100
100;3;15;12,672;100
100;3;15;12,672;100
100;2;2;12,672;100
100;2;2;12,672;100
100;3;15;12,672;100
100;2;2;12,672;100
100;2;2;12,672;100
100;3;15;12,672;100
100;2;2;12,672;100
100;2;2;12,672;100
100;3;15;13,00537;100
100;3;15;13,00537;100
100;3;15;13,00537;100
100;3;15;13,00537;100
100;3;15;13,00537;100
100;3;15;13,00537;100
100;3;15;13,00537;100
100;3;15;13,00537;100
100;3;15;13,33875;100
100;3;15;13,33875;100
100;2;2;13,33875;100
100;2;2;13,33875;100
100;3;15;13,33875;100
100;3;15;13,33875;100
100;3;15;13,33875;100
100;3;15;13,33875;100
100;2;2;13,33875;100
100;3;15;13,33875;100
100;3;15;13,33875;100
100;2;2;13,33875;100
100;2;2;13,33875;100
100;2;2;13,67212;100
100;2;2;13,67212;100
100;3;15;13,67212;100
100;2;2;13,67212;100
100;2;2;13,67212;100
100;2;2;13,67212;100
100;3;15;13,67212;100
100;3;15;14,00549;100
100;2;2;14,00549;100
100;3;15;14,00549;100
100;3;15;14,00549;100
100;2;2;14,00549;100
100;3;15;14,33887;100
100;3;15;14,33887;100
100;3;15;14,33887;100
100;3;15;14,33887;100
100;3;15;14,33887;100
100;2;2;14,33887;100
100;3;15;14,33887;100
100;3;15;14,33887;100
100;3;15;14,33887;100
100;2;2;14,33887;100
100;2;2;14,33887;100
100;2;2;14,33887;100
100;2;2;14,67224;100
100;3;15;14,67224;100
100;3;15;14,67224;100
100;3;15;14,67224;100
100;2;2;14,67224;100
100;2;2;14,67224;100
100;3;15;14,67224;100
100;2;2;14,67224;100
100;3;15;14,67224;100
100;2;2;14,67224;100
100;3;15;14,67224;100
100;2;2;14,67224;100
100;3;15;15,00562;100
100;2;2;15,00562;100
100;3;15;15,00562;100
100;3;15;15,00562;100
100;2;2;15,00562;100
100;2;2;15,00562;100
100;3;15;15,00562;100
100;3;15;15,00562;100
100;2;2;15,00562;100
100;2;2;15,33899;100
100;3;15;15,33899;100
100;2;2;15,33899;100
100;2;2;15,33899;100
100;3;15;15,33899;100
100;3;15;15,33899;100
100;2;2;15,33899;100
100;3;15;15,67236;100
100;2;2;15,67236;100
100;2;2;15,67236;100
100;3;15;15,67236;100
100;2;2;15,67236;100
100;3;15;15,67236;100
100;3;15;15,67236;100
100;3;15;15,67236;100
100;2;2;15,67236;100
100;3;15;15,67236;100
100;3;15;15,67236;100
100;2;2;16,00574;100
100;3;15;16,00574;100
100;3;15;16,00574;100
100;2;2;16,00574;100
100;3;15;16,00574;100
100;3;15;16,00574;100
100;3;15;16,00574;100
100;3;15;16,00574;100
100;2;2;16,00574;100
100;3;15;16,00574;100
100;2;2;16,00574;100
100;3;15;16,00574;100
100;3;15;16,33911;100
100;3;15;16,33911;100
100;3;15;16,33911;100
100;2;2;16,33911;100
100;2;2;16,33911;100
100;3;15;16,67249;100
100;2;2;16,67249;100
100;2;2;16,67249;100
100;2;2;16,67249;100
100;3;15;16,67249;100
100;2;2;16,67249;100
100;2;2;16,67249;100
100;3;15;16,67249;100
100;3;15;17,00586;100
100;3;15;17,00586;100
100;3;15;17,00586;100
100;2;2;17,00586;100
100;3;15;17,00586;100
100;2;2;17,00586;100
100;2;2;17,00586;100
100;3;15;17,00586;100
100;3;15;17,00586;100
100;2;2;17,00586;100
100;2;2;17,00586;100
100;3;15;17,33923;100
100;3;15;17,33923;100
100;2;2;17,33923;100
100;2;2;17,33923;100
100;2;2;17,33923;100
100;2;2;17,33923;100
100;3;15;17,33923;100
100;2;2;17,33923;100
100;3;15;17,33923;100
100;2;2;17,33923;100
100;2;2;17,33923;100
100;3;15;17,33923;100
100;3;15;17,67261;100
100;3;15;17,67261;100
100;2;2;17,67261;100
100;2;2;17,67261;100
100;3;15;17,67261;100
100;3;15;17,67261;100
100;3;15;17,67261;100
100;3;15;18,00598;100
100;3;15;18,00598;100
100;3;15;18,00598;100
100;2;2;18,00598;100
100;2;2;18,00598;100
100;2;2;18,00598;100
100;2;2;18,00598;100
100;2;2;18,00598;100
100;3;15;18,33936;100
100;2;2;18,33936;100
100;2;2;18,33936;100
100;2;2;18,33936;100
100;2;2;18,33936;100
100;3;15;18,33936;100
100;3;15;18,33936;100
100;3;15;18,33936;100
100;3;15;18,67273;100
100;2;2;18,67273;100
100;3;15;18,67273;100
100;3;15;18,67273;100
100;3;15;18,67273;100
100;2;2;18,67273;100
100;2;2;18,67273;100
100;2;2;18,67273;100
100;3;15;18,67273;100
100;2;2;18,67273;100
100;3;15;19,0061;100
100;2;2;19,0061;100
100;2;2;19,0061;100
100;2;2;19,0061;100
100;3;15;19,0061;100
100;2;2;19,0061;100
100;2;2;19,33948;100
100;2;2;19,33948;100
100;3;15;19,33948;100
100;3;15;19,33948;100
100;3;15;19,33948;100
100;2;2;19,33948;100
100;2;2;19,33948;100
100;3;15;19,33948;100
100;2;2;19,33948;100
100;3;15;19,33948;100
100;2;2;19,33948;100
100;2;2;19,33948;100
100;3;15;19,67285;100
100;2;2;19,67285;100
100;3;15;19,67285;100
100;2;2;19,67285;100
100;3;15;19,67285;100
100;3;15;20,00623;100
100;3;15;20,00623;100
100;3;15;20,00623;100
100;3;15;20,00623;100
100;3;15;20,00623;100
100;3;15;20,00623;100
100;2;2;20,00623;100
100;2;2;20,00623;100
100;2;2;20,00623;100
100;2;2;20,00623;100
100;3;15;20,3396;100
100;2;2;20,3396;100
100;3;15;20,3396;100
100;3;15;20,3396;100
100;3;15;20,3396;100
100;2;2;20,3396;100
100;2;2;20,3396;100
100;3;15;20,67297;100
100;3;15;20,67297;100
100;3;15;20,67297;100
100;2;2;20,67297;100
100;2;2;20,67297;100
100;3;15;20,67297;100
100;2;2;20,67297;100
100;3;15;20,67297;100
100;3;15;20,67297;100
100;3;15;20,67297;100
100;2;2;20,67297;100
100;3;15;21,00635;100
100;3;15;21,00635;100
100;3;15;21,00635;100
100;2;2;21,00635;100
100;2;2;21,00635;100
100;2;2;21,00635;100
100;3;15;21,00635;100
100;3;15;21,00635;100
100;2;2;21,00635;100
100;3;15;21,33972;100
100;3;15;21,33972;100
100;3;15;21,33972;100
100;3;15;21,33972;100
100;3;15;21,33972;100
100;3;15;21,33972;100
100;2;2;21,33972;100
100;3;15;21,33972;100
100;3;15;21,33972;100
100;3;15;21,33972;100
100;2;2;21,6731;100
100;2;2;21,6731;100
100;3;15;21,6731;100
100;2;2;21,6731;100
100;3;15;22,00647;100
100;2;2;22,00647;100
100;3;15;22,00647;100
100;2;2;22,00647;100
100;2;2;22,00647;100
100;3;15;22,00647;100
100;3;15;22,00647;100
100;3;15;22,00647;100
100;2;2;22,33984;100
100;2;2;22,33984;100
100;2;2;22,33984;100
100;2;2;22,33984;100
100;2;2;22,33984;100
100;2;2;22,33984;100
100;3;15;22,33984;100
100;3;15;22,33984;100
100;3;15;22,33984;100
100;3;15;22,33984;100
100;3;15;22,67322;100
100;2;2;22,67322;100
100;3;15;22,67322;100
100;2;2;22,67322;100
100;3;15;22,67322;100
100;2;2;22,67322;100
100;3;15;22,67322;100
100;2;2;22,67322;100
100;3;15;22,67322;100
100;3;15;22,67322;100
100;3;15;23,00659;100
100;2;2;23,00659;100
100;3;15;23,00659;100
100;2;2;23,00659;100
100;3;15;23,00659;100
100;3;15;23,00659;100
100;2;2;23,00659;100
100;2;2;23,00659;100
100;2;2;23,00659;100
100;3;15;23,00659;100
100;2;2;23,00659;100
100;2;2;23,33997;100
100;3;15;23,33997;100
100;3;15;23,33997;100
100;2;2;23,33997;100
100;2;2;23,33997;100
100;3;15;23,33997;100
100;3;15;23,33997;100
100;2;2;23,33997;100
100;3;15;23,33997;100
100;2;2;23,33997;100
100;3;15;23,67334;100
100;2;2;23,67334;100
100;2;2;23,67334;100
100;2;2;23,67334;100
100;2;2;23,67334;100
100;3;15;23,67334;85
100;2;2;23,67334;85
100;3;15;23,67334;70
100;2;2;24,00671;70
100;2;2;24,00671;70
100;2;2;24,00671;70
100;3;15;24,00671;70
100;2;2;24,00671;70
100;3;15;24,00671;70
100;3;15;24,34009;70
100;3;15;24,34009;70
100;3;15;24,34009;70
100;3;15;24,34009;70
100;2;2;24,34009;70
100;2;2;24,34009;70
100;3;15;24,34009;70
100;3;15;24,34009;70
100;2;2;24,67346;70
100;2;2;24,67346;70
100;3;15;24,67346;70
100;2;2;24,67346;70
100;3;15;24,67346;70
100;3;15;24,67346;70
100;3;15;24,67346;70
100;3;15;24,67346;70
100;3;15;24,67346;70
100;3;15;24,67346;70
100;3;15;25,00684;70
100;3;15;25,00684;70
100;3;15;25,00684;70
100;2;2;25,00684;70
100;3;15;25,00684;70
100;3;15;25,00684;70
100;2;2;25,00684;70
100;2;2;25,00684;70
100;2;2;25,34021;70
100;3;15;25,34021;70
100;3;15;25,34021;70
100;3;15;25,34021;70
100;2;2;25,34021;70
100;3;15;25,34021;70
100;2;2;25,67358;70
100;3;15;25,67358;70
100;3;15;25,67358;70
100;2;2;25,67358;70
100;3;15;25,67358;70
100;2;2;25,67358;70
100;3;15;25,67358;70
100;2;2;25,67358;70
100;3;15;25,67358;70
100;3;15;26,00696;55
100;2;2;26,00696;55
100;2;2;26,00696;55
100;2;2;26,00696;55
100;3;15;26,00696;40
100;3;15;26,00696;25
100;3;15;26,34033;25
100;2;2;26,34033;25
100;3;15;26,34033;25
100;2;2;26,34033;25
100;2;2;26,34033;25
100;3;15;26,34033;25
100;2;2;26,34033;25
100;3;15;26,34033;25
100;3;15;26,34033;25
100;2;2;26,34033;25
100;3;15;26,34033;25
100;3;15;26,34033;25
100;2;2;26,34033;25
100;3;15;26,34033;25
100;2;2;26,67371;25
100;3;15;26,67371;10
100;3;15;26,67371;-5
Player