100;3;15;29,80469;100
100;2;2;29,80469;100
100;3;15;29,80469;100
100;3;15;29,80469;100
100;3;15;29,80469;100
100;3;15;29,80469;100
100;2;2;30,1377;100
100;2;2;30,1377;100
100;2;2;30,1377;100
100;3;15;30,1377;100
100;2;2;30,1377;100
100;3;15;30,1377;100
100;3;15;30,1377;100
100;3;15;30,1377;100
100;3;15;30,1377;100
100;3;15;30,4707;100
100;3;15;30,4707;100
100;3;15;30,4707;100
100;3;15;30,4707;100
100;3;15;30,4707;100
100;2;2;30,4707;100
100;2;2;30,4707;100
100;3;15;30,4707;100
100;2;2;30,4707;100
100;3;15;30,4707;100
100;3;15;30,4707;100
100;3;15;30,80371;100
100;3;15;30,80371;100
100;2;2;30,80371;100
100;3;15;30,80371;100
100;3;15;30,80371;100
100;2;2;30,80371;100
100;3;15;30,80371;100
100;3;15;30,80371;100
100;3;15;31,13672;100
100;2;2;31,13672;100
100;3;15;31,13672;100
100;3;15;31,13672;100
100;2;2;31,13672;100
100;3;15;31,13672;100
100;3;15;31,13672;100
100;3;15;31,13672;100
100;3;15;31,13672;100
100;2;2;31,13672;100
100;2;2;31,13672;100
100;3;15;31,46973;100
100;3;15;31,46973;100
100;2;2;31,46973;100
100;2;2;31,46973;100
100;2;2;31,46973;100
100;3;15;31,46973;100
100;3;15;31,46973;100
100;3;15;31,46973;100
100;3;15;31,46973;100
100;2;2;31,46973;100
100;3;15;31,46973;100
100;3;15;31,80273;100
100;3;15;31,80273;100
100;3;15;31,80273;100
100;2;2;31,80273;100
100;3;15;31,80273;100
100;3;15;31,80273;100
100;2;2;31,80273;100
100;2;2;31,80273;100
100;3;15;31,80273;100
100;2;2;32,13574;100
100;3;15;32,13574;100
100;3;15;32,13574;100
100;3;15;32,13574;100
100;3;15;32,13574;100
100;3;15;32,13574;100
100;3;15;32,46875;100
100;3;15;32,46875;100
100;3;15;32,46875;100
100;2;2;32,46875;100
100;3;15;32,46875;100
100;3;15;32,46875;100
100;2;2;32,46875;100
100;3;15;32,46875;100
100;3;15;32,46875;100
100;3;15;32,46875;100
100;3;15;32,46875;100
100;3;15;32,80176;100
100;3;15;32,80176;100
100;2;2;32,80176;100
100;3;15;32,80176;100
100;3;15;32,80176;100
100;3;15;32,80176;100
100;3;15;32,80176;100
100;3;15;32,80176;100
100;3;15;32,80176;100
100;3;15;32,80176;100
100;3;15;33,13477;100
100;3;15;33,13477;100
100;3;15;33,13477;100
100;3;15;33,13477;100
100;3;15;33,13477;100
100;3;15;33,13477;100
100;2;2;33,13477;100
100;3;15;33,13477;100
100;3;15;33,13477;100
100;3;15;33,46777;100
100;2;2;33,46777;100
100;3;15;33,46777;100
100;2;2;33,46777;100
100;3;15;33,46777;100
100;3;15;33,46777;100
100;3;15;33,46777;100
100;3;15;33,80078;100
100;2;2;33,80078;100
100;3;15;33,80078;100
100;3;15;33,80078;100
100;2;2;33,80078;100
100;2;2;33,80078;100
100;2;2;33,80078;100
100;3;15;33,80078;100
100;3;15;33,80078;100
100;2;2;33,80078;100
100;2;2;34,13379;100
100;3;15;34,13379;100
100;2;2;34,13379;100
100;3;15;34,13379;100
100;3;15;34,13379;100
100;3;15;34,13379;100
100;2;2;34,13379;100
100;3;15;34,13379;100
100;3;15;34,13379;100
100;2;2;34,13379;100
100;3;15;34,13379;100
100;3;15;34,13379;100
100;3;15;34,4668;100
100;2;2;34,4668;100
100;2;2;34,4668;100
100;3;15;34,4668;100
100;3;15;34,4668;100
100;3;15;34,4668;100
100;2;2;34,4668;100
100;3;15;34,4668;100
100;2;2;34,4668;100
100;3;15;34,7998;100
100;3;15;34,7998;100
100;2;2;34,7998;100
100;2;2;34,7998;100
100;3;15;34,7998;100
100;3;15;34,7998;100
100;2;2;34,7998;100
100;3;15;34,7998;100
100;3;15;34,7998;100
100;3;15;34,7998;100
100;2;2;34,7998;100
100;3;15;35,13281;100
100;3;15;35,13281;100
100;3;15;35,13281;100
100;3;15;35,13281;100
100;2;2;35,13281;100
100;3;15;35,13281;100
100;3;15;35,46582;100
100;3;15;35,46582;100
100;3;15;35,46582;100
100;3;15;35,46582;100
100;3;15;35,46582;100
100;2;2;35,46582;100
100;3;15;35,46582;100
100;3;15;35,46582;100
100;3;15;35,46582;100
100;3;15;35,46582;100
100;3;15;35,46582;100
100;3;15;35,46582;100
100;3;15;35,79883;100
100;3;15;35,79883;100
100;3;15;35,79883;100
100;3;15;35,79883;100
100;3;15;35,79883;100
100;3;15;35,79883;100
100;3;15;36,13184;100
100;3;15;36,13184;100
100;3;15;36,13184;100
100;3;15;36,13184;100
100;3;15;36,13184;100
100;2;2;36,46484;100
100;3;15;36,46484;100
100;3;15;36,46484;100
100;2;2;36,46484;100
100;3;15;36,46484;100
100;3;15;36,46484;100
100;3;15;36,46484;100
100;2;2;36,46484;100
100;3;15;36,46484;100
100;3;15;36,79785;100
100;3;15;36,79785;100
100;3;15;36,79785;100
100;3;15;36,79785;100
100;3;15;36,79785;100
100;3;15;36,79785;100
100;3;15;36,79785;100
100;2;2;36,79785;100
100;3;15;36,79785;100
100;3;15;37,13086;100
100;3;15;37,13086;100
100;2;2;37,13086;100
100;3;15;37,13086;100
100;3;15;37,13086;100
100;3;15;37,13086;100
100;3;15;37,13086;100
100;2;2;37,13086;100
100;3;15;37,13086;100
100;3;15;37,46387;100
100;3;15;37,46387;100
100;3;15;37,46387;100
100;2;2;37,46387;100
100;2;2;37,46387;100
100;2;2;37,46387;100
100;3;15;37,46387;100
100;3;15;37,46387;100
100;3;15;37,46387;100
100;3;15;37,79688;100
100;3;15;37,79688;100
100;3;15;37,79688;100
100;3;15;37,79688;100
100;3;15;37,79688;100
100;3;15;37,79688;100
100;3;15;37,79688;100
100;3;15;37,79688;100
100;2;2;38,12988;100
100;3;15;38,12988;100
100;3;15;38,12988;100
100;2;2;38,12988;100
100;3;15;38,12988;100
100;2;2;38,12988;100
100;2;2;38,12988;100
100;3;15;38,12988;100
100;2;2;38,12988;100
100;3;15;38,46289;100
100;3;15;38,46289;100
100;3;15;38,46289;100
100;2;2;38,46289;100
100;3;15;38,46289;100
100;3;15;38,46289;100
100;2;2;38,46289;100
100;3;15;38,46289;100
100;3;15;38,7959;100
100;3;15;38,7959;100
100;3;15;38,7959;100
100;3;15;38,7959;100
100;2;2;38,7959;100
100;2;2;38,7959;100
100;3;15;38,7959;100
100;3;15;38,7959;100
100;3;15;39,12891;100
100;3;15;39,12891;100
100;3;15;39,12891;100
100;2;2;39,12891;100
100;3;15;39,12891;100
100;3;15;39,12891;100
100;3;15;39,12891;100
100;3;15;39,12891;100
100;2;2;39,46191;100
100;2;2;39,46191;100
100;3;15;39,46191;100
100;3;15;39,46191;100
100;2;2;39,46191;100
100;3;15;39,46191;100
100;2;2;39,46191;100
100;3;15;39,46191;100
100;3;15;39,46191;100
100;3;15;39,46191;100
100;3;15;39,46191;100
100;3;15;39,46191;100
100;2;2;39,79492;100
100;3;15;39,79492;100
100;3;15;39,79492;100
100;3;15;39,79492;100
100;2;2;39,79492;100
100;2;2;39,79492;100
100;3;15;39,79492;100
100;3;15;39,79492;100
100;3;15;39,79492;100
100;3;15;40,12793;100
100;2;2;40,12793;100
100;3;15;40,12793;100
100;3;15;40,12793;100
100;3;15;40,12793;100
100;3;15;40,12793;100
100;2;2;40,12793;100
100;3;15;40,12793;100
100;2;2;40,12793;100
100;3;15;40,12793;100
100;3;15;40,46094;100
100;3;15;40,46094;100
100;3;15;40,46094;100
100;3;15;40,46094;100
100;2;2;40,46094;100
100;2;2;40,46094;100
100;3;15;40,46094;100
100;3;15;40,46094;100
100;2;2;40,46094;100
100;3;15;40,46094;100
100;3;15;40,46094;100
100;3;15;40,79395;85
100;3;15;40,79395;70
100;3;15;40,79395;55
100;3;15;40,79395;40
100;3;15;40,79395;25
100;3;15;40,79395;10
100;3;15;40,79395;-5
Player