100;3;15;35,18555;100
100;3;15;35,18555;100
100;3;15;35,18555;100
100;3;15;35,18555;100
100;2;2;35,18555;100
100;3;15;35,18555;100
100;2;2;35,18555;100
100;3;15;35,18555;100
100;3;15;35,18555;100
100;3;15;35,18555;100
100;3;15;35,18555;100
100;3;15;35,51855;100
100;3;15;35,51855;100
100;3;15;35,51855;100
100;2;2;35,51855;100
100;3;15;35,51855;100
100;3;15;35,85156;100
100;3;15;35,85156;100
100;3;15;35,85156;100
100;3;15;35,85156;100
100;3;15;35,85156;100
100;3;15;35,85156;100
100;2;2;35,85156;100
100;2;2;35,85156;100
100;3;15;35,85156;100
100;3;15;35,85156;100
100;2;2;36,18457;100
100;3;15;36,18457;100
100;2;2;36,18457;100
100;2;2;36,18457;100
100;3;15;36,18457;100
100;3;15;36,18457;100
100;3;15;36,18457;100
100;3;15;36,51758;100
100;2;2;36,51758;100
100;3;15;36,51758;100
100;2;2;36,51758;100
100;3;15;36,51758;100
100;2;2;36,51758;100
100;2;2;36,51758;100
100;3;15;36,51758;100
100;3;15;36,51758;100
100;3;15;36,51758;100
100;3;15;36,85059;100
100;2;2;36,85059;100
100;3;15;36,85059;100
100;2;2;36,85059;100
100;3;15;36,85059;100
100;3;15;36,85059;100
100;3;15;36,85059;100
100;3;15;36,85059;100
100;3;15;36,85059;100
100;2;2;37,18359;100
100;3;15;37,18359;100
100;3;15;37,18359;100
100;3;15;37,18359;100
100;3;15;37,18359;100
100;3;15;37,18359;100
100;3;15;37,18359;100
100;3;15;37,18359;100
100;3;15;37,18359;100
100;3;15;37,18359;100
100;3;15;37,5166;100
100;3;15;37,5166;100
100;3;15;37,5166;100
100;2;2;37,5166;100
100;3;15;37,5166;100
100;3;15;37,5166;100
100;2;2;37,5166;100
100;3;15;37,84961;100
100;2;2;37,84961;100
100;3;15;37,84961;100
100;3;15;37,84961;100
100;2;2;37,84961;100
100;3;15;37,84961;100
100;3;15;37,84961;100
100;3;15;37,84961;100
100;3;15;37,84961;100
100;3;15;37,84961;100
100;2;2;37,84961;100
100;2;2;37,84961;100
100;3;15;38,18262;100
100;3;15;38,18262;100
100;3;15;38,18262;100
100;2;2;38,18262;100
100;3;15;38,18262;100
100;3;15;38,18262;100
100;3;15;38,51563;100
100;2;2;38,51563;100
100;2;2;38,51563;100
100;3;15;38,51563;100
100;3;15;38,51563;100
100;3;15;38,51563;100
100;3;15;38,51563;100
100;3;15;38,51563;100
100;3;15;38,84863;100
100;3;15;38,84863;100
100;2;2;38,84863;100
100;3;15;38,84863;100
100;3;15;38,84863;100
100;3;15;38,84863;100
100;3;15;38,84863;100
100;2;2;39,18164;100
100;3;15;39,18164;100
100;3;15;39,18164;100
100;2;2;39,18164;100
100;2;2;39,18164;100
100;3;15;39,18164;100
100;3;15;39,18164;100
100;3;15;39,51465;100
100;2;2;39,51465;100
100;3;15;39,51465;100
100;2;2;39,51465;100
100;2;2;39,51465;100
100;2;2;39,51465;100
100;2;2;39,84766;100
100;2;2;39,84766;100
100;2;2;39,84766;100
100;3;15;39,84766;100
100;3;15;39,84766;100
100;2;2;39,84766;100
100;3;15;39,84766;100
100;3;15;39,84766;100
100;2;2;39,84766;100
100;3;15;39,84766;100
100;3;15;39,84766;100
100;2;2;40,18066;100
100;3;15;40,18066;100
100;3;15;40,18066;100
100;3;15;40,18066;100
100;2;2;40,18066;100
100;3;15;40,18066;100
100;2;2;40,18066;100
100;2;2;40,18066;100
100;3;15;40,51367;100
100;3;15;40,51367;100
100;2;2;40,51367;100
100;3;15;40,51367;100
100;3;15;40,51367;100
100;2;2;40,51367;100
100;3;15;40,51367;100
100;3;15;40,51367;100
100;3;15;40,51367;100
100;3;15;40,84668;100
100;3;15;40,84668;100
100;3;15;40,84668;100
100;3;15;40,84668;100
100;3;15;40,84668;100
100;3;15;40,84668;100
100;2;2;40,84668;100
100;3;15;40,84668;100
100;3;15;41,17969;100
100;3;15;41,17969;100
100;3;15;41,17969;100
100;3;15;41,17969;100
100;3;15;41,17969;100
100;3;15;41,17969;100
100;2;2;41,17969;100
100;2;2;41,17969;100
100;3;15;41,17969;100
100;3;15;41,17969;100
100;3;15;41,17969;100
100;3;15;41,17969;100
100;3;15;41,5127;100
100;2;2;41,5127;100
100;2;2;41,5127;100
100;3;15;41,5127;100
100;3;15;41,5127;100
100;3;15;41,5127;100
100;3;15;41,5127;100
100;3;15;41,8457;100
100;2;2;41,8457;100
100;3;15;41,8457;100
100;3;15;41,8457;100
100;3;15;41,8457;100
100;2;2;41,8457;100
100;3;15;41,8457;100
100;2;2;41,8457;100
100;3;15;41,8457;100
100;3;15;41,8457;100
100;2;2;42,17871;100
100;2;2;42,17871;100
100;2;2;42,17871;100
100;3;15;42,17871;100
100;3;15;42,17871;100
100;3;15;42,17871;100
100;3;15;42,17871;100
100;2;2;42,17871;100
100;2;2;42,51172;100
100;3;15;42,51172;100
100;3;15;42,51172;100
100;3;15;42,51172;100
100;2;2;42,51172;100
100;3;15;42,51172;100
100;3;15;42,51172;100
100;3;15;42,84473;100
100;2;2;42,84473;100
100;3;15;42,84473;100
100;3;15;42,84473;100
100;2;2;42,84473;100
100;3;15;42,84473;100
100;3;15;42,84473;100
100;3;15;43,17773;100
100;2;2;43,17773;100
100;3;15;43,17773;100
100;2;2;43,17773;100
100;2;2;43,17773;100
100;3;15;43,17773;100
100;3;15;43,17773;100
100;3;15;43,17773;100
100;3;15;43,17773;100
100;3;15;43,17773;100
100;3;15;43,17773;100
100;3;15;43,51074;100
100;3;15;43,51074;100
100;3;15;43,51074;100
100;3;15;43,51074;100
100;3;15;43,51074;100
100;3;15;43,51074;100
100;3;15;43,51074;100
100;3;15;43,51074;100
100;3;15;43,51074;100
100;3;15;43,84375;100
100;2;2;43,84375;100
100;2;2;43,84375;100
100;3;15;43,84375;100
100;3;15;43,84375;100
100;3;15;43,84375;100
100;3;15;43,84375;100
100;2;2;44,17676;100
100;2;2;44,17676;100
100;3;15;44,17676;100
100;3;15;44,17676;100
100;3;15;44,17676;100
100;3;15;44,17676;100
100;3;15;44,17676;100
100;3;15;44,17676;100
100;2;2;44,50977;100
100;2;2;44,50977;100
100;3;15;44,50977;100
100;3;15;44,50977;100
100;3;15;44,50977;100
100;3;15;44,50977;100
100;3;15;44,50977;100
100;3;15;44,50977;100
100;3;15;44,84277;100
100;3;15;44,84277;100
100;3;15;44,84277;100
100;3;15;44,84277;100
100;3;15;44,84277;100
100;3;15;44,84277;100
100;3;15;44,84277;100
100;3;15;44,84277;100
100;3;15;44,84277;100
100;2;2;44,84277;100
100;3;15;45,17578;100
100;3;15;45,17578;100
100;3;15;45,17578;100
100;3;15;45,17578;100
100;3;15;45,17578;100
100;3;15;45,17578;100
100;3;15;45,17578;100
100;2;2;45,17578;100
100;2;2;45,17578;100
100;2;2;45,17578;100
100;3;15;45,17578;100
100;3;15;45,50879;100
100;3;15;45,50879;100
100;3;15;45,50879;100
100;3;15;45,50879;100
100;2;2;45,50879;100
100;2;2;45,50879;100
100;3;15;45,50879;100
100;3;15;45,8418;100
100;3;15;45,8418;100
100;2;2;45,8418;100
100;3;15;45,8418;100
100;3;15;45,8418;100
100;2;2;45,8418;100
100;2;2;45,8418;100
100;3;15;45,8418;100
100;3;15;45,8418;100
100;3;15;45,8418;100
100;2;2;46,1748;100
100;2;2;46,1748;100
100;2;2;46,1748;100
100;3;15;46,1748;100
100;3;15;46,1748;100
100;3;15;46,1748;100
100;2;2;46,1748;100
100;3;15;46,1748;100
100;3;15;46,50781;100
100;3;15;46,50781;100
100;3;15;46,50781;100
100;2;2;46,50781;100
100;2;2;46,50781;100
100;2;2;46,50781;100
100;3;15;46,50781;100
100;3;15;46,84082;100
100;2;2;46,84082;100
100;3;15;46,84082;100
100;2;2;46,84082;100
100;2;2;46,84082;100
100;2;2;46,84082;100
100;2;2;46,84082;100
100;3;15;46,84082;100
100;3;15;46,84082;100
100;3;15;47,17383;100
100;3;15;47,17383;100
100;3;15;47,17383;100
100;2;2;47,17383;100
100;3;15;47,17383;100
100;3;15;47,17383;100
100;2;2;47,17383;100
100;3;15;47,50684;100
100;3;15;47,50684;100
100;3;15;47,50684;100
100;3;15;47,50684;100
100;3;15;47,50684;100
100;3;15;47,83984;100
100;3;15;47,83984;100
100;3;15;47,83984;100
100;3;15;47,83984;100
100;2;2;47,83984;100
100;3;15;47,83984;100
100;3;15;47,83984;100
100;3;15;47,83984;100
100;3;15;48,17285;100
100;3;15;48,17285;100
100;3;15;48,17285;100
100;3;15;48,17285;100
100;2;2;48,17285;100
100;3;15;48,17285;100
100;2;2;48,50586;100
100;3;15;48,50586;100
100;2;2;48,50586;100
100;3;15;48,50586;100
100;3;15;48,50586;100
100;2;2;48,50586;100
100;3;15;48,50586;100
100;3;15;48,50586;100
100;2;2;48,83887;100
100;2;2;48,83887;100
100;3;15;48,83887;100
100;2;2;48,83887;100
100;2;2;48,83887;100
100;3;15;48,83887;100
100;3;15;48,83887;100
100;3;15;49,17188;100
100;3;15;49,17188;100
100;3;15;49,17188;100
100;3;15;49,17188;100
100;3;15;49,17188;100
100;3;15;49,17188;100
100;3;15;49,17188;100
100;2;2;49,50488;100
100;3;15;49,50488;100
100;3;15;49,50488;100
100;2;2;49,50488;100
100;3;15;49,50488;100
100;3;15;49,50488;100
100;3;15;49,50488;100
100;3;15;49,50488;100
100;3;15;49,50488;100
100;3;15;49,50488;100
100;3;15;49,50488;100
100;3;15;49,83789;100
100;3;15;49,83789;100
100;2;2;49,83789;100
100;3;15;49,83789;100
100;2;2;49,83789;100
100;3;15;49,83789;100
100;3;15;49,83789;100
100;3;15;49,83789;100
100;3;15;50,1709;100
100;3;15;50,1709;100
100;3;15;50,1709;100
100;3;15;50,1709;100
100;2;2;50,1709;100
100;3;15;50,1709;100
100;3;15;50,1709;100
100;2;2;50,1709;100
100;3;15;50,50391;100
100;2;2;50,50391;100
100;3;15;50,50391;100
100;3;15;50,50391;100
100;3;15;50,50391;100
100;3;15;50,50391;100
100;3;15;50,50391;100
100;3;15;50,50391;100
100;3;15;50,83691;100
100;3;15;50,83691;100
100;3;15;50,83691;100
100;3;15;50,83691;100
100;2;2;50,83691;100
100;3;15;50,83691;100
100;3;15;50,83691;100
100;3;15;50,83691;100
100;3;15;51,16992;100
100;2;2;51,16992;100
100;3;15;51,16992;100
100;3;15;51,16992;100
100;3;15;51,16992;100
100;3;15;51,16992;100
100;3;15;51,50293;100
100;3;15;51,50293;100
100;3;15;51,50293;100
100;3;15;51,50293;100
100;3;15;51,50293;100
100;2;2;51,50293;100
100;2;2;51,50293;100
100;2;2;51,50293;100
100;3;15;51,50293;100
100;2;2;51,50293;100
100;2;2;51,83594;100
100;3;15;51,83594;100
100;3;15;51,83594;100
100;3;15;51,83594;100
100;3;15;51,83594;100
100;3;15;51,83594;100
100;3;15;51,83594;100
100;2;2;51,83594;100
100;3;15;51,83594;100
100;3;15;51,83594;100
100;2;2;52,16895;100
100;3;15;52,16895;100
100;3;15;52,16895;100
100;3;15;52,16895;100
100;2;2;52,16895;100
100;3;15;52,50195;100
100;2;2;52,50195;100
100;3;15;52,50195;100
100;3;15;52,50195;100
100;3;15;52,50195;100
100;3;15;52,50195;100
100;3;15;52,50195;100
100;3;15;52,50195;100
100;3;15;52,50195;100
100;3;15;52,50195;100
100;3;15;52,83496;100
100;3;15;52,83496;100
100;3;15;52,83496;100
100;3;15;52,83496;100
100;3;15;52,83496;100
100;2;2;52,83496;100
100;2;2;52,83496;100
100;3;15;52,83496;100
100;3;15;52,83496;100
100;3;15;52,83496;100
100;2;2;53,16797;100
100;3;15;53,16797;100
100;3;15;53,16797;100
100;3;15;53,16797;100
100;3;15;53,16797;100
100;3;15;53,16797;100
100;2;2;53,16797;100
100;3;15;53,16797;100
100;2;2;53,16797;100
100;3;15;53,50098;100
100;3;15;53,50098;100
100;2;2;53,50098;100
100;3;15;53,50098;100
100;3;15;53,50098;100
100;3;15;53,50098;100
100;3;15;53,83398;100
100;2;2;53,83398;100
100;3;15;53,83398;100
100;3;15;53,83398;100
100;3;15;53,83398;100
100;2;2;53,83398;100
100;2;2;53,83398;100
100;2;2;53,83398;100
100;3;15;54,16699;100
100;2;2;54,16699;100
100;3;15;54,16699;100
100;3;15;54,16699;100
100;2;2;54,16699;100
100;2;2;54,16699;100
100;3;15;54,16699;100
100;3;15;54,16699;100
100;2;2;54,16699;100
100;3;15;54,5;100
100;3;15;54,5;100
100;3;15;54,5;100
100;3;15;54,5;100
100;3;15;54,5;100
100;3;15;54,5;100
100;2;2;54,5;100
100;3;15;54,5;100
100;3;15;54,83301;100
100;2;2;54,83301;100
100;3;15;54,83301;100
100;3;15;54,83301;100
100;3;15;54,83301;100
100;2;2;54,83301;100
100;3;15;55,16602;100
100;3;15;55,16602;100
100;3;15;55,16602;100
100;3;15;55,16602;100
100;3;15;55,16602;100
100;2;2;55,16602;100
100;3;15;55,49902;100
100;2;2;55,49902;100
100;2;2;55,49902;100
100;2;2;55,49902;100
100;2;2;55,49902;100
100;3;15;55,49902;100
100;2;2;55,49902;100
100;3;15;55,49902;100
100;3;15;55,49902;100
100;3;15;55,49902;100
100;3;15;55,83203;100
100;3;15;55,83203;100
100;2;2;55,83203;100
100;2;2;55,83203;100
100;3;15;55,83203;100
100;3;15;55,83203;100
100;2;2;55,83203;100
100;2;2;55,83203;100
100;3;15;56,16504;100
100;3;15;56,16504;100
100;2;2;56,16504;100
100;3;15;56,16504;100
100;3;15;56,16504;100
100;3;15;56,16504;100
100;2;2;56,16504;100
100;3;15;56,16504;100
100;3;15;56,16504;100
100;3;15;56,49805;100
100;3;15;56,49805;100
100;2;2;56,49805;100
100;2;2;56,49805;100
100;3;15;56,49805;100
100;2;2;56,49805;100
100;2;2;56,49805;100
100;3;15;56,83105;100
100;2;2;56,83105;100
100;3;15;56,83105;100
100;3;15;56,83105;100
100;3;15;56,83105;100
100;3;15;56,83105;100
100;3;15;57,16406;100
100;2;2;57,16406;100
100;2;2;57,16406;100
100;3;15;57,16406;100
100;3;15;57,16406;100
100;3;15;57,16406;100
100;3;15;57,16406;100
100;2;2;57,16406;100
100;2;2;57,16406;100
100;2;2;57,49707;100
100;2;2;57,49707;100
100;3;15;57,49707;100
100;2;2;57,49707;100
100;3;15;57,49707;100
100;3;15;57,49707;100
100;3;15;57,49707;100
100;3;15;57,83008;100
100;3;15;57,83008;100
100;2;2;57,83008;100
100;2;2;57,83008;100
100;3;15;57,83008;100
100;2;2;57,83008;100
100;2;2;58,16309;100
100;3;15;58,16309;100
100;2;2;58,16309;100
100;2;2;58,16309;100
100;2;2;58,16309;100
100;3;15;58,16309;100
100;3;15;58,16309;100
100;3;15;58,16309;100
100;3;15;58,16309;100
100;2;2;58,49609;100
100;3;15;58,49609;100
100;3;15;58,49609;100
100;2;2;58,49609;100
100;2;2;58,49609;100
100;3;15;58,49609;100
100;3;15;58,49609;100
100;3;15;58,49609;100
100;2;2;58,8291;100
100;3;15;58,8291;100
100;3;15;58,8291;100
100;3;15;58,8291;100
100;3;15;58,8291;100
100;2;2;59,16211;100
100;3;15;59,16211;100
100;3;15;59,16211;100
100;3;15;59,16211;100
100;2;2;59,16211;100
100;3;15;59,16211;100
100;3;15;59,16211;100
100;3;15;59,16211;100
100;3;15;59,16211;100
100;2;2;59,16211;100
100;3;15;59,49512;100
100;2;2;59,49512;100
100;2;2;59,49512;100
100;2;2;59,49512;100
100;2;2;59,49512;100
100;3;15;59,49512;100
100;2;2;59,49512;100
100;3;15;59,49512;100
100;3;15;59,49512;100
100;2;2;59,49512;100
100;3;15;59,82813;100
100;3;15;59,82813;100
100;3;15;59,82813;100
100;3;15;59,82813;100
100;3;15;59,82813;100
100;3;15;59,82813;100
100;3;15;0,1611328;100
100;3;15;0,1611328;100
100;3;15;0,1611328;100
100;2;2;0,4941406;100
100;2;2;0,4941406;100
100;3;15;0,4941406;100
100;3;15;0,4941406;100
100;3;15;0,4941406;100
100;2;2;0,4941406;100
100;3;15;0,4941406;100
100;3;15;0,4941406;100
100;2;2;0,4941406;100
100;2;2;0,8271484;100
100;3;15;0,8271484;100
100;3;15;0,8271484;100
100;2;2;0,8271484;100
100;3;15;0,8271484;100
100;3;15;0,8271484;100
100;3;15;0,8271484;100
100;3;15;0,8271484;100
100;3;15;0,8271484;100
100;3;15;0,8271484;100
100;2;2;1,160156;100
100;3;15;1,160156;100
100;3;15;1,160156;100
100;3;15;1,160156;100
100;3;15;1,160156;100
100;3;15;1,160156;100
100;3;15;1,160156;100
100;2;2;1,160156;100
100;3;15;1,493164;100
100;3;15;1,493164;100
100;3;15;1,493164;100
100;3;15;1,493164;100
100;2;2;1,493164;100
100;3;15;1,493164;100
100;3;15;1,493164;100
100;3;15;1,826172;100
100;3;15;1,826172;100
100;3;15;1,826172;100
100;3;15;1,826172;100
100;3;15;1,826172;100
100;2;2;1,826172;100
100;2;2;1,826172;100
100;3;15;1,826172;100
100;3;15;1,826172;100
100;2;2;1,826172;100
100;2;2;1,826172;100
100;3;15;2,15918;100
100;3;15;2,15918;100
100;3;15;2,15918;100
100;2;2;2,15918;100
100;3;15;2,15918;100
100;3;15;2,15918;100
100;2;2;2,15918;100
100;3;15;2,15918;100
100;3;15;2,15918;100
100;3;15;2,15918;100
100;2;2;2,492188;100
100;3;15;2,492188;100
100;2;2;2,492188;100
100;3;15;2,492188;100
100;2;2;2,492188;100
100;3;15;2,492188;100
100;2;2;2,492188;100
100;2;2;2,492188;100
100;3;15;2,492188;100
100;3;15;2,825195;100
100;3;15;2,825195;100
100;2;2;2,825195;100
100;3;15;2,825195;100
100;3;15;2,825195;100
100;3;15;2,825195;100
100;3;15;2,825195;100
100;2;2;2,825195;100
