100;3;15;6,25293;100
100;2;2;6,586426;100
100;3;15;6,586426;100
100;2;2;6,586426;100
100;2;2;6,586426;100
100;3;15;6,586426;100
100;3;15;6,586426;100
100;3;15;6,586426;100
100;3;15;6,586426;100
100;3;15;6,919922;100
100;3;15;6,919922;100
100;3;15;6,919922;100
100;2;2;6,919922;100
100;2;2;6,919922;100
100;3;15;6,919922;100
100;3;15;6,919922;100
100;3;15;6,919922;100
100;3;15;6,919922;100
100;3;15;6,919922;100
100;3;15;6,919922;100
100;3;15;7,253418;100
100;3;15;7,253418;100
100;2;2;7,253418;100
100;2;2;7,253418;100
100;3;15;7,253418;100
100;2;2;7,253418;100
100;3;15;7,253418;100
100;3;15;7,253418;100
100;3;15;7,253418;100
100;2;2;7,253418;100
100;3;15;7,586914;100
100;3;15;7,586914;100
100;3;15;7,586914;100
100;3;15;7,586914;100
100;3;15;7,586914;100
100;3;15;7,586914;100
100;3;15;7,586914;100
100;3;15;7,92041;100
100;2;2;7,92041;100
100;3;15;7,92041;100
100;3;15;7,92041;100
100;2;2;7,92041;100
100;3;15;7,92041;100
100;3;15;7,92041;100
100;2;2;7,92041;100
100;2;2;7,92041;100
100;3;15;7,92041;100
100;3;15;8,253906;100
100;3;15;8,253906;100
100;3;15;8,253906;100
100;3;15;8,253906;100
100;3;15;8,253906;100
100;2;2;8,253906;100
100;2;2;8,253906;100
100;3;15;8,253906;100
100;3;15;8,587402;100
100;2;2;8,587402;100
100;2;2;8,587402;100
100;2;2;8,587402;100
100;2;2;8,920898;100
100;2;2;8,920898;100
100;3;15;8,920898;100
100;3;15;8,920898;100
100;3;15;8,920898;100
100;3;15;8,920898;100
100;3;15;8,920898;100
100;2;2;8,920898;100
100;2;2;8,920898;100
100;2;2;8,920898;100
100;2;2;9,254395;100
100;2;2;9,254395;100
100;3;15;9,254395;100
100;3;15;9,254395;100
100;2;2;9,254395;100
100;3;15;9,254395;100
100;3;15;9,254395;100
100;3;15;9,254395;100
100;3;15;9,587891;100
100;3;15;9,587891;100
100;3;15;9,587891;100
100;3;15;9,587891;100
100;2;2;9,587891;100
100;2;2;9,587891;100
100;2;2;9,587891;100
100;3;15;9,587891;100
100;3;15;9,587891;100
100;3;15;9,587891;100
100;3;15;9,921387;100
100;3;15;9,921387;100
100;3;15;9,921387;100
100;2;2;9,921387;100
100;3;15;9,921387;100
100;3;15;9,921387;100
100;2;2;9,921387;100
100;2;2;9,921387;100
100;3;15;9,921387;100
100;2;2;9,921387;100
100;3;15;9,921387;100
100;3;15;10,25488;100
100;3;15;10,25488;100
100;3;15;10,25488;100
100;2;2;10,25488;100
100;3;15;10,25488;100
100;3;15;10,25488;100
100;2;2;10,25488;100
100;3;15;10,25488;100
100;3;15;10,25488;100
100;3;15;10,25488;100
100;3;15;10,58838;100
100;3;15;10,58838;100
100;3;15;10,58838;100
100;2;2;10,58838;100
100;3;15;10,58838;100
100;2;2;10,58838;100
100;2;2;10,58838;100
100;3;15;10,92188;100
100;3;15;10,92188;100
100;3;15;10,92188;100
100;3;15;10,92188;100
100;2;2;10,92188;100
100;2;2;10,92188;100
100;3;15;10,92188;100
100;3;15;10,92188;100
100;3;15;10,92188;100
100;2;2;10,92188;100
100;2;2;10,92188;100
100;2;2;11,25537;100
100;3;15;11,25537;100
100;3;15;11,25537;100
100;2;2;11,25537;100
100;3;15;11,25537;100
100;3;15;11,25537;100
100;3;15;11,25537;100
100;3;15;11,58887;100
100;3;15;11,58887;100
100;3;15;11,58887;100
100;3;15;11,58887;100
100;3;15;11,58887;100
100;3;15;11,58887;100
100;3;15;11,58887;100
100;3;15;11,92236;100
100;3;15;11,92236;100
100;3;15;11,92236;100
100;2;2;11,92236;100
100;2;2;11,92236;100
100;3;15;11,92236;100
100;3;15;11,92236;100
100;3;15;11,92236;100
100;3;15;11,92236;100
100;3;15;11,92236;100
100;3;15;11,92236;100
100;3;15;11,92236;100
100;2;2;12,25586;100
100;2;2;12,25586;100
100;3;15;12,25586;100
100;2;2;12,25586;100
100;2;2;12,25586;100
100;3;15;12,25586;100
100;2;2;12,25586;100
100;3;15;12,25586;100
100;3;15;12,25586;100
100;3;15;12,58936;100
100;3;15;12,58936;100
100;2;2;12,58936;100
100;3;15;12,58936;100
100;3;15;12,58936;100
100;3;15;12,58936;100
100;3;15;12,58936;100
100;3;15;12,92285;100
100;3;15;12,92285;100
100;3;15;12,92285;100
100;2;2;12,92285;100
100;3;15;12,92285;100
100;3;15;12,92285;100
100;3;15;12,92285;100
100;3;15;12,92285;100
100;3;15;12,92285;100
100;2;2;12,92285;100
100;3;15;12,92285;100
100;2;2;12,92285;100
100;2;2;13,25635;100
100;3;15;13,25635;100
100;3;15;13,25635;100
100;3;15;13,25635;100
100;2;2;13,25635;100
100;3;15;13,25635;100
100;2;2;13,25635;100
100;2;2;13,25635;100
100;3;15;13,58984;100
100;3;15;13,58984;100
100;2;2;13,58984;100
100;3;15;13,58984;100
100;3;15;13,58984;100
100;3;15;13,58984;100
100;3;15;13,92334;100
100;2;2;13,92334;100
100;2;2;13,92334;100
100;3;15;13,92334;100
100;3;15;13,92334;100
100;3;15;13,92334;100
100;3;15;13,92334;100
100;3;15;13,92334;100
100;3;15;14,25684;100
100;3;15;14,25684;100
100;3;15;14,25684;100
100;3;15;14,25684;100
100;3;15;14,25684;100
100;3;15;14,25684;100
100;3;15;14,25684;100
100;2;2;14,25684;100
100;2;2;14,25684;100
100;3;15;14,25684;100
100;2;2;14,59033;100
100;2;2;14,59033;100
100;3;15;14,59033;100
100;3;15;14,59033;100
100;3;15;14,59033;100
100;3;15;14,59033;100
100;3;15;14,59033;100
100;3;15;14,92383;100
100;3;15;14,92383;100
100;2;2;14,92383;100
100;3;15;14,92383;100
100;2;2;14,92383;100
100;3;15;14,92383;100
100;2;2;14,92383;100
100;3;15;15,25732;100
100;2;2;15,25732;100
100;2;2;15,25732;100
100;2;2;15,25732;100
100;2;2;15,25732;100
100;3;15;15,25732;100
100;3;15;15,25732;100
100;2;2;15,25732;100
100;2;2;15,25732;100
100;3;15;15,59082;100
100;3;15;15,59082;100
100;3;15;15,59082;100
100;2;2;15,59082;100
100;2;2;15,59082;100
100;3;15;15,59082;100
100;3;15;15,92432;100
100;3;15;15,92432;100
100;3;15;15,92432;100
100;3;15;15,92432;100
100;2;2;15,92432;100
100;3;15;15,92432;100
100;2;2;15,92432;100
100;3;15;15,92432;100
100;3;15;15,92432;100
100;3;15;15,92432;100
100;3;15;15,92432;100
100;3;15;15,92432;100
100;3;15;16,25781;100
100;3;15;16,25781;100
100;2;2;16,25781;100
100;2;2;16,25781;100
100;3;15;16,25781;100
100;3;15;16,25781;100
100;3;15;16,25781;100
100;2;2;16,25781;100
100;3;15;16,59131;100
100;3;15;16,59131;100
100;2;2;16,59131;100
100;2;2;16,9248;100
100;3;15;16,9248;100
100;3;15;16,9248;100
100;3;15;16,9248;100
100;2;2;16,9248;100
100;3;15;16,9248;100
100;2;2;16,9248;100
100;2;2;17,2583;100
100;3;15;17,2583;100
100;3;15;17,2583;100
100;3;15;17,2583;100
100;3;15;17,2583;100
100;2;2;17,2583;100
100;2;2;17,2583;100
100;2;2;17,2583;100
100;2;2;17,2583;100
100;3;15;17,5918;100
100;2;2;17,5918;100
100;2;2;17,5918;100
100;3;15;17,5918;100
100;3;15;17,5918;100
100;3;15;17,5918;100
100;3;15;17,5918;100
100;3;15;17,5918;100
100;3;15;17,92529;100
100;3;15;17,92529;100
100;2;2;17,92529;100
100;2;2;17,92529;100
100;2;2;17,92529;100
100;2;2;17,92529;100
100;3;15;17,92529;100
100;2;2;17,92529;100
100;2;2;17,92529;100
100;2;2;18,25879;100
100;3;15;18,25879;100
100;2;2;18,25879;100
100;3;15;18,25879;100
100;2;2;18,25879;100
100;2;2;18,25879;100
100;2;2;18,25879;100
100;3;15;18,25879;100
100;3;15;18,25879;100
100;2;2;18,25879;100
100;3;15;18,25879;100
100;3;15;18,59229;100
100;3;15;18,59229;100
100;3;15;18,59229;100
100;3;15;18,59229;100
100;3;15;18,59229;100
100;3;15;18,59229;100
100;3;15;18,59229;100
100;3;15;18,92578;100
100;3;15;18,92578;100
100;3;15;18,92578;100
100;3;15;18,92578;100
100;3;15;18,92578;100
100;3;15;18,92578;100
100;2;2;19,25928;100
100;2;2;19,25928;100
100;3;15;19,25928;100
100;3;15;19,59277;100
100;3;15;19,59277;100
100;3;15;19,59277;100
100;2;2;19,59277;100
100;3;15;19,59277;100
100;3;15;19,59277;100
100;2;2;19,59277;100
100;2;2;19,92627;100
100;3;15;19,92627;100
100;2;2;19,92627;100
100;3;15;19,92627;100
100;2;2;19,92627;100
100;3;15;19,92627;100
100;3;15;19,92627;100
100;3;15;20,25977;100
100;3;15;20,25977;100
100;3;15;20,25977;100
100;2;2;20,25977;100
100;3;15;20,25977;100
100;3;15;20,25977;100
100;3;15;20,25977;100
100;2;2;20,25977;100
100;2;2;20,59326;100
100;2;2;20,59326;100
100;3;15;20,59326;100
100;3;15;20,59326;100
100;2;2;20,59326;100
100;3;15;20,59326;100
100;3;15;20,59326;100
100;3;15;20,59326;100
100;2;2;20,59326;100
100;3;15;20,59326;100
100;2;2;20,59326;100
100;3;15;20,92676;100
100;3;15;20,92676;100
100;2;2;20,92676;100
100;3;15;20,92676;100
100;2;2;20,92676;100
100;2;2;20,92676;100
100;3;15;20,92676;100
100;2;2;21,26025;100
100;2;2;21,26025;100
100;3;15;21,26025;100
100;2;2;21,26025;100
100;3;15;21,26025;100
100;2;2;21,26025;100
100;2;2;21,59375;100
100;2;2;21,59375;100
100;3;15;21,59375;100
100;3;15;21,59375;100
100;2;2;21,59375;100
100;2;2;21,59375;100
100;2;2;21,59375;100
100;3;15;21,59375;100
100;3;15;21,59375;100
100;2;2;21,92725;100
100;3;15;21,92725;100
100;2;2;21,92725;100
100;2;2;21,92725;100
100;2;2;21,92725;100
100;3;15;21,92725;100
100;2;2;21,92725;100
100;2;2;21,92725;100
100;2;2;22,26074;100
100;3;15;22,26074;100
100;2;2;22,26074;100
100;2;2;22,26074;100
100;3;15;22,26074;100
100;3;15;22,26074;100
100;2;2;22,26074;100
100;3;15;22,26074;100
100;3;15;22,26074;100
100;3;15;22,26074;100
100;2;2;22,59424;100
100;3;15;22,59424;85
100;3;15;22,59424;70
100;3;15;22,59424;55
100;3;15;22,59424;40
100;3;15;22,92773;25
100;3;15;22,92773;10
92;3;15;22,92773;-5
Player