100;3;15;33,7207;100
100;3;15;33,7207;100
100;2;2;33,7207;100
100;2;2;33,7207;100
100;2;2;34,05371;100
100;3;15;34,05371;100
100;3;15;34,05371;100
100;3;15;34,05371;100
100;3;15;34,05371;100
100;3;15;34,05371;100
100;3;15;34,05371;100
100;3;15;34,05371;100
100;3;15;34,05371;100
100;2;2;34,05371;100
100;3;15;34,38672;100
100;3;15;34,38672;100
100;3;15;34,38672;100
100;3;15;34,38672;100
100;3;15;34,38672;100
100;3;15;34,38672;100
100;2;2;34,38672;100
100;3;15;34,38672;100
100;3;15;34,71973;100
100;3;15;34,71973;100
100;3;15;34,71973;100
100;3;15;34,71973;100
100;3;15;34,71973;100
100;3;15;34,71973;100
100;3;15;34,71973;100
100;3;15;34,71973;100
100;2;2;34,71973;100
100;3;15;34,71973;100
100;2;2;34,71973;100
100;3;15;35,05273;100
100;2;2;35,05273;100
100;2;2;35,05273;100
100;3;15;35,05273;100
100;3;15;35,05273;100
100;3;15;35,05273;100
100;3;15;35,05273;100
100;3;15;35,05273;100
100;3;15;35,05273;100
100;2;2;35,05273;100
100;3;15;35,38574;100
100;3;15;35,38574;100
100;3;15;35,38574;100
100;3;15;35,38574;100
100;3;15;35,38574;100
100;2;2;35,38574;100
100;3;15;35,38574;100
100;3;15;35,38574;100
100;2;2;35,38574;100
100;3;15;35,38574;100
100;3;15;35,38574;100
100;3;15;35,71875;100
100;3;15;35,71875;100
100;3;15;35,71875;100
100;2;2;35,71875;100
100;2;2;35,71875;100
100;2;2;35,71875;100
100;3;15;35,71875;100
100;3;15;35,71875;100
100;3;15;35,71875;100
100;3;15;35,71875;100
100;2;2;35,71875;100
100;2;2;35,71875;100
100;3;15;35,71875;100
100;3;15;36,05176;100
100;3;15;36,05176;100
100;3;15;36,05176;100
100;3;15;36,05176;100
100;3;15;36,05176;100
100;3;15;36,05176;100
100;3;15;36,05176;100
100;3;15;36,05176;100
100;2;2;36,05176;100
100;3;15;36,05176;100
100;3;15;36,05176;100
100;2;2;36,38477;100
100;2;2;36,38477;100
100;3;15;36,38477;100
100;2;2;36,38477;100
100;3;15;36,38477;100
100;2;2;36,38477;100
100;3;15;36,38477;100
100;3;15;36,38477;100
100;2;2;36,38477;100
100;3;15;36,38477;100
100;3;15;36,38477;100
100;3;15;36,38477;100
100;3;15;36,71777;100
100;2;2;36,71777;100
100;3;15;36,71777;100
100;3;15;36,71777;100
100;3;15;36,71777;100
100;3;15;36,71777;100
100;3;15;36,71777;100
100;2;2;36,71777;100
100;3;15;36,71777;100
100;3;15;36,71777;100
100;2;2;36,71777;100
100;2;2;37,05078;100
100;3;15;37,05078;100
100;3;15;37,05078;100
100;3;15;37,05078;100
100;3;15;37,05078;100
100;3;15;37,05078;100
100;2;2;37,05078;100
100;3;15;37,05078;100
100;3;15;37,05078;100
100;3;15;37,05078;100
100;2;2;37,05078;100
100;2;2;37,38379;100
100;3;15;37,38379;100
100;3;15;37,38379;100
100;3;15;37,38379;100
100;3;15;37,38379;100
100;2;2;37,38379;100
100;3;15;37,38379;100
100;2;2;37,38379;100
100;3;15;37,38379;100
100;2;2;37,38379;100
100;2;2;37,38379;100
100;2;2;37,7168;100
100;3;15;37,7168;100
100;3;15;37,7168;100
100;2;2;37,7168;100
100;2;2;37,7168;100
100;3;15;37,7168;100
100;3;15;37,7168;100
100;3;15;37,7168;100
100;3;15;37,7168;100
100;3;15;37,7168;100
100;3;15;37,7168;100
100;3;15;37,7168;100
100;3;15;37,7168;100
100;3;15;38,0498;100
100;2;2;38,0498;100
100;3;15;38,0498;100
100;3;15;38,0498;100
100;3;15;38,0498;100
100;2;2;38,0498;100
100;3;15;38,0498;100
100;2;2;38,0498;100
100;3;15;38,0498;100
100;3;15;38,0498;100
100;3;15;38,38281;100
100;2;2;38,38281;100
100;3;15;38,38281;100
100;3;15;38,38281;100
100;3;15;38,38281;100
100;2;2;38,38281;100
100;3;15;38,38281;100
100;2;2;38,38281;100
100;3;15;38,38281;100
100;2;2;38,38281;100
100;3;15;38,38281;100
100;3;15;38,38281;100
100;3;15;38,38281;100
100;3;15;38,71582;100
100;3;15;38,71582;100
100;3;15;38,71582;100
100;3;15;38,71582;100
100;2;2;38,71582;100
100;3;15;38,71582;100
100;2;2;38,71582;100
100;3;15;38,71582;100
100;2;2;38,71582;100
100;3;15;38,71582;100
100;3;15;39,04883;100
100;3;15;39,04883;100
100;3;15;39,04883;100
100;2;2;39,04883;100
100;2;2;39,04883;100
100;3;15;39,04883;100
100;3;15;39,04883;100
100;3;15;39,04883;100
100;3;15;39,04883;100
100;3;15;39,04883;100
100;3;15;39,04883;100
100;3;15;39,04883;100
100;3;15;39,38184;100
100;3;15;39,38184;100
100;3;15;39,38184;100
100;3;15;39,38184;100
100;2;2;39,38184;100
100;3;15;39,38184;100
100;3;15;39,38184;100
100;3;15;39,38184;100
100;2;2;39,38184;100
100;2;2;39,38184;100
100;3;15;39,71484;100
100;3;15;39,71484;100
100;2;2;39,71484;100
100;3;15;39,71484;100
100;3;15;39,71484;100
100;3;15;39,71484;100
100;3;15;39,71484;100
100;3;15;39,71484;100
100;3;15;39,71484;100
100;3;15;40,04785;100
100;3;15;40,04785;100
100;3;15;40,04785;100
100;3;15;40,04785;100
100;3;15;40,04785;100
100;3;15;40,04785;100
100;3;15;40,04785;100
100;3;15;40,04785;100
100;3;15;40,04785;100
100;3;15;40,04785;100
100;3;15;40,38086;100
100;3;15;40,38086;100
100;3;15;40,38086;100
100;3;15;40,38086;100
100;3;15;40,38086;100
100;3;15;40,38086;100
100;3;15;40,38086;100
100;2;2;40,38086;100
100;3;15;40,38086;100
100;3;15;40,71387;100
100;3;15;40,71387;100
100;3;15;40,71387;100
100;3;15;40,71387;100
100;2;2;40,71387;100
100;3;15;40,71387;100
100;3;15;40,71387;100
100;3;15;40,71387;100
100;2;2;40,71387;100
100;2;2;40,71387;100
100;3;15;40,71387;100
100;3;15;41,04688;100
100;3;15;41,04688;100
100;3;15;41,04688;100
100;3;15;41,04688;100
100;3;15;41,04688;100
100;3;15;41,04688;100
100;3;15;41,04688;100
100;3;15;41,04688;100
100;2;2;41,04688;100
100;3;15;41,04688;100
100;3;15;41,04688;100
100;3;15;41,04688;100
100;3;15;41,04688;100
100;3;15;41,37988;100
100;3;15;41,37988;100
100;3;15;41,37988;100
100;2;2;41,37988;100
100;3;15;41,37988;100
100;3;15;41,37988;100
100;3;15;41,37988;100
100;3;15;41,37988;100
100;3;15;41,71289;100
100;3;15;41,71289;100
100;3;15;41,71289;100
100;3;15;41,71289;100
100;3;15;41,71289;100
100;2;2;41,71289;100
100;2;2;41,71289;100
100;3;15;41,71289;100
100;3;15;41,71289;100
100;2;2;42,0459;100
100;3;15;42,0459;100
100;3;15;42,0459;100
100;3;15;42,0459;100
100;2;2;42,0459;100
100;2;2;42,0459;100
100;3;15;42,0459;100
100;3;15;42,0459;100
100;3;15;42,0459;100
100;3;15;42,0459;100
100;2;2;42,0459;100
100;3;15;42,0459;100
100;2;2;42,0459;100
100;3;15;42,37891;100
100;3;15;42,37891;100
100;3;15;42,37891;100
100;3;15;42,37891;100
100;2;2;42,37891;100
100;3;15;42,37891;100
100;3;15;42,37891;100
100;3;15;42,37891;100
100;3;15;42,37891;100
100;2;2;42,71191;100
100;3;15;42,71191;100
100;3;15;42,71191;100
100;3;15;42,71191;100
100;3;15;42,71191;100
100;3;15;42,71191;100
100;3;15;42,71191;100
100;3;15;42,71191;100
100;3;15;42,71191;100
100;3;15;42,71191;100
100;3;15;42,71191;100
100;3;15;42,71191;100
100;3;15;42,71191;100
100;3;15;42,71191;100
100;3;15;42,71191;100
100;3;15;43,04492;100
100;3;15;43,04492;100
100;3;15;43,04492;100
100;3;15;43,04492;100
100;3;15;43,04492;100
100;3;15;43,04492;100
100;2;2;43,04492;100
100;3;15;43,04492;100
100;2;2;43,04492;100
100;3;15;43,37793;100
100;3;15;43,37793;100
100;3;15;43,37793;100
100;3;15;43,37793;100
100;3;15;43,37793;100
100;3;15;43,37793;100
100;2;2;43,37793;100
100;2;2;43,37793;100
100;3;15;43,37793;100
100;3;15;43,37793;100
100;3;15;43,37793;100
100;3;15;43,37793;100
100;3;15;43,71094;100
100;3;15;43,71094;100
100;3;15;43,71094;100
100;3;15;43,71094;100
100;2;2;43,71094;100
100;3;15;43,71094;100
100;3;15;43,71094;100
100;3;15;43,71094;100
100;3;15;43,71094;100
100;3;15;43,71094;100
100;2;2;43,71094;100
100;3;15;43,71094;100
100;3;15;43,71094;100
100;3;15;44,04395;100
100;3;15;44,04395;100
100;3;15;44,04395;100
100;3;15;44,04395;100
100;3;15;44,04395;100
100;3;15;44,04395;100
100;3;15;44,04395;100
100;3;15;44,04395;100
100;3;15;44,04395;100
100;2;2;44,04395;100
100;3;15;44,04395;100
100;3;15;44,04395;100
100;2;2;44,04395;100
100;3;15;44,04395;100
100;3;15;44,37695;100
100;3;15;44,37695;100
100;3;15;44,37695;100
100;3;15;44,37695;100
100;2;2;44,37695;100
100;3;15;44,37695;100
100;3;15;44,37695;100
100;3;15;44,37695;100
100;2;2;44,70996;100
100;3;15;44,70996;100
100;2;2;44,70996;100
100;3;15;44,70996;100
100;3;15;44,70996;100
100;3;15;44,70996;100
100;3;15;44,70996;100
100;3;15;44,70996;100
100;3;15;44,70996;100
100;3;15;44,70996;100
100;3;15;45,04297;100
100;3;15;45,04297;100
100;3;15;45,04297;100
100;2;2;45,04297;100
100;3;15;45,04297;100
100;3;15;45,04297;100
100;3;15;45,04297;100
100;3;15;45,04297;100
100;3;15;45,04297;100
100;3;15;45,04297;100
100;3;15;45,04297;100
100;3;15;45,04297;100
100;2;2;45,37598;100
100;3;15;45,37598;100
100;3;15;45,37598;100
100;2;2;45,37598;100
100;3;15;45,37598;100
100;3;15;45,37598;100
100;2;2;45,37598;100
100;3;15;45,37598;100
100;2;2;45,37598;100
100;3;15;45,37598;100
100;3;15;45,37598;100
100;3;15;45,37598;100
100;3;15;45,70898;100
100;3;15;45,70898;100
100;3;15;45,70898;100
100;3;15;45,70898;100
100;2;2;45,70898;100
100;2;2;45,70898;100
100;3;15;45,70898;100
100;2;2;45,70898;100
100;3;15;45,70898;100
100;3;15;46,04199;100
100;3;15;46,04199;100
100;3;15;46,04199;100
100;3;15;46,04199;100
100;3;15;46,04199;100
100;3;15;46,04199;100
100;3;15;46,04199;100
100;3;15;46,04199;100
100;3;15;46,04199;100
100;3;15;46,04199;100
100;3;15;46,375;100
100;3;15;46,375;100
100;3;15;46,375;100
100;3;15;46,375;100
100;3;15;46,375;100
100;3;15;46,375;100
100;2;2;46,375;100
100;3;15;46,375;100
100;3;15;46,375;100
100;3;15;46,375;100
100;3;15;46,375;100
100;3;15;46,375;100
100;3;15;46,375;100
100;3;15;46,70801;100
100;3;15;46,70801;100
100;3;15;46,70801;100
100;3;15;46,70801;100
100;2;2;46,70801;100
100;3;15;46,70801;100
100;2;2;46,70801;100
100;2;2;46,70801;100
100;3;15;46,70801;100
100;3;15;46,70801;100
100;3;15;46,70801;100
100;3;15;47,04102;100
100;3;15;47,04102;100
100;3;15;47,04102;100
100;2;2;47,04102;100
100;3;15;47,04102;100
100;2;2;47,04102;100
100;3;15;47,04102;100
100;3;15;47,04102;100
100;3;15;47,04102;100
100;2;2;47,04102;100
100;2;2;47,04102;100
100;3;15;47,37402;100
100;3;15;47,37402;100
100;3;15;47,37402;100
100;3;15;47,37402;100
100;3;15;47,37402;100
100;3;15;47,37402;100
100;3;15;47,37402;100
100;2;2;47,37402;100
100;3;15;47,37402;100
100;3;15;47,37402;100
100;3;15;47,37402;100
100;3;15;47,37402;100
100;3;15;47,70703;100
100;3;15;47,70703;100
100;3;15;47,70703;100
100;2;2;47,70703;100
100;3;15;47,70703;100
100;3;15;47,70703;100
100;3;15;47,70703;100
100;3;15;47,70703;100
100;3;15;47,70703;100
100;3;15;47,70703;100
100;3;15;47,70703;100
100;2;2;48,04004;100
100;3;15;48,04004;85
100;3;15;48,04004;70
100;2;2;48,04004;70
100;2;2;48,04004;70
100;3;15;48,04004;55
100;3;15;48,04004;40
100;3;15;48,04004;25
100;3;15;48,04004;10
100;3;15;48,37305;-5
Player