100;2;2;0,03125;100
100;3;15;0,03125;100
100;3;15;0,03125;100
100;2;2;0,03125;100
100;3;15;0,03125;100
100;3;15;0,03125;100
100;3;15;0,03125;100
100;2;2;0,03125;100
100;3;15;0,03125;100
100;3;15;0,03125;100
100;3;15;0,03125;100
100;2;2;0,03125;100
100;2;2;0,3642578;100
100;2;2;0,3642578;100
100;2;2;0,3642578;100
100;3;15;0,3642578;100
100;3;15;0,3642578;100
100;3;15;0,3642578;100
100;2;2;0,3642578;100
100;3;15;0,3642578;100
100;2;2;0,3642578;100
100;3;15;0,3642578;100
100;3;15;0,3642578;100
100;3;15;0,3642578;100
100;3;15;0,6972656;100
100;3;15;0,6972656;100
100;3;15;0,6972656;100
100;3;15;0,6972656;100
100;3;15;0,6972656;100
100;2;2;0,6972656;100
100;3;15;0,6972656;100
100;3;15;0,6972656;100
100;2;2;0,6972656;100
100;2;2;0,6972656;100
100;2;2;0,6972656;100
100;2;2;0,6972656;100
100;3;15;1,030273;100
100;3;15;1,030273;100
100;3;15;1,030273;100
100;3;15;1,030273;100
100;3;15;1,030273;100
100;2;2;1,030273;100
100;3;15;1,030273;100
100;3;15;1,030273;100
100;2;2;1,030273;100
100;2;2;1,030273;100
100;3;15;1,030273;100
100;3;15;1,030273;100
100;3;15;1,363281;100
100;2;2;1,363281;100
100;3;15;1,363281;100
100;3;15;1,363281;100
100;3;15;1,363281;100
100;2;2;1,363281;100
100;3;15;1,363281;100
100;3;15;1,363281;100
100;2;2;1,363281;100
100;3;15;1,363281;100
100;3;15;1,696289;100
100;3;15;1,696289;100
100;3;15;1,696289;100
100;3;15;1,696289;100
100;3;15;1,696289;100
100;3;15;1,696289;100
100;2;2;1,696289;100
100;3;15;1,696289;100
100;3;15;1,696289;100
100;2;2;1,696289;100
100;3;15;2,029297;100
100;3;15;2,029297;100
100;3;15;2,029297;100
100;3;15;2,029297;100
100;2;2;2,029297;100
100;3;15;2,029297;100
100;3;15;2,029297;100
100;3;15;2,029297;100
100;3;15;2,029297;100
100;3;15;2,029297;100
100;3;15;2,029297;100
100;2;2;2,362305;100
100;2;2;2,362305;100
100;3;15;2,362305;100
100;3;15;2,362305;100
100;3;15;2,362305;100
100;3;15;2,362305;100
100;3;15;2,362305;100
100;3;15;2,362305;100
100;3;15;2,362305;100
100;3;15;2,362305;100
100;3;15;2,362305;100
100;3;15;2,362305;100
100;3;15;2,695313;100
100;3;15;2,695313;100
100;2;2;2,695313;100
100;3;15;2,695313;100
100;2;2;2,695313;100
100;2;2;2,695313;100
100;2;2;2,695313;100
100;3;15;2,695313;100
100;2;2;2,695313;100
100;3;15;2,695313;100
100;3;15;3,02832;100
100;2;2;3,02832;100
100;3;15;3,02832;100
100;3;15;3,02832;100
100;2;2;3,02832;100
100;3;15;3,02832;100
100;3;15;3,02832;100
100;3;15;3,02832;100
100;3;15;3,02832;100
100;3;15;3,361328;100
100;3;15;3,361328;100
100;2;2;3,361328;100
100;3;15;3,361328;100
100;3;15;3,361328;100
100;3;15;3,361328;100
100;3;15;3,361328;100
100;2;2;3,361328;100
100;2;2;3,361328;100
100;3;15;3,361328;100
100;3;15;3,361328;100
100;3;15;3,694336;100
100;3;15;3,694336;100
100;2;2;3,694336;100
100;3;15;3,694336;100
100;3;15;3,694336;100
100;2;2;3,694336;100
100;3;15;3,694336;100
100;3;15;3,694336;100
100;3;15;3,694336;100
100;3;15;3,694336;100
100;2;2;3,694336;100
100;2;2;4,027344;100
100;3;15;4,027344;100
100;3;15;4,027344;100
100;2;2;4,027344;100
100;3;15;4,027344;100
100;3;15;4,027344;100
100;3;15;4,027344;100
100;3;15;4,027344;100
100;3;15;4,027344;100
100;3;15;4,027344;100
100;2;2;4,360352;100
100;3;15;4,360352;100
100;3;15;4,360352;100
100;3;15;4,360352;100
100;3;15;4,360352;100
100;2;2;4,360352;100
100;2;2;4,360352;100
100;3;15;4,360352;100
100;3;15;4,360352;100
100;3;15;4,360352;100
100;3;15;4,360352;100
100;3;15;4,693359;100
100;2;2;4,693359;100
100;3;15;4,693359;100
100;2;2;4,693359;100
100;3;15;4,693359;100
100;3;15;4,693359;100
100;2;2;4,693359;100
100;2;2;5,026367;100
100;3;15;5,026367;100
100;2;2;5,026367;100
100;3;15;5,026367;100
100;3;15;5,026367;100
100;3;15;5,026367;100
100;3;15;5,026367;100
100;3;15;5,026367;100
100;3;15;5,359375;100
100;2;2;5,359375;100
100;3;15;5,359375;100
100;3;15;5,359375;100
100;2;2;5,359375;100
100;3;15;5,359375;100
100;3;15;5,359375;100
100;3;15;5,359375;100
100;3;15;5,359375;100
100;2;2;5,359375;100
100;3;15;5,359375;100
100;3;15;5,692383;100
100;3;15;5,692383;100
100;3;15;5,692383;100
100;2;2;5,692383;100
100;2;2;5,692383;100
100;3;15;5,692383;100
100;2;2;5,692383;100
100;3;15;6,025391;100
100;3;15;6,025391;100
100;2;2;6,025391;100
100;3;15;6,025391;100
100;2;2;6,025391;100
100;2;2;6,025391;100
100;2;2;6,025391;100
100;3;15;6,025391;100
100;3;15;6,025391;100
100;3;15;6,025391;100
100;2;2;6,025391;100
100;3;15;6,025391;100
100;3;15;6,358398;100
100;3;15;6,358398;100
100;3;15;6,358398;100
100;3;15;6,358398;100
100;2;2;6,358398;100
100;3;15;6,358398;100
100;2;2;6,358398;100
100;3;15;6,358398;100
100;3;15;6,358398;100
100;3;15;6,358398;100
100;3;15;6,358398;100
100;2;2;6,691406;100
100;2;2;6,691406;100
100;3;15;6,691406;100
100;3;15;6,691406;100
100;3;15;6,691406;100
100;2;2;6,691406;100
100;3;15;6,691406;100
100;2;2;6,691406;100
100;2;2;6,691406;100
100;3;15;6,691406;100
100;2;2;6,691406;100
100;2;2;6,691406;100
100;2;2;7,024414;100
100;3;15;7,024414;100
100;3;15;7,024414;100
100;2;2;7,024414;100
100;3;15;7,024414;100
100;3;15;7,024414;100
100;3;15;7,024414;100
100;3;15;7,024414;100
100;3;15;7,024414;100
100;2;2;7,024414;100
100;3;15;7,024414;100
100;3;15;7,024414;100
100;3;15;7,024414;100
100;2;2;7,357422;100
100;3;15;7,357422;100
100;2;2;7,357422;100
100;3;15;7,357422;100
100;3;15;7,357422;100
100;3;15;7,357422;100
100;3;15;7,357422;100
100;2;2;7,357422;100
100;2;2;7,357422;100
100;2;2;7,357422;100
100;2;2;7,69043;100
100;3;15;7,69043;100
100;3;15;7,69043;100
100;3;15;7,69043;100
100;3;15;7,69043;100
100;3;15;7,69043;100
100;3;15;7,69043;100
100;3;15;7,69043;100
100;3;15;7,69043;100
100;3;15;7,69043;100
100;3;15;8,023438;100
100;3;15;8,023438;100
100;2;2;8,023438;100
100;3;15;8,023438;100
100;3;15;8,023438;100
100;3;15;8,023438;100
100;3;15;8,023438;100
100;3;15;8,023438;100
100;3;15;8,023438;100
100;3;15;8,023438;100
100;3;15;8,023438;100
100;3;15;8,356445;100
100;3;15;8,356445;100
100;3;15;8,356445;100
100;3;15;8,356445;100
100;3;15;8,356445;100
100;3;15;8,356445;100
100;3;15;8,356445;100
100;3;15;8,356445;100
100;3;15;8,356445;100
100;3;15;8,356445;100
100;3;15;8,689453;100
100;3;15;8,689453;100
100;3;15;8,689453;100
100;3;15;8,689453;100
100;3;15;8,689453;100
100;3;15;8,689453;100
100;2;2;8,689453;100
100;3;15;8,689453;100
100;3;15;9,022461;100
100;3;15;9,022461;100
100;3;15;9,022461;100
100;2;2;9,022461;100
100;3;15;9,022461;100
100;3;15;9,022461;100
100;2;2;9,022461;100
100;3;15;9,022461;100
100;3;15;9,022461;100
100;3;15;9,022461;100
100;3;15;9,022461;100
100;3;15;9,022461;100
100;3;15;9,355469;100
100;3;15;9,355469;100
100;3;15;9,355469;100
100;3;15;9,355469;100
100;3;15;9,355469;100
100;3;15;9,355469;100
100;3;15;9,355469;100
100;2;2;9,355469;100
100;3;15;9,355469;100
100;3;15;9,355469;100
100;2;2;9,355469;100
100;2;2;9,355469;100
100;2;2;9,355469;100
100;3;15;9,355469;100
100;3;15;9,355469;100
100;2;2;9,688477;100
100;3;15;9,688477;100
100;2;2;9,688477;100
100;3;15;9,688477;100
100;3;15;9,688477;100
100;3;15;9,688477;100
100;3;15;9,688477;100
100;3;15;9,688477;100
100;3;15;9,688477;100
100;3;15;9,688477;100
100;3;15;9,688477;100
100;3;15;10,02148;100
100;3;15;10,02148;100
100;2;2;10,02148;100
100;2;2;10,02148;100
100;3;15;10,02148;100
100;3;15;10,02148;100
100;2;2;10,02148;100
100;3;15;10,02148;100
100;3;15;10,02148;100
100;2;2;10,02148;100
100;3;15;10,02148;100
100;3;15;10,35449;100
100;3;15;10,35449;100
100;3;15;10,35449;100
100;3;15;10,35449;100
100;3;15;10,35449;100
100;3;15;10,35449;100
100;3;15;10,35449;100
100;3;15;10,35449;100
100;3;15;10,35449;100
100;3;15;10,35449;100
100;2;2;10,35449;100
100;3;15;10,35449;100
100;3;15;10,6875;100
100;3;15;10,6875;100
100;3;15;10,6875;100
100;3;15;10,6875;100
100;3;15;10,6875;100
100;3;15;10,6875;100
100;2;2;10,6875;100
100;3;15;10,6875;100
100;3;15;10,6875;100
100;2;2;10,6875;100
100;3;15;10,6875;100
100;3;15;11,02051;100
100;3;15;11,02051;100
100;3;15;11,02051;100
100;3;15;11,02051;100
100;3;15;11,02051;100
100;3;15;11,02051;100
100;3;15;11,02051;100
100;3;15;11,02051;100
100;3;15;11,02051;100
100;3;15;11,02051;100
100;3;15;11,02051;100
100;3;15;11,02051;100
100;2;2;11,02051;100
100;3;15;11,35352;100
100;2;2;11,35352;100
100;2;2;11,35352;100
100;2;2;11,35352;100
100;3;15;11,35352;100
100;2;2;11,35352;100
100;3;15;11,35352;100
100;2;2;11,68652;100
100;2;2;11,68652;100
100;3;15;11,68652;100
100;3;15;11,68652;100
100;3;15;11,68652;100
100;3;15;11,68652;100
100;3;15;11,68652;100
100;2;2;11,68652;100
100;3;15;11,68652;100
100;3;15;11,68652;100
100;3;15;11,68652;100
100;3;15;11,68652;100
100;3;15;12,01953;100
100;3;15;12,01953;100
100;2;2;12,01953;100
100;3;15;12,01953;100
100;2;2;12,01953;100
100;2;2;12,01953;100
100;3;15;12,01953;100
100;2;2;12,01953;100
100;3;15;12,01953;100
100;3;15;12,01953;100
100;2;2;12,01953;100
100;3;15;12,35254;100
100;2;2;12,35254;100
100;3;15;12,35254;100
100;2;2;12,35254;100
100;3;15;12,35254;100
100;3;15;12,35254;100
100;3;15;12,35254;100
100;3;15;12,35254;100
100;3;15;12,35254;100
100;3;15;12,35254;100
100;3;15;12,35254;100
100;3;15;12,35254;100
100;3;15;12,68555;100
100;2;2;12,68555;100
100;3;15;12,68555;100
100;3;15;12,68555;100
100;3;15;12,68555;100
100;3;15;12,68555;100
100;3;15;12,68555;100
100;3;15;12,68555;100
100;3;15;12,68555;100
100;3;15;13,01855;100
100;3;15;13,01855;100
100;3;15;13,01855;100
100;2;2;13,01855;100
100;3;15;13,01855;100
100;3;15;13,01855;100
100;3;15;13,01855;100
100;3;15;13,01855;100
100;3;15;13,01855;100
100;3;15;13,01855;100
100;3;15;13,01855;100
100;3;15;13,01855;100
100;3;15;13,35156;100
100;3;15;13,35156;100
100;3;15;13,35156;100
100;3;15;13,35156;100
100;3;15;13,35156;100
100;2;2;13,35156;100
100;3;15;13,35156;100
100;3;15;13,35156;100
100;3;15;13,35156;100
100;3;15;13,35156;100
100;2;2;13,35156;100
100;3;15;13,68457;100
100;3;15;13,68457;100
100;3;15;13,68457;100
100;3;15;13,68457;100
100;2;2;13,68457;100
100;3;15;13,68457;100
100;3;15;13,68457;100
100;3;15;13,68457;100
100;3;15;14,01758;100
100;3;15;14,01758;100
100;3;15;14,01758;100
100;2;2;14,01758;100
100;2;2;14,01758;100
100;3;15;14,01758;100
100;3;15;14,01758;100
100;3;15;14,01758;100
100;3;15;14,01758;100
100;3;15;14,01758;100
100;2;2;14,01758;100
100;3;15;14,35059;100
100;3;15;14,35059;100
100;2;2;14,35059;100
100;3;15;14,35059;100
100;3;15;14,35059;100
100;3;15;14,35059;100
100;3;15;14,35059;100
100;3;15;14,35059;100
100;3;15;14,35059;100
100;3;15;14,35059;100
100;3;15;14,35059;100
100;2;2;14,35059;100
100;3;15;14,68359;85
100;3;15;14,68359;70
100;3;15;14,68359;55
100;3;15;14,68359;40
100;3;15;14,68359;25
100;3;15;14,68359;10
100;2;2;14,68359;10
100;2;2;14,68359;10
100;3;15;14,68359;-5
Player