92;2;2;47,70557;100
92;3;15;47,70557;100
92;3;15;47,70557;100
92;3;15;47,70557;100
92;3;15;48,03894;100
92;3;15;48,03894;100
92;2;2;48,03894;100
92;3;15;48,03894;100
92;3;15;48,03894;100
92;2;2;48,03894;100
92;3;15;48,03894;100
92;3;15;48,03894;100
92;3;15;48,03894;100
92;3;15;48,03894;100
92;3;15;48,37231;100
92;2;2;48,37231;100
92;2;2;48,37231;100
92;3;15;48,37231;100
92;3;15;48,37231;100
92;3;15;48,37231;100
92;2;2;48,37231;100
92;3;15;48,37231;100
92;3;15;48,37231;100
92;2;2;48,37231;100
92;2;2;48,37231;100
92;3;15;48,70569;100
92;3;15;48,70569;100
92;2;2;48,70569;100
92;3;15;48,70569;100
92;3;15;48,70569;100
92;2;2;48,70569;100
92;3;15;48,70569;100
92;2;2;48,70569;100
92;2;2;48,70569;100
92;3;15;48,70569;100
92;2;2;48,70569;100
92;3;15;48,70569;100
92;3;15;48,70569;100
92;2;2;49,03906;100
92;3;15;49,03906;100
92;3;15;49,03906;100
92;2;2;49,03906;100
92;2;2;49,03906;100
92;2;2;49,03906;100
92;3;15;49,03906;100
92;2;2;49,03906;100
92;3;15;49,37244;100
92;2;2;49,37244;100
92;3;15;49,37244;100
92;3;15;49,37244;100
92;2;2;49,37244;100
92;3;15;49,37244;100
92;2;2;49,37244;100
92;2;2;49,37244;100
92;2;2;49,37244;100
92;3;15;49,70581;100
92;2;2;49,70581;100
92;2;2;49,70581;100
92;3;15;49,70581;100
92;2;2;49,70581;100
92;3;15;49,70581;100
92;3;15;49,70581;100
92;3;15;49,70581;100
92;3;15;49,70581;100
92;3;15;49,70581;100
92;2;2;49,70581;100
92;2;2;50,03918;100
92;3;15;50,03918;100
92;3;15;50,03918;100
92;3;15;50,03918;100
92;3;15;50,03918;100
92;3;15;50,03918;100
92;3;15;50,03918;100
92;2;2;50,03918;100
92;3;15;50,37256;100
92;3;15;50,37256;100
92;2;2;50,37256;100
92;2;2;50,37256;100
92;2;2;50,37256;100
92;3;15;50,37256;100
92;2;2;50,37256;100
92;3;15;50,37256;100
92;3;15;50,37256;100
92;3;15;50,70593;100
92;3;15;50,70593;100
92;2;2;50,70593;100
92;2;2;50,70593;100
92;2;2;50,70593;100
92;3;15;50,70593;100
92;2;2;50,70593;100
92;2;2;50,70593;100
92;3;15;51,03931;100
92;2;2;51,03931;100
92;2;2;51,03931;100
92;2;2;51,03931;100
92;2;2;51,03931;100
92;2;2;51,03931;100
92;3;15;51,37268;100
92;2;2;51,37268;100
92;3;15;51,37268;100
92;2;2;51,37268;100
92;2;2;51,37268;100
92;2;2;51,37268;100
92;2;2;51,70605;100
92;2;2;51,70605;100
92;3;15;51,70605;100
92;2;2;51,70605;100
92;3;15;51,70605;100
92;3;15;51,70605;100
92;2;2;51,70605;100
92;3;15;51,70605;100
92;3;15;51,70605;100
92;2;2;51,70605;100
92;3;15;51,70605;100
92;3;15;52,03943;100
92;3;15;52,03943;100
92;2;2;52,03943;100
92;3;15;52,03943;100
92;2;2;52,03943;100
92;2;2;52,03943;100
92;3;15;52,03943;100
92;3;15;52,03943;100
92;3;15;52,03943;100
92;3;15;52,3728;100
92;3;15;52,3728;100
92;3;15;52,3728;100
92;3;15;52,3728;100
92;3;15;52,3728;100
92;2;2;52,3728;100
92;3;15;52,3728;100
92;2;2;52,3728;100
92;3;15;52,70618;100
92;3;15;52,70618;100
92;2;2;52,70618;100
92;3;15;52,70618;100
92;2;2;52,70618;100
92;3;15;52,70618;100
92;3;15;52,70618;100
92;3;15;52,70618;100
92;2;2;52,70618;100
92;3;15;52,70618;100
92;3;15;52,70618;100
92;2;2;52,70618;100
92;3;15;53,03955;100
92;2;2;53,03955;100
92;3;15;53,03955;100
92;3;15;53,03955;100
92;3;15;53,03955;100
92;2;2;53,03955;100
92;3;15;53,03955;100
92;2;2;53,03955;100
92;2;2;53,03955;100
92;3;15;53,37292;100
92;3;15;53,37292;100
92;2;2;53,37292;100
92;3;15;53,37292;100
92;3;15;53,37292;100
92;3;15;53,37292;100
92;3;15;53,37292;100
92;3;15;53,37292;100
92;3;15;53,37292;100
92;2;2;53,7063;100
92;3;15;53,7063;100
92;3;15;53,7063;100
92;3;15;53,7063;100
92;2;2;53,7063;100
92;2;2;53,7063;100
92;2;2;54,03967;100
92;2;2;54,03967;100
92;3;15;54,03967;100
92;2;2;54,03967;100
92;3;15;54,03967;100
92;2;2;54,03967;100
92;3;15;54,03967;100
92;2;2;54,37305;100
92;2;2;54,37305;100
92;3;15;54,37305;100
92;2;2;54,37305;100
92;2;2;54,37305;100
92;3;15;54,37305;100
92;3;15;54,37305;100
92;2;2;54,37305;100
92;3;15;54,37305;100
92;3;15;54,70642;100
92;2;2;54,70642;100
92;3;15;54,70642;100
92;2;2;54,70642;100
92;2;2;54,70642;100
92;3;15;54,70642;100
92;3;15;54,70642;100
92;2;2;54,70642;100
92;3;15;54,70642;100
92;3;15;54,70642;100
92;2;2;54,70642;100
92;2;2;55,03979;100
92;2;2;55,03979;100
92;2;2;55,03979;100
92;2;2;55,03979;100
92;2;2;55,03979;100
92;3;15;55,03979;100
92;3;15;55,03979;100
92;3;15;55,03979;100
92;3;15;55,03979;100
92;2;2;55,03979;100
92;2;2;55,03979;100
92;2;2;55,37317;100
92;2;2;55,37317;100
92;2;2;55,37317;100
92;3;15;55,37317;100
92;3;15;55,37317;100
92;3;15;55,37317;100
92;3;15;55,37317;100
92;3;15;55,70654;100
92;2;2;55,70654;100
92;3;15;55,70654;100
92;2;2;55,70654;100
92;2;2;55,70654;100
92;3;15;55,70654;100
92;2;2;55,70654;100
92;3;15;55,70654;100
92;3;15;56,03992;100
92;2;2;56,03992;100
92;3;15;56,03992;100
92;2;2;56,03992;100
92;2;2;56,03992;100
92;3;15;56,03992;100
92;2;2;56,03992;100
92;2;2;56,37329;100
92;2;2;56,37329;100
92;2;2;56,37329;100
92;3;15;56,37329;100
92;3;15;56,37329;100
92;3;15;56,37329;100
92;3;15;56,37329;100
92;2;2;56,37329;100
92;3;15;56,37329;100
92;2;2;56,37329;100
92;3;15;56,37329;100
92;2;2;56,70667;100
92;2;2;56,70667;100
92;2;2;56,70667;100
92;3;15;56,70667;100
92;3;15;56,70667;100
92;2;2;56,70667;100
92;3;15;56,70667;100
92;2;2;56,70667;100
92;2;2;57,04004;100
92;3;15;57,04004;100
92;3;15;57,04004;100
92;3;15;57,04004;100
92;2;2;57,04004;100
92;3;15;57,04004;100
92;3;15;57,04004;100
92;3;15;57,37341;100
92;2;2;57,37341;100
92;3;15;57,37341;100
92;2;2;57,37341;100
92;2;2;57,37341;100
92;2;2;57,37341;100
92;3;15;57,37341;100
92;2;2;57,37341;100
92;3;15;57,37341;100
92;2;2;57,37341;100
92;3;15;57,37341;100
92;3;15;57,37341;100
92;2;2;57,70679;100
92;3;15;57,70679;100
92;2;2;57,70679;100
92;3;15;57,70679;100
92;3;15;57,70679;100
92;3;15;57,70679;100
92;3;15;57,70679;100
92;2;2;57,70679;100
92;3;15;57,70679;100
92;2;2;57,70679;100
92;3;15;57,70679;100
92;3;15;57,70679;100
92;2;2;57,70679;100
92;2;2;58,04016;100
92;2;2;58,04016;100
92;2;2;58,04016;100
92;2;2;58,04016;100
92;3;15;58,04016;100
92;2;2;58,04016;100
92;2;2;58,04016;100
92;2;2;58,37354;100
92;3;15;58,37354;100
92;2;2;58,37354;100
92;2;2;58,37354;100
92;3;15;58,37354;100
92;3;15;58,37354;100
92;2;2;58,37354;100
92;3;15;58,37354;100
92;3;15;58,37354;100
92;3;15;58,70691;100
92;2;2;58,70691;100
92;2;2;58,70691;100
92;2;2;58,70691;100
92;3;15;58,70691;100
92;2;2;58,70691;100
92;2;2;58,70691;100
92;3;15;58,70691;100
92;2;2;58,70691;100
92;3;15;58,70691;100
92;3;15;59,04028;100
92;3;15;59,04028;100
92;3;15;59,04028;100
92;2;2;59,04028;100
92;2;2;59,04028;100
92;3;15;59,04028;100
92;3;15;59,04028;100
92;3;15;59,04028;100
92;3;15;59,37366;100
92;3;15;59,37366;100
92;3;15;59,37366;100
92;2;2;59,37366;100
92;2;2;59,37366;100
92;3;15;59,37366;100
92;2;2;59,37366;100
92;2;2;59,37366;100
92;2;2;59,37366;100
92;3;15;59,37366;100
92;3;15;59,70703;100
92;2;2;59,70703;100
92;2;2;59,70703;100
92;3;15;59,70703;100
92;2;2;0,04040527;100
92;3;15;0,04040527;100
92;2;2;0,04040527;100
92;3;15;0,04040527;100
92;2;2;0,04040527;100
92;3;15;0,04040527;100
92;3;15;0,04040527;100
92;2;2;0,04040527;100
92;2;2;0,04040527;100
92;3;15;0,04040527;100
92;3;15;0,04040527;100
92;2;2;0,3737793;100
92;3;15;0,3737793;100
92;2;2;0,3737793;100
92;3;15;0,3737793;100
92;2;2;0,3737793;100
92;2;2;0,3737793;100
92;2;2;0,3737793;100
92;2;2;0,3737793;100
92;3;15;0,3737793;100
92;2;2;0,7071533;100
92;3;15;0,7071533;100
92;3;15;0,7071533;100
92;2;2;0,7071533;100
92;3;15;0,7071533;100
92;2;2;0,7071533;100
92;2;2;0,7071533;100
92;3;15;0,7071533;100
92;2;2;0,7071533;100
92;2;2;0,7071533;100
92;2;2;0,7071533;100
92;3;15;0,7071533;100
92;3;15;1,040527;100
92;2;2;1,040527;100
92;3;15;1,040527;100
92;3;15;1,040527;100
92;3;15;1,040527;100
92;2;2;1,040527;100
92;3;15;1,373901;100
92;2;2;1,373901;100
92;3;15;1,373901;100
92;2;2;1,373901;100
92;2;2;1,373901;100
92;2;2;1,373901;100
92;2;2;1,707275;100
92;3;15;1,707275;100
92;2;2;1,707275;100
92;3;15;1,707275;100
92;3;15;1,707275;100
92;2;2;1,707275;100
92;2;2;1,707275;100
92;2;2;1,707275;100
92;3;15;1,707275;100
92;2;2;1,707275;100
92;3;15;1,707275;100
92;2;2;2,040649;100
92;3;15;2,040649;100
92;2;2;2,040649;100
92;3;15;2,040649;100
92;2;2;2,040649;100
92;3;15;2,040649;100
92;2;2;2,040649;100
92;3;15;2,040649;100
92;3;15;2,040649;100
92;3;15;2,374023;100
92;3;15;2,374023;100
92;2;2;2,374023;100
92;3;15;2,374023;100
92;2;2;2,374023;100
92;3;15;2,374023;100
92;3;15;2,374023;100
92;3;15;2,374023;100
92;3;15;2,374023;100
92;3;15;2,374023;100
92;2;2;2,707397;100
92;3;15;2,707397;100
92;2;2;2,707397;100
92;2;2;2,707397;100
92;2;2;2,707397;100
92;3;15;2,707397;100
92;3;15;2,707397;100
92;2;2;3,040771;100
92;3;15;3,040771;100
92;3;15;3,040771;100
92;3;15;3,040771;100
92;2;2;3,040771;100
92;3;15;3,040771;100
92;3;15;3,040771;100
92;3;15;3,040771;100
92;3;15;3,040771;100
92;3;15;3,374146;100
92;3;15;3,374146;100
92;3;15;3,374146;100
92;2;2;3,374146;100
92;2;2;3,374146;100
92;2;2;3,374146;100
92;2;2;3,374146;100
92;3;15;3,374146;100
92;2;2;3,70752;100
92;2;2;3,70752;100
92;3;15;3,70752;100
92;3;15;3,70752;100
92;2;2;3,70752;100
92;3;15;3,70752;100
92;2;2;3,70752;100
92;2;2;3,70752;100
92;3;15;3,70752;100
92;3;15;3,70752;100
92;2;2;4,040894;100
92;3;15;4,040894;100
92;3;15;4,040894;100
92;3;15;4,040894;100
92;2;2;4,040894;100
92;3;15;4,040894;100
92;3;15;4,040894;100
92;2;2;4,040894;100
92;3;15;4,040894;100
92;2;2;4,040894;100
92;2;2;4,040894;100
92;3;15;4,374268;100
92;2;2;4,374268;100
92;2;2;4,374268;100
92;2;2;4,374268;100
92;2;2;4,374268;100
92;3;15;4,374268;100
92;2;2;4,374268;100
92;2;2;4,374268;100
92;3;15;4,374268;100
92;3;15;4,707642;100
92;2;2;4,707642;100
92;2;2;4,707642;100
92;2;2;4,707642;100
92;3;15;4,707642;100
92;3;15;4,707642;100
92;2;2;4,707642;100
92;3;15;4,707642;100
92;3;15;4,707642;100
92;3;15;5,041016;100
92;3;15;5,041016;100
92;3;15;5,041016;100
92;2;2;5,041016;100
92;2;2;5,041016;100
92;3;15;5,041016;100
92;2;2;5,041016;100
92;2;2;5,041016;100
92;3;15;5,37439;100
92;3;15;5,37439;100
92;2;2;5,37439;100
92;2;2;5,37439;100
92;2;2;5,37439;100
92;3;15;5,37439;100
92;3;15;5,37439;100
92;3;15;5,37439;100
92;2;2;5,37439;100
92;3;15;5,37439;100
92;2;2;5,37439;100
92;2;2;5,37439;100
92;2;2;5,37439;100
92;2;2;5,707764;100
92;3;15;5,707764;100
92;3;15;5,707764;100
92;2;2;5,707764;100
92;3;15;5,707764;100
92;2;2;5,707764;100
92;2;2;5,707764;100
92;2;2;5,707764;100
92;3;15;5,707764;100
92;3;15;6,041138;100
92;2;2;6,041138;100
92;3;15;6,041138;100
92;2;2;6,041138;100
92;2;2;6,041138;100
92;2;2;6,041138;100
92;2;2;6,041138;100
92;3;15;6,041138;100
92;3;15;6,374512;100
92;3;15;6,374512;100
92;2;2;6,374512;100
92;3;15;6,374512;100
92;3;15;6,374512;100
92;2;2;6,374512;100
92;3;15;6,707886;100
92;2;2;6,707886;100
92;3;15;6,707886;100
92;2;2;6,707886;100
92;2;2;6,707886;100
92;3;15;6,707886;100
92;3;15;6,707886;100
92;3;15;6,707886;100
92;3;15;6,707886;100
92;2;2;6,707886;100
92;2;2;6,707886;100
92;3;15;7,04126;100
92;2;2;7,04126;100
92;2;2;7,04126;100
92;3;15;7,04126;100
92;2;2;7,04126;100
92;3;15;7,04126;100
92;2;2;7,04126;100
92;3;15;7,04126;100
92;3;15;7,04126;100
92;3;15;7,374634;100
92;2;2;7,374634;100
92;3;15;7,374634;100
92;2;2;7,374634;100
92;2;2;7,374634;100
92;3;15;7,374634;100
92;2;2;7,374634;100
92;3;15;7,374634;100
92;2;2;7,374634;100
92;2;2;7,374634;100
92;2;2;7,374634;100
92;3;15;7,708008;100
92;3;15;7,708008;85
92;3;15;7,708008;70
92;3;15;7,708008;55
92;2;2;7,708008;55
92;3;15;7,708008;40
92;3;15;7,708008;25
92;3;15;7,708008;10
92;3;15;7,708008;-5
Player