100;3;15;41,97754;100
100;3;15;41,97754;100
100;3;15;41,97754;100
100;3;15;41,97754;100
100;3;15;41,97754;100
100;3;15;41,97754;100
100;2;2;41,97754;100
100;3;15;41,97754;100
100;2;2;41,97754;100
100;2;2;41,97754;100
100;2;2;42,31104;100
100;2;2;42,31104;100
100;2;2;42,31104;100
100;3;15;42,31104;100
100;3;15;42,31104;100
100;3;15;42,31104;100
100;2;2;42,31104;100
100;3;15;42,64453;100
100;3;15;42,64453;100
100;3;15;42,64453;100
100;3;15;42,64453;100
100;2;2;42,64453;100
100;3;15;42,64453;100
100;3;15;42,64453;100
100;3;15;42,64453;100
100;3;15;42,97803;100
100;2;2;42,97803;100
100;2;2;42,97803;100
100;3;15;42,97803;100
100;2;2;42,97803;100
100;3;15;42,97803;100
100;2;2;43,31152;100
100;2;2;43,31152;100
100;3;15;43,31152;100
100;2;2;43,31152;100
100;3;15;43,31152;100
100;2;2;43,64502;100
100;2;2;43,64502;100
100;3;15;43,64502;100
100;2;2;43,64502;100
100;3;15;43,64502;100
100;3;15;43,64502;100
100;3;15;43,64502;100
100;2;2;43,64502;100
100;3;15;43,97852;100
100;3;15;43,97852;100
100;2;2;43,97852;100
100;3;15;43,97852;100
100;3;15;43,97852;100
100;2;2;43,97852;100
100;3;15;43,97852;100
100;2;2;43,97852;100
100;2;2;43,97852;100
100;2;2;44,31201;100
100;3;15;44,31201;100
100;3;15;44,31201;100
100;2;2;44,31201;100
100;3;15;44,31201;100
100;3;15;44,64551;100
100;2;2;44,64551;100
100;2;2;44,64551;100
100;3;15;44,64551;100
100;2;2;44,64551;100
100;3;15;44,64551;100
100;2;2;44,64551;100
100;2;2;44,64551;100
100;3;15;44,64551;100
100;2;2;44,64551;100
100;3;15;44,64551;100
100;2;2;44,979;100
100;3;15;44,979;100
100;3;15;44,979;100
100;2;2;44,979;100
100;3;15;44,979;100
100;3;15;44,979;100
100;3;15;44,979;100
100;2;2;44,979;100
100;3;15;45,3125;100
100;3;15;45,3125;100
100;3;15;45,3125;100
100;3;15;45,3125;100
100;3;15;45,3125;100
100;3;15;45,646;100
100;3;15;45,646;100
100;3;15;45,646;100
100;2;2;45,646;100
100;2;2;45,646;100
100;3;15;45,646;100
100;3;15;45,646;100
100;3;15;45,97949;100
100;2;2;45,97949;100
100;2;2;45,97949;100
100;2;2;45,97949;100
100;3;15;45,97949;100
100;2;2;45,97949;100
100;2;2;45,97949;100
100;2;2;45,97949;100
100;2;2;45,97949;100
100;2;2;46,31299;100
100;3;15;46,31299;100
100;3;15;46,31299;100
100;3;15;46,31299;100
100;2;2;46,31299;100
100;3;15;46,31299;100
100;3;15;46,31299;100
100;3;15;46,31299;100
100;3;15;46,31299;100
100;2;2;46,64648;100
100;2;2;46,64648;100
100;3;15;46,64648;100
100;2;2;46,64648;100
100;2;2;46,64648;100
100;2;2;46,64648;100
100;2;2;46,64648;100
100;2;2;46,64648;100
100;2;2;46,64648;100
100;3;15;46,97998;100
100;3;15;46,97998;100
100;2;2;46,97998;100
100;2;2;46,97998;100
100;2;2;46,97998;100
100;3;15;46,97998;100
100;2;2;47,31348;100
100;2;2;47,31348;100
100;3;15;47,31348;100
100;3;15;47,31348;100
100;2;2;47,64697;100
100;2;2;47,64697;100
100;3;15;47,64697;100
100;3;15;47,64697;100
100;3;15;47,64697;100
100;3;15;47,64697;100
100;3;15;47,64697;100
100;2;2;47,64697;100
100;3;15;47,64697;100
100;2;2;47,64697;100
100;3;15;47,64697;100
100;2;2;47,98047;100
100;2;2;47,98047;100
100;2;2;47,98047;100
100;2;2;47,98047;100
100;3;15;47,98047;100
100;3;15;47,98047;100
100;3;15;47,98047;100
100;2;2;48,31396;100
100;2;2;48,31396;100
100;2;2;48,31396;100
100;2;2;48,31396;100
100;3;15;48,31396;100
100;2;2;48,31396;100
100;2;2;48,31396;100
100;3;15;48,31396;100
100;2;2;48,31396;100
100;3;15;48,31396;100
100;2;2;48,64746;100
100;3;15;48,64746;100
100;3;15;48,64746;100
100;3;15;48,64746;100
100;3;15;48,64746;100
100;3;15;48,64746;100
100;2;2;48,64746;100
100;2;2;48,98096;100
100;3;15;48,98096;100
100;3;15;48,98096;100
100;3;15;48,98096;100
100;3;15;48,98096;100
100;3;15;48,98096;100
100;3;15;48,98096;100
100;3;15;48,98096;100
100;2;2;48,98096;100
100;2;2;48,98096;100
100;3;15;49,31445;100
100;3;15;49,31445;100
100;3;15;49,31445;100
100;3;15;49,31445;100
100;3;15;49,31445;100
100;2;2;49,31445;100
100;3;15;49,31445;100
100;2;2;49,31445;100
100;3;15;49,31445;100
100;3;15;49,64795;100
100;3;15;49,64795;100
100;2;2;49,64795;100
100;2;2;49,64795;100
100;2;2;49,64795;100
100;3;15;49,98145;100
100;3;15;49,98145;100
100;3;15;49,98145;100
100;2;2;49,98145;100
100;2;2;49,98145;100
100;2;2;49,98145;100
100;3;15;49,98145;100
100;2;2;49,98145;100
100;2;2;49,98145;100
100;2;2;50,31494;100
100;3;15;50,31494;100
100;3;15;50,31494;100
100;2;2;50,64844;100
100;2;2;50,64844;100
100;2;2;50,64844;100
100;3;15;50,64844;100
100;3;15;50,98193;100
100;3;15;50,98193;100
100;3;15;50,98193;100
100;2;2;50,98193;100
100;2;2;50,98193;100
100;2;2;50,98193;100
100;2;2;50,98193;100
100;2;2;50,98193;100
100;2;2;50,98193;100
100;3;15;50,98193;100
100;3;15;50,98193;100
100;3;15;50,98193;100
100;3;15;51,31543;100
100;2;2;51,31543;100
100;2;2;51,31543;100
100;3;15;51,31543;100
100;2;2;51,31543;100
100;3;15;51,31543;100
100;2;2;51,31543;100
100;2;2;51,31543;100
100;2;2;51,31543;100
100;3;15;51,64893;100
100;2;2;51,64893;100
100;3;15;51,64893;100
100;3;15;51,64893;100
100;3;15;51,64893;100
100;3;15;51,98242;100
100;3;15;51,98242;100
100;3;15;51,98242;100
100;3;15;51,98242;100
100;2;2;51,98242;100
100;3;15;51,98242;100
100;3;15;51,98242;100
100;2;2;51,98242;100
100;2;2;51,98242;100
100;2;2;52,31592;100
100;2;2;52,31592;100
100;3;15;52,31592;100
100;3;15;52,31592;100
100;3;15;52,31592;100
100;3;15;52,31592;100
100;2;2;52,31592;100
100;2;2;52,64941;100
100;3;15;52,64941;100
100;3;15;52,64941;100
100;2;2;52,64941;100
100;2;2;52,64941;100
100;2;2;52,64941;100
100;2;2;52,98291;100
100;3;15;52,98291;100
100;2;2;52,98291;100
100;3;15;52,98291;100
100;2;2;52,98291;100
100;3;15;52,98291;100
100;2;2;52,98291;100
100;2;2;52,98291;100
100;2;2;52,98291;100
100;2;2;52,98291;100
100;3;15;53,31641;100
100;3;15;53,31641;100
100;3;15;53,31641;100
100;3;15;53,31641;100
100;2;2;53,31641;100
100;2;2;53,6499;100
100;2;2;53,6499;100
100;2;2;53,6499;100
100;3;15;53,6499;100
100;3;15;53,6499;100
100;2;2;53,6499;100
100;2;2;53,6499;100
100;3;15;53,6499;100
100;2;2;53,6499;100
100;3;15;53,9834;100
100;2;2;53,9834;100
100;3;15;53,9834;100
100;3;15;53,9834;100
100;3;15;53,9834;100
100;2;2;53,9834;100
100;3;15;53,9834;100
100;2;2;53,9834;100
100;2;2;53,9834;100
100;2;2;54,31689;100
100;2;2;54,31689;100
100;3;15;54,31689;100
100;2;2;54,31689;100
100;3;15;54,31689;100
100;3;15;54,31689;100
100;2;2;54,31689;100
100;2;2;54,31689;100
100;3;15;54,31689;100
100;3;15;54,65039;100
100;3;15;54,65039;100
100;3;15;54,65039;100
100;3;15;54,65039;100
100;3;15;54,65039;100
100;2;2;54,65039;100
100;3;15;54,65039;100
100;2;2;54,65039;100
100;2;2;54,65039;100
100;2;2;54,65039;100
100;3;15;54,98389;100
100;3;15;54,98389;100
100;3;15;54,98389;100
100;2;2;54,98389;100
100;3;15;54,98389;100
100;2;2;54,98389;100
100;3;15;54,98389;100
100;3;15;54,98389;100
100;3;15;54,98389;100
100;3;15;54,98389;100
100;3;15;54,98389;100
100;3;15;55,31738;100
100;3;15;55,31738;100
100;2;2;55,31738;100
100;3;15;55,31738;100
100;2;2;55,31738;100
100;3;15;55,31738;100
100;3;15;55,31738;100
100;2;2;55,31738;100
100;3;15;55,31738;100
100;2;2;55,65088;100
100;2;2;55,65088;100
100;3;15;55,65088;100
100;3;15;55,65088;100
100;3;15;55,65088;100
100;3;15;55,65088;100
100;3;15;55,98438;100
100;2;2;55,98438;100
100;2;2;55,98438;100
100;3;15;55,98438;100
100;2;2;55,98438;100
100;2;2;55,98438;100
100;2;2;55,98438;100
100;3;15;55,98438;100
100;2;2;55,98438;100
100;3;15;56,31787;100
100;3;15;56,31787;100
100;2;2;56,31787;100
100;2;2;56,31787;100
100;3;15;56,31787;100
100;2;2;56,31787;100
100;2;2;56,65137;100
100;3;15;56,65137;100
100;3;15;56,65137;100
100;3;15;56,65137;100
100;2;2;56,65137;100
100;3;15;56,65137;100
100;2;2;56,98486;100
100;3;15;56,98486;100
100;2;2;56,98486;100
100;2;2;56,98486;100
100;2;2;56,98486;100
100;2;2;56,98486;100
100;3;15;56,98486;100
100;2;2;56,98486;100
100;3;15;56,98486;100
100;3;15;57,31836;100
100;3;15;57,31836;100
100;3;15;57,31836;100
100;3;15;57,31836;100
100;2;2;57,31836;100
100;2;2;57,65186;100
100;2;2;57,65186;100
100;2;2;57,65186;100
100;3;15;57,65186;85
100;3;15;57,65186;70
100;3;15;57,65186;55
100;3;15;57,65186;40
100;3;15;57,65186;25
100;2;2;57,98535;25
100;2;2;57,98535;25
100;2;2;57,98535;25
100;3;15;57,98535;10
100;3;15;57,98535;-5
Player