100;3;15;2,396484;100
100;3;15;2,396484;100
100;3;15;2,396484;100
100;3;15;2,396484;100
100;3;15;2,396484;100
100;3;15;2,396484;100
100;3;15;2,396484;100
100;3;15;2,396484;100
100;3;15;2,729492;100
100;3;15;2,729492;100
100;3;15;2,729492;100
100;2;2;2,729492;100
100;3;15;2,729492;100
100;2;2;3,0625;100
100;3;15;3,0625;100
100;3;15;3,0625;100
100;3;15;3,0625;100
100;3;15;3,0625;100
100;3;15;3,0625;100
100;2;2;3,0625;100
100;2;2;3,0625;100
100;2;2;3,0625;100
100;3;15;3,0625;100
100;3;15;3,0625;100
100;3;15;3,0625;100
100;2;2;3,0625;100
100;3;15;3,395508;100
100;2;2;3,395508;100
100;3;15;3,395508;100
100;3;15;3,395508;100
100;3;15;3,395508;100
100;3;15;3,395508;100
100;3;15;3,395508;100
100;3;15;3,728516;100
100;3;15;3,728516;100
100;3;15;3,728516;100
100;2;2;3,728516;100
100;3;15;3,728516;100
100;2;2;3,728516;100
100;3;15;3,728516;100
100;3;15;3,728516;100
100;2;2;3,728516;100
100;3;15;4,061523;100
100;3;15;4,061523;100
100;2;2;4,061523;100
100;3;15;4,061523;100
100;3;15;4,061523;100
100;3;15;4,061523;100
100;3;15;4,061523;100
100;2;2;4,061523;100
100;3;15;4,061523;100
100;2;2;4,394531;100
100;3;15;4,394531;100
100;3;15;4,394531;100
100;2;2;4,394531;100
100;3;15;4,394531;100
100;3;15;4,394531;100
100;3;15;4,394531;100
100;2;2;4,394531;100
100;2;2;4,394531;100
100;3;15;4,394531;100
100;3;15;4,394531;100
100;3;15;4,727539;100
100;3;15;4,727539;100
100;3;15;4,727539;100
100;2;2;4,727539;100
100;2;2;4,727539;100
100;3;15;4,727539;100
100;3;15;4,727539;100
100;2;2;4,727539;100
100;3;15;4,727539;100
100;3;15;4,727539;100
100;3;15;4,727539;100
100;2;2;4,727539;100
100;3;15;5,060547;100
100;3;15;5,060547;100
100;3;15;5,060547;100
100;3;15;5,060547;100
100;3;15;5,060547;100
100;3;15;5,060547;100
100;3;15;5,060547;100
100;2;2;5,060547;100
100;2;2;5,060547;100
100;3;15;5,060547;100
100;3;15;5,060547;100
100;3;15;5,060547;100
100;3;15;5,393555;100
100;3;15;5,393555;100
100;3;15;5,393555;100
100;3;15;5,393555;100
100;3;15;5,393555;100
100;3;15;5,393555;100
100;3;15;5,393555;100
100;3;15;5,393555;100
100;3;15;5,393555;100
100;3;15;5,393555;100
100;3;15;5,393555;100
100;3;15;5,726563;100
100;2;2;5,726563;100
100;3;15;5,726563;100
100;3;15;5,726563;100
100;3;15;5,726563;100
100;3;15;5,726563;100
100;2;2;5,726563;100
100;2;2;5,726563;100
100;3;15;5,726563;100
100;3;15;5,726563;100
100;3;15;5,726563;100
100;3;15;5,726563;100
100;3;15;5,726563;100
100;3;15;6,05957;100
100;3;15;6,05957;100
100;3;15;6,05957;100
100;2;2;6,05957;100
100;3;15;6,05957;100
100;3;15;6,05957;100
100;3;15;6,05957;100
100;2;2;6,05957;100
100;3;15;6,05957;100
100;3;15;6,05957;100
100;2;2;6,392578;100
100;3;15;6,392578;100
100;3;15;6,392578;100
100;3;15;6,392578;100
100;3;15;6,392578;100
100;3;15;6,392578;100
100;3;15;6,392578;100
100;3;15;6,392578;100
100;3;15;6,392578;100
100;3;15;6,392578;100
100;3;15;6,392578;100
100;3;15;6,392578;100
100;3;15;6,392578;100
100;3;15;6,725586;100
100;3;15;6,725586;100
100;3;15;6,725586;100
100;3;15;6,725586;100
100;3;15;6,725586;100
100;3;15;6,725586;100
100;3;15;6,725586;100
100;3;15;6,725586;100
100;3;15;6,725586;100
100;3;15;6,725586;100
100;2;2;7,058594;100
100;3;15;7,058594;100
100;2;2;7,058594;100
100;3;15;7,058594;100
100;3;15;7,058594;100
100;3;15;7,058594;100
100;3;15;7,058594;100
100;2;2;7,058594;100
100;2;2;7,058594;100
100;3;15;7,058594;100
100;2;2;7,058594;100
100;2;2;7,058594;100
100;3;15;7,058594;100
100;3;15;7,058594;100
100;3;15;7,391602;100
100;3;15;7,391602;100
100;3;15;7,391602;100
100;3;15;7,391602;100
100;3;15;7,391602;100
100;3;15;7,391602;100
100;3;15;7,391602;100
100;3;15;7,391602;100
100;3;15;7,724609;100
100;2;2;7,724609;100
100;3;15;7,724609;100
100;2;2;7,724609;100
100;3;15;7,724609;100
100;3;15;7,724609;100
100;3;15;7,724609;100
100;3;15;7,724609;100
100;2;2;7,724609;100
100;2;2;7,724609;100
100;3;15;8,057617;100
100;3;15;8,057617;100
100;3;15;8,057617;100
100;3;15;8,057617;100
100;3;15;8,057617;100
100;3;15;8,057617;100
100;3;15;8,057617;100
100;2;2;8,057617;100
100;2;2;8,057617;100
100;3;15;8,057617;100
100;3;15;8,057617;100
100;3;15;8,057617;100
100;3;15;8,390625;100
100;3;15;8,390625;100
100;3;15;8,390625;100
100;2;2;8,390625;100
100;3;15;8,390625;100
100;3;15;8,390625;100
100;3;15;8,390625;100
100;2;2;8,390625;100
100;2;2;8,390625;100
100;2;2;8,390625;100
100;3;15;8,390625;100
100;3;15;8,723633;100
100;3;15;8,723633;100
100;2;2;8,723633;100
100;2;2;8,723633;100
100;2;2;8,723633;100
100;2;2;8,723633;100
100;2;2;8,723633;100
100;3;15;8,723633;100
100;3;15;8,723633;100
100;3;15;8,723633;100
100;3;15;8,723633;100
100;2;2;8,723633;100
100;2;2;9,056641;100
100;2;2;9,056641;100
100;3;15;9,056641;100
100;3;15;9,056641;100
100;2;2;9,056641;100
100;3;15;9,056641;100
100;3;15;9,056641;100
100;3;15;9,056641;100
100;3;15;9,389648;100
100;2;2;9,389648;100
100;3;15;9,389648;100
100;3;15;9,389648;100
100;3;15;9,389648;100
100;2;2;9,389648;100
100;3;15;9,389648;100
100;3;15;9,389648;100
100;2;2;9,389648;100
100;2;2;9,389648;100
100;3;15;9,389648;100
100;3;15;9,722656;100
100;3;15;9,722656;100
100;3;15;9,722656;100
100;3;15;9,722656;100
100;2;2;9,722656;100
100;3;15;9,722656;100
100;3;15;9,722656;100
100;3;15;10,05566;100
100;3;15;10,05566;100
100;3;15;10,05566;100
100;3;15;10,05566;100
100;2;2;10,05566;100
100;3;15;10,05566;100
100;3;15;10,05566;100
100;3;15;10,05566;100
100;3;15;10,05566;100
100;3;15;10,05566;100
100;2;2;10,05566;100
100;2;2;10,38867;100
100;3;15;10,38867;100
100;3;15;10,38867;100
100;2;2;10,38867;100
100;3;15;10,38867;100
100;3;15;10,38867;100
100;3;15;10,38867;100
100;3;15;10,38867;100
100;3;15;10,38867;100
100;3;15;10,72168;100
100;2;2;10,72168;100
100;3;15;10,72168;100
100;3;15;10,72168;100
100;3;15;10,72168;100
100;3;15;10,72168;100
100;3;15;10,72168;100
100;3;15;10,72168;100
100;3;15;10,72168;100
100;2;2;10,72168;100
100;3;15;10,72168;100
100;3;15;10,72168;100
100;2;2;11,05469;100
100;3;15;11,05469;100
100;2;2;11,05469;100
100;2;2;11,05469;100
100;3;15;11,05469;100
100;3;15;11,05469;100
100;3;15;11,05469;100
100;3;15;11,05469;100
100;3;15;11,05469;100
100;3;15;11,3877;100
100;2;2;11,3877;100
100;2;2;11,3877;100
100;3;15;11,3877;100
100;2;2;11,3877;100
100;3;15;11,3877;100
100;3;15;11,3877;100
100;2;2;11,3877;100
100;3;15;11,7207;100
100;2;2;11,7207;100
100;3;15;11,7207;100
100;3;15;11,7207;100
100;3;15;11,7207;100
100;3;15;11,7207;100
100;3;15;11,7207;100
100;3;15;11,7207;100
100;3;15;11,7207;100
100;3;15;11,7207;100
100;3;15;11,7207;100
100;2;2;12,05371;100
100;3;15;12,05371;100
100;2;2;12,05371;100
100;3;15;12,05371;100
100;3;15;12,05371;100
100;3;15;12,05371;100
100;2;2;12,05371;100
100;3;15;12,05371;100
100;3;15;12,05371;100
100;3;15;12,05371;100
100;3;15;12,38672;100
100;3;15;12,38672;100
100;3;15;12,38672;100
100;3;15;12,38672;100
100;3;15;12,38672;100
100;3;15;12,38672;100
100;3;15;12,38672;100
100;3;15;12,38672;100
100;3;15;12,38672;100
100;2;2;12,71973;100
100;3;15;12,71973;100
100;3;15;12,71973;100
100;3;15;12,71973;100
100;3;15;12,71973;100
100;3;15;12,71973;100
100;3;15;12,71973;100
100;3;15;12,71973;100
100;3;15;13,05273;100
100;3;15;13,05273;100
100;2;2;13,05273;100
100;3;15;13,05273;100
100;3;15;13,05273;100
100;3;15;13,05273;100
100;3;15;13,05273;100
100;2;2;13,05273;100
100;2;2;13,05273;100
100;3;15;13,05273;100
100;3;15;13,38574;100
100;3;15;13,38574;100
100;2;2;13,38574;100
100;3;15;13,38574;100
100;3;15;13,38574;100
100;3;15;13,38574;100
100;3;15;13,38574;100
100;3;15;13,38574;100
100;2;2;13,38574;100
100;3;15;13,38574;100
100;3;15;13,38574;100
100;3;15;13,38574;100
100;3;15;13,71875;100
100;3;15;13,71875;100
100;2;2;13,71875;100
100;3;15;13,71875;100
100;3;15;13,71875;100
100;3;15;13,71875;100
100;3;15;13,71875;100
100;3;15;13,71875;100
100;3;15;14,05176;100
100;2;2;14,05176;100
100;3;15;14,05176;100
100;3;15;14,05176;100
100;3;15;14,05176;100
100;3;15;14,05176;100
100;3;15;14,05176;100
100;3;15;14,05176;100
100;3;15;14,38477;100
100;3;15;14,38477;100
100;3;15;14,38477;100
100;3;15;14,38477;100
100;3;15;14,38477;100
100;3;15;14,38477;100
100;3;15;14,38477;100
100;3;15;14,38477;100
100;3;15;14,38477;100
100;3;15;14,38477;100
100;3;15;14,71777;100
100;2;2;14,71777;100
100;2;2;14,71777;100
100;3;15;14,71777;100
100;3;15;14,71777;100
100;3;15;14,71777;100
100;3;15;14,71777;100
100;3;15;14,71777;100
100;3;15;14,71777;100
100;3;15;14,71777;100
100;3;15;15,05078;100
100;3;15;15,05078;100
100;2;2;15,05078;100
100;3;15;15,05078;100
100;3;15;15,05078;100
100;3;15;15,05078;100
100;3;15;15,05078;100
100;3;15;15,05078;100
100;3;15;15,05078;100
100;3;15;15,05078;100
100;3;15;15,38379;100
100;3;15;15,38379;100
100;3;15;15,38379;100
100;3;15;15,38379;100
100;2;2;15,38379;100
100;3;15;15,38379;100
100;3;15;15,38379;100
100;3;15;15,38379;100
100;3;15;15,38379;100
100;3;15;15,38379;100
100;3;15;15,38379;100
100;3;15;15,38379;100
100;3;15;15,7168;100
100;2;2;15,7168;100
100;2;2;15,7168;100
100;3;15;15,7168;100
100;2;2;15,7168;100
100;3;15;15,7168;100
100;3;15;15,7168;100
100;3;15;15,7168;100
100;3;15;15,7168;100
100;3;15;15,7168;100
100;3;15;16,0498;100
100;3;15;16,0498;100
100;2;2;16,0498;100
100;2;2;16,0498;100
100;2;2;16,0498;100
100;3;15;16,0498;100
100;3;15;16,0498;100
100;2;2;16,0498;100
100;3;15;16,0498;100
100;3;15;16,0498;100
100;3;15;16,0498;100
100;3;15;16,0498;100
100;2;2;16,38281;100
100;3;15;16,38281;100
100;3;15;16,38281;100
100;2;2;16,38281;100
100;3;15;16,38281;100
100;3;15;16,38281;100
100;3;15;16,38281;100
100;2;2;16,38281;100
100;2;2;16,38281;100
100;2;2;16,38281;100
100;3;15;16,38281;100
100;2;2;16,71582;100
100;2;2;16,71582;100
100;2;2;16,71582;100
100;3;15;16,71582;100
100;3;15;16,71582;100
100;3;15;16,71582;100
100;3;15;17,04883;100
100;3;15;17,04883;100
100;3;15;17,04883;100
100;2;2;17,04883;100
100;3;15;17,04883;100
100;3;15;17,04883;100
100;3;15;17,04883;100
100;3;15;17,04883;100
100;2;2;17,04883;100
100;3;15;17,38184;100
100;3;15;17,38184;100
100;3;15;17,38184;100
100;3;15;17,38184;100
100;3;15;17,38184;100
100;3;15;17,38184;100
100;3;15;17,38184;100
100;3;15;17,38184;100
100;2;2;17,38184;100
100;2;2;17,38184;100
100;3;15;17,38184;100
100;3;15;17,71484;100
100;3;15;17,71484;100
100;3;15;17,71484;100
100;3;15;17,71484;100
100;3;15;17,71484;100
100;3;15;17,71484;100
100;3;15;17,71484;100
100;2;2;17,71484;100
100;3;15;17,71484;100
100;3;15;18,04785;100
100;3;15;18,04785;100
100;3;15;18,04785;100
100;2;2;18,04785;100
100;3;15;18,04785;100
100;3;15;18,04785;100
100;2;2;18,04785;100
100;3;15;18,04785;100
100;3;15;18,04785;100
100;3;15;18,04785;100
100;3;15;18,04785;100
100;3;15;18,38086;100
100;3;15;18,38086;100
100;3;15;18,38086;100
100;3;15;18,38086;100
100;3;15;18,38086;100
100;2;2;18,38086;100
100;3;15;18,38086;100
100;3;15;18,38086;100
100;2;2;18,38086;100
100;3;15;18,71387;100
100;2;2;18,71387;100
100;3;15;18,71387;100
100;3;15;18,71387;100
100;3;15;18,71387;100
100;3;15;18,71387;100
100;3;15;18,71387;100
100;3;15;18,71387;100
100;2;2;18,71387;100
100;3;15;18,71387;100
100;3;15;19,04688;100
100;3;15;19,04688;100
100;3;15;19,04688;100
100;2;2;19,04688;100
100;3;15;19,04688;100
100;3;15;19,04688;100
100;3;15;19,04688;100
100;3;15;19,04688;100
100;3;15;19,04688;100
100;3;15;19,04688;100
100;3;15;19,37988;100
100;3;15;19,37988;100
100;2;2;19,37988;100
100;3;15;19,37988;100
100;3;15;19,37988;100
100;3;15;19,37988;100
100;3;15;19,37988;100
100;2;2;19,37988;100
100;2;2;19,37988;100
100;2;2;19,71289;100
100;3;15;19,71289;100
100;2;2;19,71289;100
100;3;15;19,71289;100
100;3;15;19,71289;100
100;2;2;19,71289;100
100;2;2;19,71289;100
100;3;15;19,71289;100
100;2;2;20,0459;100
100;3;15;20,0459;100
100;3;15;20,0459;100
100;3;15;20,0459;100
100;3;15;20,0459;100
100;2;2;20,0459;100
100;3;15;20,0459;100
100;2;2;20,0459;100
100;2;2;20,0459;100
100;2;2;20,37891;100
100;3;15;20,37891;100
100;3;15;20,37891;100
100;3;15;20,37891;100
100;3;15;20,37891;100
100;3;15;20,71191;100
100;3;15;20,71191;100
100;3;15;20,71191;100
100;3;15;20,71191;100
100;3;15;20,71191;100
100;3;15;20,71191;100
100;3;15;20,71191;100
100;3;15;20,71191;100
100;3;15;20,71191;100
100;2;2;20,71191;100
100;2;2;20,71191;100
100;2;2;21,04492;100
100;2;2;21,04492;100
100;3;15;21,04492;100
100;2;2;21,04492;100
100;3;15;21,04492;100
100;3;15;21,04492;100
100;3;15;21,04492;100
100;3;15;21,04492;100
100;2;2;21,04492;100
100;2;2;21,04492;100
100;3;15;21,04492;100
100;2;2;21,37793;100
100;3;15;21,37793;100
100;2;2;21,37793;100
100;3;15;21,37793;100
100;3;15;21,37793;100
100;3;15;21,37793;100
100;3;15;21,37793;100
100;3;15;21,37793;100
100;3;15;21,37793;100
100;3;15;21,71094;100
100;3;15;21,71094;100
100;2;2;21,71094;100
100;3;15;21,71094;100
100;3;15;21,71094;100
100;2;2;21,71094;100
100;3;15;21,71094;100
100;3;15;21,71094;100
100;3;15;21,71094;100
100;3;15;21,71094;100
100;3;15;22,04395;100
100;3;15;22,04395;100
100;2;2;22,04395;100
100;3;15;22,37695;100
100;3;15;22,37695;100
100;3;15;22,37695;100
100;2;2;22,37695;100
100;3;15;22,37695;100
100;2;2;22,37695;100
100;3;15;22,37695;100
100;3;15;22,37695;100
100;2;2;22,37695;100
100;3;15;22,70996;100
100;3;15;22,70996;100
100;3;15;22,70996;100
100;3;15;22,70996;100
100;3;15;22,70996;100
100;3;15;22,70996;100
100;3;15;22,70996;100
100;3;15;22,70996;100
100;3;15;22,70996;100
100;2;2;23,04297;100
100;3;15;23,04297;100
100;2;2;23,04297;100
100;3;15;23,04297;100
100;3;15;23,04297;100
100;3;15;23,04297;100
100;3;15;23,04297;100
100;2;2;23,04297;100
100;3;15;23,04297;100
100;3;15;23,37598;100
100;3;15;23,37598;100
100;3;15;23,37598;100
100;3;15;23,37598;100
100;3;15;23,37598;100
100;2;2;23,37598;100
100;2;2;23,37598;100
100;3;15;23,37598;100
100;3;15;23,70898;100
100;2;2;23,70898;100
100;3;15;23,70898;100
100;3;15;23,70898;100
100;3;15;23,70898;100
100;3;15;23,70898;100
100;3;15;23,70898;100
100;3;15;24,04199;100
100;3;15;24,04199;100
100;3;15;24,04199;100
100;3;15;24,04199;100
100;3;15;24,04199;100
100;3;15;24,04199;100
100;3;15;24,04199;100
100;2;2;24,04199;100
100;3;15;24,04199;100
100;2;2;24,04199;100
100;3;15;24,375;100
100;3;15;24,375;100
100;3;15;24,375;100
100;2;2;24,375;100
100;3;15;24,375;100
100;3;15;24,375;100
100;3;15;24,70801;100
100;3;15;24,70801;100
100;3;15;24,70801;100
100;3;15;24,70801;100
100;3;15;24,70801;100
100;3;15;24,70801;100
100;3;15;24,70801;100
100;3;15;24,70801;100
100;3;15;24,70801;100
100;3;15;24,70801;100
100;3;15;24,70801;100
100;3;15;24,70801;100
100;3;15;25,04102;100
100;3;15;25,04102;100
100;3;15;25,04102;100
100;3;15;25,04102;100
100;3;15;25,04102;100
100;3;15;25,04102;100
100;3;15;25,04102;100
100;3;15;25,37402;100
100;2;2;25,37402;100
100;2;2;25,37402;100
100;3;15;25,37402;100
100;3;15;25,37402;100
100;3;15;25,37402;100
100;3;15;25,37402;100
100;3;15;25,37402;100
100;3;15;25,37402;100
100;3;15;25,37402;100
100;3;15;25,37402;100
100;3;15;25,70703;100
100;3;15;25,70703;100
100;3;15;25,70703;100
100;3;15;25,70703;100
100;2;2;25,70703;100
100;2;2;25,70703;100
100;3;15;25,70703;100
100;2;2;25,70703;100
100;2;2;25,70703;100
100;3;15;25,70703;100
100;3;15;25,70703;100
100;3;15;26,04004;100
100;3;15;26,04004;100
100;3;15;26,04004;100
100;3;15;26,04004;100
100;2;2;26,04004;100
100;3;15;26,04004;100
100;2;2;26,04004;100
100;3;15;26,04004;100
100;3;15;26,04004;100
100;3;15;26,04004;100
100;3;15;26,37305;100
100;3;15;26,37305;100
100;3;15;26,37305;100
100;3;15;26,37305;100
100;2;2;26,37305;100
100;2;2;26,37305;100
100;3;15;26,37305;100
100;3;15;26,37305;100
100;2;2;26,37305;100
100;2;2;26,37305;100
100;2;2;26,37305;100
100;2;2;26,70605;100
100;3;15;26,70605;100
100;3;15;26,70605;100
100;2;2;26,70605;100
100;2;2;26,70605;100
100;3;15;26,70605;100
100;3;15;26,70605;100
100;2;2;27,03906;100
100;3;15;27,03906;85
100;3;15;27,03906;70
100;3;15;27,03906;55
100;3;15;27,03906;40
100;3;15;27,03906;25
100;3;15;27,03906;10
100;3;15;27,03906;-5
Player