100;3;15;35,99609;100
100;3;15;35,99609;100
100;3;15;35,99609;100
100;2;2;35,99609;100
100;3;15;35,99609;100
100;3;15;35,99609;100
100;3;15;35,99609;100
100;3;15;36,3291;100
100;2;2;36,3291;100
100;2;2;36,3291;100
100;3;15;36,3291;100
100;3;15;36,3291;100
100;3;15;36,3291;100
100;2;2;36,3291;100
100;3;15;36,3291;100
100;3;15;36,3291;100
100;3;15;36,3291;100
100;3;15;36,3291;100
100;2;2;36,3291;100
100;3;15;36,66211;100
100;2;2;36,66211;100
100;3;15;36,66211;100
100;3;15;36,66211;100
100;2;2;36,66211;100
100;2;2;36,66211;100
100;3;15;36,66211;100
100;2;2;36,66211;100
100;3;15;36,66211;100
100;3;15;36,66211;100
100;2;2;36,66211;100
100;3;15;36,66211;100
100;3;15;36,99512;100
100;3;15;36,99512;100
100;3;15;36,99512;100
100;2;2;36,99512;100
100;3;15;36,99512;100
100;3;15;36,99512;100
100;2;2;36,99512;100
100;2;2;36,99512;100
100;3;15;36,99512;100
100;3;15;37,32813;100
100;2;2;37,32813;100
100;2;2;37,32813;100
100;2;2;37,32813;100
100;3;15;37,32813;100
100;3;15;37,66113;100
100;2;2;37,66113;100
100;3;15;37,66113;100
100;3;15;37,66113;100
100;3;15;37,66113;100
100;3;15;37,66113;100
100;3;15;37,66113;100
100;2;2;37,66113;100
100;2;2;37,66113;100
100;3;15;37,99414;100
100;3;15;37,99414;100
100;3;15;37,99414;100
100;2;2;37,99414;100
100;3;15;37,99414;100
100;3;15;37,99414;100
100;2;2;37,99414;100
100;3;15;37,99414;100
100;3;15;37,99414;100
100;3;15;37,99414;100
100;3;15;37,99414;100
100;3;15;38,32715;100
100;3;15;38,32715;100
100;2;2;38,32715;100
100;3;15;38,32715;100
100;3;15;38,32715;100
100;3;15;38,32715;100
100;3;15;38,32715;100
100;2;2;38,32715;100
100;3;15;38,32715;100
100;3;15;38,32715;100
100;3;15;38,32715;100
100;3;15;38,32715;100
100;3;15;38,66016;100
100;3;15;38,66016;100
100;3;15;38,66016;100
100;3;15;38,66016;100
100;2;2;38,66016;100
100;3;15;38,66016;100
100;3;15;38,99316;100
100;3;15;38,99316;100
100;2;2;38,99316;100
100;3;15;38,99316;100
100;3;15;38,99316;100
100;3;15;38,99316;100
100;3;15;38,99316;100
100;3;15;38,99316;100
100;3;15;38,99316;100
100;3;15;38,99316;100
100;3;15;38,99316;100
100;3;15;38,99316;100
100;3;15;38,99316;100
100;3;15;39,32617;100
100;3;15;39,32617;100
100;3;15;39,32617;100
100;3;15;39,32617;100
100;3;15;39,32617;100
100;3;15;39,32617;100
100;3;15;39,32617;100
100;3;15;39,32617;100
100;3;15;39,32617;100
100;3;15;39,65918;100
100;2;2;39,65918;100
100;3;15;39,65918;100
100;3;15;39,65918;100
100;3;15;39,65918;100
100;3;15;39,65918;100
100;3;15;39,65918;100
100;3;15;39,65918;100
100;3;15;39,65918;100
100;3;15;39,65918;100
100;3;15;39,99219;100
100;3;15;39,99219;100
100;3;15;39,99219;100
100;2;2;39,99219;100
100;2;2;39,99219;100
100;3;15;39,99219;100
100;3;15;40,3252;100
100;3;15;40,3252;100
100;3;15;40,3252;100
100;3;15;40,3252;100
100;3;15;40,3252;100
100;3;15;40,3252;100
100;3;15;40,3252;100
100;3;15;40,3252;100
100;3;15;40,3252;100
100;3;15;40,3252;100
100;3;15;40,3252;100
100;2;2;40,3252;100
100;3;15;40,6582;100
100;3;15;40,6582;100
100;3;15;40,6582;100
100;3;15;40,6582;100
100;3;15;40,6582;100
100;3;15;40,6582;100
100;3;15;40,6582;100
100;3;15;40,6582;100
100;2;2;40,6582;100
100;3;15;40,6582;100
100;3;15;40,6582;100
100;3;15;40,99121;100
100;2;2;40,99121;100
100;3;15;40,99121;100
100;2;2;40,99121;100
100;3;15;40,99121;100
100;3;15;40,99121;100
100;3;15;40,99121;100
100;3;15;40,99121;100
100;3;15;41,32422;100
100;2;2;41,32422;100
100;3;15;41,32422;100
100;3;15;41,32422;100
100;2;2;41,32422;100
100;3;15;41,32422;100
100;3;15;41,32422;100
100;3;15;41,65723;100
100;2;2;41,65723;100
100;2;2;41,65723;100
100;3;15;41,65723;100
100;3;15;41,65723;100
100;3;15;41,65723;100
100;3;15;41,65723;100
100;2;2;41,65723;100
100;2;2;41,99023;100
100;2;2;41,99023;100
100;3;15;41,99023;100
100;3;15;41,99023;100
100;3;15;41,99023;100
100;3;15;41,99023;100
100;3;15;41,99023;100
100;3;15;41,99023;100
100;3;15;41,99023;100
100;3;15;41,99023;100
100;2;2;41,99023;100
100;3;15;41,99023;100
100;3;15;42,32324;100
100;2;2;42,32324;100
100;2;2;42,32324;100
100;2;2;42,32324;100
100;2;2;42,32324;100
100;2;2;42,32324;100
100;3;15;42,32324;100
100;3;15;42,32324;100
100;3;15;42,32324;100
100;3;15;42,32324;100
100;3;15;42,32324;100
100;3;15;42,32324;100
100;3;15;42,65625;100
100;2;2;42,65625;100
100;3;15;42,65625;100
100;3;15;42,65625;100
100;2;2;42,65625;100
100;3;15;42,65625;100
100;2;2;42,65625;100
100;3;15;42,65625;100
100;3;15;42,98926;100
100;3;15;42,98926;100
100;3;15;42,98926;100
100;2;2;42,98926;100
100;3;15;42,98926;100
100;3;15;42,98926;100
100;2;2;42,98926;100
100;3;15;42,98926;100
100;2;2;43,32227;100
100;3;15;43,32227;100
100;3;15;43,32227;100
100;3;15;43,32227;100
100;3;15;43,32227;100
100;3;15;43,32227;100
100;3;15;43,32227;100
100;3;15;43,32227;100
100;3;15;43,32227;100
100;2;2;43,32227;100
100;3;15;43,32227;100
100;3;15;43,32227;100
100;2;2;43,65527;100
100;3;15;43,65527;100
100;3;15;43,65527;100
100;3;15;43,65527;100
100;3;15;43,65527;100
100;3;15;43,65527;100
100;3;15;43,65527;100
100;3;15;43,65527;100
100;3;15;43,65527;100
100;3;15;43,65527;100
100;2;2;43,65527;100
100;3;15;43,98828;100
100;2;2;43,98828;100
100;3;15;43,98828;100
100;2;2;43,98828;100
100;3;15;43,98828;100
100;3;15;43,98828;100
100;3;15;43,98828;100
100;2;2;43,98828;100
100;3;15;43,98828;100
100;3;15;43,98828;100
100;3;15;44,32129;100
100;3;15;44,32129;100
100;3;15;44,32129;100
100;3;15;44,32129;100
100;2;2;44,32129;100
100;2;2;44,32129;100
100;3;15;44,32129;100
100;3;15;44,32129;100
100;3;15;44,32129;100
100;3;15;44,32129;100
100;3;15;44,32129;100
100;3;15;44,32129;100
100;3;15;44,6543;100
100;3;15;44,6543;100
100;3;15;44,6543;100
100;2;2;44,6543;100
100;3;15;44,6543;100
100;3;15;44,6543;100
100;3;15;44,6543;100
100;3;15;44,6543;100
100;2;2;44,6543;100
100;3;15;44,6543;100
100;3;15;44,9873;100
100;3;15;44,9873;100
100;3;15;44,9873;100
100;3;15;44,9873;100
100;3;15;44,9873;100
100;2;2;44,9873;100
100;3;15;44,9873;100
100;3;15;44,9873;100
100;3;15;44,9873;100
100;3;15;44,9873;100
100;3;15;44,9873;100
100;3;15;44,9873;100
100;3;15;44,9873;100
100;2;2;44,9873;100
100;3;15;45,32031;100
100;3;15;45,32031;100
100;3;15;45,32031;100
100;2;2;45,32031;100
100;3;15;45,32031;100
100;2;2;45,32031;100
100;3;15;45,32031;100
100;3;15;45,32031;100
100;3;15;45,65332;100
100;3;15;45,65332;100
100;3;15;45,65332;100
100;3;15;45,65332;100
100;3;15;45,65332;100
100;3;15;45,65332;100
100;3;15;45,65332;100
100;3;15;45,65332;100
100;3;15;45,98633;100
100;3;15;45,98633;100
100;3;15;45,98633;100
100;3;15;45,98633;100
100;3;15;45,98633;100
100;3;15;45,98633;100
100;3;15;45,98633;100
100;3;15;45,98633;100
100;3;15;46,31934;100
100;3;15;46,31934;100
100;3;15;46,31934;100
100;3;15;46,31934;100
100;2;2;46,31934;100
100;2;2;46,31934;100
100;2;2;46,31934;100
100;3;15;46,31934;100
100;3;15;46,31934;100
100;2;2;46,31934;100
100;3;15;46,65234;100
100;3;15;46,65234;100
100;2;2;46,65234;100
100;3;15;46,65234;100
100;3;15;46,65234;100
100;3;15;46,65234;100
100;3;15;46,65234;100
100;3;15;46,65234;100
100;3;15;46,98535;100
100;3;15;46,98535;100
100;3;15;46,98535;100
100;3;15;46,98535;100
100;2;2;46,98535;100
100;3;15;46,98535;100
100;3;15;46,98535;100
100;3;15;46,98535;100
100;3;15;46,98535;100
100;3;15;46,98535;100
100;3;15;46,98535;100
100;3;15;46,98535;100
100;2;2;46,98535;100
100;3;15;47,31836;100
100;3;15;47,31836;100
100;3;15;47,31836;100
100;3;15;47,31836;100
100;2;2;47,31836;100
100;2;2;47,31836;100
100;3;15;47,31836;100
100;3;15;47,31836;100
100;2;2;47,31836;100
100;2;2;47,31836;100
100;3;15;47,31836;100
100;3;15;47,65137;100
100;2;2;47,65137;100
100;2;2;47,65137;100
100;3;15;47,65137;100
100;3;15;47,65137;100
100;3;15;47,65137;100
100;3;15;47,65137;100
100;3;15;47,65137;100
100;3;15;47,65137;100
100;3;15;47,65137;100
100;3;15;47,65137;100
100;3;15;47,65137;100
100;3;15;47,98438;100
100;3;15;47,98438;100
100;2;2;47,98438;100
100;2;2;47,98438;100
100;3;15;47,98438;100
100;2;2;47,98438;100
100;3;15;47,98438;100
100;3;15;47,98438;100
100;3;15;47,98438;100
100;3;15;48,31738;100
100;2;2;48,31738;100
100;2;2;48,31738;100
100;3;15;48,31738;100
100;3;15;48,31738;100
100;3;15;48,31738;100
100;3;15;48,31738;100
100;3;15;48,31738;100
100;3;15;48,31738;100
100;3;15;48,31738;100
100;3;15;48,31738;100
100;3;15;48,31738;100
100;3;15;48,31738;100
100;3;15;48,65039;100
100;3;15;48,65039;100
100;3;15;48,65039;100
100;3;15;48,65039;100
100;3;15;48,65039;100
100;2;2;48,65039;100
100;2;2;48,65039;100
100;3;15;48,65039;100
100;3;15;48,65039;100
100;2;2;48,65039;100
100;2;2;48,65039;100
100;3;15;48,9834;100
100;3;15;48,9834;100
100;2;2;48,9834;100
100;3;15;48,9834;100
100;2;2;48,9834;100
100;3;15;48,9834;100
100;2;2;48,9834;100
100;3;15;48,9834;100
100;3;15;48,9834;100
100;2;2;48,9834;100
100;3;15;48,9834;100
100;2;2;49,31641;100
100;3;15;49,31641;100
100;3;15;49,31641;100
100;3;15;49,31641;100
100;3;15;49,31641;100
100;3;15;49,31641;100
100;3;15;49,31641;100
100;3;15;49,31641;100
100;3;15;49,31641;100
100;2;2;49,31641;100
100;2;2;49,31641;100
100;3;15;49,31641;100
100;3;15;49,64941;100
100;3;15;49,64941;100
100;3;15;49,64941;100
100;3;15;49,64941;100
100;3;15;49,64941;100
100;2;2;49,64941;100
100;3;15;49,64941;100
100;3;15;49,64941;100
100;2;2;49,64941;100
100;3;15;49,64941;100
100;3;15;49,64941;100
100;3;15;49,98242;100
100;3;15;49,98242;100
100;3;15;49,98242;100
100;3;15;49,98242;100
100;2;2;49,98242;100
100;3;15;49,98242;100
100;3;15;49,98242;100
100;3;15;49,98242;100
100;3;15;49,98242;100
100;3;15;49,98242;100
100;2;2;50,31543;100
100;3;15;50,31543;100
100;3;15;50,31543;100
100;3;15;50,31543;100
100;3;15;50,31543;100
100;3;15;50,31543;100
100;2;2;50,64844;100
100;3;15;50,64844;100
100;3;15;50,64844;100
100;2;2;50,64844;100
100;3;15;50,64844;100
100;3;15;50,64844;100
100;2;2;50,64844;100
100;3;15;50,64844;100
100;3;15;50,64844;100
100;3;15;50,64844;100
100;2;2;50,64844;100
100;3;15;50,98145;100
100;3;15;50,98145;100
100;3;15;50,98145;100
100;3;15;50,98145;100
100;3;15;50,98145;100
100;3;15;50,98145;100
100;3;15;50,98145;100
100;3;15;50,98145;100
100;3;15;50,98145;100
100;3;15;51,31445;100
100;3;15;51,31445;100
100;3;15;51,31445;100
100;3;15;51,31445;100
100;3;15;51,31445;100
100;3;15;51,31445;100
100;3;15;51,31445;100
100;3;15;51,31445;100
100;3;15;51,31445;100
100;2;2;51,31445;100
100;2;2;51,31445;100
100;3;15;51,31445;100
100;3;15;51,31445;100
100;3;15;51,31445;100
100;3;15;51,31445;100
100;3;15;51,64746;100
100;3;15;51,64746;100
100;3;15;51,64746;100
100;3;15;51,64746;100
100;2;2;51,64746;100
100;3;15;51,64746;100
100;3;15;51,64746;100
100;3;15;51,98047;100
100;3;15;51,98047;100
100;3;15;51,98047;100
100;3;15;51,98047;100
100;2;2;51,98047;100
100;2;2;51,98047;100
100;3;15;51,98047;100
100;3;15;51,98047;100
100;3;15;51,98047;100
100;3;15;51,98047;100
100;3;15;51,98047;100
100;3;15;52,31348;100
100;3;15;52,31348;85
100;3;15;52,31348;70
100;3;15;52,31348;55
100;3;15;52,31348;40
100;2;2;52,31348;40
100;2;2;52,31348;40
100;3;15;52,31348;25
100;3;15;52,31348;10
100;3;15;52,31348;-5
Player