92;3;15;6,789063;100
92;3;15;6,789063;100
92;3;15;7,122559;100
92;3;15;7,122559;100
92;3;15;7,122559;100
92;3;15;7,122559;100
92;3;15;7,122559;100
92;3;15;7,122559;100
92;3;15;7,122559;100
92;3;15;7,122559;100
92;3;15;7,122559;100
92;3;15;7,456055;100
92;2;2;7,456055;100
92;3;15;7,456055;100
92;2;2;7,789551;100
92;2;2;7,789551;100
92;3;15;7,789551;100
92;3;15;7,789551;100
92;3;15;7,789551;100
92;3;15;7,789551;100
92;3;15;7,789551;100
92;3;15;7,789551;100
92;2;2;7,789551;100
92;2;2;7,789551;100
92;3;15;8,123047;100
92;3;15;8,123047;100
92;2;2;8,123047;100
92;3;15;8,123047;100
92;3;15;8,456543;100
92;3;15;8,456543;100
92;3;15;8,456543;100
92;3;15;8,456543;100
92;3;15;8,456543;100
92;3;15;8,456543;100
92;3;15;8,456543;100
92;2;2;8,790039;100
92;3;15;8,790039;100
92;3;15;8,790039;100
92;3;15;8,790039;100
92;3;15;9,123535;100
92;3;15;9,123535;100
92;3;15;9,123535;100
92;3;15;9,123535;100
92;3;15;9,123535;100
92;2;2;9,123535;100
92;3;15;9,123535;100
92;3;15;9,457031;100
92;3;15;9,457031;100
92;3;15;9,457031;100
92;3;15;9,457031;100
92;3;15;9,457031;100
92;3;15;9,457031;100
92;3;15;9,457031;100
92;2;2;9,457031;100
92;2;2;9,457031;100
92;3;15;9,457031;100
92;3;15;9,457031;100
92;2;2;9,457031;100
92;3;15;9,457031;100
92;2;2;9,457031;100
92;3;15;9,457031;100
92;2;2;9,790527;100
92;3;15;9,790527;100
92;3;15;9,790527;100
92;2;2;9,790527;100
92;3;15;9,790527;100
92;2;2;9,790527;100
92;3;15;9,790527;100
92;3;15;10,12402;100
92;3;15;10,12402;100
92;3;15;10,12402;100
92;2;2;10,12402;100
92;2;2;10,12402;100
92;3;15;10,12402;100
92;3;15;10,12402;100
92;3;15;10,12402;100
92;3;15;10,12402;100
92;2;2;10,12402;100
92;3;15;10,45752;100
92;3;15;10,45752;100
92;2;2;10,45752;100
92;2;2;10,45752;100
92;3;15;10,45752;100
92;3;15;10,79102;100
92;3;15;10,79102;100
92;3;15;10,79102;100
92;3;15;10,79102;100
92;3;15;10,79102;100
92;2;2;10,79102;100
92;3;15;10,79102;100
92;3;15;11,12451;100
92;2;2;11,12451;100
92;3;15;11,12451;100
92;2;2;11,12451;100
92;3;15;11,45801;100
92;2;2;11,45801;100
92;2;2;11,45801;100
92;2;2;11,45801;100
92;3;15;11,45801;100
92;2;2;11,45801;100
92;3;15;11,45801;100
92;3;15;11,7915;100
92;2;2;11,7915;100
92;3;15;11,7915;100
92;3;15;11,7915;100
92;2;2;11,7915;100
92;3;15;11,7915;100
92;3;15;12,125;100
92;2;2;12,125;100
92;3;15;12,125;100
92;2;2;12,125;100
92;3;15;12,125;100
92;2;2;12,125;100
92;3;15;12,125;100
92;3;15;12,125;100
92;2;2;12,125;100
92;2;2;12,4585;100
92;2;2;12,4585;100
92;3;15;12,4585;100
92;3;15;12,4585;100
92;3;15;12,4585;100
92;3;15;12,4585;100
92;3;15;12,4585;100
92;3;15;12,4585;100
92;3;15;12,79199;100
92;3;15;12,79199;100
92;3;15;12,79199;100
92;3;15;12,79199;100
92;3;15;12,79199;100
92;3;15;13,12549;100
92;3;15;13,12549;100
92;2;2;13,45898;100
92;3;15;13,45898;100
92;3;15;13,45898;100
92;2;2;13,45898;100
92;3;15;13,45898;100
92;3;15;13,79248;100
92;3;15;13,79248;100
92;3;15;13,79248;100
92;3;15;13,79248;100
92;3;15;13,79248;100
92;3;15;13,79248;100
92;2;2;13,79248;100
92;2;2;13,79248;100
92;3;15;13,79248;100
92;3;15;14,12598;100
92;2;2;14,12598;100
92;3;15;14,12598;100
92;3;15;14,12598;100
92;3;15;14,45947;100
92;3;15;14,45947;100
92;2;2;14,45947;100
92;3;15;14,45947;100
92;2;2;14,45947;100
92;3;15;14,79297;100
92;2;2;14,79297;100
92;2;2;14,79297;100
92;3;15;14,79297;100
92;3;15;14,79297;100
92;3;15;14,79297;100
92;3;15;14,79297;100
92;3;15;14,79297;100
92;3;15;14,79297;100
92;3;15;15,12646;100
92;3;15;15,12646;100
92;3;15;15,12646;100
92;3;15;15,12646;100
92;3;15;15,12646;100
92;3;15;15,12646;100
92;2;2;15,12646;100
92;3;15;15,45996;100
92;3;15;15,45996;100
92;2;2;15,45996;100
92;2;2;15,45996;100
92;3;15;15,45996;100
92;3;15;15,79346;100
92;3;15;15,79346;100
92;3;15;15,79346;100
92;3;15;15,79346;100
92;3;15;15,79346;100
92;3;15;16,12695;100
92;2;2;16,12695;100
92;3;15;16,12695;100
92;3;15;16,12695;100
92;3;15;16,12695;100
92;3;15;16,12695;100
92;3;15;16,46045;100
92;2;2;16,46045;100
92;3;15;16,46045;100
92;3;15;16,46045;100
92;3;15;16,79395;100
92;3;15;16,79395;100
92;3;15;16,79395;100
92;2;2;16,79395;100
92;3;15;16,79395;100
92;3;15;17,12744;100
92;2;2;17,12744;100
92;3;15;17,12744;100
92;3;15;17,46094;100
92;3;15;17,46094;100
92;3;15;17,46094;100
92;3;15;17,46094;100
92;3;15;17,46094;100
92;2;2;17,46094;100
92;3;15;17,79443;100
92;2;2;17,79443;100
92;3;15;17,79443;100
92;2;2;17,79443;100
92;2;2;18,12793;100
92;3;15;18,12793;100
92;3;15;18,12793;100
92;3;15;18,12793;100
92;3;15;18,12793;100
92;2;2;18,12793;100
92;3;15;18,12793;100
92;3;15;18,12793;100
92;3;15;18,12793;100
92;3;15;18,46143;100
92;3;15;18,46143;100
92;2;2;18,46143;100
92;3;15;18,46143;100
92;3;15;18,46143;100
92;3;15;18,46143;100
92;3;15;18,79492;100
92;3;15;18,79492;100
92;3;15;18,79492;100
92;2;2;18,79492;100
92;2;2;18,79492;100
92;2;2;19,12842;100
92;2;2;19,12842;100
92;2;2;19,12842;100
92;3;15;19,12842;100
92;2;2;19,12842;100
92;3;15;19,46191;100
92;2;2;19,46191;100
92;3;15;19,46191;100
92;3;15;19,46191;100
92;2;2;19,46191;100
92;3;15;19,46191;100
92;2;2;19,46191;100
92;2;2;19,46191;100
92;3;15;19,46191;100
92;3;15;19,79541;100
92;2;2;19,79541;100
92;2;2;19,79541;100
92;3;15;19,79541;100
92;3;15;19,79541;100
92;3;15;19,79541;100
92;3;15;20,12891;100
92;3;15;20,12891;100
92;3;15;20,12891;100
92;3;15;20,12891;100
92;2;2;20,4624;100
92;3;15;20,4624;100
92;2;2;20,4624;100
92;2;2;20,4624;100
92;3;15;20,7959;100
92;2;2;20,7959;100
92;3;15;20,7959;100
92;3;15;20,7959;100
92;3;15;20,7959;100
92;3;15;20,7959;100
92;3;15;21,12939;100
92;3;15;21,12939;100
92;3;15;21,12939;100
92;3;15;21,12939;100
92;2;2;21,12939;100
92;3;15;21,46289;100
92;3;15;21,46289;100
92;3;15;21,46289;100
92;3;15;21,46289;100
92;2;2;21,46289;100
92;2;2;21,79639;100
92;3;15;21,79639;85
92;3;15;21,79639;70
92;2;2;21,79639;70
92;2;2;21,79639;70
92;3;15;21,79639;55
92;3;15;22,12988;40
92;3;15;22,12988;25
92;3;15;22,12988;10
92;3;15;22,12988;-5
Player