100;3;15;53,27246;100
100;3;15;53,60547;100
100;3;15;53,60547;100
100;3;15;53,60547;100
100;3;15;53,60547;100
100;3;15;53,60547;100
100;3;15;53,60547;100
100;2;2;53,60547;100
100;3;15;53,93848;100
100;3;15;53,93848;100
100;3;15;53,93848;100
100;3;15;53,93848;100
100;2;2;53,93848;100
100;3;15;53,93848;100
100;3;15;53,93848;100
100;2;2;53,93848;100
100;3;15;54,27148;100
100;3;15;54,27148;100
100;2;2;54,27148;100
100;3;15;54,27148;100
100;2;2;54,27148;100
100;3;15;54,27148;100
100;3;15;54,27148;100
100;3;15;54,27148;100
100;3;15;54,27148;100
100;3;15;54,27148;100
100;3;15;54,27148;100
100;3;15;54,27148;100
100;3;15;54,27148;100
100;2;2;54,27148;100
100;2;2;54,60449;100
100;2;2;54,60449;100
100;3;15;54,60449;100
100;2;2;54,60449;100
100;3;15;54,60449;100
100;3;15;54,60449;100
100;3;15;54,60449;100
100;2;2;54,60449;100
100;3;15;54,60449;100
100;3;15;54,9375;100
100;3;15;54,9375;100
100;3;15;54,9375;100
100;2;2;54,9375;100
100;2;2;54,9375;100
100;3;15;54,9375;100
100;3;15;54,9375;100
100;3;15;54,9375;100
100;3;15;54,9375;100
100;3;15;54,9375;100
100;3;15;54,9375;100
100;3;15;55,27051;100
100;3;15;55,27051;100
100;3;15;55,27051;100
100;3;15;55,27051;100
100;3;15;55,27051;100
100;2;2;55,27051;100
100;2;2;55,27051;100
100;3;15;55,27051;100
100;3;15;55,27051;100
100;2;2;55,60352;100
100;3;15;55,60352;100
100;2;2;55,60352;100
100;3;15;55,60352;100
100;3;15;55,60352;100
100;2;2;55,60352;100
100;3;15;55,60352;100
100;2;2;55,60352;100
100;3;15;55,60352;100
100;2;2;55,60352;100
100;2;2;55,60352;100
100;3;15;55,93652;100
100;2;2;55,93652;100
100;3;15;55,93652;100
100;2;2;55,93652;100
100;3;15;55,93652;100
100;3;15;55,93652;100
100;2;2;55,93652;100
100;3;15;56,26953;100
100;3;15;56,26953;100
100;3;15;56,26953;100
100;3;15;56,26953;100
100;3;15;56,26953;100
100;3;15;56,26953;100
100;3;15;56,26953;100
100;3;15;56,26953;100
100;2;2;56,26953;100
100;3;15;56,26953;100
100;2;2;56,26953;100
100;3;15;56,26953;100
100;3;15;56,60254;100
100;3;15;56,60254;100
100;3;15;56,60254;100
100;3;15;56,60254;100
100;3;15;56,60254;100
100;3;15;56,60254;100
100;3;15;56,60254;100
100;3;15;56,60254;100
100;3;15;56,60254;100
100;3;15;56,60254;100
100;2;2;56,93555;100
100;2;2;56,93555;100
100;2;2;56,93555;100
100;3;15;56,93555;100
100;2;2;56,93555;100
100;3;15;56,93555;100
100;3;15;56,93555;100
100;2;2;56,93555;100
100;3;15;57,26855;100
100;2;2;57,26855;100
100;3;15;57,26855;100
100;3;15;57,26855;100
100;3;15;57,26855;100
100;3;15;57,26855;100
100;3;15;57,26855;100
100;3;15;57,26855;100
100;3;15;57,26855;100
100;3;15;57,26855;100
100;3;15;57,60156;100
100;3;15;57,60156;100
100;3;15;57,60156;100
100;3;15;57,60156;100
100;2;2;57,60156;100
100;3;15;57,60156;100
100;2;2;57,60156;100
100;3;15;57,60156;100
100;3;15;57,60156;100
100;3;15;57,60156;100
100;2;2;57,60156;100
100;3;15;57,93457;100
100;3;15;57,93457;100
100;3;15;57,93457;100
100;2;2;57,93457;100
100;3;15;57,93457;100
100;3;15;57,93457;100
100;3;15;57,93457;100
100;3;15;57,93457;100
100;3;15;57,93457;100
100;3;15;57,93457;100
100;3;15;57,93457;100
100;3;15;58,26758;100
100;3;15;58,26758;100
100;3;15;58,26758;100
100;3;15;58,26758;100
100;3;15;58,26758;100
100;2;2;58,26758;100
100;3;15;58,26758;100
100;3;15;58,60059;100
100;3;15;58,60059;100
100;2;2;58,60059;100
100;3;15;58,60059;100
100;3;15;58,60059;100
100;3;15;58,60059;100
100;3;15;58,60059;100
100;3;15;58,60059;100
100;3;15;58,60059;100
100;2;2;58,60059;100
100;3;15;58,60059;100
100;3;15;58,60059;100
100;3;15;58,60059;100
100;3;15;58,60059;100
100;3;15;58,93359;100
100;3;15;58,93359;100
100;3;15;58,93359;100
100;3;15;58,93359;100
100;3;15;58,93359;100
100;2;2;58,93359;100
100;2;2;58,93359;100
100;2;2;58,93359;100
100;3;15;58,93359;100
100;3;15;58,93359;100
100;3;15;58,93359;100
100;3;15;58,93359;100
100;3;15;59,2666;100
100;3;15;59,2666;100
100;3;15;59,2666;100
100;3;15;59,2666;100
100;2;2;59,2666;100
100;2;2;59,2666;100
100;3;15;59,2666;100
100;3;15;59,2666;100
100;2;2;59,2666;100
100;3;15;59,59961;100
100;3;15;59,59961;100
100;3;15;59,59961;100
100;2;2;59,59961;100
100;3;15;59,59961;100
100;3;15;59,59961;100
100;2;2;59,93262;100
100;3;15;59,93262;100
100;3;15;59,93262;100
100;2;2;59,93262;100
100;2;2;59,93262;100
100;3;15;59,93262;100
100;2;2;59,93262;100
100;3;15;59,93262;100
100;2;2;59,93262;100
100;3;15;59,93262;100
100;3;15;59,93262;100
100;3;15;0,265625;100
100;2;2;0,265625;100
100;2;2;0,265625;100
100;3;15;0,265625;100
100;3;15;0,265625;100
100;3;15;0,265625;100
100;3;15;0,5986328;100
100;3;15;0,5986328;100
100;3;15;0,5986328;100
100;3;15;0,5986328;100
100;3;15;0,5986328;100
100;3;15;0,5986328;100
100;2;2;0,5986328;100
100;2;2;0,5986328;100
100;2;2;0,5986328;100
100;2;2;0,5986328;100
100;3;15;0,9316406;100
100;3;15;0,9316406;100
100;3;15;0,9316406;100
100;3;15;0,9316406;100
100;3;15;0,9316406;100
100;3;15;0,9316406;100
100;3;15;1,264648;100
100;3;15;1,264648;100
100;2;2;1,264648;100
100;3;15;1,264648;100
100;3;15;1,264648;100
100;2;2;1,264648;100
100;2;2;1,264648;100
100;3;15;1,597656;100
100;3;15;1,597656;100
100;3;15;1,597656;100
100;3;15;1,597656;100
100;3;15;1,597656;100
100;3;15;1,597656;100
100;3;15;1,597656;100
100;2;2;1,597656;100
100;2;2;1,597656;100
100;3;15;1,597656;100
100;2;2;1,597656;100
100;3;15;1,597656;100
100;2;2;1,930664;100
100;3;15;1,930664;100
100;3;15;1,930664;100
100;3;15;1,930664;100
100;3;15;1,930664;100
100;3;15;1,930664;100
100;3;15;1,930664;100
100;3;15;2,263672;100
100;3;15;2,263672;100
100;2;2;2,263672;100
100;3;15;2,263672;100
100;3;15;2,263672;100
100;3;15;2,263672;100
100;3;15;2,263672;100
100;2;2;2,263672;100
100;3;15;2,263672;100
100;3;15;2,263672;100
100;3;15;2,263672;100
100;3;15;2,263672;100
100;3;15;2,59668;100
100;3;15;2,59668;100
100;2;2;2,59668;100
100;3;15;2,59668;100
100;3;15;2,59668;100
100;3;15;2,59668;100
100;2;2;2,59668;100
100;2;2;2,59668;100
100;3;15;2,59668;100
100;3;15;2,59668;100
100;3;15;2,929688;100
100;3;15;2,929688;100
100;3;15;2,929688;100
100;3;15;2,929688;100
100;3;15;2,929688;100
100;3;15;2,929688;100
100;3;15;2,929688;100
100;3;15;2,929688;100
100;3;15;2,929688;100
100;3;15;3,262695;100
100;3;15;3,262695;100
100;2;2;3,262695;100
100;2;2;3,262695;100
100;3;15;3,262695;100
100;2;2;3,262695;100
100;2;2;3,262695;100
100;2;2;3,262695;100
100;3;15;3,262695;100
100;3;15;3,262695;100
100;2;2;3,595703;100
100;3;15;3,595703;100
100;3;15;3,595703;100
100;2;2;3,595703;100
100;2;2;3,595703;100
100;3;15;3,595703;100
100;3;15;3,595703;100
100;3;15;3,595703;100
100;2;2;3,595703;100
100;3;15;3,595703;100
100;3;15;3,928711;100
100;2;2;3,928711;100
100;3;15;3,928711;100
100;3;15;3,928711;100
100;2;2;3,928711;100
100;2;2;3,928711;100
100;3;15;3,928711;100
100;3;15;3,928711;100
100;3;15;3,928711;100
100;2;2;3,928711;100
100;3;15;4,261719;100
100;3;15;4,261719;100
100;3;15;4,261719;100
100;2;2;4,261719;100
100;3;15;4,261719;100
100;3;15;4,261719;100
100;3;15;4,261719;100
100;2;2;4,261719;100
100;3;15;4,261719;100
100;2;2;4,261719;100
100;2;2;4,261719;100
100;3;15;4,594727;100
100;2;2;4,594727;100
100;2;2;4,594727;100
100;3;15;4,594727;100
100;3;15;4,594727;100
100;3;15;4,594727;100
100;3;15;4,927734;100
100;3;15;4,927734;100
100;3;15;4,927734;100
100;2;2;4,927734;100
100;2;2;4,927734;100
100;3;15;4,927734;100
100;3;15;4,927734;100
100;3;15;4,927734;100
100;3;15;4,927734;100
100;3;15;4,927734;100
100;3;15;5,260742;100
100;3;15;5,260742;100
100;2;2;5,260742;100
100;3;15;5,260742;100
100;3;15;5,260742;100
100;3;15;5,260742;100
100;3;15;5,260742;100
100;2;2;5,260742;100
100;3;15;5,260742;100
100;3;15;5,59375;100
100;3;15;5,59375;100
100;3;15;5,59375;100
100;3;15;5,59375;100
100;3;15;5,59375;100
100;3;15;5,59375;100
100;3;15;5,926758;100
100;3;15;5,926758;100
100;3;15;5,926758;100
100;3;15;5,926758;100
100;3;15;5,926758;100
100;3;15;5,926758;100
100;3;15;5,926758;100
100;2;2;5,926758;100
100;2;2;5,926758;100
100;3;15;5,926758;100
100;3;15;5,926758;100
100;3;15;5,926758;100
100;3;15;6,259766;100
100;3;15;6,259766;100
100;3;15;6,259766;100
100;3;15;6,259766;100
100;3;15;6,259766;100
100;3;15;6,259766;100
100;3;15;6,259766;100
100;3;15;6,259766;100
100;3;15;6,259766;100
100;3;15;6,259766;100
100;2;2;6,259766;100
100;3;15;6,592773;100
100;3;15;6,592773;100
100;2;2;6,592773;100
100;3;15;6,592773;100
100;3;15;6,592773;100
100;2;2;6,592773;100
100;3;15;6,592773;100
100;3;15;6,592773;100
100;3;15;6,592773;100
100;3;15;6,592773;100
100;2;2;6,925781;100
100;3;15;6,925781;100
100;2;2;6,925781;100
100;2;2;6,925781;100
100;3;15;6,925781;100
100;3;15;6,925781;100
100;2;2;6,925781;100
100;3;15;6,925781;100
100;3;15;7,258789;100
100;3;15;7,258789;100
100;3;15;7,258789;100
100;2;2;7,258789;100
100;3;15;7,258789;100
100;2;2;7,258789;100
100;3;15;7,591797;100
100;3;15;7,591797;100
100;3;15;7,591797;100
100;3;15;7,591797;100
100;3;15;7,591797;100
100;2;2;7,591797;100
100;2;2;7,591797;100
100;3;15;7,591797;100
100;3;15;7,591797;100
100;3;15;7,591797;100
100;2;2;7,591797;100
100;3;15;7,591797;100
100;3;15;7,924805;100
100;3;15;7,924805;100
100;3;15;7,924805;100
100;3;15;7,924805;100
100;3;15;7,924805;100
100;3;15;7,924805;100
100;3;15;7,924805;100
100;3;15;7,924805;100
100;2;2;7,924805;100
100;3;15;7,924805;100
100;3;15;8,257813;100
100;3;15;8,257813;100
100;3;15;8,257813;100
100;3;15;8,257813;100
100;3;15;8,257813;100
100;3;15;8,257813;100
100;3;15;8,257813;100
100;3;15;8,257813;100
100;3;15;8,257813;100
100;3;15;8,257813;100
100;3;15;8,59082;100
100;3;15;8,59082;100
100;2;2;8,59082;100
100;3;15;8,59082;100
100;3;15;8,59082;100
100;3;15;8,59082;100
100;2;2;8,59082;100
100;3;15;8,59082;100
100;2;2;8,59082;100
100;3;15;8,59082;100
100;3;15;8,59082;100
100;3;15;8,59082;100
100;3;15;8,59082;100
100;3;15;8,59082;100
100;3;15;8,923828;100
100;2;2;8,923828;100
100;2;2;8,923828;100
100;3;15;8,923828;100
100;3;15;8,923828;100
100;2;2;8,923828;100
100;3;15;8,923828;100
100;3;15;8,923828;100
100;2;2;8,923828;100
100;2;2;8,923828;100
100;3;15;8,923828;100
100;3;15;8,923828;100
100;3;15;9,256836;100
100;2;2;9,256836;100
100;3;15;9,256836;100
100;3;15;9,256836;100
100;3;15;9,256836;100
100;2;2;9,256836;100
100;3;15;9,256836;100
100;3;15;9,256836;100
100;3;15;9,256836;100
100;3;15;9,256836;100
100;3;15;9,256836;100
100;3;15;9,256836;100
100;2;2;9,256836;100
100;2;2;9,589844;100
100;3;15;9,589844;100
100;3;15;9,589844;100
100;3;15;9,589844;100
100;3;15;9,589844;100
100;2;2;9,589844;100
100;2;2;9,589844;100
100;3;15;9,589844;100
100;3;15;9,589844;100
100;2;2;9,589844;100
100;3;15;9,589844;100
100;3;15;9,922852;100
100;3;15;9,922852;100
100;3;15;9,922852;100
100;3;15;9,922852;100
100;2;2;9,922852;100
100;3;15;9,922852;100
100;3;15;9,922852;100
100;3;15;9,922852;100
100;3;15;9,922852;100
100;3;15;10,25586;100
100;2;2;10,25586;100
100;2;2;10,25586;100
100;3;15;10,25586;100
100;3;15;10,25586;100
100;3;15;10,25586;100
100;3;15;10,25586;100
100;3;15;10,25586;100
100;3;15;10,25586;100
100;3;15;10,25586;100
100;2;2;10,58887;100
100;3;15;10,58887;85
100;3;15;10,58887;70
100;3;15;10,58887;55
100;3;15;10,58887;40
100;2;2;10,58887;40
100;3;15;10,58887;25
100;3;15;10,58887;10
100;3;15;10,58887;-5
Player