100;2;2;29,65381;100
100;2;2;29,65381;100
100;2;2;29,65381;100
100;2;2;29,65381;100
100;3;15;29,65381;100
100;2;2;29,65381;100
100;2;2;29,65381;100
100;3;15;29,65381;100
100;2;2;29,65381;100
100;3;15;29,9873;100
100;3;15;29,9873;100
100;3;15;29,9873;100
100;3;15;29,9873;100
100;3;15;29,9873;100
100;2;2;30,3208;100
100;2;2;30,3208;100
100;3;15;30,3208;100
100;3;15;30,3208;100
100;2;2;30,3208;100
100;3;15;30,6543;100
100;3;15;30,6543;100
100;2;2;30,6543;100
100;2;2;30,6543;100
100;2;2;30,6543;100
100;2;2;30,6543;100
100;3;15;30,6543;100
100;3;15;30,6543;100
100;3;15;30,6543;100
100;3;15;30,98779;100
100;3;15;30,98779;100
100;3;15;30,98779;100
100;3;15;30,98779;100
100;2;2;30,98779;100
100;3;15;30,98779;100
100;2;2;30,98779;100
100;3;15;30,98779;100
100;3;15;31,32129;100
100;3;15;31,32129;100
100;3;15;31,32129;100
100;2;2;31,32129;100
100;2;2;31,32129;100
100;3;15;31,32129;100
100;3;15;31,32129;100
100;3;15;31,32129;100
100;3;15;31,65479;100
100;3;15;31,65479;100
100;2;2;31,65479;100
100;2;2;31,65479;100
100;3;15;31,65479;100
100;3;15;31,65479;100
100;2;2;31,65479;100
100;3;15;31,65479;100
100;2;2;31,65479;100
100;3;15;31,65479;100
100;3;15;31,65479;100
100;3;15;31,65479;100
100;2;2;31,98828;100
100;3;15;31,98828;100
100;2;2;31,98828;100
100;2;2;31,98828;100
100;3;15;32,32178;100
100;2;2;32,32178;100
100;3;15;32,32178;100
100;2;2;32,32178;100
100;3;15;32,65527;100
100;2;2;32,65527;100
100;2;2;32,65527;100
100;3;15;32,65527;100
100;2;2;32,65527;100
100;3;15;32,98877;100
100;3;15;32,98877;100
100;3;15;32,98877;100
100;3;15;32,98877;100
100;3;15;32,98877;100
100;2;2;32,98877;100
100;2;2;32,98877;100
100;3;15;32,98877;100
100;3;15;33,32227;100
100;2;2;33,32227;100
100;2;2;33,32227;100
100;3;15;33,32227;100
100;3;15;33,65576;100
100;3;15;33,65576;100
100;3;15;33,65576;100
100;2;2;33,65576;100
100;2;2;33,65576;100
100;2;2;33,65576;100
100;2;2;33,65576;100
100;3;15;33,98926;100
100;2;2;33,98926;100
100;3;15;33,98926;100
100;2;2;33,98926;100
100;2;2;33,98926;100
100;3;15;33,98926;100
100;3;15;33,98926;100
100;2;2;33,98926;100
100;2;2;34,32275;100
100;2;2;34,32275;100
100;3;15;34,32275;100
100;3;15;34,32275;100
100;3;15;34,32275;100
100;3;15;34,32275;100
100;3;15;34,32275;100
100;3;15;34,65625;100
100;2;2;34,65625;100
100;3;15;34,65625;100
100;3;15;34,65625;100
100;3;15;34,65625;100
100;3;15;34,98975;100
100;3;15;34,98975;100
100;3;15;34,98975;100
100;3;15;34,98975;100
100;2;2;34,98975;100
100;3;15;34,98975;100
100;2;2;34,98975;100
100;3;15;34,98975;100
100;3;15;34,98975;100
100;2;2;35,32324;100
100;3;15;35,32324;100
100;2;2;35,32324;100
100;2;2;35,32324;100
100;3;15;35,32324;100
100;3;15;35,32324;100
100;2;2;35,65674;100
100;3;15;35,65674;100
100;3;15;35,65674;100
100;3;15;35,65674;100
100;3;15;35,65674;100
100;3;15;35,65674;100
100;3;15;35,65674;100
100;2;2;35,65674;100
100;3;15;35,99023;100
100;2;2;35,99023;100
100;3;15;35,99023;100
100;2;2;35,99023;100
100;3;15;35,99023;100
100;3;15;35,99023;100
100;2;2;35,99023;100
100;3;15;36,32373;100
100;2;2;36,32373;100
100;3;15;36,32373;100
100;3;15;36,32373;100
100;2;2;36,32373;100
100;2;2;36,32373;100
100;3;15;36,32373;100
100;2;2;36,65723;100
100;3;15;36,65723;100
100;3;15;36,99072;100
100;3;15;36,99072;100
100;3;15;36,99072;100
100;2;2;36,99072;100
100;2;2;36,99072;100
100;3;15;36,99072;100
100;2;2;36,99072;100
100;2;2;36,99072;100
100;3;15;36,99072;100
100;3;15;37,32422;100
100;2;2;37,32422;100
100;3;15;37,32422;100
100;2;2;37,32422;100
100;3;15;37,32422;100
100;3;15;37,32422;100
100;3;15;37,65771;100
100;3;15;37,65771;100
100;3;15;37,65771;100
100;3;15;37,65771;100
100;2;2;37,65771;100
100;3;15;37,65771;100
100;2;2;37,65771;100
100;2;2;37,65771;100
100;3;15;37,65771;100
100;3;15;37,99121;100
100;2;2;37,99121;100
100;2;2;37,99121;100
100;3;15;37,99121;100
100;3;15;37,99121;100
100;2;2;37,99121;100
100;3;15;38,32471;100
100;2;2;38,32471;100
100;2;2;38,32471;100
100;2;2;38,32471;100
100;3;15;38,32471;100
100;2;2;38,32471;100
100;2;2;38,32471;100
100;3;15;38,6582;100
100;2;2;38,6582;100
100;2;2;38,6582;100
100;2;2;38,6582;100
100;3;15;38,6582;100
100;3;15;38,6582;100
100;3;15;38,9917;100
100;3;15;38,9917;100
100;2;2;38,9917;100
100;3;15;38,9917;100
100;3;15;38,9917;100
100;2;2;38,9917;100
100;2;2;38,9917;100
100;2;2;38,9917;100
100;2;2;38,9917;100
100;3;15;39,3252;100
100;2;2;39,3252;100
100;3;15;39,3252;100
100;3;15;39,3252;100
100;3;15;39,3252;100
100;3;15;39,3252;100
100;3;15;39,3252;100
100;3;15;39,3252;100
100;3;15;39,65869;100
100;3;15;39,65869;100
100;3;15;39,65869;100
100;2;2;39,65869;100
100;3;15;39,65869;100
100;2;2;39,65869;100
100;2;2;39,65869;100
100;2;2;39,99219;100
100;3;15;39,99219;100
100;2;2;39,99219;100
100;3;15;39,99219;100
100;3;15;39,99219;100
100;3;15;39,99219;100
100;2;2;39,99219;100
100;3;15;39,99219;100
100;3;15;40,32568;100
100;2;2;40,32568;100
100;3;15;40,32568;100
100;3;15;40,32568;100
100;3;15;40,32568;100
100;2;2;40,32568;100
100;3;15;40,32568;100
100;3;15;40,65918;100
100;2;2;40,65918;100
100;3;15;40,65918;100
100;3;15;40,65918;100
100;3;15;40,65918;100
100;3;15;40,65918;100
100;3;15;40,65918;100
100;3;15;40,99268;100
100;3;15;40,99268;100
100;3;15;40,99268;100
100;3;15;41,32617;100
100;2;2;41,32617;100
100;3;15;41,32617;100
100;3;15;41,32617;100
100;3;15;41,32617;100
100;3;15;41,65967;100
100;3;15;41,65967;100
100;3;15;41,65967;100
100;3;15;41,65967;100
100;2;2;41,65967;100
100;2;2;41,65967;100
100;2;2;41,65967;100
100;3;15;41,65967;100
100;3;15;41,65967;100
100;3;15;41,99316;100
100;3;15;41,99316;100
100;3;15;41,99316;100
100;3;15;41,99316;100
100;3;15;41,99316;100
100;3;15;41,99316;100
100;2;2;41,99316;100
100;3;15;42,32666;100
100;2;2;42,32666;100
100;3;15;42,32666;100
100;3;15;42,32666;100
100;3;15;42,32666;100
100;3;15;42,32666;100
100;3;15;42,32666;100
100;3;15;42,32666;100
100;3;15;42,66016;100
100;3;15;42,66016;100
100;2;2;42,66016;100
100;3;15;42,66016;100
100;3;15;42,66016;100
100;2;2;42,66016;100
100;3;15;42,66016;100
100;3;15;42,66016;100
100;2;2;42,66016;100
100;3;15;42,99365;100
100;2;2;42,99365;100
100;3;15;42,99365;100
100;3;15;43,32715;100
100;3;15;43,32715;100
100;3;15;43,32715;100
100;3;15;43,32715;100
100;2;2;43,32715;100
100;3;15;43,32715;100
100;2;2;43,32715;100
100;2;2;43,32715;100
100;3;15;43,32715;100
100;2;2;43,32715;100
100;3;15;43,66064;100
100;3;15;43,66064;100
100;2;2;43,66064;100
100;3;15;43,66064;100
100;3;15;43,66064;100
100;3;15;43,66064;100
100;3;15;43,99414;100
100;2;2;43,99414;100
100;2;2;43,99414;100
100;2;2;43,99414;100
100;3;15;43,99414;100
100;3;15;43,99414;100
100;3;15;43,99414;100
100;3;15;44,32764;100
100;3;15;44,32764;100
100;2;2;44,32764;100
100;3;15;44,32764;100
100;2;2;44,66113;100
100;3;15;44,66113;100
100;3;15;44,66113;100
100;2;2;44,66113;100
100;2;2;44,99463;100
100;3;15;44,99463;100
100;2;2;44,99463;100
100;3;15;44,99463;100
100;3;15;44,99463;100
100;2;2;44,99463;100
100;3;15;44,99463;100
100;3;15;44,99463;100
100;2;2;45,32813;100
100;3;15;45,32813;100
100;2;2;45,32813;100
100;2;2;45,32813;100
100;3;15;45,32813;100
100;2;2;45,32813;100
100;3;15;45,66162;100
100;3;15;45,66162;100
100;3;15;45,66162;100
100;3;15;45,66162;100
100;2;2;45,66162;100
100;3;15;45,66162;100
100;2;2;45,66162;100
100;3;15;45,66162;100
100;3;15;45,66162;100
100;3;15;45,99512;100
100;3;15;45,99512;100
100;3;15;45,99512;100
100;3;15;45,99512;100
100;2;2;45,99512;100
100;3;15;45,99512;100
100;2;2;46,32861;100
100;3;15;46,32861;100
100;3;15;46,32861;100
100;3;15;46,32861;100
100;3;15;46,32861;100
100;3;15;46,32861;100
100;3;15;46,32861;100
100;3;15;46,32861;100
100;3;15;46,32861;100
100;3;15;46,66211;100
100;2;2;46,66211;100
100;2;2;46,66211;100
100;2;2;46,66211;100
100;2;2;46,66211;100
100;2;2;46,99561;100
100;3;15;46,99561;100
100;3;15;46,99561;100
100;3;15;46,99561;100
100;2;2;46,99561;100
100;2;2;47,3291;100
100;2;2;47,3291;100
100;3;15;47,3291;100
100;3;15;47,3291;100
100;2;2;47,3291;100
100;2;2;47,3291;100
100;3;15;47,3291;100
100;2;2;47,6626;100
100;2;2;47,6626;100
100;2;2;47,6626;100
100;3;15;47,6626;100
100;3;15;47,6626;100
100;2;2;47,99609;100
100;3;15;47,99609;100
100;2;2;47,99609;100
100;3;15;47,99609;100
100;2;2;47,99609;100
100;2;2;47,99609;100
100;3;15;48,32959;100
100;3;15;48,32959;100
100;3;15;48,32959;100
100;2;2;48,32959;100
100;3;15;48,32959;100
100;2;2;48,32959;100
100;3;15;48,66309;100
100;2;2;48,66309;100
100;2;2;48,66309;100
100;3;15;48,66309;100
100;3;15;48,66309;100
100;2;2;48,66309;100
100;3;15;48,99658;100
100;3;15;48,99658;100
100;3;15;48,99658;100
100;2;2;48,99658;100
100;3;15;49,33008;100
100;2;2;49,33008;100
100;3;15;49,33008;100
100;3;15;49,33008;100
100;2;2;49,33008;100
100;3;15;49,33008;100
100;2;2;49,33008;100
100;3;15;49,66357;100
100;2;2;49,66357;100
100;3;15;49,66357;100
100;3;15;49,66357;100
100;3;15;49,99707;100
100;3;15;49,99707;100
100;2;2;49,99707;100
100;3;15;49,99707;100
100;3;15;49,99707;100
100;3;15;50,33057;100
100;3;15;50,33057;100
100;2;2;50,33057;100
100;3;15;50,33057;100
100;3;15;50,33057;100
100;3;15;50,33057;100
100;2;2;50,33057;100
100;3;15;50,33057;100
100;2;2;50,33057;100
100;2;2;50,33057;100
100;3;15;50,33057;100
100;2;2;50,66406;100
100;3;15;50,66406;100
100;3;15;50,66406;100
100;2;2;50,66406;100
100;3;15;50,66406;100
100;3;15;50,66406;100
100;2;2;50,99756;100
100;2;2;50,99756;100
100;3;15;50,99756;100
100;3;15;50,99756;100
100;3;15;51,33105;100
100;3;15;51,33105;100
100;3;15;51,33105;100
100;2;2;51,33105;100
100;3;15;51,33105;100
100;2;2;51,33105;100
100;3;15;51,33105;100
100;2;2;51,66455;100
100;2;2;51,66455;100
100;3;15;51,66455;100
100;3;15;51,66455;100
100;3;15;51,99805;100
100;3;15;51,99805;100
100;2;2;51,99805;100
100;3;15;51,99805;100
100;3;15;51,99805;100
100;2;2;51,99805;100
100;3;15;52,33154;100
100;2;2;52,33154;100
100;3;15;52,33154;100
100;3;15;52,33154;100
100;2;2;52,33154;100
100;3;15;52,33154;100
100;3;15;52,33154;100
100;3;15;52,66504;100
100;3;15;52,66504;100
100;2;2;52,66504;100
100;3;15;52,66504;100
100;2;2;52,99854;100
100;2;2;52,99854;100
100;2;2;52,99854;100
100;3;15;52,99854;100
100;2;2;52,99854;100
100;3;15;52,99854;100
100;2;2;52,99854;100
100;3;15;52,99854;100
100;3;15;52,99854;100
100;2;2;53,33203;100
100;2;2;53,33203;100
100;2;2;53,33203;100
100;2;2;53,33203;100
100;2;2;53,33203;100
100;3;15;53,33203;100
100;3;15;53,33203;100
100;3;15;53,66553;100
100;3;15;53,66553;100
100;2;2;53,66553;100
100;3;15;53,66553;100
100;2;2;53,99902;100
100;2;2;53,99902;100
100;2;2;53,99902;100
100;3;15;53,99902;100
100;3;15;53,99902;100
100;3;15;53,99902;100
100;3;15;53,99902;100
100;2;2;53,99902;100
100;3;15;53,99902;100
100;2;2;53,99902;100
100;3;15;54,33252;100
100;3;15;54,33252;100
100;2;2;54,33252;100
100;3;15;54,33252;100
100;2;2;54,33252;100
100;3;15;54,33252;100
100;2;2;54,33252;100
100;3;15;54,66602;100
100;2;2;54,66602;100
100;3;15;54,66602;100
100;3;15;54,66602;100
100;3;15;54,99951;100
100;2;2;54,99951;100
100;2;2;54,99951;100
100;3;15;54,99951;100
100;3;15;54,99951;100
100;2;2;54,99951;100
100;3;15;55,33301;100
100;2;2;55,33301;100
100;3;15;55,33301;100
100;3;15;55,33301;100
100;2;2;55,33301;100
100;3;15;55,6665;100
100;2;2;55,6665;100
100;3;15;55,6665;100
100;3;15;55,6665;100
100;3;15;55,6665;100
100;3;15;56;100
100;2;2;56;100
100;3;15;56;100
100;2;2;56;100
100;2;2;56;100
100;2;2;56;100
100;3;15;56;100
100;3;15;56;100
100;3;15;56;100
100;2;2;56,3335;100
100;2;2;56,3335;100
100;2;2;56,3335;100
100;2;2;56,3335;100
100;2;2;56,3335;100
100;2;2;56,3335;100
100;2;2;56,3335;100
100;3;15;56,3335;100
100;3;15;56,3335;100
100;2;2;56,3335;100
100;3;15;56,3335;100
100;2;2;56,66699;100
100;2;2;56,66699;100
100;3;15;56,66699;100
100;2;2;56,66699;100
100;3;15;56,66699;100
100;3;15;56,66699;100
100;2;2;57,00049;100
100;3;15;57,00049;100
100;3;15;57,00049;100
100;3;15;57,00049;100
100;3;15;57,00049;100
100;3;15;57,00049;100
100;3;15;57,33398;100
100;2;2;57,33398;100
100;3;15;57,33398;100
100;2;2;57,33398;100
100;2;2;57,33398;100
100;3;15;57,33398;100
100;2;2;57,66748;100
