100;3;15;36,04883;100
100;3;15;36,04883;100
100;3;15;36,04883;100
100;3;15;36,04883;100
100;3;15;36,04883;100
100;2;2;36,04883;100
100;2;2;36,04883;100
100;2;2;36,04883;100
100;3;15;36,04883;100
100;3;15;36,38184;100
100;3;15;36,38184;100
100;3;15;36,38184;100
100;3;15;36,38184;100
100;3;15;36,38184;100
100;2;2;36,38184;100
100;3;15;36,38184;100
100;3;15;36,38184;100
100;2;2;36,38184;100
100;3;15;36,38184;100
100;3;15;36,38184;100
100;2;2;36,38184;100
100;2;2;36,38184;100
100;3;15;36,71484;100
100;3;15;36,71484;100
100;3;15;36,71484;100
100;2;2;36,71484;100
100;3;15;36,71484;100
100;3;15;36,71484;100
100;3;15;36,71484;100
100;3;15;37,04785;100
100;3;15;37,04785;100
100;2;2;37,04785;100
100;3;15;37,04785;100
100;3;15;37,04785;100
100;3;15;37,38086;100
100;3;15;37,38086;100
100;3;15;37,38086;100
100;3;15;37,38086;100
100;3;15;37,38086;100
100;2;2;37,38086;100
100;2;2;37,38086;100
100;3;15;37,38086;100
100;3;15;37,38086;100
100;3;15;37,38086;100
100;2;2;37,38086;100
100;2;2;37,38086;100
100;3;15;37,71387;100
100;2;2;37,71387;100
100;2;2;37,71387;100
100;3;15;37,71387;100
100;3;15;37,71387;100
100;2;2;37,71387;100
100;3;15;38,04688;100
100;3;15;38,04688;100
100;3;15;38,04688;100
100;3;15;38,04688;100
100;3;15;38,04688;100
100;3;15;38,04688;100
100;3;15;38,04688;100
100;2;2;38,37988;100
100;2;2;38,37988;100
100;3;15;38,37988;100
100;2;2;38,37988;100
100;3;15;38,37988;100
100;3;15;38,37988;100
100;2;2;38,37988;100
100;2;2;38,37988;100
100;3;15;38,37988;100
100;2;2;38,71289;100
100;3;15;38,71289;100
100;2;2;38,71289;100
100;3;15;38,71289;100
100;3;15;38,71289;100
100;3;15;38,71289;100
100;3;15;38,71289;100
100;3;15;38,71289;100
100;3;15;38,71289;100
100;2;2;39,0459;100
100;3;15;39,0459;100
100;3;15;39,0459;100
100;2;2;39,0459;100
100;2;2;39,0459;100
100;3;15;39,0459;100
100;2;2;39,0459;100
100;3;15;39,0459;100
100;3;15;39,0459;100
100;3;15;39,0459;100
100;3;15;39,37891;100
100;3;15;39,37891;100
100;3;15;39,37891;100
100;3;15;39,37891;100
100;2;2;39,37891;100
100;2;2;39,37891;100
100;3;15;39,37891;100
100;2;2;39,37891;100
100;3;15;39,71191;100
100;3;15;39,71191;100
100;2;2;39,71191;100
100;2;2;39,71191;100
100;3;15;39,71191;100
100;3;15;40,04492;100
100;2;2;40,04492;100
100;3;15;40,04492;100
100;3;15;40,04492;100
100;2;2;40,04492;100
100;3;15;40,04492;100
100;3;15;40,04492;100
100;2;2;40,04492;100
100;3;15;40,04492;100
100;3;15;40,04492;100
100;3;15;40,04492;100
100;3;15;40,37793;100
100;3;15;40,37793;100
100;3;15;40,37793;100
100;3;15;40,37793;100
100;3;15;40,37793;100
100;3;15;40,37793;100
100;3;15;40,37793;100
100;2;2;40,37793;100
100;3;15;40,37793;100
100;3;15;40,71094;100
100;3;15;40,71094;100
100;3;15;40,71094;100
100;3;15;40,71094;100
100;2;2;40,71094;100
100;2;2;40,71094;100
100;3;15;40,71094;100
100;3;15;41,04395;100
100;3;15;41,04395;100
100;2;2;41,04395;100
100;3;15;41,04395;100
100;3;15;41,04395;100
100;3;15;41,04395;100
100;3;15;41,04395;100
100;3;15;41,04395;100
100;3;15;41,04395;100
100;3;15;41,04395;100
100;2;2;41,04395;100
100;3;15;41,37695;100
100;3;15;41,37695;100
100;3;15;41,37695;100
100;3;15;41,37695;100
100;3;15;41,37695;100
100;3;15;41,37695;100
100;3;15;41,37695;100
100;3;15;41,37695;100
100;3;15;41,70996;100
100;3;15;41,70996;100
100;3;15;41,70996;100
100;3;15;41,70996;100
100;3;15;41,70996;100
100;3;15;41,70996;100
100;3;15;41,70996;100
100;3;15;42,04297;100
100;3;15;42,04297;100
100;2;2;42,04297;100
100;2;2;42,04297;100
100;2;2;42,04297;100
100;3;15;42,04297;100
100;3;15;42,04297;100
100;3;15;42,04297;100
100;3;15;42,04297;100
100;2;2;42,04297;100
100;3;15;42,04297;100
100;2;2;42,37598;100
100;2;2;42,37598;100
100;3;15;42,37598;100
100;2;2;42,37598;100
100;2;2;42,37598;100
100;3;15;42,37598;100
100;3;15;42,37598;100
100;3;15;42,37598;100
100;3;15;42,37598;100
100;3;15;42,37598;100
100;3;15;42,37598;100
100;2;2;42,37598;100
100;2;2;42,70898;100
100;3;15;42,70898;100
100;3;15;42,70898;100
100;3;15;42,70898;100
100;3;15;42,70898;100
100;3;15;42,70898;100
100;2;2;42,70898;100
100;3;15;42,70898;100
100;2;2;42,70898;100
100;3;15;43,04199;100
100;3;15;43,04199;100
100;3;15;43,04199;100
100;3;15;43,04199;100
100;2;2;43,04199;100
100;3;15;43,04199;100
100;3;15;43,04199;100
100;3;15;43,04199;100
100;3;15;43,375;100
100;3;15;43,375;100
100;3;15;43,375;100
100;3;15;43,375;100
100;3;15;43,375;100
100;3;15;43,375;100
100;3;15;43,375;100
100;3;15;43,375;100
100;3;15;43,375;100
100;2;2;43,70801;100
100;3;15;43,70801;100
100;3;15;43,70801;100
100;3;15;43,70801;100
100;3;15;43,70801;100
100;3;15;43,70801;100
100;3;15;43,70801;100
100;2;2;43,70801;100
100;3;15;44,04102;100
100;3;15;44,04102;100
100;2;2;44,04102;100
100;3;15;44,04102;100
100;3;15;44,04102;100
100;3;15;44,04102;100
100;3;15;44,04102;100
100;3;15;44,04102;100
100;3;15;44,04102;100
100;3;15;44,04102;100
100;2;2;44,37402;100
100;3;15;44,37402;100
100;3;15;44,37402;100
100;3;15;44,37402;100
100;2;2;44,37402;100
100;2;2;44,37402;100
100;3;15;44,37402;100
100;3;15;44,37402;100
100;3;15;44,70703;100
100;3;15;44,70703;100
100;2;2;44,70703;100
100;3;15;44,70703;100
100;3;15;44,70703;100
100;3;15;44,70703;100
100;3;15;45,04004;100
100;3;15;45,04004;100
100;2;2;45,04004;100
100;3;15;45,04004;100
100;3;15;45,04004;100
100;3;15;45,04004;100
100;2;2;45,04004;100
100;3;15;45,04004;100
100;3;15;45,37305;100
100;3;15;45,37305;100
100;2;2;45,37305;100
100;2;2;45,37305;100
100;3;15;45,37305;100
100;2;2;45,70605;100
100;3;15;45,70605;100
100;3;15;45,70605;100
100;3;15;45,70605;100
100;3;15;45,70605;100
100;3;15;45,70605;100
100;3;15;45,70605;100
100;2;2;45,70605;100
100;2;2;45,70605;100
100;3;15;45,70605;100
100;3;15;45,70605;100
100;3;15;46,03906;100
100;3;15;46,03906;100
100;3;15;46,03906;100
100;2;2;46,03906;100
100;3;15;46,03906;100
100;3;15;46,03906;100
100;3;15;46,03906;100
100;2;2;46,03906;100
100;3;15;46,03906;100
100;2;2;46,03906;100
100;3;15;46,37207;100
100;3;15;46,37207;100
100;3;15;46,37207;100
100;3;15;46,37207;100
100;2;2;46,37207;100
100;2;2;46,37207;100
100;3;15;46,37207;100
100;2;2;46,37207;100
100;3;15;46,37207;100
100;3;15;46,70508;100
100;3;15;46,70508;100
100;3;15;46,70508;100
100;2;2;46,70508;100
100;2;2;46,70508;100
100;3;15;46,70508;100
100;2;2;46,70508;100
100;3;15;47,03809;100
100;2;2;47,03809;100
100;3;15;47,03809;100
100;3;15;47,03809;100
100;3;15;47,03809;100
100;2;2;47,03809;100
100;3;15;47,03809;100
100;3;15;47,03809;100
100;3;15;47,37109;100
100;3;15;47,37109;100
100;2;2;47,37109;100
100;3;15;47,37109;100
100;3;15;47,37109;100
100;3;15;47,37109;100
100;3;15;47,37109;100
100;2;2;47,37109;100
100;3;15;47,37109;100
100;3;15;47,7041;100
100;2;2;47,7041;100
100;2;2;47,7041;100
100;3;15;47,7041;100
100;2;2;47,7041;100
100;3;15;47,7041;100
100;2;2;47,7041;100
100;3;15;48,03711;100
100;3;15;48,03711;100
100;2;2;48,03711;100
100;2;2;48,03711;100
100;3;15;48,03711;100
100;2;2;48,37012;100
100;3;15;48,37012;100
100;2;2;48,37012;100
100;3;15;48,37012;100
100;2;2;48,37012;100
100;3;15;48,37012;100
100;3;15;48,37012;100
100;3;15;48,70313;100
100;3;15;48,70313;100
100;3;15;48,70313;100
100;2;2;48,70313;100
100;3;15;48,70313;100
100;3;15;48,70313;100
100;2;2;49,03613;100
100;3;15;49,03613;100
100;2;2;49,03613;100
100;2;2;49,03613;100
100;3;15;49,03613;100
100;2;2;49,03613;100
100;3;15;49,03613;100
100;3;15;49,03613;100
100;3;15;49,03613;100
100;3;15;49,36914;100
100;3;15;49,36914;100
100;3;15;49,36914;100
100;3;15;49,36914;100
100;2;2;49,36914;100
100;3;15;49,36914;100
100;3;15;49,70215;100
100;3;15;49,70215;100
100;2;2;49,70215;100
100;2;2;49,70215;100
100;2;2;49,70215;100
100;2;2;49,70215;100
100;3;15;49,70215;100
100;2;2;49,70215;100
100;3;15;49,70215;100
100;3;15;49,70215;100
100;2;2;49,70215;100
100;3;15;49,70215;100
100;3;15;49,70215;100
100;3;15;50,03516;100
100;3;15;50,03516;100
100;2;2;50,03516;100
100;2;2;50,03516;100
100;2;2;50,03516;100
100;3;15;50,03516;100
100;3;15;50,36816;100
100;3;15;50,36816;100
100;2;2;50,36816;100
100;3;15;50,36816;100
100;3;15;50,36816;100
100;3;15;50,36816;100
100;3;15;50,36816;100
100;3;15;50,36816;100
100;3;15;50,36816;100
100;2;2;50,36816;100
100;2;2;50,36816;100
100;3;15;50,70117;100
100;2;2;50,70117;100
100;3;15;50,70117;100
100;3;15;50,70117;100
100;3;15;50,70117;100
100;2;2;50,70117;100
100;2;2;50,70117;100
100;3;15;50,70117;100
100;3;15;50,70117;100
100;2;2;51,03418;100
100;3;15;51,03418;85
100;3;15;51,03418;70
100;2;2;51,03418;70
100;2;2;51,03418;70
100;2;2;51,03418;70
100;3;15;51,03418;55
100;2;2;51,03418;55
100;3;15;51,03418;40
100;3;15;51,36719;25
100;3;15;51,36719;10
100;3;15;51,36719;-5
Player