92;2;2;54,12305;100
92;3;15;54,12305;100
92;3;15;54,12305;100
92;2;2;54,12305;100
92;2;2;54,45654;100
92;2;2;54,45654;100
92;3;15;54,45654;100
92;3;15;54,45654;100
92;2;2;54,45654;100
92;3;15;54,45654;100
92;3;15;54,45654;100
92;3;15;54,45654;100
92;2;2;54,79004;100
92;3;15;54,79004;100
92;3;15;54,79004;100
92;2;2;54,79004;100
92;2;2;54,79004;100
92;3;15;54,79004;100
92;2;2;55,12354;100
92;3;15;55,12354;100
92;3;15;55,12354;100
92;2;2;55,12354;100
92;2;2;55,12354;100
92;3;15;55,12354;100
92;3;15;55,12354;100
92;3;15;55,45703;100
92;3;15;55,45703;100
92;2;2;55,45703;100
92;3;15;55,45703;100
92;2;2;55,45703;100
92;3;15;55,45703;100
92;2;2;55,45703;100
92;2;2;55,45703;100
92;3;15;55,45703;100
92;3;15;55,79053;100
92;3;15;55,79053;100
92;2;2;55,79053;100
92;3;15;55,79053;100
92;2;2;56,12402;100
92;3;15;56,12402;100
92;2;2;56,12402;100
92;2;2;56,12402;100
92;2;2;56,12402;100
92;3;15;56,12402;100
92;3;15;56,45752;100
92;3;15;56,45752;100
92;3;15;56,45752;100
92;3;15;56,45752;100
92;2;2;56,45752;100
92;2;2;56,45752;100
92;3;15;56,45752;100
92;3;15;56,45752;100
92;3;15;56,79102;100
92;3;15;56,79102;100
92;3;15;56,79102;100
92;2;2;56,79102;100
92;3;15;56,79102;100
92;3;15;56,79102;100
92;3;15;57,12451;100
92;3;15;57,12451;100
92;2;2;57,12451;100
92;3;15;57,12451;100
92;3;15;57,12451;100
92;2;2;57,12451;100
92;3;15;57,12451;100
92;3;15;57,12451;100
92;3;15;57,45801;100
92;3;15;57,45801;100
92;2;2;57,45801;100
92;3;15;57,45801;100
92;3;15;57,45801;100
92;2;2;57,45801;100
92;3;15;57,45801;100
92;3;15;57,45801;100
92;3;15;57,7915;100
92;2;2;57,7915;100
92;2;2;57,7915;100
92;2;2;57,7915;100
92;3;15;57,7915;100
92;3;15;57,7915;100
92;3;15;57,7915;100
92;3;15;58,125;100
92;2;2;58,125;100
92;2;2;58,125;100
92;3;15;58,125;100
92;3;15;58,125;100
92;3;15;58,125;100
92;3;15;58,4585;100
92;3;15;58,4585;100
92;2;2;58,4585;100
92;2;2;58,4585;100
92;2;2;58,79199;100
92;3;15;58,79199;100
92;3;15;58,79199;100
92;2;2;58,79199;100
92;2;2;58,79199;100
92;2;2;59,12549;100
92;3;15;59,12549;100
92;2;2;59,12549;100
92;2;2;59,12549;100
92;2;2;59,12549;100
92;2;2;59,12549;100
92;3;15;59,12549;100
92;2;2;59,12549;100
92;2;2;59,45898;100
92;2;2;59,45898;100
92;3;15;59,45898;100
92;3;15;59,45898;100
92;3;15;59,45898;100
92;2;2;59,79248;100
92;3;15;59,79248;100
92;2;2;59,79248;100
92;2;2;59,79248;100
92;3;15;59,79248;100
92;3;15;59,79248;100
92;3;15;59,79248;100
92;2;2;0,1259766;100
92;3;15;0,1259766;100
92;3;15;0,1259766;100
92;3;15;0,1259766;100
92;2;2;0,4594727;100
92;3;15;0,4594727;100
92;2;2;0,4594727;100
92;3;15;0,4594727;100
92;3;15;0,4594727;100
92;2;2;0,4594727;100
92;2;2;0,4594727;100
92;3;15;0,4594727;100
92;3;15;0,4594727;100
92;3;15;0,7929688;100
92;3;15;0,7929688;100
92;3;15;0,7929688;100
92;2;2;0,7929688;100
92;2;2;0,7929688;100
92;3;15;1,126465;100
92;3;15;1,126465;100
92;2;2;1,459961;100
92;3;15;1,459961;100
92;3;15;1,793457;100
92;2;2;1,793457;100
92;2;2;1,793457;100
92;2;2;1,793457;100
92;3;15;1,793457;100
92;3;15;2,126953;100
92;3;15;2,126953;100
92;2;2;2,126953;100
92;3;15;2,126953;100
92;2;2;2,126953;100
92;2;2;2,126953;100
92;3;15;2,126953;100
92;3;15;2,126953;100
92;3;15;2,460449;100
92;2;2;2,460449;100
92;3;15;2,460449;100
92;3;15;2,460449;100
92;2;2;2,793945;100
92;2;2;2,793945;100
92;3;15;2,793945;100
92;3;15;3,127441;100
92;2;2;3,127441;100
92;3;15;3,127441;100
92;3;15;3,127441;100
92;3;15;3,127441;100
92;3;15;3,127441;100
92;2;2;3,127441;100
92;2;2;3,460938;100
92;2;2;3,460938;100
92;3;15;3,460938;100
92;2;2;3,460938;100
92;2;2;3,460938;100
92;2;2;3,460938;100
92;3;15;3,460938;100
92;2;2;3,460938;100
92;3;15;3,460938;100
92;3;15;3,460938;100
92;3;15;3,794434;100
92;3;15;3,794434;100
92;3;15;3,794434;100
92;3;15;3,794434;100
92;3;15;3,794434;100
92;3;15;3,794434;100
92;3;15;4,12793;100
92;2;2;4,12793;100
92;3;15;4,12793;100
92;3;15;4,12793;100
92;3;15;4,12793;100
92;3;15;4,12793;100
92;2;2;4,12793;100
92;3;15;4,12793;100
92;2;2;4,12793;100
92;3;15;4,461426;100
92;3;15;4,461426;100
92;3;15;4,461426;100
92;2;2;4,461426;100
92;3;15;4,461426;100
92;3;15;4,461426;100
92;2;2;4,461426;100
92;3;15;4,461426;100
92;3;15;4,794922;100
92;3;15;4,794922;100
92;2;2;4,794922;100
92;2;2;4,794922;100
92;2;2;5,128418;100
92;2;2;5,128418;100
92;2;2;5,128418;100
92;3;15;5,128418;100
92;3;15;5,128418;100
92;3;15;5,128418;100
92;3;15;5,461914;100
92;3;15;5,461914;85
92;2;2;5,461914;85
92;3;15;5,461914;70
92;3;15;5,461914;55
92;3;15;5,79541;55
92;3;15;5,79541;55
92;3;15;5,79541;55
92;3;15;5,79541;55
92;3;15;5,79541;55
92;2;2;6,128906;55
92;3;15;6,128906;55
92;2;2;6,128906;55
92;2;2;6,128906;55
92;3;15;6,128906;55
92;3;15;6,128906;55
92;3;15;6,128906;55
92;3;15;6,462402;40
92;3;15;6,462402;25
92;3;15;6,462402;10
92;2;2;6,462402;10
92;3;15;6,462402;-5
Player