100;3;15;33,20508;100
100;3;15;33,20508;100
100;2;2;33,20508;100
100;3;15;33,20508;100
100;2;2;33,53857;100
100;3;15;33,53857;100
100;3;15;33,53857;100
100;3;15;33,53857;100
100;3;15;33,53857;100
100;2;2;33,87207;100
100;2;2;33,87207;100
100;2;2;33,87207;100
100;2;2;33,87207;100
100;3;15;33,87207;100
100;2;2;33,87207;100
100;2;2;33,87207;100
100;3;15;33,87207;100
100;2;2;33,87207;100
100;3;15;33,87207;100
100;2;2;33,87207;100
100;3;15;34,20557;100
100;3;15;34,20557;100
100;3;15;34,20557;100
100;3;15;34,53906;100
100;2;2;34,53906;100
100;3;15;34,53906;100
100;3;15;34,53906;100
100;3;15;34,53906;100
100;3;15;34,53906;100
100;2;2;34,87256;100
100;2;2;34,87256;100
100;3;15;34,87256;100
100;2;2;35,20605;100
100;3;15;35,20605;100
100;3;15;35,20605;100
100;3;15;35,20605;100
100;3;15;35,20605;100
100;2;2;35,53955;100
100;3;15;35,53955;100
100;3;15;35,53955;100
100;2;2;35,53955;100
100;2;2;35,53955;100
100;2;2;35,53955;100
100;3;15;35,53955;100
100;3;15;35,53955;100
100;2;2;35,87305;100
100;2;2;35,87305;100
100;3;15;35,87305;100
100;2;2;35,87305;100
100;3;15;35,87305;100
100;2;2;36,20654;100
100;3;15;36,20654;100
100;3;15;36,20654;100
100;3;15;36,20654;100
100;2;2;36,20654;100
100;2;2;36,20654;100
100;2;2;36,20654;100
100;3;15;36,54004;100
100;2;2;36,54004;100
100;2;2;36,54004;100
100;3;15;36,54004;100
100;2;2;36,54004;100
100;3;15;36,54004;100
100;3;15;36,54004;100
100;2;2;36,54004;100
100;3;15;36,87354;100
100;2;2;36,87354;100
100;3;15;36,87354;100
100;3;15;36,87354;100
100;3;15;36,87354;100
100;2;2;36,87354;100
100;3;15;36,87354;100
100;3;15;37,20703;100
100;3;15;37,20703;100
100;3;15;37,20703;100
100;2;2;37,20703;100
100;3;15;37,20703;100
100;3;15;37,20703;100
100;2;2;37,20703;100
100;3;15;37,54053;100
100;3;15;37,54053;100
100;3;15;37,54053;100
100;3;15;37,54053;100
100;3;15;37,54053;100
100;3;15;37,54053;100
100;2;2;37,54053;100
100;2;2;37,54053;100
100;3;15;37,54053;100
100;2;2;37,54053;100
100;3;15;37,54053;100
100;3;15;37,87402;100
100;3;15;37,87402;100
100;3;15;37,87402;100
100;2;2;37,87402;100
100;2;2;37,87402;100
100;2;2;37,87402;100
100;3;15;38,20752;100
100;3;15;38,20752;100
100;3;15;38,20752;100
100;2;2;38,20752;100
100;3;15;38,20752;100
100;3;15;38,20752;100
100;3;15;38,20752;100
100;2;2;38,54102;100
100;2;2;38,54102;100
100;3;15;38,54102;100
100;3;15;38,54102;100
100;2;2;38,87451;100
100;2;2;38,87451;100
100;3;15;38,87451;100
100;2;2;38,87451;100
100;3;15;38,87451;100
100;2;2;38,87451;100
100;2;2;38,87451;100
100;3;15;38,87451;100
100;2;2;38,87451;100
100;2;2;39,20801;100
100;3;15;39,20801;100
100;3;15;39,20801;100
100;3;15;39,20801;100
100;2;2;39,20801;100
100;2;2;39,20801;100
100;3;15;39,20801;100
100;3;15;39,5415;100
100;3;15;39,5415;100
100;2;2;39,5415;100
100;2;2;39,5415;100
100;2;2;39,5415;100
100;2;2;39,875;100
100;3;15;39,875;100
100;2;2;39,875;100
100;3;15;39,875;100
100;2;2;39,875;100
100;2;2;40,2085;100
100;3;15;40,2085;100
100;3;15;40,2085;100
100;2;2;40,2085;100
100;2;2;40,54199;100
100;3;15;40,54199;100
100;3;15;40,54199;100
100;2;2;40,54199;100
100;3;15;40,54199;100
100;2;2;40,87549;100
100;2;2;40,87549;100
100;3;15;40,87549;100
100;3;15;40,87549;100
100;2;2;40,87549;100
100;3;15;41,20898;100
100;3;15;41,20898;100
100;3;15;41,20898;100
100;3;15;41,20898;100
100;3;15;41,20898;100
100;3;15;41,20898;100
100;3;15;41,20898;100
100;3;15;41,54248;100
100;3;15;41,54248;100
100;3;15;41,54248;100
100;3;15;41,54248;100
100;3;15;41,54248;100
100;3;15;41,54248;100
100;3;15;41,87598;100
100;3;15;41,87598;100
100;3;15;41,87598;100
100;2;2;41,87598;100
100;2;2;41,87598;100
100;3;15;41,87598;100
100;3;15;41,87598;100
100;3;15;41,87598;100
100;3;15;42,20947;100
100;3;15;42,20947;100
100;3;15;42,20947;100
100;2;2;42,20947;100
100;3;15;42,20947;100
100;3;15;42,20947;100
100;3;15;42,20947;100
100;2;2;42,54297;100
100;3;15;42,54297;100
100;3;15;42,54297;100
100;3;15;42,54297;100
100;3;15;42,54297;100
100;2;2;42,54297;100
100;3;15;42,54297;100
100;3;15;42,54297;100
100;2;2;42,87646;100
100;3;15;42,87646;100
100;3;15;42,87646;100
100;3;15;42,87646;100
100;3;15;42,87646;100
100;2;2;42,87646;100
100;3;15;42,87646;100
100;3;15;42,87646;100
100;3;15;43,20996;100
100;3;15;43,20996;100
100;2;2;43,20996;100
100;3;15;43,20996;100
100;3;15;43,20996;100
100;3;15;43,54346;100
100;2;2;43,54346;100
100;3;15;43,54346;100
100;2;2;43,54346;100
100;2;2;43,54346;100
100;2;2;43,54346;100
100;2;2;43,54346;100
100;2;2;43,87695;100
100;2;2;43,87695;100
100;3;15;43,87695;100
100;2;2;43,87695;100
100;3;15;43,87695;100
100;3;15;44,21045;100
100;2;2;44,21045;100
100;2;2;44,21045;100
100;3;15;44,21045;100
100;2;2;44,21045;100
100;3;15;44,21045;100
100;3;15;44,21045;100
100;3;15;44,21045;100
100;2;2;44,54395;100
100;3;15;44,54395;100
100;3;15;44,54395;100
100;3;15;44,54395;100
100;3;15;44,54395;100
100;2;2;44,87744;100
100;2;2;44,87744;100
100;3;15;44,87744;100
100;2;2;44,87744;100
100;3;15;44,87744;100
100;2;2;44,87744;100
100;3;15;45,21094;100
100;2;2;45,21094;100
100;3;15;45,21094;100
100;3;15;45,21094;100
100;3;15;45,21094;100
100;2;2;45,21094;100
100;3;15;45,21094;100
100;3;15;45,54443;100
100;3;15;45,54443;100
100;2;2;45,54443;100
100;2;2;45,54443;100
100;2;2;45,54443;100
100;3;15;45,54443;100
100;3;15;45,87793;100
100;3;15;45,87793;100
100;2;2;45,87793;100
100;3;15;45,87793;100
100;2;2;46,21143;100
100;2;2;46,21143;100
100;3;15;46,21143;100
100;3;15;46,21143;100
100;3;15;46,21143;100
100;3;15;46,21143;100
100;3;15;46,54492;100
100;2;2;46,54492;100
100;3;15;46,54492;100
100;3;15;46,54492;100
100;2;2;46,54492;100
100;2;2;46,54492;100
100;3;15;46,54492;100
100;2;2;46,54492;100
100;3;15;46,54492;100
100;3;15;46,87842;100
100;3;15;46,87842;100
100;3;15;46,87842;100
100;2;2;46,87842;100
100;2;2;46,87842;100
100;3;15;46,87842;100
100;2;2;46,87842;100
100;3;15;46,87842;100
100;3;15;46,87842;100
100;2;2;47,21191;100
100;3;15;47,21191;100
100;3;15;47,21191;100
100;3;15;47,21191;100
100;2;2;47,21191;100
100;3;15;47,54541;100
100;3;15;47,54541;100
100;3;15;47,54541;100
100;2;2;47,54541;100
100;2;2;47,54541;100
100;3;15;47,54541;100
100;3;15;47,87891;100
100;3;15;47,87891;100
100;3;15;47,87891;100
100;3;15;47,87891;100
100;3;15;48,2124;100
100;3;15;48,2124;100
100;2;2;48,2124;100
100;2;2;48,2124;100
100;3;15;48,2124;100
100;3;15;48,5459;100
100;3;15;48,5459;100
100;3;15;48,5459;100
100;3;15;48,5459;100
100;3;15;48,5459;100
100;3;15;48,5459;100
100;3;15;48,87939;100
100;2;2;48,87939;100
100;3;15;48,87939;100
100;2;2;48,87939;100
100;3;15;48,87939;100
100;3;15;48,87939;100
100;2;2;49,21289;100
100;2;2;49,21289;100
100;3;15;49,21289;100
100;2;2;49,21289;100
100;3;15;49,21289;100
100;3;15;49,21289;100
100;3;15;49,21289;100
100;3;15;49,21289;100
100;2;2;49,21289;100
100;3;15;49,21289;100
100;3;15;49,54639;100
100;3;15;49,54639;100
100;3;15;49,54639;100
100;3;15;49,54639;100
100;2;2;49,87988;100
100;2;2;49,87988;100
100;3;15;49,87988;100
100;2;2;49,87988;100
100;3;15;49,87988;100
100;2;2;50,21338;100
100;2;2;50,21338;100
100;3;15;50,21338;100
100;3;15;50,54688;100
100;3;15;50,54688;100
100;3;15;50,54688;100
100;2;2;50,54688;100
100;2;2;50,54688;100
100;3;15;50,54688;100
100;3;15;50,54688;100
100;3;15;50,54688;100
100;3;15;50,88037;100
100;3;15;50,88037;100
100;2;2;50,88037;100
100;2;2;50,88037;100
100;3;15;50,88037;100
100;3;15;50,88037;100
100;2;2;51,21387;100
100;2;2;51,21387;100
100;3;15;51,21387;100
100;3;15;51,21387;100
100;3;15;51,21387;100
100;3;15;51,21387;100
100;3;15;51,21387;100
100;3;15;51,21387;100
100;3;15;51,21387;100
100;2;2;51,54736;100
100;3;15;51,54736;100
100;3;15;51,54736;100
100;3;15;51,54736;100
100;3;15;51,54736;100
100;3;15;51,88086;100
100;3;15;51,88086;100
100;3;15;51,88086;100
100;3;15;51,88086;100
100;3;15;51,88086;100
100;2;2;51,88086;100
100;3;15;51,88086;100
100;2;2;51,88086;100
100;2;2;51,88086;100
100;2;2;52,21436;100
100;2;2;52,21436;100
100;3;15;52,21436;100
100;3;15;52,21436;100
100;3;15;52,21436;100
100;2;2;52,21436;100
100;3;15;52,21436;100
100;2;2;52,54785;100
100;3;15;52,54785;100
100;3;15;52,54785;100
100;2;2;52,54785;100
100;3;15;52,54785;100
100;3;15;52,88135;100
100;3;15;52,88135;100
100;2;2;52,88135;100
100;3;15;52,88135;100
100;2;2;52,88135;100
100;3;15;52,88135;100
100;2;2;52,88135;100
100;3;15;53,21484;100
100;2;2;53,21484;100
100;3;15;53,21484;100
100;2;2;53,21484;100
100;3;15;53,21484;100
100;3;15;53,54834;100
100;2;2;53,54834;100
100;3;15;53,54834;100
100;2;2;53,54834;100
100;3;15;53,54834;100
100;3;15;53,54834;100
100;3;15;53,54834;100
100;3;15;53,88184;100
100;3;15;53,88184;100
100;2;2;53,88184;100
100;2;2;53,88184;100
100;2;2;53,88184;100
100;3;15;53,88184;100
100;2;2;53,88184;100
100;2;2;53,88184;100
100;3;15;53,88184;100
100;3;15;54,21533;100
100;2;2;54,21533;100
100;3;15;54,21533;100
100;2;2;54,21533;100
100;2;2;54,21533;100
100;3;15;54,21533;100
100;2;2;54,21533;100
100;3;15;54,21533;100
100;3;15;54,21533;100
100;2;2;54,21533;100
100;2;2;54,21533;100
100;3;15;54,54883;100
100;2;2;54,54883;100
100;2;2;54,54883;100
100;2;2;54,54883;100
100;3;15;54,54883;100
100;3;15;54,54883;100
100;3;15;54,88232;100
100;3;15;54,88232;100
100;3;15;54,88232;100
100;3;15;54,88232;100
100;2;2;54,88232;100
100;3;15;54,88232;100
100;2;2;54,88232;100
100;3;15;55,21582;100
100;2;2;55,21582;100
100;3;15;55,21582;100
100;3;15;55,21582;100
100;3;15;55,21582;100
100;3;15;55,21582;100
100;2;2;55,54932;100
100;2;2;55,54932;100
100;2;2;55,54932;100
100;3;15;55,54932;100
100;2;2;55,54932;100
100;3;15;55,54932;100
100;2;2;55,54932;100
100;2;2;55,54932;100
100;3;15;55,54932;100
100;2;2;55,54932;100
100;3;15;55,54932;100
100;2;2;55,54932;100
100;3;15;55,88281;100
100;3;15;55,88281;100
100;3;15;55,88281;100
100;3;15;55,88281;100
100;3;15;55,88281;100
100;3;15;55,88281;100
100;2;2;55,88281;100
100;2;2;55,88281;100
100;3;15;55,88281;100
100;3;15;56,21631;100
100;3;15;56,21631;100
100;2;2;56,21631;100
100;3;15;56,21631;100
100;2;2;56,21631;100
100;3;15;56,21631;100
100;3;15;56,21631;100
100;3;15;56,5498;100
100;3;15;56,5498;100
100;2;2;56,5498;100
100;3;15;56,5498;100
100;3;15;56,5498;100
100;2;2;56,5498;100
100;3;15;56,8833;100
100;3;15;56,8833;100
100;2;2;56,8833;100
100;2;2;56,8833;100
100;3;15;56,8833;100
100;3;15;56,8833;100
100;2;2;56,8833;100
100;3;15;56,8833;100
100;2;2;57,2168;100
100;3;15;57,2168;100
100;3;15;57,2168;100
100;3;15;57,2168;100
100;2;2;57,2168;100
100;2;2;57,2168;100
100;3;15;57,2168;100
100;2;2;57,2168;100
100;3;15;57,2168;100
100;3;15;57,2168;100
100;2;2;57,2168;100
100;3;15;57,55029;100
100;3;15;57,55029;100
100;3;15;57,55029;100
100;3;15;57,55029;100
100;2;2;57,55029;100
100;3;15;57,55029;100
100;3;15;57,55029;100
100;2;2;57,88379;100
100;3;15;57,88379;100
100;3;15;57,88379;100
100;3;15;57,88379;100
100;3;15;57,88379;100
100;3;15;57,88379;100
100;3;15;57,88379;100
100;2;2;57,88379;100
100;2;2;57,88379;100
100;2;2;57,88379;100
100;3;15;57,88379;100
100;2;2;58,21729;100
100;3;15;58,21729;100
100;3;15;58,21729;100
100;2;2;58,21729;100
100;2;2;58,21729;100
100;3;15;58,21729;100
100;3;15;58,21729;100
100;2;2;58,21729;100
100;2;2;58,21729;100
100;3;15;58,21729;100
100;3;15;58,55078;100
100;3;15;58,55078;100
100;3;15;58,55078;100
100;3;15;58,55078;100
100;2;2;58,55078;100
100;2;2;58,55078;100
100;3;15;58,55078;100
100;2;2;58,55078;100
100;2;2;58,55078;100
100;3;15;58,88428;100
100;3;15;58,88428;100
100;2;2;58,88428;100
100;3;15;58,88428;100
100;3;15;58,88428;100
100;3;15;59,21777;100
100;2;2;59,21777;100
100;3;15;59,21777;100
100;2;2;59,21777;100
100;3;15;59,21777;100
100;3;15;59,21777;100
100;2;2;59,21777;100
100;3;15;59,21777;100
100;3;15;59,21777;100
100;3;15;59,21777;100
100;2;2;59,55127;100
100;2;2;59,55127;100
100;3;15;59,55127;100
100;2;2;59,55127;100
100;3;15;59,55127;100
100;2;2;59,55127;100
100;3;15;59,55127;100
100;3;15;59,88477;100
100;3;15;59,88477;100
100;3;15;59,88477;100
100;2;2;59,88477;100
100;3;15;59,88477;100
100;3;15;59,88477;100
100;3;15;59,88477;100
100;2;2;59,88477;100
100;3;15;0,2182617;100
100;2;2;0,2182617;100
100;3;15;0,2182617;100
100;3;15;0,2182617;100
100;2;2;0,2182617;100
100;2;2;0,2182617;100
100;3;15;0,5517578;100
100;3;15;0,5517578;100
100;3;15;0,5517578;100
100;3;15;0,5517578;100
100;2;2;0,5517578;100
100;3;15;0,5517578;100
100;3;15;0,5517578;100
100;3;15;0,8852539;100
100;3;15;0,8852539;100
100;3;15;0,8852539;100
100;3;15;0,8852539;100
100;3;15;0,8852539;100
100;3;15;0,8852539;100
100;3;15;1,21875;100
100;2;2;1,21875;100
