100;3;15;41,65033;100
100;3;15;41,65033;100
100;2;2;41,65033;100
100;2;2;41,65033;100
100;3;15;41,65033;100
100;3;15;41,98364;100
100;3;15;41,98364;100
100;3;15;41,98364;100
100;3;15;41,98364;100
100;3;15;41,98364;100
100;2;2;41,98364;100
100;3;15;41,98364;100
100;3;15;41,98364;100
100;3;15;42,31696;100
100;3;15;42,31696;100
100;2;2;42,31696;100
100;3;15;42,31696;100
100;2;2;42,31696;100
100;2;2;42,31696;100
100;2;2;42,65027;100
100;3;15;42,65027;100
100;3;15;42,65027;100
100;3;15;42,65027;100
100;3;15;42,65027;100
100;3;15;42,65027;100
100;2;2;42,65027;100
100;3;15;42,65027;100
100;2;2;42,65027;100
100;3;15;42,98358;100
100;2;2;42,98358;100
100;3;15;42,98358;100
100;3;15;42,98358;100
100;2;2;42,98358;100
100;2;2;42,98358;100
100;3;15;42,98358;100
100;3;15;42,98358;100
100;2;2;42,98358;100
100;2;2;42,98358;100
100;3;15;43,31689;100
100;3;15;43,31689;100
100;3;15;43,31689;100
100;2;2;43,31689;100
100;2;2;43,31689;100
100;2;2;43,31689;100
100;3;15;43,31689;100
100;3;15;43,31689;100
100;3;15;43,31689;100
100;2;2;43,31689;100
100;2;2;43,31689;100
100;3;15;43,65021;100
100;3;15;43,65021;100
100;3;15;43,65021;100
100;3;15;43,65021;100
100;3;15;43,65021;100
100;3;15;43,65021;100
100;3;15;43,98352;100
100;2;2;43,98352;100
100;2;2;43,98352;100
100;2;2;43,98352;100
100;2;2;43,98352;100
100;2;2;43,98352;100
100;2;2;43,98352;100
100;3;15;43,98352;100
100;2;2;44,31683;100
100;3;15;44,31683;100
100;3;15;44,31683;100
100;3;15;44,31683;100
100;3;15;44,31683;100
100;3;15;44,31683;100
100;2;2;44,31683;100
100;2;2;44,31683;100
100;2;2;44,31683;100
100;3;15;44,65015;100
100;2;2;44,65015;100
100;3;15;44,65015;100
100;3;15;44,65015;100
100;3;15;44,65015;100
100;3;15;44,65015;100
100;3;15;44,65015;100
100;3;15;44,65015;100
100;3;15;44,65015;100
100;3;15;44,98346;100
100;3;15;44,98346;100
100;3;15;44,98346;100
100;2;2;44,98346;100
100;3;15;44,98346;100
100;2;2;44,98346;100
100;2;2;44,98346;100
100;2;2;44,98346;100
100;2;2;45,31677;100
100;2;2;45,31677;100
100;3;15;45,31677;100
100;3;15;45,31677;100
100;3;15;45,31677;100
100;3;15;45,31677;100
100;2;2;45,31677;100
100;3;15;45,31677;100
100;2;2;45,65009;100
100;3;15;45,65009;100
100;2;2;45,65009;100
100;3;15;45,65009;100
100;3;15;45,65009;100
100;3;15;45,65009;100
100;2;2;45,65009;100
100;3;15;45,65009;100
100;3;15;45,65009;100
100;3;15;45,65009;100
100;2;2;45,65009;100
100;2;2;45,65009;100
100;3;15;45,65009;100
100;3;15;45,65009;100
100;3;15;45,9834;100
100;2;2;45,9834;100
100;2;2;45,9834;100
100;2;2;45,9834;100
100;3;15;45,9834;100
100;2;2;45,9834;100
100;3;15;45,9834;100
100;3;15;45,9834;100
100;2;2;45,9834;100
100;3;15;45,9834;100
100;2;2;45,9834;100
100;3;15;46,31671;100
100;2;2;46,31671;100
100;3;15;46,31671;100
100;3;15;46,31671;100
100;2;2;46,31671;100
100;3;15;46,31671;100
100;2;2;46,31671;100
100;2;2;46,31671;100
100;2;2;46,31671;100
100;3;15;46,31671;100
100;2;2;46,31671;100
100;3;15;46,65002;100
100;3;15;46,65002;100
100;3;15;46,65002;100
100;2;2;46,65002;100
100;3;15;46,65002;100
100;2;2;46,65002;100
100;2;2;46,65002;100
100;3;15;46,65002;100
100;3;15;46,65002;100
100;3;15;46,65002;100
100;3;15;46,98334;100
100;3;15;46,98334;100
100;3;15;46,98334;100
100;3;15;46,98334;100
100;3;15;46,98334;100
100;2;2;46,98334;100
100;3;15;46,98334;100
100;3;15;46,98334;100
100;3;15;46,98334;100
100;2;2;46,98334;100
100;3;15;46,98334;100
100;3;15;47,31665;100
100;3;15;47,31665;100
100;3;15;47,31665;100
100;2;2;47,31665;100
100;3;15;47,31665;100
100;2;2;47,31665;100
100;3;15;47,31665;100
100;3;15;47,64996;100
100;2;2;47,64996;100
100;3;15;47,64996;100
100;3;15;47,64996;100
100;2;2;47,64996;100
100;2;2;47,64996;100
100;2;2;47,98328;100
100;3;15;47,98328;100
100;2;2;47,98328;100
100;3;15;47,98328;100
100;2;2;47,98328;100
100;3;15;47,98328;100
100;3;15;47,98328;100
100;2;2;47,98328;100
100;3;15;47,98328;100
100;2;2;47,98328;100
100;2;2;47,98328;100
100;3;15;48,31659;100
100;3;15;48,31659;100
100;2;2;48,31659;100
100;3;15;48,31659;100
100;3;15;48,31659;100
100;3;15;48,31659;100
100;2;2;48,31659;100
100;3;15;48,6499;100
100;2;2;48,6499;100
100;3;15;48,6499;100
100;3;15;48,6499;100
100;3;15;48,6499;100
100;3;15;48,6499;100
100;3;15;48,6499;100
100;2;2;48,6499;100
100;2;2;48,6499;100
100;3;15;48,6499;100
100;3;15;48,6499;100
100;3;15;48,6499;100
100;3;15;48,98322;100
100;3;15;48,98322;100
100;2;2;48,98322;100
100;2;2;48,98322;100
100;3;15;48,98322;100
100;3;15;48,98322;100
100;3;15;48,98322;100
100;2;2;49,31653;100
100;3;15;49,31653;100
100;2;2;49,31653;100
100;2;2;49,31653;100
100;3;15;49,31653;100
100;2;2;49,31653;100
100;2;2;49,31653;100
100;3;15;49,64984;100
100;3;15;49,64984;100
100;2;2;49,64984;100
100;3;15;49,64984;100
100;2;2;49,64984;100
100;3;15;49,64984;100
100;2;2;49,64984;100
100;3;15;49,98315;100
100;2;2;49,98315;100
100;2;2;49,98315;100
100;3;15;49,98315;100
100;3;15;49,98315;100
100;2;2;49,98315;100
100;3;15;49,98315;100
100;3;15;49,98315;100
100;3;15;50,31647;100
100;3;15;50,31647;100
100;3;15;50,31647;100
100;3;15;50,31647;100
100;2;2;50,31647;100
100;2;2;50,64978;100
100;3;15;50,64978;100
100;3;15;50,64978;100
100;3;15;50,64978;100
100;2;2;50,64978;100
100;3;15;50,64978;100
100;3;15;50,64978;100
100;2;2;50,64978;100
100;3;15;50,98309;100
100;3;15;50,98309;100
100;3;15;50,98309;100
100;2;2;50,98309;100
100;3;15;50,98309;100
100;3;15;50,98309;100
100;2;2;51,31641;100
100;3;15;51,31641;100
100;3;15;51,31641;100
100;3;15;51,31641;100
100;3;15;51,31641;100
100;3;15;51,31641;100
100;3;15;51,31641;100
100;3;15;51,31641;100
100;2;2;51,64972;100
100;3;15;51,64972;100
100;3;15;51,64972;100
100;2;2;51,64972;100
100;3;15;51,64972;100
100;3;15;51,64972;100
100;3;15;51,64972;100
100;2;2;51,98303;100
100;2;2;51,98303;100
100;3;15;51,98303;100
100;2;2;51,98303;100
100;2;2;51,98303;100
100;2;2;51,98303;100
100;3;15;52,31635;100
100;3;15;52,31635;100
100;2;2;52,31635;100
100;2;2;52,31635;100
100;2;2;52,31635;100
100;3;15;52,31635;100
100;2;2;52,31635;100
100;2;2;52,31635;100
100;2;2;52,31635;100
100;3;15;52,31635;100
100;3;15;52,64966;100
100;2;2;52,64966;100
100;2;2;52,64966;100
100;2;2;52,64966;100
100;3;15;52,64966;100
100;3;15;52,98297;100
100;2;2;52,98297;100
100;3;15;52,98297;100
100;3;15;52,98297;100
100;2;2;52,98297;100
100;2;2;52,98297;100
100;3;15;52,98297;100
100;2;2;52,98297;100
100;2;2;53,31628;100
100;3;15;53,31628;100
100;3;15;53,31628;100
100;2;2;53,31628;100
100;2;2;53,31628;100
100;3;15;53,31628;100
100;2;2;53,31628;100
100;3;15;53,31628;100
100;3;15;53,6496;100
100;3;15;53,6496;100
100;2;2;53,6496;100
100;2;2;53,6496;100
100;2;2;53,6496;100
100;2;2;53,6496;100
100;2;2;53,6496;100
100;2;2;53,98291;100
100;2;2;53,98291;100
100;2;2;53,98291;100
100;3;15;53,98291;100
100;3;15;54,31622;100
100;2;2;54,31622;100
100;2;2;54,31622;100
100;3;15;54,31622;100
100;2;2;54,31622;100
100;2;2;54,31622;100
100;2;2;54,31622;100
100;2;2;54,31622;100
100;2;2;54,64954;100
100;2;2;54,64954;100
100;3;15;54,64954;100
100;3;15;54,64954;100
100;2;2;54,64954;100
100;2;2;54,64954;100
100;3;15;54,64954;100
100;3;15;54,64954;100
100;2;2;54,64954;100
100;3;15;54,64954;100
100;3;15;54,98285;100
100;3;15;54,98285;100
100;3;15;54,98285;100
100;2;2;54,98285;100
100;2;2;54,98285;100
100;3;15;54,98285;100
100;3;15;55,31616;100
100;2;2;55,31616;100
100;3;15;55,31616;100
100;3;15;55,31616;100
100;2;2;55,31616;100
100;2;2;55,31616;100
100;3;15;55,31616;100
100;2;2;55,31616;100
100;3;15;55,31616;100
100;2;2;55,31616;100
100;3;15;55,64948;100
100;2;2;55,64948;100
100;3;15;55,64948;100
100;3;15;55,64948;100
100;2;2;55,64948;100
100;3;15;55,64948;100
100;3;15;55,64948;100
100;3;15;55,98279;100
100;2;2;55,98279;100
100;3;15;55,98279;100
100;2;2;55,98279;100
100;3;15;55,98279;100
100;3;15;55,98279;100
100;3;15;55,98279;100
100;3;15;56,3161;100
100;2;2;56,3161;100
100;3;15;56,3161;100
100;3;15;56,3161;100
100;2;2;56,3161;100
100;3;15;56,3161;100
100;2;2;56,3161;100
100;2;2;56,64941;100
100;3;15;56,64941;100
100;3;15;56,64941;100
100;3;15;56,64941;100
100;2;2;56,64941;100
100;3;15;56,64941;100
100;3;15;56,64941;100
100;2;2;56,64941;100
100;2;2;56,98273;100
100;3;15;56,98273;100
100;3;15;56,98273;100
100;3;15;56,98273;100
100;3;15;56,98273;100
100;2;2;56,98273;100
100;3;15;56,98273;100
100;2;2;56,98273;100
100;2;2;57,31604;100
100;2;2;57,31604;100
100;3;15;57,31604;100
100;2;2;57,31604;100
100;2;2;57,31604;100
100;3;15;57,64935;100
100;3;15;57,64935;100
100;3;15;57,64935;100
100;3;15;57,64935;100
100;2;2;57,64935;100
100;3;15;57,64935;100
100;3;15;57,64935;100
100;3;15;57,64935;100
100;3;15;57,64935;100
100;2;2;57,98267;100
100;3;15;57,98267;100
100;3;15;57,98267;100
100;2;2;57,98267;100
100;3;15;57,98267;100
100;3;15;57,98267;100
100;3;15;57,98267;100
100;3;15;57,98267;100
100;2;2;57,98267;100
100;3;15;57,98267;100
100;3;15;58,31598;100
100;2;2;58,31598;100
100;3;15;58,31598;100
100;2;2;58,31598;100
100;2;2;58,31598;100
100;3;15;58,64929;100
100;3;15;58,64929;100
100;3;15;58,64929;100
100;3;15;58,64929;100
100;3;15;58,64929;100
100;3;15;58,64929;100
100;3;15;58,64929;100
100;3;15;58,64929;100
100;3;15;58,9826;100
100;3;15;58,9826;100
100;2;2;58,9826;100
100;3;15;58,9826;100
100;2;2;58,9826;100
100;3;15;58,9826;100
100;2;2;58,9826;100
100;3;15;58,9826;100
100;3;15;58,9826;100
100;3;15;59,31592;100
100;2;2;59,31592;100
100;2;2;59,31592;100
100;2;2;59,31592;100
100;3;15;59,31592;100
100;2;2;59,31592;100
100;3;15;59,31592;100
100;2;2;59,31592;100
100;2;2;59,31592;100
100;3;15;59,31592;100
100;2;2;59,31592;100
100;3;15;59,31592;100
100;2;2;59,31592;100
100;3;15;59,64923;100
100;3;15;59,64923;100
100;3;15;59,64923;100
100;2;2;59,64923;100
100;2;2;59,64923;100
100;2;2;59,64923;100
100;3;15;59,64923;100
100;2;2;59,64923;100
100;2;2;59,64923;100
100;3;15;59,64923;100
100;2;2;59,64923;100
100;3;15;59,64923;100
100;3;15;59,98254;100
100;2;2;59,98254;100
100;3;15;59,98254;100
100;3;15;59,98254;100
100;3;15;59,98254;100
100;2;2;59,98254;100
100;3;15;59,98254;100
100;3;15;59,98254;100
100;2;2;0,3158569;100
100;3;15;0,3158569;100
100;2;2;0,3158569;100
100;2;2;0,3158569;100
100;3;15;0,3158569;100
100;2;2;0,3158569;100
100;2;2;0,3158569;100
100;2;2;0,3158569;100
100;2;2;0,3158569;100
100;3;15;0,6491699;100
100;3;15;0,6491699;100
100;2;2;0,6491699;100
100;2;2;0,6491699;100
100;3;15;0,6491699;100
100;3;15;0,6491699;100
100;3;15;0,6491699;100
100;2;2;0,9824829;100
100;3;15;0,9824829;100
100;2;2;0,9824829;100
100;2;2;0,9824829;100
100;3;15;0,9824829;100
100;3;15;0,9824829;100
100;3;15;0,9824829;100
100;3;15;0,9824829;100
100;3;15;0,9824829;100
100;3;15;1,315796;100
100;3;15;1,315796;100
100;2;2;1,315796;100
100;3;15;1,315796;100
100;3;15;1,315796;100
100;3;15;1,315796;100
100;2;2;1,315796;100
100;3;15;1,315796;100
100;2;2;1,315796;100
100;3;15;1,315796;100
100;2;2;1,649109;100
100;2;2;1,649109;100
100;2;2;1,649109;100
100;2;2;1,649109;100
100;3;15;1,649109;100
100;2;2;1,649109;100
100;3;15;1,649109;100
100;2;2;1,982422;100
100;3;15;1,982422;100
100;3;15;1,982422;100
100;3;15;1,982422;100
100;3;15;1,982422;100
100;2;2;1,982422;100
100;2;2;1,982422;100
100;2;2;1,982422;100
100;3;15;1,982422;100
100;3;15;2,315735;100
100;3;15;2,315735;100
100;3;15;2,315735;100
100;3;15;2,315735;100
100;2;2;2,315735;100
100;3;15;2,315735;100
100;3;15;2,315735;100
100;3;15;2,315735;100
100;3;15;2,315735;100
100;3;15;2,315735;100
100;3;15;2,649048;85
100;2;2;2,649048;85
100;3;15;2,649048;70
100;2;2;2,649048;70
100;2;2;2,649048;70
100;3;15;2,649048;55
100;3;15;2,649048;40
100;3;15;2,649048;25
100;3;15;2,649048;10
76;2;2;2,982361;8
52;3;15;2,982361;-7
Player