100;3;15;19,32422;100
100;3;15;19,65723;100
100;3;15;19,65723;100
100;3;15;19,65723;100
100;2;2;19,65723;100
100;3;15;19,65723;100
100;3;15;19,65723;100
100;2;2;19,65723;100
100;3;15;19,65723;100
100;2;2;19,99023;100
100;3;15;19,99023;100
100;3;15;19,99023;100
100;3;15;19,99023;100
100;2;2;19,99023;100
100;2;2;19,99023;100
100;2;2;19,99023;100
100;3;15;19,99023;100
100;3;15;20,32324;100
100;3;15;20,32324;100
100;3;15;20,32324;100
100;2;2;20,32324;100
100;3;15;20,32324;100
100;2;2;20,32324;100
100;3;15;20,32324;100
100;2;2;20,32324;100
100;2;2;20,32324;100
100;3;15;20,65625;100
100;3;15;20,65625;100
100;3;15;20,65625;100
100;2;2;20,65625;100
100;3;15;20,65625;100
100;2;2;20,65625;100
100;3;15;20,65625;100
100;3;15;20,65625;100
100;3;15;20,65625;100
100;2;2;20,98926;100
100;3;15;20,98926;100
100;3;15;20,98926;100
100;3;15;20,98926;100
100;3;15;20,98926;100
100;3;15;20,98926;100
100;3;15;20,98926;100
100;3;15;20,98926;100
100;3;15;21,32227;100
100;2;2;21,32227;100
100;3;15;21,32227;100
100;3;15;21,32227;100
100;2;2;21,32227;100
100;2;2;21,32227;100
100;3;15;21,32227;100
100;3;15;21,32227;100
100;2;2;21,32227;100
100;3;15;21,32227;100
100;3;15;21,32227;100
100;3;15;21,65527;100
100;3;15;21,65527;100
100;3;15;21,65527;100
100;3;15;21,65527;100
100;3;15;21,65527;100
100;2;2;21,65527;100
100;3;15;21,65527;100
100;3;15;21,65527;100
100;2;2;21,65527;100
100;3;15;21,65527;100
100;3;15;21,65527;100
100;3;15;21,65527;100
100;2;2;21,98828;100
100;2;2;21,98828;100
100;3;15;21,98828;100
100;3;15;21,98828;100
100;3;15;21,98828;100
100;2;2;21,98828;100
100;3;15;21,98828;100
100;2;2;21,98828;100
100;3;15;21,98828;100
100;3;15;21,98828;100
100;3;15;21,98828;100
100;3;15;22,32129;100
100;3;15;22,32129;100
100;3;15;22,32129;100
100;3;15;22,32129;100
100;2;2;22,32129;100
100;3;15;22,32129;100
100;3;15;22,32129;100
100;3;15;22,6543;100
100;2;2;22,6543;100
100;3;15;22,6543;100
100;3;15;22,6543;100
100;3;15;22,6543;100
100;2;2;22,6543;100
100;3;15;22,6543;100
100;3;15;22,6543;100
100;3;15;22,9873;100
100;3;15;22,9873;100
100;3;15;22,9873;100
100;2;2;22,9873;100
100;3;15;22,9873;100
100;2;2;22,9873;100
100;3;15;23,32031;100
100;3;15;23,32031;100
100;2;2;23,32031;100
100;3;15;23,32031;100
100;2;2;23,32031;100
100;2;2;23,32031;100
100;3;15;23,32031;100
100;3;15;23,32031;100
100;2;2;23,32031;100
100;3;15;23,65332;100
100;2;2;23,65332;100
100;3;15;23,65332;100
100;3;15;23,65332;100
100;3;15;23,65332;100
100;3;15;23,65332;100
100;3;15;23,65332;100
100;3;15;23,65332;100
100;3;15;23,65332;100
100;3;15;23,98633;100
100;2;2;23,98633;100
100;3;15;23,98633;100
100;3;15;23,98633;100
100;2;2;23,98633;100
100;2;2;23,98633;100
100;2;2;23,98633;100
100;3;15;23,98633;100
100;3;15;23,98633;100
100;3;15;23,98633;100
100;3;15;24,31934;100
100;2;2;24,31934;100
100;3;15;24,31934;100
100;3;15;24,31934;100
100;3;15;24,31934;100
100;3;15;24,31934;100
100;3;15;24,65234;100
100;3;15;24,65234;100
100;3;15;24,65234;100
100;3;15;24,65234;100
100;3;15;24,65234;100
100;3;15;24,65234;100
100;2;2;24,65234;100
100;3;15;24,65234;100
100;3;15;24,98535;100
100;3;15;24,98535;100
100;2;2;24,98535;100
100;2;2;24,98535;100
100;2;2;24,98535;100
100;2;2;24,98535;100
100;2;2;24,98535;100
100;2;2;24,98535;100
100;3;15;24,98535;100
100;3;15;25,31836;100
100;2;2;25,31836;100
100;3;15;25,31836;100
100;3;15;25,31836;100
100;3;15;25,31836;100
100;3;15;25,31836;100
100;2;2;25,31836;100
100;3;15;25,31836;100
100;2;2;25,31836;100
100;2;2;25,31836;100
100;3;15;25,65137;100
100;3;15;25,65137;100
100;3;15;25,65137;100
100;3;15;25,65137;100
100;2;2;25,65137;100
100;3;15;25,65137;100
100;3;15;25,65137;100
100;3;15;25,65137;100
100;3;15;25,65137;100
100;3;15;25,98438;100
100;3;15;25,98438;100
100;3;15;25,98438;100
100;3;15;25,98438;100
100;3;15;25,98438;100
100;3;15;25,98438;100
100;3;15;25,98438;100
100;3;15;25,98438;100
100;3;15;25,98438;100
100;3;15;25,98438;100
100;3;15;25,98438;100
100;2;2;26,31738;100
100;3;15;26,31738;100
100;2;2;26,31738;100
100;3;15;26,31738;100
100;2;2;26,31738;100
100;2;2;26,31738;100
100;3;15;26,31738;100
100;3;15;26,31738;100
100;2;2;26,31738;100
100;3;15;26,31738;100
100;2;2;26,31738;100
100;3;15;26,65039;100
100;3;15;26,65039;100
100;3;15;26,65039;100
100;2;2;26,65039;100
100;2;2;26,65039;100
100;3;15;26,65039;100
100;3;15;26,65039;100
100;3;15;26,9834;100
100;3;15;26,9834;100
100;2;2;26,9834;100
100;3;15;26,9834;100
100;2;2;26,9834;100
100;3;15;26,9834;100
100;2;2;26,9834;100
100;3;15;26,9834;100
100;3;15;26,9834;100
100;2;2;26,9834;100
100;3;15;27,31641;100
100;3;15;27,31641;100
100;3;15;27,31641;100
100;3;15;27,31641;100
100;3;15;27,31641;100
100;3;15;27,31641;100
100;3;15;27,31641;100
100;3;15;27,31641;100
100;2;2;27,31641;100
100;3;15;27,64941;100
100;3;15;27,64941;100
100;2;2;27,64941;100
100;3;15;27,64941;100
100;3;15;27,64941;100
100;3;15;27,64941;100
100;2;2;27,64941;100
100;3;15;27,64941;100
100;3;15;27,64941;100
100;3;15;27,64941;100
100;3;15;27,64941;100
100;3;15;27,64941;100
100;3;15;27,64941;100
100;3;15;27,64941;100
100;3;15;27,98242;100
100;2;2;27,98242;100
100;3;15;27,98242;100
100;3;15;27,98242;100
100;3;15;27,98242;100
100;2;2;27,98242;100
100;3;15;27,98242;100
100;3;15;27,98242;100
100;3;15;28,31543;100
100;3;15;28,31543;100
100;3;15;28,31543;100
100;3;15;28,31543;100
100;2;2;28,31543;100
100;3;15;28,31543;100
100;3;15;28,31543;100
100;3;15;28,31543;100
100;2;2;28,31543;100
100;3;15;28,31543;100
100;3;15;28,31543;100
100;3;15;28,31543;100
100;2;2;28,31543;100
100;3;15;28,64844;100
100;3;15;28,64844;100
100;3;15;28,64844;100
100;2;2;28,64844;100
100;3;15;28,64844;100
100;3;15;28,64844;100
100;3;15;28,64844;100
100;3;15;28,64844;100
100;3;15;28,64844;100
100;3;15;28,64844;100
100;3;15;28,64844;100
100;3;15;28,98145;100
100;3;15;28,98145;100
100;3;15;28,98145;100
100;2;2;28,98145;100
100;3;15;28,98145;100
100;3;15;28,98145;100
100;3;15;28,98145;100
100;3;15;29,31445;100
100;3;15;29,31445;100
100;3;15;29,31445;100
100;2;2;29,31445;100
100;3;15;29,31445;100
100;3;15;29,64746;100
100;3;15;29,64746;100
100;3;15;29,64746;100
100;3;15;29,64746;100
100;3;15;29,64746;100
100;3;15;29,64746;100
100;3;15;29,64746;100
100;3;15;29,64746;100
100;3;15;29,64746;100
100;3;15;29,98047;100
100;2;2;29,98047;100
100;3;15;29,98047;100
100;3;15;29,98047;100
100;2;2;29,98047;100
100;2;2;29,98047;100
100;2;2;29,98047;100
100;2;2;29,98047;100
100;3;15;29,98047;100
100;2;2;30,31348;100
100;3;15;30,31348;100
100;3;15;30,31348;100
100;3;15;30,31348;100
100;3;15;30,31348;100
100;2;2;30,31348;100
100;3;15;30,64648;100
100;3;15;30,64648;100
100;3;15;30,64648;100
100;3;15;30,64648;100
100;3;15;30,64648;100
100;3;15;30,64648;100
100;3;15;30,64648;100
100;3;15;30,64648;100
100;3;15;30,64648;100
100;2;2;30,64648;100
100;3;15;30,97949;100
100;2;2;30,97949;100
100;3;15;30,97949;100
100;3;15;30,97949;100
100;2;2;30,97949;100
100;3;15;30,97949;100
100;3;15;30,97949;100
100;3;15;30,97949;100
100;3;15;30,97949;100
100;3;15;30,97949;100
100;3;15;30,97949;100
100;3;15;30,97949;100
100;3;15;31,3125;100
100;2;2;31,3125;100
100;2;2;31,3125;100
100;3;15;31,3125;100
100;3;15;31,3125;100
100;2;2;31,3125;100
100;2;2;31,3125;100
100;3;15;31,3125;100
100;3;15;31,3125;100
100;3;15;31,64551;100
100;3;15;31,64551;100
100;3;15;31,64551;100
100;3;15;31,64551;100
100;3;15;31,64551;100
100;2;2;31,64551;100
100;3;15;31,64551;100
100;3;15;31,97852;100
100;3;15;31,97852;85
100;3;15;31,97852;70
100;3;15;31,97852;55
100;3;15;31,97852;40
100;3;15;31,97852;25
100;2;2;31,97852;25
100;3;15;31,97852;10
100;3;15;32,31152;-5
Player