100;3;15;30,27637;100
100;2;2;30,27637;100
100;3;15;30,27637;100
100;3;15;30,27637;100
100;3;15;30,27637;100
100;3;15;30,27637;100
100;2;2;30,27637;100
100;3;15;30,27637;100
100;3;15;30,27637;100
100;2;2;30,60938;100
100;3;15;30,60938;100
100;3;15;30,60938;100
100;3;15;30,60938;100
100;2;2;30,60938;100
100;3;15;30,60938;100
100;2;2;30,60938;100
100;3;15;30,60938;100
100;2;2;30,60938;100
100;2;2;30,60938;100
100;3;15;30,94238;100
100;3;15;30,94238;100
100;3;15;30,94238;100
100;2;2;30,94238;100
100;3;15;30,94238;100
100;3;15;30,94238;100
100;3;15;30,94238;100
100;2;2;30,94238;100
100;3;15;30,94238;100
100;3;15;30,94238;100
100;3;15;30,94238;100
100;3;15;30,94238;100
100;3;15;31,27539;100
100;3;15;31,27539;100
100;3;15;31,27539;100
100;3;15;31,27539;100
100;3;15;31,27539;100
100;3;15;31,27539;100
100;3;15;31,27539;100
100;3;15;31,27539;100
100;3;15;31,27539;100
100;3;15;31,27539;100
100;2;2;31,27539;100
100;3;15;31,6084;100
100;3;15;31,6084;100
100;3;15;31,6084;100
100;3;15;31,6084;100
100;3;15;31,6084;100
100;2;2;31,6084;100
100;3;15;31,6084;100
100;2;2;31,6084;100
100;3;15;31,6084;100
100;2;2;31,94141;100
100;3;15;31,94141;100
100;3;15;31,94141;100
100;3;15;31,94141;100
100;3;15;31,94141;100
100;3;15;31,94141;100
100;3;15;31,94141;100
100;3;15;31,94141;100
100;3;15;31,94141;100
100;3;15;31,94141;100
100;3;15;31,94141;100
100;3;15;31,94141;100
100;3;15;31,94141;100
100;3;15;32,27441;100
100;3;15;32,27441;100
100;3;15;32,27441;100
100;2;2;32,27441;100
100;3;15;32,27441;100
100;3;15;32,27441;100
100;2;2;32,27441;100
100;3;15;32,27441;100
100;3;15;32,27441;100
100;3;15;32,27441;100
100;3;15;32,27441;100
100;3;15;32,27441;100
100;2;2;32,27441;100
100;3;15;32,60742;100
100;3;15;32,60742;100
100;3;15;32,60742;100
100;3;15;32,60742;100
100;3;15;32,60742;100
100;3;15;32,60742;100
100;2;2;32,60742;100
100;3;15;32,60742;100
100;3;15;32,60742;100
100;3;15;32,60742;100
100;3;15;32,60742;100
100;3;15;32,94043;100
100;3;15;32,94043;100
100;3;15;32,94043;100
100;3;15;32,94043;100
100;2;2;32,94043;100
100;3;15;32,94043;100
100;2;2;32,94043;100
100;3;15;32,94043;100
100;3;15;32,94043;100
100;3;15;32,94043;100
100;3;15;32,94043;100
100;3;15;32,94043;100
100;3;15;32,94043;100
100;3;15;32,94043;100
100;3;15;33,27344;100
100;3;15;33,27344;100
100;3;15;33,27344;100
100;3;15;33,27344;100
100;3;15;33,27344;100
100;3;15;33,27344;100
100;3;15;33,27344;100
100;2;2;33,60645;100
100;3;15;33,60645;100
100;2;2;33,60645;100
100;2;2;33,60645;100
100;3;15;33,60645;100
100;2;2;33,60645;100
100;2;2;33,60645;100
100;3;15;33,60645;100
100;3;15;33,60645;100
100;3;15;33,60645;100
100;2;2;33,93945;100
100;2;2;33,93945;100
100;3;15;33,93945;100
100;3;15;33,93945;100
100;3;15;33,93945;100
100;3;15;33,93945;100
100;2;2;33,93945;100
100;3;15;33,93945;100
100;3;15;34,27246;100
100;3;15;34,27246;100
100;3;15;34,27246;100
100;3;15;34,27246;100
100;3;15;34,27246;100
100;3;15;34,27246;100
100;2;2;34,27246;100
100;3;15;34,27246;100
100;3;15;34,27246;100
100;2;2;34,27246;100
100;3;15;34,27246;100
100;3;15;34,60547;100
100;3;15;34,60547;100
100;2;2;34,60547;100
100;3;15;34,60547;100
100;3;15;34,60547;100
100;3;15;34,60547;100
100;3;15;34,60547;100
100;2;2;34,60547;100
100;3;15;34,93848;100
100;3;15;34,93848;100
100;3;15;34,93848;100
100;3;15;34,93848;100
100;3;15;34,93848;100
100;3;15;34,93848;100
100;3;15;34,93848;100
100;2;2;34,93848;100
100;2;2;34,93848;100
100;3;15;34,93848;100
100;3;15;35,27148;100
100;2;2;35,27148;100
100;3;15;35,27148;100
100;3;15;35,27148;100
100;3;15;35,27148;100
100;3;15;35,27148;100
100;3;15;35,27148;100
100;2;2;35,27148;100
100;2;2;35,27148;100
100;3;15;35,27148;100
100;2;2;35,27148;100
100;3;15;35,60449;100
100;3;15;35,60449;100
100;3;15;35,60449;100
100;2;2;35,60449;100
100;2;2;35,60449;100
100;3;15;35,60449;100
100;3;15;35,60449;100
100;3;15;35,60449;100
100;3;15;35,9375;100
100;2;2;35,9375;100
100;3;15;35,9375;100
100;3;15;35,9375;100
100;3;15;35,9375;100
100;3;15;35,9375;100
100;3;15;35,9375;100
100;3;15;35,9375;100
100;3;15;35,9375;100
100;3;15;36,27051;100
100;3;15;36,27051;100
100;2;2;36,27051;100
100;2;2;36,27051;100
100;3;15;36,27051;100
100;3;15;36,27051;100
100;2;2;36,27051;100
100;2;2;36,27051;100
100;3;15;36,27051;100
100;3;15;36,60352;100
100;2;2;36,60352;100
100;3;15;36,60352;100
100;2;2;36,60352;100
100;3;15;36,60352;100
100;2;2;36,60352;100
100;3;15;36,60352;100
100;3;15;36,60352;100
100;3;15;36,93652;100
100;3;15;36,93652;100
100;3;15;36,93652;100
100;3;15;36,93652;100
100;2;2;36,93652;100
100;3;15;36,93652;100
100;2;2;36,93652;100
100;3;15;36,93652;100
100;2;2;36,93652;100
100;3;15;36,93652;100
100;3;15;36,93652;100
100;3;15;36,93652;100
100;3;15;36,93652;100
100;3;15;37,26953;100
100;3;15;37,26953;100
100;3;15;37,26953;100
100;2;2;37,26953;100
100;2;2;37,26953;100
100;3;15;37,26953;100
100;3;15;37,26953;100
100;3;15;37,26953;100
100;3;15;37,26953;100
100;3;15;37,26953;100
100;3;15;37,26953;100
100;3;15;37,26953;100
100;3;15;37,26953;100
100;3;15;37,60254;100
100;3;15;37,60254;100
100;2;2;37,60254;100
100;2;2;37,60254;100
100;2;2;37,60254;100
100;3;15;37,60254;100
100;3;15;37,60254;100
100;3;15;37,60254;100
100;3;15;37,60254;100
100;2;2;37,60254;100
100;3;15;37,93555;100
100;3;15;37,93555;100
100;3;15;37,93555;100
100;3;15;37,93555;100
100;3;15;37,93555;100
100;3;15;37,93555;100
100;2;2;37,93555;100
100;3;15;37,93555;100
100;3;15;37,93555;100
100;2;2;37,93555;100
100;3;15;38,26855;100
100;3;15;38,26855;100
100;2;2;38,26855;100
100;3;15;38,26855;100
100;3;15;38,26855;100
100;3;15;38,26855;100
100;3;15;38,26855;100
100;2;2;38,26855;100
100;2;2;38,26855;100
100;3;15;38,26855;100
100;3;15;38,60156;100
100;3;15;38,60156;100
100;3;15;38,60156;100
100;3;15;38,60156;100
100;3;15;38,60156;100
100;3;15;38,60156;100
100;3;15;38,60156;100
100;3;15;38,60156;100
100;3;15;38,60156;100
100;3;15;38,93457;100
100;3;15;38,93457;100
100;3;15;38,93457;100
100;3;15;38,93457;100
100;3;15;38,93457;100
100;3;15;38,93457;100
100;3;15;38,93457;100
100;3;15;38,93457;100
100;3;15;39,26758;100
100;2;2;39,26758;100
100;3;15;39,26758;100
100;3;15;39,26758;100
100;3;15;39,26758;100
100;3;15;39,26758;100
100;3;15;39,26758;100
100;3;15;39,26758;100
100;3;15;39,26758;100
100;3;15;39,26758;100
100;3;15;39,26758;100
100;2;2;39,26758;100
100;3;15;39,60059;100
100;3;15;39,60059;100
100;2;2;39,60059;100
100;3;15;39,60059;100
100;3;15;39,60059;100
100;3;15;39,60059;100
100;3;15;39,60059;100
100;3;15;39,60059;100
100;3;15;39,60059;100
100;3;15;39,93359;100
100;3;15;39,93359;100
100;3;15;39,93359;100
100;3;15;39,93359;100
100;3;15;39,93359;100
100;3;15;39,93359;100
100;2;2;39,93359;100
100;3;15;39,93359;100
100;3;15;40,2666;100
100;2;2;40,2666;100
100;3;15;40,2666;100
100;3;15;40,2666;100
100;3;15;40,2666;100
100;3;15;40,2666;100
100;3;15;40,2666;100
100;3;15;40,2666;100
100;3;15;40,2666;100
100;3;15;40,2666;100
100;2;2;40,2666;100
100;2;2;40,2666;100
100;3;15;40,59961;100
100;3;15;40,59961;100
100;3;15;40,59961;100
100;3;15;40,59961;100
100;3;15;40,59961;100
100;3;15;40,59961;100
100;3;15;40,59961;100
100;3;15;40,59961;100
100;3;15;40,59961;100
100;3;15;40,59961;100
100;3;15;40,59961;100
100;3;15;40,59961;100
100;3;15;40,59961;100
100;2;2;40,93262;100
100;3;15;40,93262;100
100;3;15;40,93262;100
100;3;15;40,93262;100
100;3;15;40,93262;100
100;3;15;40,93262;100
100;3;15;40,93262;100
100;3;15;40,93262;100
100;3;15;40,93262;100
100;3;15;40,93262;100
100;2;2;40,93262;100
100;3;15;40,93262;100
100;2;2;40,93262;100
100;3;15;40,93262;100
100;3;15;41,26563;100
100;3;15;41,26563;100
100;3;15;41,26563;100
100;3;15;41,26563;100
100;3;15;41,26563;100
100;3;15;41,26563;100
100;3;15;41,26563;100
100;2;2;41,26563;100
100;3;15;41,26563;100
100;3;15;41,26563;100
100;2;2;41,59863;100
100;2;2;41,59863;100
100;3;15;41,59863;100
100;3;15;41,59863;100
100;3;15;41,59863;100
100;2;2;41,59863;100
100;3;15;41,59863;100
100;3;15;41,59863;100
100;3;15;41,59863;100
100;3;15;41,59863;100
100;2;2;41,59863;100
100;2;2;41,59863;100
100;3;15;41,93164;100
100;3;15;41,93164;100
100;3;15;41,93164;100
100;3;15;41,93164;100
100;2;2;41,93164;100
100;3;15;41,93164;100
100;2;2;41,93164;100
100;2;2;41,93164;100
100;2;2;41,93164;100
100;3;15;41,93164;100
100;2;2;42,26465;100
100;3;15;42,26465;100
100;3;15;42,26465;100
100;3;15;42,26465;100
100;3;15;42,26465;100
100;3;15;42,26465;100
100;2;2;42,26465;100
100;3;15;42,26465;100
100;3;15;42,26465;100
100;3;15;42,26465;100
100;2;2;42,26465;100
100;3;15;42,26465;100
100;3;15;42,59766;100
100;3;15;42,59766;100
100;3;15;42,59766;100
100;3;15;42,59766;100
100;3;15;42,59766;100
100;3;15;42,59766;100
100;3;15;42,93066;100
100;3;15;42,93066;100
100;3;15;42,93066;100
100;3;15;42,93066;100
100;3;15;42,93066;100
100;2;2;42,93066;100
100;2;2;42,93066;100
100;3;15;42,93066;100
100;3;15;42,93066;100
100;3;15;43,26367;100
100;3;15;43,26367;100
100;3;15;43,26367;100
100;3;15;43,26367;100
100;2;2;43,26367;100
100;3;15;43,26367;100
100;3;15;43,26367;100
100;3;15;43,26367;100
100;2;2;43,26367;100
100;2;2;43,26367;100
100;3;15;43,26367;100
100;3;15;43,59668;100
100;3;15;43,59668;100
100;3;15;43,59668;100
100;2;2;43,59668;100
100;3;15;43,59668;100
100;3;15;43,59668;100
100;3;15;43,59668;100
100;3;15;43,59668;100
100;3;15;43,59668;100
100;3;15;43,59668;100
100;3;15;43,59668;100
100;3;15;43,92969;100
100;2;2;43,92969;100
100;3;15;43,92969;100
100;3;15;43,92969;100
100;3;15;43,92969;100
100;2;2;43,92969;100
100;2;2;43,92969;100
100;3;15;43,92969;100
100;2;2;43,92969;100
100;3;15;43,92969;100
100;3;15;43,92969;100
100;2;2;43,92969;100
100;3;15;44,2627;100
100;3;15;44,2627;100
100;2;2;44,2627;100
100;3;15;44,2627;100
100;3;15;44,2627;100
100;3;15;44,2627;100
100;3;15;44,2627;100
100;3;15;44,2627;100
100;2;2;44,2627;100
100;2;2;44,2627;100
100;3;15;44,2627;100
100;3;15;44,2627;100
100;3;15;44,5957;85
100;3;15;44,5957;70
100;3;15;44,5957;55
100;3;15;44,5957;40
100;3;15;44,5957;25
100;2;2;44,5957;25
100;3;15;44,5957;10
100;2;2;44,5957;10
100;3;15;44,5957;-5
Player