100;3;15;45,41602;100
100;2;2;45,41602;100
100;2;2;45,74902;100
100;2;2;45,74902;100
100;2;2;45,74902;100
100;3;15;45,74902;100
100;3;15;45,74902;100
100;3;15;45,74902;100
100;3;15;45,74902;100
100;2;2;45,74902;100
100;3;15;45,74902;100
100;3;15;45,74902;100
100;3;15;46,08203;100
100;2;2;46,08203;100
100;3;15;46,08203;100
100;3;15;46,08203;100
100;3;15;46,08203;100
100;2;2;46,08203;100
100;3;15;46,08203;100
100;3;15;46,08203;100
100;2;2;46,08203;100
100;2;2;46,08203;100
100;3;15;46,41504;100
100;3;15;46,41504;100
100;3;15;46,41504;100
100;3;15;46,41504;100
100;2;2;46,41504;100
100;2;2;46,41504;100
100;3;15;46,41504;100
100;3;15;46,41504;100
100;2;2;46,74805;100
100;2;2;46,74805;100
100;3;15;46,74805;100
100;3;15;46,74805;100
100;2;2;46,74805;100
100;3;15;46,74805;100
100;2;2;46,74805;100
100;3;15;46,74805;100
100;3;15;47,08105;100
100;2;2;47,08105;100
100;3;15;47,08105;100
100;3;15;47,08105;100
100;3;15;47,08105;100
100;3;15;47,08105;100
100;3;15;47,08105;100
100;2;2;47,41406;100
100;3;15;47,41406;100
100;3;15;47,41406;100
100;2;2;47,41406;100
100;3;15;47,41406;100
100;2;2;47,41406;100
100;3;15;47,41406;100
100;2;2;47,41406;100
100;3;15;47,41406;100
100;3;15;47,41406;100
100;3;15;47,41406;100
100;3;15;47,41406;100
100;3;15;47,41406;100
100;3;15;47,74707;100
100;2;2;47,74707;100
100;3;15;47,74707;100
100;3;15;47,74707;100
100;3;15;47,74707;100
100;3;15;47,74707;100
100;2;2;47,74707;100
100;3;15;47,74707;100
100;2;2;48,08008;100
100;3;15;48,08008;100
100;3;15;48,08008;100
100;3;15;48,08008;100
100;2;2;48,08008;100
100;3;15;48,08008;100
100;2;2;48,08008;100
100;3;15;48,08008;100
100;3;15;48,41309;100
100;2;2;48,41309;100
100;3;15;48,41309;100
100;3;15;48,41309;100
100;3;15;48,41309;100
100;3;15;48,41309;100
100;3;15;48,41309;100
100;3;15;48,74609;100
100;2;2;48,74609;100
100;3;15;48,74609;100
100;3;15;48,74609;100
100;3;15;48,74609;100
100;2;2;48,74609;100
100;3;15;48,74609;100
100;2;2;48,74609;100
100;3;15;48,74609;100
100;2;2;48,74609;100
100;3;15;48,74609;100
100;3;15;48,74609;100
100;3;15;48,74609;100
100;2;2;49,0791;100
100;3;15;49,0791;100
100;3;15;49,0791;100
100;2;2;49,0791;100
100;3;15;49,0791;100
100;3;15;49,0791;100
100;2;2;49,0791;100
100;3;15;49,0791;100
100;3;15;49,41211;100
100;3;15;49,41211;100
100;2;2;49,41211;100
100;3;15;49,41211;100
100;3;15;49,41211;100
100;3;15;49,41211;100
100;3;15;49,41211;100
100;3;15;49,41211;100
100;3;15;49,74512;100
100;3;15;49,74512;100
100;3;15;49,74512;100
100;3;15;49,74512;100
100;3;15;49,74512;100
100;3;15;49,74512;100
100;3;15;49,74512;100
100;3;15;49,74512;100
100;3;15;49,74512;100
100;2;2;49,74512;100
100;3;15;49,74512;100
100;2;2;49,74512;100
100;3;15;50,07813;100
100;3;15;50,07813;100
100;3;15;50,07813;100
100;2;2;50,07813;100
100;3;15;50,07813;100
100;3;15;50,07813;100
100;3;15;50,07813;100
100;3;15;50,07813;100
100;3;15;50,41113;100
100;3;15;50,41113;100
100;2;2;50,41113;100
100;3;15;50,41113;100
100;3;15;50,41113;100
100;3;15;50,41113;100
100;3;15;50,41113;100
100;3;15;50,74414;100
100;2;2;50,74414;100
100;3;15;50,74414;100
100;2;2;50,74414;100
100;2;2;50,74414;100
100;2;2;50,74414;100
100;3;15;50,74414;100
100;3;15;50,74414;100
100;2;2;51,07715;100
100;3;15;51,07715;100
100;2;2;51,07715;100
100;3;15;51,07715;100
100;3;15;51,07715;100
100;2;2;51,07715;100
100;3;15;51,07715;100
100;2;2;51,07715;100
100;3;15;51,07715;100
100;2;2;51,07715;100
100;3;15;51,07715;100
100;3;15;51,07715;100
100;2;2;51,07715;100
100;3;15;51,41016;100
100;2;2;51,41016;100
100;3;15;51,41016;100
100;3;15;51,41016;100
100;3;15;51,41016;100
100;3;15;51,41016;100
100;2;2;51,41016;100
100;2;2;51,74316;100
100;3;15;51,74316;100
100;3;15;51,74316;100
100;3;15;51,74316;100
100;2;2;51,74316;100
100;3;15;51,74316;100
100;3;15;51,74316;100
100;2;2;51,74316;100
100;2;2;51,74316;100
100;3;15;51,74316;100
100;2;2;51,74316;100
100;3;15;52,07617;100
100;3;15;52,07617;100
100;3;15;52,07617;100
100;3;15;52,07617;100
100;3;15;52,07617;100
100;3;15;52,07617;100
100;3;15;52,07617;100
100;3;15;52,07617;100
100;3;15;52,07617;100
100;3;15;52,07617;100
100;3;15;52,07617;100
100;3;15;52,07617;100
100;2;2;52,40918;100
100;3;15;52,40918;100
100;2;2;52,40918;100
100;3;15;52,40918;100
100;3;15;52,40918;100
100;3;15;52,40918;100
100;3;15;52,40918;100
100;3;15;52,74219;100
100;3;15;52,74219;100
100;3;15;52,74219;100
100;3;15;52,74219;100
100;3;15;52,74219;100
100;2;2;52,74219;100
100;3;15;52,74219;100
100;3;15;52,74219;100
100;3;15;52,74219;100
100;2;2;53,0752;100
100;2;2;53,0752;100
100;2;2;53,0752;100
100;3;15;53,0752;100
100;3;15;53,0752;100
100;3;15;53,0752;100
100;2;2;53,0752;100
100;3;15;53,0752;100
100;2;2;53,4082;100
100;3;15;53,4082;100
100;3;15;53,4082;100
100;3;15;53,4082;100
100;2;2;53,4082;100
100;3;15;53,4082;100
100;3;15;53,4082;100
100;3;15;53,4082;100
100;3;15;53,4082;100
100;2;2;53,4082;100
100;3;15;53,74121;100
100;3;15;53,74121;100
100;3;15;53,74121;100
100;3;15;53,74121;100
100;2;2;53,74121;100
100;3;15;53,74121;100
100;3;15;54,07422;100
100;3;15;54,07422;100
100;2;2;54,07422;100
100;2;2;54,07422;100
100;3;15;54,07422;100
100;2;2;54,07422;100
100;2;2;54,07422;100
100;2;2;54,07422;100
100;3;15;54,07422;100
100;3;15;54,07422;100
100;3;15;54,07422;100
100;2;2;54,40723;100
100;3;15;54,40723;100
100;3;15;54,40723;100
100;3;15;54,40723;100
100;3;15;54,40723;100
100;3;15;54,40723;100
100;2;2;54,40723;100
100;3;15;54,40723;100
100;3;15;54,40723;100
100;2;2;54,74023;100
100;3;15;54,74023;100
100;3;15;54,74023;100
100;2;2;54,74023;100
100;3;15;54,74023;100
100;3;15;54,74023;100
100;3;15;54,74023;100
100;3;15;54,74023;100
100;3;15;55,07324;100
100;3;15;55,07324;100
100;3;15;55,07324;100
100;3;15;55,07324;100
100;3;15;55,07324;100
100;3;15;55,07324;100
100;3;15;55,07324;100
100;3;15;55,07324;100
100;3;15;55,07324;100
100;3;15;55,07324;100
100;3;15;55,40625;100
100;3;15;55,40625;100
100;3;15;55,40625;100
100;3;15;55,40625;100
100;2;2;55,40625;100
100;3;15;55,40625;100
100;3;15;55,40625;100
100;3;15;55,73926;100
100;3;15;55,73926;100
100;3;15;55,73926;100
100;3;15;55,73926;100
100;3;15;55,73926;100
100;3;15;55,73926;100
100;3;15;55,73926;100
100;3;15;55,73926;100
100;3;15;55,73926;100
100;3;15;56,07227;100
100;2;2;56,07227;100
100;3;15;56,07227;100
100;2;2;56,07227;100
100;2;2;56,07227;100
100;3;15;56,07227;100
100;3;15;56,07227;100
100;3;15;56,07227;100
100;2;2;56,07227;100
100;2;2;56,07227;100
100;3;15;56,40527;100
100;2;2;56,40527;100
100;3;15;56,40527;100
100;2;2;56,40527;100
100;3;15;56,40527;100
100;3;15;56,40527;100
100;3;15;56,40527;100
100;3;15;56,40527;100
100;2;2;56,40527;100
100;3;15;56,73828;100
100;3;15;56,73828;100
100;2;2;56,73828;100
100;2;2;56,73828;100
100;3;15;56,73828;100
100;2;2;56,73828;100
100;3;15;56,73828;100
100;3;15;57,07129;100
100;3;15;57,07129;100
100;3;15;57,07129;100
100;3;15;57,07129;100
100;3;15;57,07129;100
100;3;15;57,07129;100
100;3;15;57,07129;100
100;2;2;57,07129;100
100;3;15;57,07129;100
100;3;15;57,07129;100
100;3;15;57,07129;100
100;2;2;57,07129;100
100;3;15;57,4043;100
100;2;2;57,4043;100
100;3;15;57,4043;100
100;3;15;57,4043;100
100;3;15;57,4043;100
100;3;15;57,4043;100
100;2;2;57,4043;100
100;3;15;57,4043;100
100;3;15;57,4043;100
100;2;2;57,4043;100
100;3;15;57,4043;100
100;3;15;57,7373;100
100;3;15;57,7373;100
100;2;2;57,7373;100
100;3;15;57,7373;100
100;3;15;58,07031;100
100;3;15;58,07031;100
100;3;15;58,07031;100
100;3;15;58,07031;100
100;3;15;58,07031;100
100;2;2;58,07031;100
100;2;2;58,07031;100
100;3;15;58,07031;100
100;3;15;58,07031;100
100;3;15;58,40332;100
100;3;15;58,40332;100
100;2;2;58,40332;100
100;3;15;58,40332;100
100;3;15;58,40332;100
100;3;15;58,40332;100
100;3;15;58,40332;100
100;3;15;58,40332;100
100;3;15;58,40332;100
100;3;15;58,40332;100
100;3;15;58,40332;100
100;3;15;58,73633;100
100;2;2;58,73633;100
100;3;15;58,73633;100
100;3;15;58,73633;100
100;3;15;58,73633;100
100;2;2;58,73633;100
100;2;2;58,73633;100
100;2;2;59,06934;100
100;2;2;59,06934;100
100;3;15;59,06934;100
100;3;15;59,06934;100
100;3;15;59,06934;100
100;3;15;59,06934;100
100;3;15;59,06934;100
100;3;15;59,40234;100
100;2;2;59,40234;100
100;3;15;59,40234;100
100;3;15;59,40234;100
100;3;15;59,40234;100
100;3;15;59,40234;100
100;3;15;59,40234;100
100;3;15;59,40234;100
100;3;15;59,40234;100
100;3;15;59,40234;100
100;3;15;59,73535;100
100;2;2;59,73535;100
100;3;15;59,73535;100
100;3;15;59,73535;100
100;3;15;59,73535;100
100;3;15;59,73535;100
100;3;15;59,73535;100
100;3;15;59,73535;100
100;2;2;59,73535;100
100;3;15;0,06835938;100
100;3;15;0,06835938;100
100;3;15;0,06835938;100
100;3;15;0,06835938;100
100;3;15;0,06835938;100
100;3;15;0,06835938;100
100;3;15;0,06835938;100
100;2;2;0,06835938;100
100;2;2;0,06835938;100
100;3;15;0,06835938;100
100;3;15;0,4013672;100
100;3;15;0,4013672;100
100;2;2;0,4013672;100
100;3;15;0,4013672;100
100;3;15;0,4013672;100
100;2;2;0,734375;100
100;3;15;0,734375;100
100;3;15;0,734375;100
100;3;15;0,734375;100
100;3;15;0,734375;100
100;2;2;0,734375;100
100;3;15;0,734375;100
100;2;2;1,067383;100
100;3;15;1,067383;100
100;3;15;1,067383;100
100;3;15;1,067383;100
100;3;15;1,067383;100
100;3;15;1,067383;100
100;3;15;1,067383;100
100;3;15;1,400391;100
100;3;15;1,400391;100
100;3;15;1,400391;100
100;2;2;1,400391;100
100;2;2;1,400391;100
100;3;15;1,400391;100
100;3;15;1,400391;100
100;3;15;1,400391;100
100;3;15;1,733398;100
100;3;15;1,733398;100
100;3;15;1,733398;100
100;3;15;1,733398;100
100;2;2;1,733398;100
100;3;15;1,733398;100
100;2;2;2,066406;100
100;3;15;2,066406;100
100;3;15;2,066406;100
100;2;2;2,066406;100
100;3;15;2,066406;100
100;3;15;2,066406;100
100;3;15;2,066406;100
100;3;15;2,066406;100
100;3;15;2,399414;100
100;2;2;2,399414;100
100;3;15;2,399414;85
100;2;2;2,399414;85
100;3;15;2,399414;70
100;3;15;2,399414;55
100;3;15;2,399414;40
100;3;15;2,399414;25
100;3;15;2,399414;10
100;3;15;2,399414;-5
Player