100;3;15;40,73584;100
100;2;2;40,73584;100
100;2;2;40,73584;100
100;3;15;41,06934;100
100;2;2;41,06934;100
100;3;15;41,06934;100
100;3;15;41,06934;100
100;2;2;41,06934;100
100;3;15;41,06934;100
100;2;2;41,06934;100
100;2;2;41,40283;100
100;3;15;41,40283;100
100;3;15;41,40283;100
100;3;15;41,40283;100
100;3;15;41,40283;100
100;2;2;41,40283;100
100;2;2;41,40283;100
100;2;2;41,40283;100
100;2;2;41,40283;100
100;3;15;41,40283;100
100;3;15;41,73633;100
100;2;2;41,73633;100
100;3;15;41,73633;100
100;2;2;41,73633;100
100;3;15;41,73633;100
100;3;15;41,73633;100
100;3;15;41,73633;100
100;3;15;41,73633;100
100;3;15;41,73633;100
100;2;2;41,73633;100
100;3;15;42,06982;100
100;3;15;42,06982;100
100;3;15;42,06982;100
100;2;2;42,40332;100
100;3;15;42,40332;100
100;3;15;42,40332;100
100;2;2;42,40332;100
100;3;15;42,40332;100
100;3;15;42,40332;100
100;3;15;42,40332;100
100;2;2;42,73682;100
100;2;2;42,73682;100
100;3;15;42,73682;100
100;2;2;42,73682;100
100;2;2;42,73682;100
100;2;2;42,73682;100
100;2;2;42,73682;100
100;3;15;43,07031;100
100;2;2;43,07031;100
100;3;15;43,07031;100
100;3;15;43,07031;100
100;3;15;43,07031;100
100;3;15;43,07031;100
100;2;2;43,40381;100
100;3;15;43,40381;100
100;2;2;43,40381;100
100;3;15;43,40381;100
100;2;2;43,40381;100
100;2;2;43,7373;100
100;2;2;43,7373;100
100;3;15;43,7373;100
100;3;15;43,7373;100
100;3;15;43,7373;100
100;2;2;43,7373;100
100;2;2;43,7373;100
100;3;15;43,7373;100
100;3;15;43,7373;100
100;2;2;44,0708;100
100;2;2;44,0708;100
100;3;15;44,0708;100
100;3;15;44,0708;100
100;2;2;44,0708;100
100;3;15;44,4043;100
100;3;15;44,4043;100
100;2;2;44,4043;100
100;2;2;44,4043;100
100;2;2;44,4043;100
100;3;15;44,4043;100
100;2;2;44,4043;100
100;3;15;44,4043;100
100;2;2;44,73779;100
100;2;2;44,73779;100
100;2;2;44,73779;100
100;3;15;44,73779;100
100;3;15;44,73779;100
100;3;15;44,73779;100
100;2;2;44,73779;100
100;2;2;44,73779;100
100;3;15;44,73779;100
100;2;2;45,07129;100
100;3;15;45,07129;100
100;2;2;45,07129;100
100;2;2;45,07129;100
100;3;15;45,07129;100
100;2;2;45,07129;100
100;2;2;45,07129;100
100;2;2;45,07129;100
100;2;2;45,40479;100
100;3;15;45,40479;100
100;3;15;45,40479;100
100;3;15;45,40479;100
100;2;2;45,40479;100
100;3;15;45,40479;100
100;3;15;45,73828;100
100;2;2;45,73828;100
100;3;15;45,73828;100
100;3;15;45,73828;100
100;2;2;45,73828;100
100;3;15;45,73828;100
100;2;2;46,07178;100
100;3;15;46,07178;100
100;2;2;46,07178;100
100;2;2;46,07178;100
100;2;2;46,07178;100
100;3;15;46,40527;100
100;2;2;46,40527;100
100;2;2;46,40527;100
100;3;15;46,40527;100
100;3;15;46,40527;100
100;2;2;46,73877;100
100;3;15;46,73877;100
100;3;15;46,73877;100
100;3;15;46,73877;100
100;2;2;46,73877;100
100;3;15;46,73877;100
100;3;15;47,07227;100
100;3;15;47,07227;100
100;3;15;47,07227;100
100;3;15;47,07227;100
100;3;15;47,07227;100
100;3;15;47,07227;100
100;3;15;47,07227;100
100;2;2;47,07227;100
100;2;2;47,07227;100
100;3;15;47,40576;100
100;3;15;47,40576;100
100;2;2;47,40576;100
100;3;15;47,40576;100
100;2;2;47,40576;100
100;2;2;47,40576;100
100;3;15;47,40576;100
100;3;15;47,73926;100
100;3;15;47,73926;100
100;2;2;47,73926;100
100;2;2;47,73926;100
100;2;2;47,73926;100
100;3;15;47,73926;100
100;2;2;47,73926;100
100;2;2;47,73926;100
100;2;2;47,73926;100
100;3;15;48,07275;100
100;2;2;48,07275;100
100;2;2;48,07275;100
100;3;15;48,07275;100
100;2;2;48,07275;100
100;3;15;48,40625;100
100;3;15;48,40625;100
100;3;15;48,40625;100
100;3;15;48,40625;100
100;3;15;48,40625;100
100;3;15;48,73975;100
100;3;15;48,73975;100
100;3;15;48,73975;100
100;3;15;48,73975;100
100;3;15;48,73975;100
100;2;2;48,73975;100
100;2;2;49,07324;100
100;2;2;49,07324;100
100;3;15;49,07324;100
100;3;15;49,07324;100
100;2;2;49,40674;100
100;3;15;49,40674;100
100;2;2;49,40674;100
100;2;2;49,40674;100
100;2;2;49,40674;100
100;3;15;49,40674;100
100;3;15;49,40674;100
100;2;2;49,40674;100
100;2;2;49,74023;100
100;3;15;49,74023;100
100;3;15;49,74023;100
100;3;15;49,74023;100
100;3;15;49,74023;100
100;3;15;49,74023;100
100;2;2;49,74023;100
100;3;15;50,07373;100
100;2;2;50,07373;100
100;3;15;50,07373;100
100;3;15;50,07373;100
100;3;15;50,07373;100
100;3;15;50,07373;100
100;3;15;50,40723;100
100;2;2;50,40723;100
100;3;15;50,40723;100
100;3;15;50,40723;100
100;3;15;50,40723;100
100;2;2;50,74072;100
100;3;15;50,74072;100
100;3;15;50,74072;100
100;3;15;50,74072;100
100;2;2;50,74072;100
100;3;15;50,74072;100
100;3;15;51,07422;100
100;3;15;51,07422;100
100;2;2;51,07422;100
100;2;2;51,07422;100
100;3;15;51,07422;100
100;3;15;51,07422;100
100;3;15;51,07422;100
100;3;15;51,07422;100
100;3;15;51,40771;100
100;3;15;51,40771;100
100;2;2;51,40771;100
100;2;2;51,40771;100
100;2;2;51,40771;100
100;3;15;51,40771;100
100;3;15;51,40771;100
100;2;2;51,74121;100
100;3;15;51,74121;100
100;3;15;51,74121;100
100;3;15;51,74121;100
100;2;2;51,74121;100
100;2;2;52,07471;100
100;3;15;52,07471;100
100;2;2;52,07471;100
100;2;2;52,07471;100
100;3;15;52,07471;100
100;3;15;52,07471;100
100;3;15;52,4082;100
100;3;15;52,4082;100
100;2;2;52,4082;100
100;2;2;52,4082;100
100;2;2;52,7417;100
100;3;15;52,7417;100
100;3;15;52,7417;100
100;2;2;52,7417;100
100;2;2;52,7417;100
100;3;15;53,0752;100
100;3;15;53,0752;100
100;2;2;53,0752;100
100;3;15;53,0752;100
100;3;15;53,0752;100
100;2;2;53,0752;100
100;3;15;53,40869;100
100;3;15;53,40869;100
100;3;15;53,40869;100
100;3;15;53,40869;100
100;3;15;53,40869;100
100;3;15;53,40869;100
100;3;15;53,40869;100
100;3;15;53,74219;100
100;3;15;53,74219;100
100;3;15;53,74219;100
100;2;2;53,74219;100
100;3;15;53,74219;100
100;2;2;53,74219;100
100;3;15;54,07568;100
100;2;2;54,07568;100
100;3;15;54,07568;100
100;3;15;54,07568;100
100;2;2;54,07568;100
100;3;15;54,07568;100
100;3;15;54,07568;100
100;2;2;54,07568;100
100;3;15;54,40918;100
100;3;15;54,40918;100
100;3;15;54,40918;100
100;2;2;54,40918;100
100;3;15;54,40918;100
100;2;2;54,40918;100
100;3;15;54,74268;100
100;2;2;54,74268;100
100;2;2;54,74268;100
100;3;15;54,74268;100
100;2;2;54,74268;100
100;3;15;55,07617;100
100;3;15;55,07617;100
100;3;15;55,07617;100
100;2;2;55,07617;100
100;2;2;55,07617;100
100;3;15;55,07617;100
100;3;15;55,40967;100
100;2;2;55,40967;100
100;3;15;55,40967;100
100;3;15;55,40967;100
100;3;15;55,40967;100
100;3;15;55,40967;100
100;3;15;55,40967;100
100;2;2;55,40967;100
100;3;15;55,40967;100
100;3;15;55,74316;100
100;2;2;55,74316;100
100;3;15;55,74316;100
100;3;15;55,74316;100
100;3;15;55,74316;100
100;3;15;55,74316;100
100;2;2;55,74316;100
100;2;2;55,74316;100
100;2;2;55,74316;100
100;3;15;55,74316;100
100;2;2;56,07666;100
100;3;15;56,07666;100
100;2;2;56,07666;100
100;3;15;56,07666;100
100;2;2;56,07666;100
100;3;15;56,07666;100
100;3;15;56,07666;100
100;3;15;56,07666;100
100;3;15;56,41016;100
100;2;2;56,41016;100
100;2;2;56,41016;100
100;3;15;56,41016;100
100;3;15;56,41016;100
100;2;2;56,41016;100
100;2;2;56,41016;100
100;3;15;56,74365;100
100;2;2;56,74365;100
100;2;2;56,74365;100
100;2;2;56,74365;100
100;3;15;56,74365;100
100;3;15;56,74365;100
100;3;15;57,07715;100
100;2;2;57,07715;100
100;2;2;57,07715;100
100;3;15;57,07715;100
100;3;15;57,07715;100
100;3;15;57,07715;100
100;3;15;57,41064;100
100;3;15;57,41064;100
100;2;2;57,41064;100
100;2;2;57,41064;100
100;3;15;57,41064;100
100;2;2;57,74414;100
100;3;15;57,74414;100
100;2;2;57,74414;100
100;3;15;57,74414;100
100;3;15;57,74414;100
100;2;2;57,74414;100
100;2;2;57,74414;100
100;3;15;57,74414;100
100;2;2;58,07764;100
100;3;15;58,07764;100
100;2;2;58,07764;100
100;2;2;58,07764;100
100;3;15;58,07764;100
100;3;15;58,07764;100
100;3;15;58,41113;100
100;3;15;58,41113;100
100;3;15;58,41113;100
100;3;15;58,41113;100
100;3;15;58,41113;100
100;2;2;58,41113;100
100;3;15;58,41113;100
100;3;15;58,74463;100
100;3;15;58,74463;100
100;3;15;58,74463;100
100;3;15;58,74463;100
100;3;15;58,74463;100
100;3;15;58,74463;100
100;3;15;58,74463;100
100;3;15;59,07813;100
100;3;15;59,07813;100
100;2;2;59,07813;100
100;2;2;59,07813;100
100;3;15;59,07813;100
100;2;2;59,07813;100
100;3;15;59,41162;100
100;3;15;59,41162;100
100;3;15;59,41162;100
100;2;2;59,41162;100
100;2;2;59,41162;100
100;2;2;59,41162;100
100;2;2;59,41162;100
100;3;15;59,41162;100
100;3;15;59,74512;100
100;2;2;59,74512;100
100;3;15;59,74512;100
100;3;15;59,74512;100
100;3;15;59,74512;100
100;3;15;59,74512;100
100;3;15;59,74512;100
100;3;15;0,07861328;100
100;2;2;0,07861328;100
100;2;2;0,07861328;100
100;3;15;0,07861328;100
100;3;15;0,4121094;100
100;3;15;0,4121094;100
100;2;2;0,4121094;100
100;2;2;0,4121094;100
100;2;2;0,4121094;100
100;3;15;0,4121094;100
100;2;2;0,4121094;100
100;2;2;0,7456055;100
100;2;2;0,7456055;100
100;3;15;0,7456055;100
100;2;2;0,7456055;100
100;2;2;0,7456055;100
100;3;15;0,7456055;100
100;2;2;0,7456055;100
100;3;15;0,7456055;100
100;2;2;0,7456055;100
100;2;2;0,7456055;100
100;3;15;1,079102;100
100;2;2;1,079102;100
100;2;2;1,079102;100
100;3;15;1,079102;100
100;2;2;1,079102;100
100;3;15;1,412598;100
100;2;2;1,412598;100
100;3;15;1,412598;100
100;2;2;1,412598;100
100;2;2;1,412598;100
100;3;15;1,746094;100
100;2;2;1,746094;100
100;3;15;1,746094;100
100;3;15;1,746094;100
100;3;15;1,746094;100
100;2;2;1,746094;100
100;3;15;1,746094;100
100;3;15;2,07959;100
100;2;2;2,07959;100
100;3;15;2,07959;100
100;3;15;2,07959;100
100;2;2;2,07959;100
100;3;15;2,07959;100
100;3;15;2,07959;100
100;3;15;2,07959;100
100;3;15;2,413086;100
100;2;2;2,413086;100
100;3;15;2,413086;100
100;3;15;2,413086;100
100;2;2;2,413086;100
100;3;15;2,413086;100
100;2;2;2,746582;100
100;2;2;2,746582;100
100;2;2;2,746582;100
100;3;15;2,746582;100
100;3;15;2,746582;100
100;2;2;2,746582;100
100;3;15;3,080078;100
100;3;15;3,080078;100
100;3;15;3,080078;100
100;2;2;3,080078;100
100;3;15;3,080078;100
100;3;15;3,080078;100
100;3;15;3,080078;100
100;2;2;3,413574;100
100;3;15;3,413574;100
100;3;15;3,413574;100
100;3;15;3,413574;100
100;2;2;3,413574;100
100;3;15;3,413574;100
100;3;15;3,413574;100
100;3;15;3,413574;100
100;2;2;3,74707;100
100;3;15;3,74707;100
100;2;2;3,74707;100
100;2;2;3,74707;100
100;3;15;3,74707;100
100;3;15;4,080566;85
100;3;15;4,080566;70
100;2;2;4,414063;70
100;2;2;4,414063;70
100;3;15;4,414063;55
100;3;15;4,414063;40
100;2;2;4,414063;40
100;2;2;4,414063;40
100;3;15;4,414063;25
100;3;15;4,414063;10
100;3;15;4,414063;-5
Player