100;2;2;57,85449;100
100;3;15;57,85449;100
100;3;15;57,85449;100
100;3;15;57,85449;100
100;3;15;57,85449;100
100;2;2;57,85449;100
100;2;2;57,85449;100
100;2;2;57,85449;100
100;3;15;57,85449;100
100;3;15;57,85449;100
100;3;15;58,18799;100
100;2;2;58,18799;100
100;3;15;58,18799;100
100;3;15;58,18799;100
100;2;2;58,18799;100
100;3;15;58,18799;100
100;3;15;58,18799;100
100;2;2;58,18799;100
100;2;2;58,18799;100
100;2;2;58,18799;100
100;2;2;58,18799;100
100;2;2;58,52148;100
100;2;2;58,52148;100
100;3;15;58,52148;100
100;2;2;58,52148;100
100;2;2;58,52148;100
100;3;15;58,52148;100
100;3;15;58,52148;100
100;2;2;58,52148;100
100;3;15;58,52148;100
100;2;2;58,52148;100
100;3;15;58,85498;100
100;3;15;58,85498;100
100;2;2;58,85498;100
100;2;2;58,85498;100
100;3;15;58,85498;100
100;3;15;58,85498;100
100;3;15;58,85498;100
100;2;2;58,85498;100
100;2;2;58,85498;100
100;2;2;59,18848;100
100;2;2;59,18848;100
100;2;2;59,18848;100
100;2;2;59,18848;100
100;2;2;59,18848;100
100;3;15;59,18848;100
100;2;2;59,18848;100
100;2;2;59,18848;100
100;2;2;59,52197;100
100;3;15;59,52197;100
100;3;15;59,52197;100
100;3;15;59,52197;100
100;2;2;59,52197;100
100;3;15;59,52197;100
100;2;2;59,52197;100
100;2;2;59,52197;100
100;2;2;59,52197;100
100;2;2;59,85547;100
100;2;2;59,85547;100
100;2;2;59,85547;100
100;3;15;59,85547;100
100;2;2;59,85547;100
100;2;2;59,85547;100
100;2;2;59,85547;100
100;2;2;59,85547;100
100;3;15;59,85547;100
100;3;15;0,1889648;100
100;2;2;0,1889648;100
100;2;2;0,1889648;100
100;3;15;0,1889648;100
100;2;2;0,1889648;100
100;3;15;0,1889648;100
100;2;2;0,1889648;100
100;2;2;0,1889648;100
100;2;2;0,1889648;100
100;3;15;0,1889648;100
100;3;15;0,1889648;100
100;2;2;0,1889648;100
100;3;15;0,1889648;100
100;2;2;0,5224609;100
100;2;2;0,5224609;100
100;2;2;0,5224609;100
100;2;2;0,5224609;100
100;2;2;0,5224609;100
100;3;15;0,5224609;100
100;2;2;0,5224609;100
100;2;2;0,5224609;100
100;2;2;0,855957;100
100;2;2;0,855957;100
100;2;2;0,855957;100
100;2;2;0,855957;100
100;2;2;0,855957;100
100;2;2;0,855957;100
100;3;15;0,855957;100
100;2;2;0,855957;100
100;3;15;0,855957;100
100;2;2;0,855957;100
100;3;15;1,189453;100
100;3;15;1,189453;100
100;2;2;1,189453;100
100;2;2;1,189453;100
100;3;15;1,189453;100
100;3;15;1,189453;100
100;2;2;1,189453;100
100;3;15;1,189453;100
100;2;2;1,189453;100
100;2;2;1,189453;100
100;2;2;1,189453;100
100;3;15;1,189453;100
100;2;2;1,189453;100
100;2;2;1,189453;100
100;2;2;1,522949;100
100;2;2;1,522949;100
100;3;15;1,522949;100
100;2;2;1,522949;100
100;2;2;1,522949;100
100;2;2;1,522949;100
100;2;2;1,522949;100
100;2;2;1,522949;100
100;2;2;1,522949;100
100;2;2;1,522949;100
100;2;2;1,522949;100
100;3;15;1,856445;100
100;3;15;1,856445;100
100;3;15;1,856445;100
100;3;15;1,856445;100
100;3;15;1,856445;100
100;2;2;1,856445;100
100;2;2;1,856445;100
100;2;2;1,856445;100
100;2;2;1,856445;100
100;2;2;1,856445;100
100;3;15;1,856445;100
100;2;2;2,189941;100
100;2;2;2,189941;100
100;2;2;2,189941;100
100;3;15;2,189941;100
100;3;15;2,189941;100
100;2;2;2,189941;100
100;3;15;2,189941;100
100;2;2;2,189941;100
100;2;2;2,189941;100
100;3;15;2,189941;100
100;2;2;2,189941;100
100;2;2;2,523438;100
100;2;2;2,523438;100
100;3;15;2,523438;100
100;3;15;2,523438;100
100;2;2;2,523438;100
100;2;2;2,523438;100
100;3;15;2,523438;100
100;3;15;2,856934;100
100;2;2;2,856934;100
100;2;2;2,856934;100
100;2;2;2,856934;100
100;2;2;2,856934;100
100;2;2;2,856934;100
100;2;2;2,856934;100
100;2;2;3,19043;100
100;2;2;3,19043;100
100;2;2;3,19043;100
100;2;2;3,19043;100
100;3;15;3,19043;100
100;2;2;3,19043;100
100;3;15;3,19043;100
100;3;15;3,523926;100
100;2;2;3,523926;100
100;2;2;3,523926;100
100;2;2;3,523926;100
100;2;2;3,523926;100
100;2;2;3,523926;100
100;3;15;3,523926;100
100;2;2;3,857422;100
100;2;2;3,857422;100
100;2;2;3,857422;100
100;2;2;3,857422;100
100;3;15;3,857422;100
100;2;2;3,857422;100
100;2;2;3,857422;100
100;2;2;3,857422;100
100;2;2;3,857422;100
100;2;2;4,190918;100
100;2;2;4,190918;100
100;3;15;4,190918;100
100;2;2;4,190918;100
100;2;2;4,190918;100
100;3;15;4,190918;100
100;3;15;4,190918;100
100;3;15;4,190918;100
100;3;15;4,190918;100
100;2;2;4,524414;100
100;2;2;4,524414;100
100;3;15;4,524414;100
100;2;2;4,524414;100
100;2;2;4,524414;100
100;2;2;4,524414;100
100;3;15;4,524414;100
100;2;2;4,524414;100
100;3;15;4,524414;100
100;2;2;4,524414;100
100;2;2;4,524414;100
100;2;2;4,85791;100
100;2;2;4,85791;100
100;3;15;4,85791;100
100;2;2;4,85791;100
100;2;2;4,85791;100
100;2;2;4,85791;100
100;2;2;4,85791;100
100;2;2;5,191406;100
100;2;2;5,191406;100
100;2;2;5,191406;100
100;2;2;5,191406;100
100;3;15;5,191406;100
100;3;15;5,191406;100
100;2;2;5,191406;100
100;2;2;5,191406;100
100;2;2;5,191406;100
100;2;2;5,191406;100
100;2;2;5,191406;100
100;2;2;5,191406;100
100;3;15;5,191406;100
100;2;2;5,524902;100
100;2;2;5,524902;100
100;2;2;5,524902;100
100;2;2;5,524902;100
100;3;15;5,524902;100
100;2;2;5,524902;100
100;2;2;5,524902;100
100;2;2;5,524902;100
100;3;15;5,524902;100
100;3;15;5,524902;100
100;2;2;5,858398;100
100;2;2;5,858398;100
100;2;2;5,858398;100
100;2;2;5,858398;100
100;3;15;5,858398;100
100;3;15;5,858398;100
100;2;2;5,858398;100
100;2;2;5,858398;100
100;3;15;6,191895;100
100;2;2;6,191895;100
100;3;15;6,191895;100
100;2;2;6,191895;100
100;2;2;6,191895;100
100;3;15;6,191895;100
100;3;15;6,191895;100
100;2;2;6,191895;100
100;3;15;6,191895;100
100;3;15;6,191895;100
100;3;15;6,191895;100
100;2;2;6,191895;100
100;2;2;6,525391;100
100;2;2;6,525391;100
100;3;15;6,525391;100
100;2;2;6,525391;100
100;2;2;6,525391;100
100;2;2;6,525391;100
100;2;2;6,525391;100
100;2;2;6,525391;100
100;3;15;6,525391;100
100;2;2;6,525391;100
100;3;15;6,525391;100
100;2;2;6,525391;100
100;2;2;6,525391;100
100;2;2;6,525391;100
100;3;15;6,858887;100
100;3;15;6,858887;100
100;2;2;6,858887;100
100;2;2;6,858887;100
100;2;2;6,858887;100
100;2;2;6,858887;100
100;2;2;6,858887;100
100;3;15;7,192383;100
100;2;2;7,192383;100
100;3;15;7,192383;100
100;2;2;7,192383;100
100;2;2;7,192383;100
100;3;15;7,192383;100
100;2;2;7,192383;100
100;2;2;7,192383;100
100;3;15;7,192383;100
100;2;2;7,525879;100
100;2;2;7,525879;100
100;2;2;7,525879;100
100;2;2;7,525879;100
100;3;15;7,525879;100
100;2;2;7,525879;100
100;2;2;7,525879;100
100;2;2;7,525879;100
100;2;2;7,859375;100
100;2;2;7,859375;100
100;3;15;7,859375;100
100;2;2;7,859375;100
100;2;2;7,859375;100
100;3;15;7,859375;100
100;2;2;7,859375;100
100;2;2;8,192871;100
100;3;15;8,192871;100
100;2;2;8,192871;100
100;2;2;8,192871;100
100;3;15;8,192871;100
100;3;15;8,192871;100
100;2;2;8,192871;100
100;2;2;8,192871;100
100;2;2;8,192871;100
100;3;15;8,192871;100
100;3;15;8,192871;100
100;3;15;8,526367;100
100;2;2;8,526367;100
100;2;2;8,526367;100
100;2;2;8,526367;100
100;3;15;8,526367;100
100;2;2;8,526367;100
100;3;15;8,526367;100
100;3;15;8,526367;100
100;2;2;8,526367;100
100;2;2;8,526367;100
100;2;2;8,526367;100
100;3;15;8,859863;100
100;3;15;8,859863;100
100;2;2;8,859863;100
100;2;2;8,859863;100
100;2;2;8,859863;100
100;2;2;8,859863;100
100;3;15;8,859863;100
100;2;2;9,193359;100
100;3;15;9,193359;100
100;2;2;9,193359;100
100;2;2;9,193359;100
100;3;15;9,193359;100
100;2;2;9,193359;100
100;2;2;9,193359;100
100;2;2;9,526855;100
100;3;15;9,526855;100
100;2;2;9,526855;100
100;2;2;9,526855;100
100;2;2;9,526855;100
100;2;2;9,526855;100
100;2;2;9,526855;100
100;3;15;9,526855;100
100;2;2;9,526855;100
100;2;2;9,526855;100
100;2;2;9,526855;100
100;2;2;9,526855;100
100;2;2;9,526855;100
100;3;15;9,860352;100
100;2;2;9,860352;100
100;2;2;9,860352;100
100;3;15;9,860352;100
100;2;2;9,860352;100
100;3;15;9,860352;100
100;2;2;9,860352;100
100;3;15;9,860352;100
100;3;15;9,860352;100
100;3;15;10,19385;100
100;2;2;10,19385;100
100;2;2;10,19385;100
100;2;2;10,19385;100
100;2;2;10,19385;100
100;3;15;10,19385;100
100;2;2;10,19385;100
100;3;15;10,19385;100
100;2;2;10,19385;100
100;2;2;10,19385;100
100;2;2;10,52734;100
100;3;15;10,52734;100
100;2;2;10,52734;100
100;3;15;10,52734;100
100;2;2;10,52734;100
100;2;2;10,52734;100
100;2;2;10,52734;100
100;2;2;10,52734;100
100;2;2;10,52734;100
100;2;2;10,86084;100
100;2;2;10,86084;100
100;3;15;10,86084;100
100;3;15;10,86084;100
100;2;2;10,86084;100
100;3;15;10,86084;100
100;2;2;10,86084;100
100;2;2;10,86084;100
100;2;2;11,19434;100
100;3;15;11,19434;100
100;3;15;11,19434;100
100;2;2;11,19434;100
100;2;2;11,19434;100
100;3;15;11,19434;100
100;3;15;11,19434;100
100;2;2;11,19434;100
100;3;15;11,19434;100
100;2;2;11,19434;100
100;2;2;11,52783;100
100;2;2;11,52783;100
100;2;2;11,52783;100
100;2;2;11,52783;100
100;2;2;11,52783;100
100;2;2;11,52783;100
100;2;2;11,52783;100
100;2;2;11,52783;100
100;3;15;11,86133;100
100;2;2;11,86133;100
100;3;15;11,86133;100
100;2;2;11,86133;100
100;2;2;11,86133;100
100;2;2;11,86133;100
100;2;2;11,86133;100
100;2;2;12,19482;100
100;2;2;12,19482;100
100;2;2;12,19482;100
100;2;2;12,19482;100
100;2;2;12,19482;100
100;3;15;12,19482;100
100;3;15;12,19482;100
100;2;2;12,52832;100
100;3;15;12,52832;100
100;2;2;12,52832;100
100;2;2;12,52832;100
100;2;2;12,52832;100
100;2;2;12,52832;100
100;2;2;12,86182;100
100;2;2;12,86182;100
100;2;2;12,86182;100
100;3;15;12,86182;100
100;2;2;12,86182;100
100;3;15;12,86182;100
100;2;2;12,86182;100
100;2;2;12,86182;100
100;2;2;12,86182;100
100;2;2;12,86182;100
100;2;2;13,19531;100
100;2;2;13,19531;100
100;3;15;13,19531;100
100;3;15;13,19531;100
100;2;2;13,19531;100
100;2;2;13,19531;100
100;2;2;13,19531;100
100;2;2;13,19531;100
100;3;15;13,52881;100
100;2;2;13,52881;100
100;3;15;13,52881;100
100;2;2;13,52881;100
100;3;15;13,52881;100
100;3;15;13,52881;100
100;2;2;13,52881;100
100;2;2;13,52881;100
100;2;2;13,52881;100
100;2;2;13,8623;100
100;2;2;13,8623;100
100;2;2;13,8623;100
100;2;2;13,8623;100
100;2;2;13,8623;100
100;2;2;13,8623;100
100;2;2;13,8623;100
100;2;2;14,1958;100
100;2;2;14,1958;100
100;2;2;14,1958;100
100;2;2;14,1958;100
100;3;15;14,1958;100
100;2;2;14,1958;100
100;2;2;14,5293;100
100;3;15;14,5293;100
100;2;2;14,5293;100
100;2;2;14,5293;100
100;2;2;14,5293;100
100;3;15;14,5293;100
100;2;2;14,5293;100
100;3;15;14,86279;100
100;3;15;14,86279;100
100;2;2;14,86279;100
100;2;2;14,86279;100
100;2;2;14,86279;100
100;2;2;14,86279;100
100;2;2;14,86279;100
100;2;2;14,86279;100
100;2;2;14,86279;100
100;2;2;14,86279;100
100;2;2;15,19629;100
100;3;15;15,19629;100
100;2;2;15,19629;100
100;3;15;15,19629;100
100;3;15;15,19629;100
100;2;2;15,19629;100
100;2;2;15,19629;100
100;2;2;15,19629;100
100;2;2;15,19629;100
100;2;2;15,19629;100
100;2;2;15,52979;100
100;3;15;15,52979;100
100;2;2;15,52979;100
100;2;2;15,52979;100
100;2;2;15,52979;100
100;2;2;15,52979;100
100;2;2;15,52979;100
100;2;2;15,52979;100
100;2;2;15,52979;100
100;2;2;15,52979;100
100;2;2;15,52979;100
100;2;2;15,86328;100
100;2;2;15,86328;100
100;3;15;15,86328;100
100;3;15;15,86328;100
100;2;2;15,86328;100
100;2;2;15,86328;100
100;3;15;15,86328;100
100;3;15;15,86328;100
100;2;2;16,19678;100
100;2;2;16,19678;100
100;3;15;16,19678;100
100;2;2;16,19678;100
100;3;15;16,19678;100
100;3;15;16,19678;100
100;2;2;16,19678;100
100;3;15;16,19678;100
100;2;2;16,19678;100
100;2;2;16,53027;100
100;2;2;16,53027;100
100;2;2;16,53027;100
100;3;15;16,53027;100
100;3;15;16,53027;100
100;3;15;16,53027;100
100;3;15;16,53027;100
100;2;2;16,53027;100
100;2;2;16,53027;100
100;2;2;16,53027;100
100;2;2;16,53027;100
100;2;2;16,86377;100
100;2;2;16,86377;100
100;2;2;16,86377;100
100;3;15;16,86377;100
100;3;15;16,86377;100
100;2;2;16,86377;100
100;2;2;16,86377;100
100;2;2;16,86377;100
100;2;2;16,86377;100
100;2;2;16,86377;100
100;2;2;17,19727;100
100;2;2;17,19727;100
100;3;15;17,19727;100
100;2;2;17,19727;100
100;3;15;17,19727;100
100;2;2;17,19727;100
100;2;2;17,53076;100
100;2;2;17,53076;100
100;2;2;17,53076;100
100;3;15;17,53076;100
100;2;2;17,53076;100
100;2;2;17,53076;100
100;3;15;17,53076;100
100;2;2;17,53076;100
100;2;2;17,53076;100
100;3;15;17,86426;100
100;3;15;17,86426;100
100;2;2;17,86426;100
100;2;2;17,86426;100
100;2;2;17,86426;100
100;2;2;17,86426;100
100;2;2;17,86426;100
100;2;2;18,19775;100
100;2;2;18,19775;100
100;2;2;18,19775;100
100;2;2;18,19775;100
100;3;15;18,19775;100
100;2;2;18,19775;100
100;3;15;18,19775;100
100;3;15;18,19775;100
100;2;2;18,19775;100
100;2;2;18,19775;100
100;3;15;18,53125;100
100;3;15;18,53125;100
100;2;2;18,53125;100
100;3;15;18,53125;100
100;2;2;18,53125;100
100;3;15;18,53125;100
100;2;2;18,53125;100
100;2;2;18,53125;100
100;3;15;18,86475;100
100;2;2;18,86475;100
100;2;2;18,86475;100
100;3;15;18,86475;100
100;2;2;18,86475;100
100;2;2;18,86475;100
100;2;2;19,19824;100
100;2;2;19,19824;100
100;2;2;19,19824;100
100;2;2;19,19824;100
100;2;2;19,19824;100
100;2;2;19,19824;100
100;2;2;19,53174;100
100;3;15;19,53174;100
100;3;15;19,53174;100
100;2;2;19,53174;100
100;2;2;19,53174;100
100;2;2;19,53174;100
100;2;2;19,53174;100
100;2;2;19,53174;100
100;3;15;19,53174;100
100;2;2;19,86523;100
100;2;2;19,86523;100
100;3;15;19,86523;100
100;2;2;19,86523;100
100;2;2;19,86523;100
100;2;2;19,86523;100
100;2;2;19,86523;100
100;2;2;19,86523;100
100;2;2;19,86523;100
100;3;15;19,86523;100
100;2;2;19,86523;100
100;3;15;20,19873;100
100;2;2;20,19873;100
100;2;2;20,19873;100
100;2;2;20,19873;100
100;2;2;20,19873;100
100;2;2;20,19873;100
100;2;2;20,19873;100
100;2;2;20,19873;100
100;2;2;20,19873;100
100;3;15;20,19873;100
100;2;2;20,53223;100
100;2;2;20,53223;100
100;2;2;20,53223;100
100;2;2;20,53223;100
100;2;2;20,53223;100
100;2;2;20,53223;100
100;3;15;20,53223;100
100;3;15;20,53223;100
100;3;15;20,53223;100
100;2;2;20,86572;100
100;2;2;20,86572;100
100;2;2;20,86572;100
100;2;2;20,86572;100
100;2;2;20,86572;100
100;2;2;20,86572;100
100;3;15;20,86572;100
100;2;2;20,86572;100
100;2;2;21,19922;100
100;2;2;21,19922;100
100;2;2;21,19922;100
100;2;2;21,19922;100
100;2;2;21,19922;100
100;2;2;21,19922;100
100;2;2;21,19922;100
100;2;2;21,19922;100
100;2;2;21,19922;100
100;3;15;21,19922;100
100;2;2;21,19922;100
100;2;2;21,19922;100
100;3;15;21,53271;100
100;2;2;21,53271;100
100;2;2;21,53271;100
100;2;2;21,53271;100
100;2;2;21,53271;100
100;2;2;21,53271;100
100;2;2;21,53271;100
100;2;2;21,53271;100
100;3;15;21,53271;100
100;3;15;21,53271;100
100;2;2;21,53271;100
100;2;2;21,53271;100
100;3;15;21,86621;100
100;3;15;21,86621;100
100;2;2;21,86621;100
100;2;2;21,86621;100
100;2;2;21,86621;100
100;3;15;21,86621;100
100;2;2;21,86621;100
100;2;2;21,86621;100
100;2;2;21,86621;100
100;2;2;22,19971;100
100;2;2;22,19971;100
100;2;2;22,19971;100
100;3;15;22,19971;100
100;2;2;22,19971;100
100;2;2;22,19971;100
100;2;2;22,19971;100
100;2;2;22,5332;100
100;2;2;22,5332;100
100;2;2;22,5332;100
100;2;2;22,5332;100
100;3;15;22,5332;100
100;3;15;22,5332;100
100;2;2;22,5332;100
100;3;15;22,5332;100
100;2;2;22,5332;100
100;2;2;22,5332;100
100;2;2;22,5332;100
100;2;2;22,8667;100
100;3;15;22,8667;100
100;3;15;22,8667;100
100;2;2;22,8667;100
100;2;2;22,8667;100
100;3;15;22,8667;100
100;2;2;22,8667;100
100;2;2;22,8667;100
100;2;2;22,8667;100
100;3;15;22,8667;100
100;2;2;22,8667;100
100;3;15;22,8667;100
100;3;15;23,2002;100
100;3;15;23,2002;100
100;2;2;23,2002;100
100;2;2;23,2002;100
100;3;15;23,2002;100
100;2;2;23,2002;100
100;2;2;23,2002;100
100;2;2;23,2002;100
100;2;2;23,53369;100
100;2;2;23,53369;100
100;3;15;23,53369;100
100;3;15;23,53369;100
100;2;2;23,53369;100
100;3;15;23,53369;100
100;3;15;23,53369;100
100;3;15;23,53369;100
100;3;15;23,53369;100
100;2;2;23,53369;100
100;2;2;23,53369;100
100;3;15;23,53369;100
100;2;2;23,53369;100
100;3;15;23,53369;100
100;3;15;23,86719;100
100;3;15;23,86719;100
100;3;15;23,86719;100
100;2;2;23,86719;100
100;3;15;23,86719;100
100;2;2;23,86719;100
100;2;2;23,86719;100
100;2;2;23,86719;100
100;2;2;24,20068;100
100;3;15;24,20068;100
100;2;2;24,20068;100
100;3;15;24,20068;100
100;3;15;24,20068;100
100;2;2;24,20068;100
100;2;2;24,20068;100
100;2;2;24,20068;100
100;2;2;24,20068;100
100;3;15;24,20068;100
100;2;2;24,53418;100
100;2;2;24,53418;100
100;2;2;24,53418;100
100;2;2;24,53418;100
100;2;2;24,53418;100
100;2;2;24,53418;100
100;2;2;24,53418;100
100;3;15;24,53418;100
100;3;15;24,86768;100
100;2;2;24,86768;100
100;2;2;24,86768;100
100;2;2;24,86768;100
100;2;2;24,86768;100
100;2;2;24,86768;100
100;2;2;24,86768;100
100;3;15;24,86768;100
100;3;15;24,86768;100
100;3;15;25,20117;100
100;2;2;25,20117;100
100;2;2;25,20117;100
100;2;2;25,20117;100
100;3;15;25,20117;100
100;2;2;25,20117;100
100;2;2;25,20117;100
100;2;2;25,20117;100
100;2;2;25,20117;100
100;2;2;25,20117;100
100;3;15;25,20117;100
100;2;2;25,53467;100
100;2;2;25,53467;100
100;3;15;25,53467;100
100;2;2;25,53467;100
100;2;2;25,53467;100
100;2;2;25,53467;100
100;2;2;25,53467;100
100;2;2;25,53467;100
