100;3;15;15,55957;100
100;2;2;15,89282;100
100;2;2;15,89282;100
100;3;15;15,89282;100
100;2;2;15,89282;100
100;3;15;15,89282;100
100;2;2;15,89282;100
100;2;2;15,89282;100
100;2;2;15,89282;100
100;3;15;15,89282;100
100;3;15;15,89282;100
100;2;2;16,22607;100
100;3;15;16,22607;100
100;3;15;16,22607;100
100;2;2;16,22607;100
100;2;2;16,22607;100
100;2;2;16,22607;100
100;3;15;16,22607;100
100;2;2;16,55933;100
100;3;15;16,55933;100
100;2;2;16,55933;100
100;3;15;16,55933;100
100;3;15;16,55933;100
100;2;2;16,55933;100
100;2;2;16,89258;100
100;3;15;16,89258;100
100;3;15;16,89258;100
100;3;15;16,89258;100
100;3;15;16,89258;100
100;2;2;16,89258;100
100;2;2;16,89258;100
100;2;2;16,89258;100
100;3;15;16,89258;100
100;2;2;17,22583;100
100;2;2;17,22583;100
100;2;2;17,22583;100
100;2;2;17,22583;100
100;2;2;17,22583;100
100;2;2;17,22583;100
100;3;15;17,22583;100
100;3;15;17,55908;100
100;2;2;17,55908;100
100;3;15;17,55908;100
100;3;15;17,55908;100
100;3;15;17,55908;100
100;2;2;17,55908;100
100;2;2;17,55908;100
100;2;2;17,55908;100
100;2;2;17,55908;100
100;3;15;17,55908;100
100;2;2;17,55908;100
100;2;2;17,55908;100
100;3;15;17,89233;100
100;3;15;17,89233;100
100;3;15;17,89233;100
100;3;15;17,89233;100
100;3;15;17,89233;100
100;2;2;17,89233;100
100;3;15;18,22559;100
100;3;15;18,22559;100
100;3;15;18,22559;100
100;2;2;18,22559;100
100;2;2;18,22559;100
100;3;15;18,22559;100
100;2;2;18,55884;100
100;2;2;18,55884;100
100;2;2;18,55884;100
100;2;2;18,55884;100
100;2;2;18,55884;100
100;3;15;18,55884;100
100;2;2;18,55884;100
100;2;2;18,55884;100
100;2;2;18,55884;100
100;2;2;18,89209;100
100;2;2;18,89209;100
100;2;2;18,89209;100
100;2;2;18,89209;100
100;2;2;18,89209;100
100;2;2;18,89209;100
100;2;2;18,89209;100
100;2;2;18,89209;100
100;2;2;19,22534;100
100;3;15;19,22534;100
100;2;2;19,22534;100
100;3;15;19,22534;100
100;2;2;19,22534;100
100;3;15;19,22534;100
100;2;2;19,22534;100
100;3;15;19,22534;100
100;2;2;19,22534;100
100;3;15;19,22534;100
100;3;15;19,22534;100
100;3;15;19,55859;100
100;3;15;19,55859;100
100;3;15;19,55859;100
100;3;15;19,55859;100
100;3;15;19,55859;100
100;3;15;19,55859;100
100;3;15;19,55859;100
100;2;2;19,55859;100
100;2;2;19,89185;100
100;3;15;19,89185;100
100;2;2;19,89185;100
100;2;2;19,89185;100
100;2;2;19,89185;100
100;2;2;19,89185;100
100;3;15;19,89185;100
100;2;2;19,89185;100
100;2;2;19,89185;100
100;2;2;19,89185;100
100;2;2;19,89185;100
100;2;2;19,89185;100
100;2;2;19,89185;100
100;2;2;20,2251;100
100;2;2;20,2251;100
100;2;2;20,2251;100
100;2;2;20,2251;100
100;3;15;20,2251;100
100;3;15;20,2251;100
100;3;15;20,2251;100
100;2;2;20,2251;100
100;2;2;20,55835;100
100;2;2;20,55835;100
100;2;2;20,55835;100
100;2;2;20,55835;100
100;3;15;20,55835;100
100;3;15;20,55835;100
100;3;15;20,55835;100
100;2;2;20,55835;100
100;3;15;20,55835;100
100;3;15;20,55835;100
100;2;2;20,55835;100
100;3;15;20,55835;100
100;2;2;20,8916;100
100;2;2;20,8916;100
100;3;15;20,8916;100
100;3;15;20,8916;100
100;2;2;20,8916;100
100;3;15;20,8916;100
100;3;15;20,8916;100
100;2;2;21,22485;100
100;2;2;21,22485;100
100;3;15;21,22485;100
100;3;15;21,22485;100
100;2;2;21,22485;100
100;2;2;21,22485;100
100;3;15;21,22485;100
100;2;2;21,22485;100
100;2;2;21,22485;100
100;2;2;21,22485;100
100;2;2;21,55811;100
100;2;2;21,55811;100
100;3;15;21,55811;100
100;2;2;21,55811;100
100;2;2;21,55811;100
100;2;2;21,55811;100
100;3;15;21,55811;100
100;2;2;21,89136;100
100;2;2;21,89136;100
100;3;15;21,89136;100
100;2;2;21,89136;100
100;2;2;21,89136;100
100;2;2;21,89136;100
100;2;2;21,89136;100
100;2;2;21,89136;100
100;3;15;22,22461;100
100;2;2;22,22461;100
100;2;2;22,22461;100
100;3;15;22,22461;100
100;2;2;22,22461;100
100;3;15;22,22461;100
100;2;2;22,22461;100
100;3;15;22,22461;100
100;3;15;22,22461;100
100;3;15;22,22461;100
100;3;15;22,22461;100
100;2;2;22,22461;100
100;2;2;22,55786;100
100;2;2;22,55786;100
100;3;15;22,55786;100
100;3;15;22,55786;100
100;2;2;22,55786;100
100;2;2;22,55786;100
100;3;15;22,55786;100
100;2;2;22,55786;100
100;2;2;22,89111;100
100;3;15;22,89111;100
100;3;15;22,89111;100
100;3;15;22,89111;100
100;2;2;22,89111;100
100;3;15;22,89111;100
100;3;15;22,89111;100
100;2;2;23,22437;100
100;2;2;23,22437;100
100;3;15;23,22437;100
100;3;15;23,22437;100
100;2;2;23,22437;100
100;3;15;23,22437;100
100;2;2;23,22437;100
100;2;2;23,55762;100
100;2;2;23,55762;100
100;2;2;23,55762;100
100;2;2;23,55762;100
100;2;2;23,55762;100
100;2;2;23,55762;100
100;2;2;23,55762;100
100;2;2;23,55762;100
100;3;15;23,55762;100
100;2;2;23,55762;100
100;3;15;23,89087;100
100;3;15;23,89087;100
100;2;2;23,89087;100
100;3;15;23,89087;100
100;2;2;23,89087;100
100;2;2;23,89087;100
100;2;2;23,89087;100
100;2;2;23,89087;100
100;2;2;23,89087;100
100;3;15;23,89087;100
100;2;2;23,89087;100
100;2;2;24,22412;100
100;2;2;24,22412;100
100;2;2;24,22412;100
100;2;2;24,22412;100
100;2;2;24,22412;100
100;2;2;24,22412;100
100;2;2;24,22412;100
100;2;2;24,22412;100
100;3;15;24,55737;100
100;3;15;24,55737;100
100;2;2;24,55737;100
100;2;2;24,55737;100
100;3;15;24,55737;100
100;2;2;24,55737;100
100;2;2;24,89063;100
100;3;15;24,89063;100
100;3;15;24,89063;100
100;3;15;24,89063;100
100;3;15;24,89063;100
100;3;15;24,89063;100
100;2;2;24,89063;100
100;2;2;24,89063;100
100;2;2;25,22388;100
100;2;2;25,22388;100
100;2;2;25,22388;100
100;2;2;25,22388;100
100;2;2;25,22388;100
100;3;15;25,22388;100
100;3;15;25,22388;100
100;2;2;25,22388;100
100;2;2;25,22388;100
100;2;2;25,55713;100
100;3;15;25,55713;100
100;2;2;25,55713;100
100;2;2;25,55713;100
100;2;2;25,89038;100
100;2;2;25,89038;100
100;3;15;25,89038;100
100;2;2;25,89038;100
100;3;15;25,89038;100
100;2;2;25,89038;100
100;2;2;26,22363;100
100;3;15;26,22363;100
100;2;2;26,22363;100
100;3;15;26,22363;100
100;2;2;26,22363;100
100;3;15;26,22363;100
100;3;15;26,22363;100
100;3;15;26,22363;100
100;2;2;26,22363;100
100;3;15;26,55688;100
100;3;15;26,55688;100
100;3;15;26,55688;100
100;2;2;26,55688;100
100;2;2;26,55688;100
100;2;2;26,55688;100
100;3;15;26,55688;100
100;2;2;26,55688;100
100;3;15;26,55688;100
100;2;2;26,55688;100
100;2;2;26,55688;100
100;2;2;26,89014;100
100;3;15;26,89014;100
100;3;15;26,89014;100
100;2;2;26,89014;100
100;2;2;26,89014;100
100;2;2;26,89014;100
100;2;2;26,89014;100
100;2;2;26,89014;100
100;2;2;26,89014;100
100;2;2;27,22339;100
100;2;2;27,22339;100
100;2;2;27,22339;100
100;3;15;27,22339;100
100;2;2;27,22339;100
100;2;2;27,55664;100
100;2;2;27,55664;100
100;2;2;27,55664;100
100;2;2;27,55664;100
100;2;2;27,55664;100
100;3;15;27,55664;100
100;2;2;27,55664;100
100;3;15;27,88989;100
100;2;2;27,88989;100
100;2;2;27,88989;100
100;2;2;27,88989;100
100;3;15;27,88989;100
100;2;2;27,88989;100
100;3;15;27,88989;100
100;3;15;27,88989;100
100;2;2;28,22314;100
100;3;15;28,22314;100
100;2;2;28,22314;100
100;3;15;28,22314;100
100;3;15;28,22314;100
100;3;15;28,5564;100
100;2;2;28,5564;100
100;2;2;28,5564;100
100;3;15;28,5564;100
100;2;2;28,5564;100
100;3;15;28,5564;100
100;3;15;28,5564;100
100;2;2;28,5564;100
100;3;15;28,5564;100
100;2;2;28,5564;100
100;2;2;28,88965;100
100;2;2;28,88965;100
100;2;2;28,88965;100
100;3;15;28,88965;100
100;2;2;28,88965;100
100;2;2;28,88965;100
100;3;15;28,88965;100
100;2;2;28,88965;100
100;2;2;28,88965;100
100;2;2;28,88965;100
100;2;2;29,2229;100
100;2;2;29,2229;100
100;3;15;29,2229;100
100;3;15;29,2229;100
100;2;2;29,2229;100
100;2;2;29,2229;100
100;2;2;29,2229;100
100;3;15;29,2229;100
100;2;2;29,55615;100
100;2;2;29,55615;100
100;2;2;29,55615;100
100;3;15;29,55615;100
100;3;15;29,55615;100
100;3;15;29,55615;100
100;3;15;29,55615;100
100;3;15;29,55615;100
100;3;15;29,55615;100
100;3;15;29,55615;100
100;3;15;29,55615;100
100;2;2;29,55615;100
100;3;15;29,8894;100
100;2;2;29,8894;100
100;3;15;29,8894;100
100;2;2;29,8894;100
100;3;15;29,8894;100
100;2;2;29,8894;100
100;3;15;29,8894;100
100;2;2;29,8894;100
100;3;15;29,8894;100
100;3;15;29,8894;100
100;3;15;29,8894;100
100;3;15;30,22266;100
100;3;15;30,22266;100
100;2;2;30,22266;100
100;2;2;30,22266;100
100;2;2;30,22266;100
100;2;2;30,22266;100
100;3;15;30,22266;100
100;3;15;30,22266;100
100;3;15;30,55591;100
100;3;15;30,55591;100
100;2;2;30,55591;100
100;2;2;30,55591;100
100;2;2;30,55591;100
100;2;2;30,55591;100
100;2;2;30,55591;100
100;2;2;30,55591;100
100;3;15;30,55591;100
100;2;2;30,55591;100
100;2;2;30,55591;100
100;3;15;30,88916;100
100;3;15;30,88916;100
100;3;15;30,88916;100
100;3;15;30,88916;100
100;2;2;30,88916;100
100;3;15;30,88916;100
100;3;15;30,88916;100
100;3;15;30,88916;100
100;3;15;30,88916;100
100;3;15;31,22241;100
100;2;2;31,22241;100
100;2;2;31,22241;100
100;3;15;31,22241;100
100;3;15;31,22241;100
100;2;2;31,22241;100
100;2;2;31,22241;100
100;3;15;31,22241;100
100;2;2;31,22241;100
100;3;15;31,22241;100
100;3;15;31,22241;100
100;3;15;31,22241;100
100;2;2;31,22241;100
100;3;15;31,55566;100
100;3;15;31,55566;100
100;3;15;31,55566;100
100;2;2;31,55566;100
100;2;2;31,55566;100
100;3;15;31,55566;100
100;3;15;31,55566;100
100;3;15;31,55566;100
100;3;15;31,55566;100
100;2;2;31,55566;100
100;2;2;31,55566;100
100;3;15;31,55566;100
100;2;2;31,55566;100
100;2;2;31,88892;100
100;2;2;31,88892;100
100;3;15;31,88892;100
100;3;15;31,88892;100
100;3;15;31,88892;100
100;2;2;32,22217;100
100;2;2;32,22217;100
100;3;15;32,22217;100
100;3;15;32,22217;100
100;2;2;32,22217;100
100;3;15;32,22217;100
100;2;2;32,22217;100
100;2;2;32,22217;100
100;3;15;32,22217;100
100;2;2;32,22217;100
100;3;15;32,55542;100
100;2;2;32,55542;100
100;2;2;32,55542;100
100;3;15;32,55542;100
100;2;2;32,55542;100
100;3;15;32,55542;100
100;3;15;32,55542;100
100;3;15;32,55542;100
100;2;2;32,55542;100
100;2;2;32,88867;100
100;3;15;32,88867;100
100;3;15;32,88867;100
100;3;15;32,88867;100
100;2;2;32,88867;100
100;3;15;32,88867;100
100;2;2;33,22192;100
100;2;2;33,22192;100
100;2;2;33,22192;100
100;3;15;33,22192;100
100;3;15;33,22192;100
100;3;15;33,22192;100
100;2;2;33,22192;100
100;2;2;33,22192;100
100;2;2;33,22192;100
100;2;2;33,55518;100
100;3;15;33,55518;100
100;2;2;33,55518;100
100;2;2;33,55518;100
100;3;15;33,55518;100
100;2;2;33,55518;100
100;2;2;33,55518;100
100;2;2;33,88843;100
100;2;2;33,88843;100
100;3;15;33,88843;100
100;2;2;33,88843;100
100;3;15;33,88843;100
100;2;2;33,88843;100
100;2;2;33,88843;100
100;3;15;33,88843;100
100;3;15;34,22168;100
100;2;2;34,22168;100
100;2;2;34,22168;100
100;2;2;34,22168;100
100;2;2;34,55493;100
100;2;2;34,55493;100
100;2;2;34,55493;100
100;3;15;34,55493;100
100;2;2;34,55493;100
100;2;2;34,55493;100
100;3;15;34,55493;100
100;3;15;34,55493;100
100;2;2;34,55493;100
100;2;2;34,55493;100
100;2;2;34,88818;100
100;2;2;34,88818;100
100;3;15;34,88818;100
100;2;2;34,88818;100
100;2;2;34,88818;100
100;2;2;34,88818;100
100;3;15;34,88818;100
100;3;15;35,22144;100
100;2;2;35,22144;100
100;3;15;35,22144;100
100;2;2;35,22144;100
100;2;2;35,22144;100
100;3;15;35,22144;100
100;2;2;35,22144;100
100;3;15;35,22144;100
100;2;2;35,22144;100
100;2;2;35,55469;100
100;2;2;35,55469;100
100;3;15;35,55469;100
100;2;2;35,55469;100
100;3;15;35,55469;100
100;2;2;35,88794;100
100;2;2;35,88794;100
100;3;15;35,88794;100
100;2;2;35,88794;100
100;2;2;35,88794;100
100;3;15;35,88794;100
100;3;15;35,88794;100
100;3;15;35,88794;100
100;2;2;35,88794;100
100;2;2;35,88794;100
100;2;2;35,88794;100
100;3;15;36,22119;100
100;3;15;36,22119;100
100;2;2;36,22119;100
100;3;15;36,22119;100
100;2;2;36,22119;100
100;2;2;36,22119;100
100;2;2;36,22119;100
100;3;15;36,22119;100
100;2;2;36,22119;100
100;3;15;36,55444;100
100;2;2;36,55444;100
100;2;2;36,55444;100
100;2;2;36,55444;100
100;3;15;36,55444;100
100;2;2;36,55444;100
100;3;15;36,8877;100
100;3;15;36,8877;100
100;2;2;37,22095;100
100;3;15;37,22095;100
100;2;2;37,22095;100
100;2;2;37,22095;100
100;2;2;37,22095;100
100;2;2;37,22095;100
100;2;2;37,22095;100
100;3;15;37,22095;100
100;2;2;37,22095;100
100;3;15;37,5542;100
100;3;15;37,5542;100
100;2;2;37,5542;100
100;2;2;37,5542;100
100;3;15;37,5542;100
100;2;2;37,88745;100
100;2;2;37,88745;100
100;2;2;37,88745;100
100;3;15;37,88745;100
100;3;15;37,88745;100
100;2;2;37,88745;100
100;3;15;37,88745;100
100;3;15;37,88745;100
100;2;2;38,2207;100
100;2;2;38,2207;100
100;3;15;38,2207;100
100;2;2;38,2207;100
100;3;15;38,2207;100
100;3;15;38,2207;100
100;3;15;38,2207;100
100;2;2;38,2207;100
100;3;15;38,2207;100
100;2;2;38,2207;100
100;2;2;38,2207;100
100;3;15;38,2207;100
100;3;15;38,2207;100
100;3;15;38,2207;100
100;3;15;38,55396;100
100;2;2;38,55396;100
100;3;15;38,55396;100
100;3;15;38,55396;100
100;2;2;38,55396;100
100;2;2;38,55396;100
100;2;2;38,55396;100
100;3;15;38,55396;100
100;3;15;38,55396;100
100;3;15;38,55396;100
100;2;2;38,88721;100
100;3;15;38,88721;100
100;2;2;38,88721;100
100;2;2;38,88721;100
100;2;2;38,88721;100
100;2;2;38,88721;100
100;3;15;38,88721;100
100;3;15;39,22046;100
100;3;15;39,22046;100
100;2;2;39,22046;100
100;3;15;39,22046;100
100;3;15;39,22046;100
100;2;2;39,22046;100
100;2;2;39,22046;100
100;2;2;39,22046;100
100;2;2;39,55371;100
100;3;15;39,55371;100
100;3;15;39,55371;100
100;2;2;39,55371;100
100;2;2;39,55371;100
100;3;15;39,55371;100
100;2;2;39,88696;100
100;2;2;39,88696;100
100;2;2;39,88696;100
100;2;2;39,88696;100
100;3;15;39,88696;100
100;3;15;39,88696;100
100;3;15;39,88696;100
100;3;15;40,22021;100
100;3;15;40,22021;100
100;3;15;40,22021;100
100;2;2;40,22021;100
100;3;15;40,22021;100
100;2;2;40,55347;100
100;2;2;40,55347;100
100;3;15;40,55347;100
100;3;15;40,55347;100
100;3;15;40,55347;100
100;2;2;40,55347;100
100;3;15;40,55347;100
100;2;2;40,88672;100
100;2;2;40,88672;100
100;2;2;40,88672;100
100;2;2;40,88672;100
100;3;15;40,88672;100
100;2;2;40,88672;100
100;2;2;40,88672;100
100;2;2;40,88672;100
100;3;15;40,88672;100
100;3;15;40,88672;100
100;3;15;41,21997;100
100;2;2;41,21997;100
100;2;2;41,21997;100
100;2;2;41,21997;100
100;2;2;41,55322;100
100;3;15;41,55322;100
100;2;2;41,55322;100
100;3;15;41,55322;100
100;2;2;41,55322;100
100;3;15;41,55322;100
100;3;15;41,55322;100
100;2;2;41,55322;100
100;3;15;41,55322;100
100;3;15;41,55322;100
100;2;2;41,88647;100
100;3;15;41,88647;100
100;2;2;41,88647;100
100;3;15;41,88647;100
100;2;2;41,88647;100
100;3;15;41,88647;100
100;2;2;41,88647;100
100;2;2;42,21973;100
100;2;2;42,21973;100
100;2;2;42,21973;100
100;3;15;42,21973;100
100;3;15;42,21973;100
100;2;2;42,21973;100
100;3;15;42,21973;100
100;2;2;42,21973;100
100;2;2;42,21973;100
100;3;15;42,55298;100
100;2;2;42,55298;100
100;3;15;42,55298;100
100;2;2;42,55298;100
100;2;2;42,55298;100
100;2;2;42,55298;100
100;2;2;42,55298;100
100;3;15;42,55298;100
100;3;15;42,88623;100
100;3;15;42,88623;100
100;2;2;42,88623;100
100;2;2;42,88623;100
100;2;2;42,88623;100
100;2;2;42,88623;100
100;2;2;42,88623;100
100;3;15;43,21948;100
100;2;2;43,21948;100
100;3;15;43,21948;100
100;3;15;43,21948;100
100;2;2;43,21948;100
100;3;15;43,21948;100
100;2;2;43,21948;100
100;2;2;43,21948;100
100;3;15;43,21948;100
100;2;2;43,55273;100
100;3;15;43,55273;100
100;2;2;43,55273;100
100;3;15;43,55273;100
100;2;2;43,55273;100
100;2;2;43,55273;100
