92;3;15;36,36401;100
92;3;15;36,69727;100
92;2;2;36,69727;100
92;3;15;36,69727;100
92;2;2;36,69727;100
92;2;2;36,69727;100
92;2;2;36,69727;100
92;2;2;36,69727;100
92;2;2;36,69727;100
92;2;2;36,69727;100
92;2;2;37,03052;100
92;2;2;37,03052;100
92;2;2;37,03052;100
92;2;2;37,03052;100
92;3;15;37,03052;100
92;2;2;37,03052;100
92;3;15;37,03052;100
92;3;15;37,03052;100
92;3;15;37,36377;100
92;3;15;37,36377;100
92;2;2;37,36377;100
92;2;2;37,36377;100
92;2;2;37,36377;100
92;2;2;37,36377;100
92;3;15;37,36377;100
92;2;2;37,36377;100
92;2;2;37,36377;100
92;2;2;37,36377;100
92;3;15;37,36377;100
92;2;2;37,69702;100
92;2;2;37,69702;100
92;2;2;37,69702;100
92;3;15;37,69702;100
92;3;15;37,69702;100
92;2;2;37,69702;100
92;2;2;37,69702;100
92;3;15;37,69702;100
92;3;15;38,03027;100
92;3;15;38,03027;100
92;2;2;38,03027;100
92;3;15;38,03027;100
92;2;2;38,03027;100
92;2;2;38,03027;100
92;2;2;38,03027;100
92;2;2;38,03027;100
92;3;15;38,03027;100
92;3;15;38,03027;100
92;2;2;38,36353;100
92;2;2;38,36353;100
92;2;2;38,36353;100
92;2;2;38,36353;100
92;2;2;38,36353;100
92;3;15;38,36353;100
92;3;15;38,36353;100
92;2;2;38,36353;100
92;3;15;38,36353;100
92;3;15;38,36353;100
92;3;15;38,69678;100
92;3;15;38,69678;100
92;3;15;38,69678;100
92;2;2;38,69678;100
92;2;2;38,69678;100
92;3;15;38,69678;100
92;3;15;39,03003;100
92;2;2;39,03003;100
92;3;15;39,03003;100
92;2;2;39,03003;100
92;3;15;39,03003;100
92;2;2;39,03003;100
92;2;2;39,03003;100
92;3;15;39,03003;100
92;3;15;39,03003;100
92;3;15;39,03003;100
92;2;2;39,03003;100
92;2;2;39,36328;100
92;2;2;39,36328;100
92;2;2;39,36328;100
92;2;2;39,36328;100
92;2;2;39,36328;100
92;2;2;39,36328;100
92;3;15;39,36328;100
92;2;2;39,36328;100
92;3;15;39,36328;100
92;2;2;39,36328;100
92;2;2;39,69653;100
92;2;2;39,69653;100
92;2;2;39,69653;100
92;3;15;39,69653;100
92;2;2;39,69653;100
92;2;2;40,02979;100
92;2;2;40,02979;100
92;3;15;40,02979;100
92;3;15;40,02979;100
92;3;15;40,02979;100
92;2;2;40,02979;100
92;2;2;40,02979;100
92;2;2;40,02979;100
92;2;2;40,02979;100
92;2;2;40,36304;100
92;3;15;40,36304;100
92;3;15;40,36304;100
92;3;15;40,36304;100
92;2;2;40,36304;100
92;2;2;40,36304;100
92;2;2;40,36304;100
92;2;2;40,36304;100
92;2;2;40,36304;100
92;3;15;40,36304;100
92;2;2;40,36304;100
92;2;2;40,69629;100
92;2;2;40,69629;100
92;2;2;40,69629;100
92;2;2;40,69629;100
92;3;15;40,69629;100
92;2;2;40,69629;100
92;3;15;40,69629;100
92;3;15;40,69629;100
92;2;2;41,02954;100
92;2;2;41,02954;100
92;3;15;41,02954;100
92;2;2;41,02954;100
92;2;2;41,02954;100
92;2;2;41,02954;100
92;3;15;41,02954;100
92;3;15;41,02954;100
92;3;15;41,02954;100
92;3;15;41,02954;100
92;2;2;41,02954;100
92;3;15;41,36279;100
92;2;2;41,36279;100
92;3;15;41,36279;100
92;3;15;41,36279;100
92;2;2;41,36279;100
92;3;15;41,36279;100
92;3;15;41,36279;100
92;2;2;41,36279;100
92;2;2;41,36279;100
92;2;2;41,36279;100
92;2;2;41,36279;100
92;2;2;41,36279;100
92;3;15;41,69604;100
92;3;15;41,69604;100
92;3;15;41,69604;100
92;2;2;41,69604;100
92;3;15;41,69604;100
92;2;2;41,69604;100
92;3;15;41,69604;100
92;3;15;42,0293;100
92;2;2;42,0293;100
92;3;15;42,0293;100
92;3;15;42,0293;100
92;3;15;42,0293;100
92;3;15;42,0293;100
92;2;2;42,0293;100
92;2;2;42,0293;100
92;2;2;42,0293;100
92;2;2;42,0293;100
92;2;2;42,36255;100
92;3;15;42,36255;100
92;2;2;42,36255;100
92;2;2;42,36255;100
92;2;2;42,36255;100
92;3;15;42,36255;100
92;2;2;42,36255;100
92;2;2;42,36255;100
92;2;2;42,36255;100
92;2;2;42,36255;100
92;2;2;42,36255;100
92;3;15;42,6958;100
92;3;15;42,6958;100
92;2;2;42,6958;100
92;3;15;42,6958;100
92;3;15;42,6958;100
92;2;2;42,6958;100
92;2;2;42,6958;100
92;3;15;42,6958;100
92;2;2;42,6958;100
92;3;15;43,02905;100
92;2;2;43,02905;100
92;2;2;43,02905;100
92;2;2;43,02905;100
92;2;2;43,02905;100
92;2;2;43,02905;100
92;3;15;43,02905;100
92;2;2;43,3623;100
92;3;15;43,3623;100
92;2;2;43,3623;100
92;3;15;43,3623;100
92;2;2;43,3623;100
92;3;15;43,3623;100
92;2;2;43,3623;100
92;2;2;43,69556;100
92;3;15;43,69556;100
92;2;2;43,69556;100
92;3;15;43,69556;100
92;2;2;43,69556;100
92;2;2;43,69556;100
92;2;2;43,69556;100
92;2;2;44,02881;100
92;2;2;44,02881;100
92;3;15;44,02881;100
92;2;2;44,02881;100
92;2;2;44,02881;100
92;3;15;44,02881;100
92;2;2;44,36206;100
92;2;2;44,36206;100
92;3;15;44,36206;100
92;2;2;44,36206;100
92;2;2;44,36206;100
92;2;2;44,36206;100
92;2;2;44,36206;100
92;3;15;44,36206;100
92;2;2;44,36206;100
92;3;15;44,36206;100
92;2;2;44,36206;100
92;3;15;44,69531;100
92;3;15;44,69531;100
92;2;2;44,69531;100
92;2;2;44,69531;100
92;2;2;44,69531;100
92;3;15;44,69531;100
92;3;15;44,69531;100
92;2;2;45,02856;100
92;2;2;45,02856;100
92;2;2;45,02856;100
92;3;15;45,02856;100
92;3;15;45,02856;100
92;2;2;45,02856;100
92;2;2;45,02856;100
92;3;15;45,02856;100
92;3;15;45,02856;100
92;2;2;45,02856;100
92;2;2;45,02856;100
92;2;2;45,02856;100
92;2;2;45,36182;100
92;2;2;45,36182;100
92;3;15;45,36182;100
92;2;2;45,36182;100
92;2;2;45,36182;100
92;2;2;45,36182;100
92;3;15;45,36182;100
92;2;2;45,36182;100
92;2;2;45,69507;100
92;2;2;45,69507;100
92;3;15;45,69507;100
92;2;2;45,69507;100
92;2;2;45,69507;100
92;3;15;45,69507;100
92;3;15;45,69507;100
92;3;15;45,69507;100
92;2;2;45,69507;100
92;2;2;45,69507;100
92;2;2;46,02832;100
92;2;2;46,02832;100
92;2;2;46,02832;100
92;3;15;46,02832;100
92;2;2;46,02832;100
92;3;15;46,02832;100
92;2;2;46,02832;100
92;2;2;46,02832;100
92;3;15;46,02832;100
92;3;15;46,36157;100
92;2;2;46,36157;100
92;3;15;46,36157;100
92;2;2;46,36157;100
92;2;2;46,36157;100
92;3;15;46,36157;100
92;3;15;46,36157;100
92;2;2;46,36157;100
92;3;15;46,36157;100
92;2;2;46,69482;100
92;2;2;46,69482;100
92;3;15;46,69482;100
92;3;15;46,69482;100
92;3;15;46,69482;100
92;3;15;46,69482;100
92;2;2;46,69482;100
92;2;2;46,69482;100
92;2;2;46,69482;100
92;2;2;46,69482;100
92;3;15;46,69482;100
92;2;2;47,02808;100
92;2;2;47,02808;100
92;3;15;47,02808;100
92;2;2;47,02808;100
92;3;15;47,02808;100
92;3;15;47,02808;100
92;2;2;47,02808;100
92;3;15;47,02808;100
92;2;2;47,02808;100
92;2;2;47,02808;100
92;3;15;47,02808;100
92;2;2;47,02808;100
92;3;15;47,36133;100
92;2;2;47,36133;100
92;2;2;47,36133;100
92;2;2;47,36133;100
92;2;2;47,36133;100
92;3;15;47,36133;100
92;2;2;47,36133;100
92;3;15;47,36133;100
92;2;2;47,69458;100
92;2;2;47,69458;100
92;3;15;47,69458;100
92;3;15;47,69458;100
92;3;15;47,69458;100
92;2;2;47,69458;100
92;3;15;47,69458;100
92;2;2;48,02783;100
92;3;15;48,02783;100
92;3;15;48,02783;100
92;3;15;48,02783;100
92;3;15;48,02783;100
92;2;2;48,02783;100
92;3;15;48,02783;100
92;2;2;48,02783;100
92;3;15;48,36108;100
92;3;15;48,36108;100
92;2;2;48,36108;100
92;2;2;48,36108;100
92;3;15;48,36108;100
92;2;2;48,36108;100
92;2;2;48,36108;100
92;2;2;48,36108;100
92;2;2;48,36108;100
92;3;15;48,36108;100
92;3;15;48,36108;100
92;2;2;48,69434;100
92;3;15;48,69434;100
92;2;2;48,69434;100
92;3;15;48,69434;100
92;2;2;48,69434;100
92;2;2;48,69434;100
92;3;15;48,69434;100
92;2;2;48,69434;100
92;2;2;48,69434;100
92;2;2;48,69434;100
92;2;2;49,02759;100
92;3;15;49,02759;100
92;2;2;49,02759;100
92;2;2;49,02759;100
92;3;15;49,02759;100
92;2;2;49,02759;100
92;2;2;49,02759;100
92;2;2;49,02759;100
92;2;2;49,02759;100
92;2;2;49,36084;100
92;3;15;49,36084;100
92;3;15;49,36084;100
92;2;2;49,36084;100
92;2;2;49,36084;100
92;2;2;49,36084;100
92;2;2;49,36084;100
92;2;2;49,36084;100
92;2;2;49,36084;100
92;3;15;49,69409;100
92;3;15;49,69409;100
92;2;2;49,69409;100
92;2;2;49,69409;100
92;3;15;49,69409;100
92;2;2;49,69409;100
92;2;2;49,69409;100
92;2;2;49,69409;100
92;2;2;49,69409;100
92;3;15;50,02734;100
92;3;15;50,02734;100
92;2;2;50,02734;100
92;2;2;50,02734;100
92;2;2;50,02734;100
92;2;2;50,02734;100
92;2;2;50,02734;100
92;2;2;50,02734;100
92;2;2;50,02734;100
92;2;2;50,02734;100
92;2;2;50,02734;100
92;3;15;50,02734;100
92;2;2;50,02734;100
92;2;2;50,3606;100
92;2;2;50,3606;100
92;2;2;50,3606;100
92;3;15;50,3606;100
92;2;2;50,3606;100
92;2;2;50,3606;100
92;2;2;50,3606;100
92;2;2;50,69385;100
92;2;2;50,69385;100
92;2;2;50,69385;100
92;3;15;50,69385;100
92;2;2;50,69385;100
92;2;2;50,69385;100
92;2;2;50,69385;100
92;2;2;50,69385;100
92;2;2;50,69385;100
92;2;2;50,69385;100
92;3;15;51,0271;100
92;3;15;51,0271;100
92;2;2;51,0271;100
92;3;15;51,0271;100
92;2;2;51,0271;100
92;3;15;51,0271;100
92;2;2;51,0271;100
92;3;15;51,0271;100
92;3;15;51,0271;100
92;2;2;51,0271;100
92;2;2;51,36035;100
92;2;2;51,36035;100
92;3;15;51,36035;100
92;3;15;51,36035;100
92;2;2;51,36035;100
92;3;15;51,36035;100
92;3;15;51,36035;100
92;2;2;51,36035;100
92;3;15;51,36035;100
92;3;15;51,36035;100
92;2;2;51,6936;100
92;2;2;51,6936;100
92;3;15;51,6936;100
92;3;15;51,6936;100
92;2;2;51,6936;100
92;2;2;51,6936;100
92;2;2;51,6936;100
92;2;2;51,6936;100
92;2;2;52,02686;100
92;2;2;52,02686;100
92;2;2;52,02686;100
92;2;2;52,02686;100
92;2;2;52,02686;100
92;3;15;52,02686;85
92;3;15;52,02686;70
92;3;15;52,02686;55
84;2;2;52,36011;53
76;3;15;52,36011;38
68;2;2;52,36011;36
60;2;2;52,36011;34
52;3;15;52,36011;19
44;3;15;52,36011;4
36;2;2;52,36011;2
28;2;2;52,36011;0
Player