100;3;15;24,97852;100
100;2;2;24,97852;100
100;3;15;24,97852;100
100;2;2;24,97852;100
100;2;2;25,31177;100
100;2;2;25,31177;100
100;2;2;25,31177;100
100;3;15;25,31177;100
100;3;15;25,31177;100
100;3;15;25,31177;100
100;2;2;25,31177;100
100;2;2;25,31177;100
100;2;2;25,64502;100
100;3;15;25,64502;100
100;3;15;25,64502;100
100;2;2;25,64502;100
100;2;2;25,64502;100
100;2;2;25,64502;100
100;3;15;25,64502;100
100;3;15;25,64502;100
100;3;15;25,64502;100
100;3;15;25,64502;100
100;3;15;25,64502;100
100;2;2;25,97827;100
100;3;15;25,97827;100
100;3;15;25,97827;100
100;2;2;25,97827;100
100;3;15;25,97827;100
100;3;15;25,97827;100
100;3;15;25,97827;100
100;3;15;25,97827;100
100;3;15;25,97827;100
100;3;15;25,97827;100
100;3;15;25,97827;100
100;2;2;25,97827;100
100;3;15;26,31152;100
100;3;15;26,31152;100
100;3;15;26,31152;100
100;2;2;26,31152;100
100;3;15;26,31152;100
100;2;2;26,31152;100
100;3;15;26,31152;100
100;2;2;26,31152;100
100;3;15;26,31152;100
100;2;2;26,31152;100
100;2;2;26,31152;100
100;3;15;26,31152;100
100;3;15;26,64478;100
100;3;15;26,64478;100
100;3;15;26,64478;100
100;2;2;26,64478;100
100;2;2;26,64478;100
100;2;2;26,64478;100
100;3;15;26,64478;100
100;3;15;26,64478;100
100;2;2;26,64478;100
100;3;15;26,97803;100
100;3;15;26,97803;100
100;3;15;26,97803;100
100;2;2;26,97803;100
100;2;2;26,97803;100
100;3;15;26,97803;100
100;3;15;26,97803;100
100;3;15;27,31128;100
100;3;15;27,31128;100
100;2;2;27,31128;100
100;3;15;27,31128;100
100;2;2;27,31128;100
100;3;15;27,31128;100
100;3;15;27,31128;100
100;2;2;27,64453;100
100;2;2;27,64453;100
100;3;15;27,64453;100
100;2;2;27,64453;100
100;3;15;27,64453;100
100;2;2;27,64453;100
100;3;15;27,64453;100
100;2;2;27,97778;100
100;3;15;27,97778;100
100;3;15;27,97778;100
100;2;2;27,97778;100
100;2;2;27,97778;100
100;2;2;27,97778;100
100;3;15;27,97778;100
100;3;15;27,97778;100
100;3;15;28,31104;100
100;2;2;28,31104;100
100;3;15;28,31104;100
100;3;15;28,31104;100
100;3;15;28,31104;100
100;2;2;28,31104;100
100;2;2;28,31104;100
100;2;2;28,64429;100
100;2;2;28,64429;100
100;2;2;28,64429;100
100;2;2;28,64429;100
100;2;2;28,64429;100
100;2;2;28,64429;100
100;3;15;28,64429;100
100;3;15;28,64429;100
100;2;2;28,64429;100
100;2;2;28,64429;100
100;3;15;28,64429;100
100;3;15;28,64429;100
100;2;2;28,97754;100
100;2;2;28,97754;100
100;2;2;28,97754;100
100;3;15;28,97754;100
100;2;2;28,97754;100
100;3;15;28,97754;100
100;2;2;28,97754;100
100;2;2;28,97754;100
100;3;15;28,97754;100
100;3;15;28,97754;100
100;3;15;29,31079;100
100;2;2;29,31079;100
100;3;15;29,31079;100
100;3;15;29,31079;100
100;2;2;29,31079;100
100;2;2;29,31079;100
100;2;2;29,31079;100
100;2;2;29,31079;100
100;3;15;29,31079;100
100;3;15;29,31079;100
100;3;15;29,31079;100
100;3;15;29,64404;100
100;3;15;29,64404;100
100;3;15;29,64404;100
100;2;2;29,64404;100
100;2;2;29,64404;100
100;3;15;29,64404;100
100;3;15;29,64404;100
100;2;2;29,64404;100
100;3;15;29,64404;100
100;2;2;29,64404;100
100;3;15;29,97729;100
100;3;15;29,97729;100
100;3;15;29,97729;100
100;3;15;29,97729;100
100;2;2;29,97729;100
100;2;2;29,97729;100
100;3;15;29,97729;100
100;3;15;29,97729;100
100;3;15;29,97729;100
100;3;15;29,97729;100
100;3;15;30,31055;100
100;3;15;30,31055;100
100;3;15;30,31055;100
100;2;2;30,31055;100
100;2;2;30,31055;100
100;2;2;30,31055;100
100;3;15;30,6438;100
100;3;15;30,6438;100
100;3;15;30,6438;100
100;3;15;30,6438;100
100;3;15;30,6438;100
100;3;15;30,6438;100
100;2;2;30,6438;100
100;3;15;30,6438;100
100;3;15;30,6438;100
100;3;15;30,97705;100
100;3;15;30,97705;100
100;3;15;30,97705;100
100;2;2;30,97705;100
100;3;15;30,97705;100
100;2;2;30,97705;100
100;2;2;30,97705;100
100;2;2;31,3103;100
100;3;15;31,3103;100
100;3;15;31,3103;100
100;2;2;31,3103;100
100;2;2;31,3103;100
100;2;2;31,64355;100
100;2;2;31,64355;100
100;3;15;31,64355;100
100;3;15;31,64355;100
100;3;15;31,64355;100
100;2;2;31,64355;100
100;3;15;31,64355;100
100;2;2;31,64355;100
100;3;15;31,64355;100
100;3;15;31,64355;100
100;2;2;31,64355;100
100;2;2;31,64355;100
100;3;15;31,97681;100
100;2;2;31,97681;100
100;3;15;31,97681;100
100;2;2;31,97681;100
100;3;15;31,97681;100
100;2;2;31,97681;100
100;3;15;31,97681;100
100;2;2;31,97681;100
100;2;2;31,97681;100
100;2;2;32,31006;100
100;3;15;32,31006;100
100;2;2;32,31006;100
100;2;2;32,31006;100
100;2;2;32,31006;100
100;2;2;32,31006;100
100;3;15;32,31006;100
100;2;2;32,64331;100
100;3;15;32,64331;100
100;2;2;32,64331;100
100;2;2;32,64331;100
100;2;2;32,64331;100
100;3;15;32,64331;100
100;2;2;32,64331;100
100;3;15;32,64331;100
100;2;2;32,64331;100
100;2;2;32,97656;100
100;3;15;32,97656;100
100;3;15;32,97656;100
100;2;2;32,97656;100
100;3;15;32,97656;100
100;2;2;32,97656;100
100;3;15;32,97656;100
100;3;15;33,30981;100
100;2;2;33,30981;100
100;2;2;33,30981;100
100;2;2;33,30981;100
100;2;2;33,30981;100
100;3;15;33,30981;100
100;3;15;33,30981;100
100;3;15;33,64307;100
100;2;2;33,64307;100
100;3;15;33,64307;100
100;2;2;33,64307;100
100;2;2;33,64307;100
100;3;15;33,64307;100
100;2;2;33,64307;100
100;2;2;33,64307;100
100;2;2;33,97632;100
100;3;15;33,97632;100
100;3;15;33,97632;100
100;3;15;33,97632;100
100;3;15;33,97632;100
100;2;2;34,30957;100
100;3;15;34,30957;100
100;2;2;34,30957;100
100;2;2;34,30957;100
100;2;2;34,30957;100
100;3;15;34,30957;100
100;3;15;34,30957;100
100;3;15;34,30957;100
100;2;2;34,30957;100
100;2;2;34,64282;100
100;3;15;34,64282;100
100;3;15;34,64282;100
100;2;2;34,64282;100
100;2;2;34,64282;100
100;3;15;34,64282;100
100;2;2;34,64282;100
100;2;2;34,64282;100
100;3;15;34,97607;100
100;3;15;34,97607;100
100;2;2;34,97607;100
100;2;2;34,97607;100
100;3;15;34,97607;100
100;3;15;34,97607;100
100;2;2;34,97607;100
100;3;15;34,97607;100
100;3;15;34,97607;100
100;2;2;34,97607;100
100;2;2;35,30933;100
100;3;15;35,30933;100
100;3;15;35,30933;100
100;2;2;35,30933;100
100;2;2;35,30933;100
100;2;2;35,30933;100
100;3;15;35,30933;100
100;2;2;35,64258;100
100;2;2;35,64258;100
100;3;15;35,64258;100
100;3;15;35,64258;100
100;2;2;35,64258;100
100;3;15;35,64258;100
100;3;15;35,64258;100
100;2;2;35,64258;100
100;2;2;35,97583;100
100;3;15;35,97583;100
100;3;15;35,97583;100
100;2;2;35,97583;100
100;3;15;35,97583;100
100;3;15;36,30908;100
100;3;15;36,30908;100
100;2;2;36,30908;100
100;2;2;36,30908;100
100;2;2;36,30908;100
100;3;15;36,30908;100
100;2;2;36,30908;100
100;2;2;36,30908;100
100;3;15;36,30908;100
100;2;2;36,64233;100
100;2;2;36,64233;100
100;3;15;36,64233;100
100;3;15;36,64233;100
100;3;15;36,64233;100
100;2;2;36,97559;100
100;2;2;36,97559;100
100;3;15;36,97559;100
100;2;2;36,97559;100
100;2;2;36,97559;100
100;2;2;36,97559;100
100;3;15;36,97559;100
100;3;15;36,97559;100
100;2;2;37,30884;100
100;3;15;37,30884;100
100;2;2;37,30884;100
100;3;15;37,30884;100
100;2;2;37,30884;100
100;3;15;37,64209;100
100;2;2;37,64209;100
100;3;15;37,64209;100
100;2;2;37,64209;100
100;2;2;37,64209;100
100;3;15;37,64209;100
100;2;2;37,97534;100
100;2;2;37,97534;100
100;2;2;37,97534;100
100;3;15;37,97534;100
100;3;15;37,97534;100
100;2;2;37,97534;100
100;2;2;37,97534;100
100;3;15;38,30859;100
100;3;15;38,30859;100
100;3;15;38,30859;100
100;2;2;38,30859;100
100;2;2;38,30859;100
100;2;2;38,30859;100
100;3;15;38,30859;100
100;2;2;38,64185;100
100;2;2;38,64185;100
100;2;2;38,64185;100
100;3;15;38,64185;100
100;3;15;38,64185;100
100;3;15;38,9751;100
100;2;2;38,9751;100
100;3;15;38,9751;100
100;3;15;38,9751;100
100;3;15;38,9751;100
100;2;2;38,9751;100
100;2;2;38,9751;100
100;3;15;38,9751;100
100;2;2;38,9751;100
100;2;2;39,30835;100
100;2;2;39,30835;100
100;2;2;39,30835;100
100;2;2;39,30835;100
100;2;2;39,30835;100
100;2;2;39,30835;100
100;3;15;39,30835;100
100;3;15;39,30835;100
100;3;15;39,30835;100
100;3;15;39,30835;100
100;2;2;39,30835;100
100;3;15;39,30835;100
100;3;15;39,30835;100
100;2;2;39,30835;100
100;2;2;39,6416;100
100;3;15;39,6416;100
100;3;15;39,6416;100
100;2;2;39,6416;100
100;2;2;39,6416;100
100;3;15;39,6416;100
100;3;15;39,6416;100
100;2;2;39,97485;100
100;3;15;39,97485;100
100;2;2;39,97485;100
100;3;15;39,97485;100
100;2;2;39,97485;100
100;3;15;39,97485;100
100;3;15;39,97485;100
100;3;15;40,30811;100
100;3;15;40,30811;100
100;2;2;40,30811;100
100;2;2;40,30811;100
100;3;15;40,30811;100
100;3;15;40,30811;100
100;2;2;40,30811;100
100;3;15;40,30811;100
100;3;15;40,30811;100
100;2;2;40,64136;100
100;2;2;40,64136;100
100;2;2;40,64136;100
100;2;2;40,64136;100
100;2;2;40,64136;100
100;3;15;40,64136;100
100;2;2;40,64136;100
100;2;2;40,64136;100
100;3;15;40,97461;100
100;3;15;40,97461;100
100;2;2;40,97461;100
100;2;2;40,97461;100
100;3;15;40,97461;100
100;2;2;40,97461;100
100;3;15;40,97461;100
100;3;15;40,97461;100
100;2;2;40,97461;100
100;3;15;41,30786;100
100;3;15;41,30786;100
100;3;15;41,30786;100
100;3;15;41,30786;100
100;3;15;41,30786;100
100;3;15;41,30786;100
100;2;2;41,30786;100
100;2;2;41,30786;100
100;2;2;41,30786;100
100;2;2;41,64111;100
100;2;2;41,64111;100
100;2;2;41,64111;100
100;3;15;41,64111;100
100;3;15;41,64111;100
100;2;2;41,64111;100
100;3;15;41,64111;100
100;2;2;41,64111;100
100;2;2;41,97437;100
100;3;15;41,97437;100
100;2;2;41,97437;100
100;3;15;41,97437;100
100;2;2;41,97437;100
100;2;2;41,97437;100
100;2;2;41,97437;100
100;2;2;41,97437;100
100;3;15;41,97437;100
100;3;15;42,30762;100
100;2;2;42,30762;100
100;3;15;42,30762;100
100;3;15;42,30762;100
100;2;2;42,30762;100
100;3;15;42,30762;100
100;3;15;42,30762;100
100;2;2;42,30762;100
100;3;15;42,64087;100
100;3;15;42,64087;100
100;2;2;42,64087;100
100;2;2;42,64087;100
100;2;2;42,64087;100
100;2;2;42,64087;100
100;2;2;42,64087;100
100;2;2;42,64087;100
100;3;15;42,64087;100
100;3;15;42,64087;100
100;3;15;42,97412;100
100;3;15;42,97412;100
100;3;15;42,97412;100
100;3;15;42,97412;100
100;2;2;42,97412;100
100;2;2;42,97412;100
100;3;15;42,97412;100
100;2;2;42,97412;100
100;2;2;42,97412;100
100;3;15;42,97412;100
100;3;15;42,97412;100
100;3;15;43,30737;100
100;2;2;43,30737;100
100;3;15;43,30737;100
100;2;2;43,30737;100
100;2;2;43,30737;100
100;3;15;43,30737;100
100;3;15;43,30737;100
100;2;2;43,64063;100
100;2;2;43,64063;100
100;2;2;43,64063;100
100;2;2;43,64063;100
100;2;2;43,64063;100
100;2;2;43,64063;100
100;3;15;43,64063;100
100;3;15;43,64063;100
100;2;2;43,97388;100
100;3;15;43,97388;100
100;2;2;43,97388;100
100;3;15;43,97388;100
100;3;15;43,97388;100
100;2;2;43,97388;100
100;2;2;43,97388;100
100;2;2;43,97388;100
100;3;15;43,97388;100
100;2;2;44,30713;100
100;2;2;44,30713;100
100;2;2;44,30713;100
100;3;15;44,30713;100
100;3;15;44,30713;100
100;2;2;44,30713;100
100;2;2;44,64038;100
100;3;15;44,64038;100
100;2;2;44,64038;100
100;3;15;44,64038;100
100;2;2;44,64038;100
100;3;15;44,64038;100
100;2;2;44,64038;100
100;3;15;44,97363;100
100;2;2;44,97363;100
100;2;2;44,97363;100
100;3;15;44,97363;100
100;3;15;44,97363;100
100;3;15;44,97363;100
100;2;2;44,97363;100
100;2;2;45,30688;100
100;3;15;45,30688;100
100;2;2;45,30688;100
100;3;15;45,30688;100
100;3;15;45,30688;100
100;3;15;45,30688;100
100;3;15;45,30688;100
100;3;15;45,64014;100
100;2;2;45,64014;100
100;2;2;45,64014;100
100;3;15;45,64014;100
100;3;15;45,64014;100
100;2;2;45,64014;100
100;3;15;45,64014;100
100;2;2;45,64014;100
100;3;15;45,64014;100
100;3;15;45,64014;100
100;2;2;45,64014;100
100;2;2;45,97339;100
100;3;15;45,97339;100
100;3;15;45,97339;100
100;2;2;45,97339;100
100;2;2;45,97339;100
100;2;2;45,97339;100
100;3;15;45,97339;100
100;2;2;45,97339;100
100;2;2;45,97339;100
100;2;2;46,30664;100
100;3;15;46,30664;100
100;3;15;46,30664;100
100;2;2;46,30664;100
100;3;15;46,30664;100
100;2;2;46,30664;100
100;3;15;46,30664;100
100;3;15;46,63989;100
100;3;15;46,63989;100
100;2;2;46,63989;100
100;3;15;46,63989;100
100;2;2;46,63989;100
100;2;2;46,63989;100
100;2;2;46,63989;100
100;2;2;46,63989;100
100;2;2;46,63989;100
100;3;15;46,63989;100
100;2;2;46,97314;100
100;3;15;46,97314;100
100;2;2;46,97314;100
100;2;2;46,97314;100
100;2;2;46,97314;100
100;2;2;46,97314;100
100;3;15;47,3064;100
100;3;15;47,3064;100
100;2;2;47,3064;100
100;3;15;47,3064;100
100;2;2;47,3064;100
100;3;15;47,3064;100
100;3;15;47,3064;100
100;2;2;47,3064;100
100;3;15;47,3064;100
100;3;15;47,3064;100
100;3;15;47,3064;100
100;3;15;47,63965;100
100;3;15;47,63965;100
100;2;2;47,63965;100
100;3;15;47,63965;100
100;2;2;47,63965;100
100;2;2;47,63965;100
100;3;15;47,63965;100
100;3;15;47,63965;100
100;2;2;47,63965;100
100;2;2;47,9729;100
100;3;15;47,9729;100
100;3;15;47,9729;100
100;2;2;47,9729;100
100;3;15;47,9729;100
100;2;2;47,9729;100
100;2;2;47,9729;100
100;2;2;48,30615;100
100;3;15;48,30615;100
100;2;2;48,30615;100
100;3;15;48,30615;100
100;2;2;48,30615;100
100;2;2;48,30615;100
100;2;2;48,30615;100
100;3;15;48,30615;100
100;3;15;48,30615;100
100;2;2;48,30615;100
100;2;2;48,6394;100
100;2;2;48,6394;100
100;3;15;48,6394;100
100;2;2;48,6394;100
100;2;2;48,6394;100
100;2;2;48,6394;100
100;2;2;48,6394;100
100;2;2;48,6394;100
100;3;15;48,97266;100
100;2;2;48,97266;100
100;3;15;48,97266;100
100;3;15;48,97266;100
100;2;2;48,97266;100
100;3;15;48,97266;100
100;2;2;48,97266;100
100;2;2;48,97266;100
100;2;2;48,97266;100
100;3;15;49,30591;100
100;2;2;49,30591;100
100;2;2;49,30591;100
100;3;15;49,30591;100
100;3;15;49,30591;100
100;2;2;49,30591;100
100;2;2;49,30591;100
100;3;15;49,30591;100
100;2;2;49,30591;100
100;2;2;49,30591;100
100;2;2;49,30591;100
100;2;2;49,63916;100
100;3;15;49,63916;100
100;3;15;49,63916;100
100;2;2;49,63916;100
100;2;2;49,63916;100
100;2;2;49,63916;100
100;3;15;49,63916;100
100;2;2;49,63916;100
100;3;15;49,63916;100
100;2;2;49,63916;100
100;3;15;49,63916;100
100;2;2;49,97241;100
100;2;2;49,97241;100
100;2;2;49,97241;100
100;3;15;49,97241;100
100;3;15;49,97241;100
100;3;15;49,97241;100
100;2;2;49,97241;100
100;2;2;49,97241;100
100;3;15;49,97241;100
100;3;15;49,97241;100
100;3;15;49,97241;100
100;2;2;49,97241;100
100;2;2;50,30566;100
100;3;15;50,30566;100
100;3;15;50,30566;100
100;3;15;50,30566;100
100;3;15;50,30566;100
100;2;2;50,30566;100
100;2;2;50,30566;100
100;2;2;50,63892;100
100;2;2;50,63892;100
100;3;15;50,63892;100
100;3;15;50,63892;100
100;3;15;50,63892;100
100;2;2;50,63892;100
100;3;15;50,63892;100
100;2;2;50,63892;100
100;2;2;50,97217;100
100;3;15;50,97217;100
100;2;2;50,97217;100
100;2;2;50,97217;100
100;3;15;50,97217;100
100;2;2;50,97217;100
100;2;2;50,97217;100
100;2;2;50,97217;100
100;3;15;50,97217;100
100;3;15;50,97217;100
100;2;2;51,30542;100
100;3;15;51,30542;100
100;2;2;51,30542;100
100;2;2;51,30542;100
100;3;15;51,30542;100
100;2;2;51,30542;100
100;3;15;51,30542;100
100;2;2;51,30542;100
100;2;2;51,63867;100
100;2;2;51,63867;100
100;3;15;51,63867;100
100;2;2;51,63867;100
100;2;2;51,63867;100
100;2;2;51,63867;100
100;3;15;51,63867;100
100;3;15;51,63867;100
100;2;2;51,97192;100
100;3;15;51,97192;100
100;2;2;51,97192;100
100;3;15;51,97192;100
100;3;15;51,97192;100
100;2;2;51,97192;100
100;2;2;51,97192;100
100;2;2;51,97192;100
100;2;2;51,97192;100
100;3;15;52,30518;100
100;2;2;52,30518;100
100;3;15;52,30518;100
100;2;2;52,30518;100
100;3;15;52,30518;100
100;3;15;52,30518;100
100;2;2;52,30518;100
100;2;2;52,30518;100
100;2;2;52,30518;100
100;3;15;52,30518;100
100;2;2;52,63843;100
100;2;2;52,63843;100
100;2;2;52,63843;100
100;3;15;52,63843;100
100;3;15;52,63843;100
100;2;2;52,63843;100
100;2;2;52,63843;100
100;2;2;52,63843;100
100;3;15;52,63843;100
100;3;15;52,97168;100
100;2;2;52,97168;100
100;3;15;52,97168;100
100;2;2;52,97168;100
100;2;2;52,97168;100
