100;3;15;56,73682;100
100;2;2;56,73682;100
100;3;15;56,73682;100
100;2;2;57,07031;100
100;3;15;57,07031;100
100;2;2;57,07031;100
100;2;2;57,07031;100
100;3;15;57,07031;100
100;2;2;57,07031;100
100;2;2;57,07031;100
100;2;2;57,40381;100
100;2;2;57,40381;100
100;3;15;57,40381;100
100;3;15;57,40381;100
100;2;2;57,40381;100
100;2;2;57,40381;100
100;3;15;57,40381;100
100;3;15;57,40381;100
100;2;2;57,40381;100
100;2;2;57,7373;100
100;3;15;57,7373;100
100;3;15;57,7373;100
100;2;2;57,7373;100
100;2;2;57,7373;100
100;2;2;57,7373;100
100;2;2;57,7373;100
100;2;2;58,0708;100
100;2;2;58,0708;100
100;2;2;58,0708;100
100;3;15;58,0708;100
100;3;15;58,0708;100
100;2;2;58,0708;100
100;2;2;58,0708;100
100;2;2;58,0708;100
100;2;2;58,0708;100
100;2;2;58,4043;100
100;3;15;58,4043;100
100;2;2;58,4043;100
100;2;2;58,4043;100
100;3;15;58,4043;100
100;2;2;58,4043;100
100;3;15;58,4043;100
100;2;2;58,4043;100
100;2;2;58,4043;100
100;3;15;58,4043;100
100;3;15;58,4043;100
100;2;2;58,73779;100
100;2;2;58,73779;100
100;2;2;58,73779;100
100;2;2;58,73779;100
100;2;2;58,73779;100
100;3;15;58,73779;100
100;3;15;58,73779;100
100;2;2;58,73779;100
100;2;2;58,73779;100
100;2;2;59,07129;100
100;3;15;59,07129;100
100;3;15;59,07129;100
100;3;15;59,07129;100
100;2;2;59,07129;100
100;2;2;59,07129;100
100;3;15;59,07129;100
100;2;2;59,07129;100
100;2;2;59,07129;100
100;2;2;59,40479;100
100;3;15;59,40479;100
100;3;15;59,40479;100
100;2;2;59,40479;100
100;2;2;59,40479;100
100;3;15;59,40479;100
100;2;2;59,40479;100
100;3;15;59,40479;100
100;2;2;59,40479;100
100;3;15;59,40479;100
100;3;15;59,40479;100
100;2;2;59,40479;100
100;2;2;59,40479;100
100;3;15;59,73828;100
100;2;2;59,73828;100
100;2;2;59,73828;100
100;3;15;59,73828;100
100;3;15;59,73828;100
100;2;2;59,73828;100
100;3;15;59,73828;100
100;3;15;59,73828;100
100;2;2;59,73828;100
100;2;2;59,73828;100
100;2;2;59,73828;100
100;2;2;59,73828;100
100;3;15;0,07177734;100
100;3;15;0,07177734;100
100;2;2;0,07177734;100
100;2;2;0,07177734;100
100;2;2;0,07177734;100
100;3;15;0,07177734;100
100;3;15;0,07177734;100
100;2;2;0,07177734;100
100;2;2;0,07177734;100
100;3;15;0,07177734;100
100;2;2;0,4052734;100
100;3;15;0,4052734;100
100;2;2;0,4052734;100
100;2;2;0,4052734;100
100;3;15;0,4052734;100
100;2;2;0,4052734;100
100;3;15;0,4052734;100
100;2;2;0,4052734;100
100;2;2;0,4052734;100
100;3;15;0,7387695;100
100;2;2;0,7387695;100
100;3;15;0,7387695;100
100;2;2;0,7387695;100
100;2;2;0,7387695;100
100;2;2;0,7387695;100
100;2;2;0,7387695;100
100;2;2;0,7387695;100
100;3;15;0,7387695;100
100;3;15;1,072266;100
100;3;15;1,072266;100
100;3;15;1,072266;100
100;3;15;1,072266;100
100;2;2;1,072266;100
100;3;15;1,072266;100
100;2;2;1,072266;100
100;3;15;1,072266;100
100;3;15;1,072266;100
100;2;2;1,072266;100
100;3;15;1,072266;100
100;3;15;1,072266;100
100;2;2;1,072266;100
100;3;15;1,072266;100
100;3;15;1,405762;100
100;3;15;1,405762;100
100;2;2;1,405762;100
100;2;2;1,405762;100
100;2;2;1,405762;100
100;3;15;1,405762;100
100;3;15;1,405762;100
100;3;15;1,405762;100
100;3;15;1,739258;100
100;2;2;1,739258;100
100;2;2;1,739258;100
100;2;2;1,739258;100
100;2;2;1,739258;100
100;3;15;1,739258;100
100;2;2;1,739258;100
100;2;2;1,739258;100
100;2;2;1,739258;100
100;2;2;2,072754;100
100;3;15;2,072754;100
100;3;15;2,072754;100
100;2;2;2,072754;100
100;2;2;2,072754;100
100;3;15;2,072754;100
100;2;2;2,072754;100
100;3;15;2,072754;100
100;3;15;2,072754;100
100;2;2;2,072754;100
100;3;15;2,072754;100
100;2;2;2,40625;100
100;2;2;2,40625;100
100;2;2;2,40625;100
100;2;2;2,40625;100
100;2;2;2,40625;100
100;2;2;2,40625;100
100;2;2;2,40625;100
100;2;2;2,40625;100
100;2;2;2,40625;100
100;2;2;2,40625;100
100;2;2;2,40625;100
100;3;15;2,40625;100
100;2;2;2,739746;100
100;3;15;2,739746;100
100;3;15;2,739746;100
100;3;15;2,739746;100
100;2;2;2,739746;100
100;2;2;2,739746;100
100;2;2;2,739746;100
100;2;2;2,739746;100
100;3;15;2,739746;100
100;2;2;2,739746;100
100;3;15;2,739746;100
100;2;2;2,739746;100
100;2;2;3,073242;100
100;2;2;3,073242;100
100;2;2;3,073242;100
100;3;15;3,073242;100
100;2;2;3,073242;100
100;2;2;3,073242;100
100;2;2;3,073242;100
100;2;2;3,073242;100
100;2;2;3,073242;100
100;3;15;3,406738;100
100;3;15;3,406738;100
100;3;15;3,406738;100
100;2;2;3,406738;100
100;3;15;3,406738;100
100;2;2;3,406738;100
100;2;2;3,406738;100
100;2;2;3,406738;100
100;3;15;3,406738;100
100;2;2;3,406738;100
100;2;2;3,406738;100
100;2;2;3,406738;100
100;3;15;3,740234;100
100;2;2;3,740234;100
100;2;2;3,740234;100
100;2;2;3,740234;100
100;2;2;3,740234;100
100;2;2;3,740234;100
100;2;2;3,740234;100
100;3;15;3,740234;100
100;2;2;3,740234;100
100;2;2;3,740234;100
100;2;2;4,07373;100
100;2;2;4,07373;100
100;3;15;4,07373;100
100;2;2;4,07373;100
100;2;2;4,07373;100
100;2;2;4,07373;100
100;2;2;4,07373;100
100;3;15;4,07373;100
100;2;2;4,07373;100
100;2;2;4,407227;100
100;3;15;4,407227;100
100;2;2;4,407227;100
100;2;2;4,407227;100
100;2;2;4,407227;100
100;2;2;4,407227;100
100;3;15;4,740723;100
100;3;15;4,740723;100
100;2;2;4,740723;100
100;2;2;4,740723;100
100;2;2;4,740723;100
100;3;15;4,740723;100
100;2;2;4,740723;100
100;2;2;4,740723;100
100;2;2;5,074219;100
100;2;2;5,074219;100
100;2;2;5,074219;100
100;3;15;5,074219;100
100;2;2;5,074219;100
100;2;2;5,074219;100
100;3;15;5,074219;100
100;2;2;5,074219;100
100;2;2;5,074219;100
100;3;15;5,074219;100
100;2;2;5,407715;100
100;2;2;5,407715;100
100;2;2;5,407715;100
100;3;15;5,407715;100
100;2;2;5,407715;100
100;3;15;5,407715;100
100;3;15;5,741211;100
100;2;2;5,741211;100
100;3;15;5,741211;100
100;3;15;5,741211;100
100;2;2;5,741211;100
100;3;15;5,741211;100
100;2;2;6,074707;100
100;2;2;6,074707;100
100;3;15;6,074707;100
100;3;15;6,074707;100
100;2;2;6,074707;100
100;3;15;6,074707;100
100;2;2;6,074707;100
100;2;2;6,408203;100
100;2;2;6,408203;100
100;2;2;6,408203;100
100;3;15;6,408203;100
100;3;15;6,408203;100
100;2;2;6,408203;100
100;2;2;6,408203;100
100;3;15;6,408203;100
100;2;2;6,408203;100
100;2;2;6,408203;100
100;2;2;6,741699;100
100;2;2;6,741699;100
100;2;2;6,741699;100
100;2;2;6,741699;100
100;3;15;6,741699;100
100;2;2;6,741699;100
100;2;2;6,741699;100
100;2;2;6,741699;100
100;3;15;6,741699;100
100;2;2;7,075195;100
100;3;15;7,075195;100
100;2;2;7,075195;100
100;2;2;7,075195;100
100;2;2;7,075195;100
100;2;2;7,075195;100
100;3;15;7,075195;100
100;3;15;7,075195;100
100;2;2;7,075195;100
100;2;2;7,408691;100
100;2;2;7,408691;100
100;2;2;7,408691;100
100;2;2;7,408691;100
100;3;15;7,408691;100
100;2;2;7,408691;100
100;2;2;7,408691;100
100;3;15;7,408691;100
100;3;15;7,408691;100
100;2;2;7,408691;100
100;2;2;7,742188;100
100;3;15;7,742188;100
100;2;2;7,742188;100
100;2;2;7,742188;100
100;3;15;7,742188;100
100;2;2;8,075684;100
100;2;2;8,075684;100
100;2;2;8,075684;100
100;3;15;8,075684;100
100;3;15;8,075684;100
100;2;2;8,075684;100
100;2;2;8,075684;100
100;2;2;8,075684;100
100;2;2;8,075684;100
100;3;15;8,075684;100
100;2;2;8,075684;100
100;2;2;8,40918;100
100;3;15;8,40918;100
100;3;15;8,40918;100
100;3;15;8,40918;100
100;3;15;8,40918;100
100;3;15;8,40918;100
100;2;2;8,40918;100
100;3;15;8,40918;100
100;3;15;8,742676;100
100;2;2;8,742676;100
100;2;2;8,742676;100
100;2;2;8,742676;100
100;3;15;8,742676;100
100;2;2;8,742676;100
100;2;2;8,742676;100
100;2;2;9,076172;100
100;2;2;9,076172;100
100;2;2;9,076172;100
100;2;2;9,076172;100
100;3;15;9,076172;100
100;2;2;9,076172;100
100;3;15;9,076172;100
100;3;15;9,076172;100
100;3;15;9,076172;100
100;3;15;9,409668;100
100;2;2;9,409668;100
100;3;15;9,409668;100
100;2;2;9,409668;100
100;2;2;9,409668;100
100;3;15;9,409668;100
100;3;15;9,743164;100
100;3;15;9,743164;100
100;2;2;9,743164;100
100;3;15;9,743164;100
100;3;15;9,743164;100
100;3;15;9,743164;100
100;2;2;9,743164;100
100;3;15;9,743164;100
100;3;15;9,743164;100
100;2;2;10,07666;100
100;2;2;10,07666;100
100;3;15;10,07666;100
100;2;2;10,07666;100
100;3;15;10,07666;100
100;2;2;10,07666;100
100;3;15;10,07666;100
100;2;2;10,07666;100
100;2;2;10,41016;100
100;2;2;10,41016;100
100;2;2;10,41016;100
100;2;2;10,41016;100
100;2;2;10,41016;100
100;3;15;10,41016;100
100;2;2;10,41016;100
100;3;15;10,41016;100
100;2;2;10,41016;100
100;3;15;10,41016;100
100;2;2;10,41016;100
100;2;2;10,74365;100
100;3;15;10,74365;100
100;2;2;10,74365;100
100;2;2;10,74365;100
100;2;2;10,74365;100
100;3;15;10,74365;100
100;2;2;10,74365;100
100;3;15;10,74365;100
100;2;2;11,07715;100
100;3;15;11,07715;100
100;2;2;11,07715;100
100;2;2;11,07715;100
100;2;2;11,07715;100
100;2;2;11,07715;100
100;3;15;11,07715;100
100;2;2;11,07715;100
100;2;2;11,07715;100
100;3;15;11,41064;100
100;3;15;11,41064;100
100;3;15;11,41064;100
100;2;2;11,41064;100
100;2;2;11,41064;100
100;2;2;11,74414;100
100;3;15;11,74414;100
100;3;15;11,74414;100
100;3;15;11,74414;100
100;3;15;11,74414;100
100;2;2;11,74414;100
100;3;15;11,74414;100
100;3;15;11,74414;100
100;2;2;11,74414;100
100;3;15;12,07764;100
100;2;2;12,07764;100
100;3;15;12,07764;100
100;2;2;12,07764;100
100;2;2;12,07764;100
100;2;2;12,07764;100
100;2;2;12,07764;100
100;2;2;12,07764;100
100;3;15;12,07764;100
100;2;2;12,07764;100
100;2;2;12,07764;100
100;2;2;12,07764;100
100;3;15;12,07764;100
100;2;2;12,41113;100
100;3;15;12,41113;100
100;2;2;12,41113;100
100;2;2;12,41113;100
100;3;15;12,41113;100
100;3;15;12,41113;100
100;2;2;12,41113;100
100;2;2;12,41113;100
100;3;15;12,74463;100
100;2;2;12,74463;100
100;2;2;12,74463;100
100;2;2;12,74463;100
100;3;15;12,74463;85
100;2;2;12,74463;85
100;2;2;12,74463;85
100;3;15;12,74463;70
100;2;2;12,74463;70
100;2;2;12,74463;70
100;2;2;12,74463;70
100;2;2;13,07813;70
100;2;2;13,07813;70
100;2;2;13,07813;70
100;3;15;13,07813;70
100;2;2;13,07813;70
100;2;2;13,07813;70
100;2;2;13,07813;70
100;3;15;13,07813;70
100;2;2;13,07813;70
100;2;2;13,07813;70
100;3;15;13,07813;70
100;2;2;13,07813;70
100;3;15;13,07813;70
100;2;2;13,07813;70
100;3;15;13,41162;55
100;2;2;13,41162;55
100;2;2;13,41162;55
100;2;2;13,41162;55
100;2;2;13,41162;55
100;3;15;13,41162;40
100;2;2;13,41162;40
100;2;2;13,41162;40
100;3;15;13,41162;25
100;3;15;13,41162;10
92;2;2;13,74512;8
44;3;15;13,74512;-7
Player