92;2;2;24,0946;100
92;2;2;24,0946;100
92;2;2;24,42798;100
92;2;2;24,42798;100
92;3;15;24,42798;100
92;3;15;24,42798;100
92;2;2;24,42798;100
92;3;15;24,42798;100
92;2;2;24,42798;100
92;2;2;24,42798;100
92;3;15;24,42798;100
92;2;2;24,42798;100
92;2;2;24,76135;100
92;2;2;24,76135;100
92;2;2;24,76135;100
92;2;2;24,76135;100
92;3;15;24,76135;100
92;2;2;24,76135;100
92;2;2;24,76135;100
92;2;2;24,76135;100
92;3;15;24,76135;100
92;3;15;24,76135;100
92;3;15;25,09473;100
92;2;2;25,09473;100
92;2;2;25,09473;100
92;3;15;25,09473;100
92;2;2;25,09473;100
92;3;15;25,09473;100
92;3;15;25,09473;100
92;3;15;25,09473;100
92;2;2;25,4281;100
92;3;15;25,4281;100
92;2;2;25,4281;100
92;2;2;25,4281;100
92;2;2;25,4281;100
92;3;15;25,4281;100
92;3;15;25,4281;100
92;3;15;25,4281;100
92;3;15;25,4281;100
92;2;2;25,76147;100
92;2;2;25,76147;100
92;3;15;25,76147;100
92;3;15;25,76147;100
92;3;15;25,76147;100
92;2;2;25,76147;100
92;2;2;25,76147;100
92;3;15;25,76147;100
92;3;15;25,76147;100
92;2;2;25,76147;100
92;2;2;26,09485;100
92;2;2;26,09485;100
92;3;15;26,09485;100
92;2;2;26,09485;100
92;3;15;26,09485;100
92;3;15;26,09485;100
92;3;15;26,09485;100
92;2;2;26,09485;100
92;2;2;26,09485;100
92;2;2;26,09485;100
92;2;2;26,09485;100
92;2;2;26,42822;100
92;3;15;26,42822;100
92;2;2;26,42822;100
92;2;2;26,42822;100
92;2;2;26,42822;100
92;2;2;26,7616;100
92;3;15;26,7616;100
92;3;15;26,7616;100
92;2;2;26,7616;100
92;3;15;26,7616;100
92;2;2;26,7616;100
92;3;15;26,7616;100
92;2;2;26,7616;100
92;2;2;26,7616;100
92;2;2;26,7616;100
92;2;2;26,7616;100
92;2;2;26,7616;100
92;2;2;26,7616;100
92;3;15;27,09497;100
92;2;2;27,09497;100
92;3;15;27,09497;100
92;2;2;27,09497;100
92;3;15;27,09497;100
92;2;2;27,09497;100
92;2;2;27,09497;100
92;2;2;27,09497;100
92;2;2;27,42834;100
92;3;15;27,42834;100
92;3;15;27,42834;100
92;2;2;27,42834;100
92;2;2;27,42834;100
92;2;2;27,42834;100
92;3;15;27,76172;100
92;3;15;27,76172;100
92;3;15;27,76172;100
92;3;15;27,76172;100
92;3;15;27,76172;100
92;3;15;27,76172;100
92;2;2;27,76172;100
92;3;15;28,09509;100
92;3;15;28,09509;100
92;2;2;28,09509;100
92;2;2;28,09509;100
92;2;2;28,09509;100
92;3;15;28,09509;100
92;3;15;28,09509;100
92;3;15;28,09509;100
92;2;2;28,09509;100
92;3;15;28,09509;100
92;3;15;28,09509;100
92;3;15;28,42847;100
92;3;15;28,42847;100
92;3;15;28,42847;100
92;2;2;28,42847;100
92;2;2;28,42847;100
92;3;15;28,42847;100
92;3;15;28,76184;100
92;3;15;28,76184;100
92;3;15;28,76184;100
92;2;2;28,76184;100
92;3;15;28,76184;100
92;3;15;28,76184;100
92;2;2;28,76184;100
92;2;2;28,76184;100
92;2;2;29,09521;100
92;2;2;29,09521;100
92;2;2;29,09521;100
92;3;15;29,42859;100
92;2;2;29,42859;100
92;3;15;29,42859;100
92;2;2;29,42859;100
92;3;15;29,42859;100
92;2;2;29,42859;100
92;3;15;29,42859;100
92;2;2;29,42859;100
92;2;2;29,76196;100
92;3;15;29,76196;100
92;2;2;29,76196;100
92;2;2;29,76196;100
92;2;2;29,76196;100
92;2;2;29,76196;100
92;2;2;29,76196;100
92;3;15;29,76196;100
92;2;2;29,76196;100
92;2;2;29,76196;100
92;2;2;29,76196;100
92;3;15;30,09534;100
92;2;2;30,09534;100
92;3;15;30,09534;100
92;3;15;30,09534;100
92;3;15;30,09534;100
92;2;2;30,09534;100
92;3;15;30,09534;100
92;3;15;30,09534;100
92;3;15;30,09534;100
92;3;15;30,42871;100
92;2;2;30,42871;100
92;3;15;30,42871;100
92;2;2;30,42871;100
92;3;15;30,42871;100
92;3;15;30,42871;100
92;2;2;30,42871;100
92;2;2;30,42871;100
92;3;15;30,42871;100
92;3;15;30,42871;100
92;2;2;30,42871;100
92;3;15;30,42871;100
92;2;2;30,42871;100
92;2;2;30,76208;100
92;2;2;30,76208;100
92;3;15;30,76208;100
92;3;15;30,76208;100
92;2;2;30,76208;100
92;3;15;30,76208;100
92;3;15;30,76208;100
92;2;2;30,76208;100
92;2;2;31,09546;100
92;3;15;31,09546;100
92;2;2;31,09546;100
92;2;2;31,09546;100
92;2;2;31,09546;100
92;2;2;31,09546;100
92;3;15;31,09546;100
92;3;15;31,42883;100
92;2;2;31,42883;100
92;3;15;31,42883;100
92;2;2;31,42883;100
92;3;15;31,42883;100
92;2;2;31,42883;100
92;3;15;31,42883;100
92;3;15;31,42883;100
92;3;15;31,42883;100
92;3;15;31,76221;100
92;2;2;31,76221;100
92;2;2;31,76221;100
92;3;15;31,76221;100
92;2;2;31,76221;100
92;2;2;31,76221;100
92;2;2;31,76221;100
92;2;2;31,76221;100
92;2;2;31,76221;100
92;2;2;31,76221;100
92;2;2;31,76221;100
92;3;15;31,76221;100
92;3;15;31,76221;100
92;2;2;32,09558;100
92;2;2;32,09558;100
92;2;2;32,09558;100
92;2;2;32,09558;100
92;3;15;32,09558;100
92;2;2;32,09558;100
92;3;15;32,09558;100
92;2;2;32,09558;100
92;2;2;32,09558;100
92;3;15;32,09558;100
92;2;2;32,09558;100
92;2;2;32,09558;100
92;2;2;32,42896;100
92;3;15;32,42896;100
92;2;2;32,42896;100
92;3;15;32,42896;100
92;2;2;32,42896;100
92;3;15;32,42896;100
92;2;2;32,42896;100
92;2;2;32,76233;100
92;2;2;32,76233;100
92;2;2;32,76233;100
92;2;2;32,76233;100
92;2;2;32,76233;100
92;2;2;32,76233;100
92;3;15;32,76233;100
92;2;2;32,76233;100
92;2;2;32,76233;100
92;3;15;32,76233;100
92;2;2;32,76233;100
92;3;15;32,76233;100
92;2;2;33,0957;100
92;2;2;33,0957;100
92;2;2;33,0957;100
92;3;15;33,0957;100
92;2;2;33,0957;100
92;3;15;33,0957;100
92;3;15;33,42908;100
92;2;2;33,42908;100
92;2;2;33,42908;100
92;2;2;33,42908;100
92;3;15;33,42908;100
92;3;15;33,42908;100
92;3;15;33,76245;100
92;2;2;33,76245;100
92;2;2;33,76245;100
92;2;2;33,76245;100
92;3;15;33,76245;100
92;2;2;33,76245;100
92;3;15;33,76245;100
92;3;15;33,76245;100
92;3;15;33,76245;100
92;3;15;34,09583;100
92;3;15;34,09583;100
92;3;15;34,09583;100
92;3;15;34,09583;100
92;3;15;34,09583;100
92;2;2;34,09583;100
92;3;15;34,09583;100
92;3;15;34,09583;100
92;2;2;34,09583;100
92;2;2;34,4292;100
92;2;2;34,4292;100
92;3;15;34,4292;100
92;2;2;34,4292;100
92;3;15;34,4292;100
92;2;2;34,76257;100
92;3;15;34,76257;100
92;3;15;34,76257;100
92;2;2;34,76257;100
92;2;2;34,76257;100
92;2;2;34,76257;100
92;3;15;34,76257;100
92;2;2;34,76257;100
92;3;15;34,76257;100
92;2;2;34,76257;100
92;2;2;35,09595;100
92;3;15;35,09595;100
92;2;2;35,09595;100
92;2;2;35,09595;100
92;3;15;35,09595;100
92;3;15;35,09595;100
92;3;15;35,09595;100
92;2;2;35,09595;100
92;3;15;35,09595;100
92;3;15;35,09595;100
92;2;2;35,09595;100
92;2;2;35,42932;100
92;3;15;35,42932;100
92;2;2;35,42932;100
92;3;15;35,42932;100
92;3;15;35,42932;100
92;3;15;35,42932;100
92;2;2;35,42932;100
92;2;2;35,7627;100
92;3;15;35,7627;100
92;3;15;35,7627;100
92;2;2;35,7627;100
92;2;2;35,7627;100
92;3;15;35,7627;100
92;2;2;35,7627;100
92;2;2;35,7627;100
92;3;15;35,7627;100
92;2;2;35,7627;100
92;3;15;35,7627;100
92;3;15;35,7627;100
92;2;2;35,7627;100
92;2;2;36,09607;100
92;3;15;36,09607;100
92;3;15;36,09607;100
92;2;2;36,09607;100
92;2;2;36,42944;100
92;3;15;36,42944;100
92;3;15;36,42944;100
92;2;2;36,42944;100
92;2;2;36,42944;100
92;3;15;36,42944;100
92;2;2;36,42944;100
92;3;15;36,42944;100
92;3;15;36,76282;100
92;3;15;36,76282;100
92;2;2;36,76282;100
92;2;2;36,76282;100
92;3;15;36,76282;100
92;2;2;36,76282;100
92;3;15;37,09619;100
92;2;2;37,09619;100
92;2;2;37,09619;100
92;3;15;37,09619;100
92;3;15;37,09619;100
92;2;2;37,09619;100
92;3;15;37,09619;100
92;3;15;37,42957;100
92;3;15;37,42957;85
92;3;15;37,42957;70
92;2;2;37,42957;70
92;2;2;37,42957;70
92;2;2;37,42957;70
92;2;2;37,42957;70
92;3;15;37,42957;55
92;3;15;37,42957;40
92;3;15;37,42957;25
92;3;15;37,76294;10
84;3;15;37,76294;-5
Player