100;3;15;28,99219;100
100;2;2;28,99219;100
100;2;2;28,99219;100
100;3;15;29,32544;100
100;3;15;29,32544;100
100;3;15;29,32544;100
100;3;15;29,32544;100
100;2;2;29,32544;100
100;2;2;29,32544;100
100;3;15;29,32544;100
100;3;15;29,32544;100
100;2;2;29,32544;100
100;3;15;29,65869;100
100;2;2;29,65869;100
100;2;2;29,65869;100
100;2;2;29,65869;100
100;3;15;29,65869;100
100;2;2;29,65869;100
100;2;2;29,65869;100
100;2;2;29,99194;100
100;2;2;29,99194;100
100;2;2;29,99194;100
100;2;2;29,99194;100
100;2;2;29,99194;100
100;2;2;29,99194;100
100;2;2;29,99194;100
100;2;2;30,3252;100
100;2;2;30,3252;100
100;3;15;30,3252;100
100;3;15;30,3252;100
100;2;2;30,3252;100
100;2;2;30,3252;100
100;2;2;30,3252;100
100;2;2;30,3252;100
100;3;15;30,3252;100
100;2;2;30,3252;100
100;3;15;30,3252;100
100;3;15;30,65845;100
100;3;15;30,65845;100
100;2;2;30,65845;100
100;2;2;30,65845;100
100;3;15;30,65845;100
100;3;15;30,65845;100
100;3;15;30,65845;100
100;2;2;30,9917;100
100;2;2;30,9917;100
100;3;15;30,9917;100
100;2;2;30,9917;100
100;2;2;30,9917;100
100;3;15;30,9917;100
100;3;15;30,9917;100
100;2;2;30,9917;100
100;3;15;30,9917;100
100;3;15;31,32495;100
100;2;2;31,32495;100
100;3;15;31,32495;100
100;3;15;31,32495;100
100;2;2;31,32495;100
100;2;2;31,32495;100
100;3;15;31,32495;100
100;2;2;31,32495;100
100;2;2;31,32495;100
100;3;15;31,32495;100
100;2;2;31,6582;100
100;2;2;31,6582;100
100;2;2;31,6582;100
100;3;15;31,6582;100
100;2;2;31,6582;100
100;3;15;31,6582;100
100;3;15;31,6582;100
100;2;2;31,6582;100
100;3;15;31,6582;100
100;3;15;31,99146;100
100;2;2;31,99146;100
100;3;15;31,99146;100
100;3;15;31,99146;100
100;3;15;31,99146;100
100;3;15;31,99146;100
100;3;15;32,32471;100
100;2;2;32,32471;100
100;2;2;32,32471;100
100;2;2;32,32471;100
100;3;15;32,32471;100
100;3;15;32,32471;100
100;2;2;32,32471;100
100;3;15;32,32471;100
100;3;15;32,32471;100
100;3;15;32,65796;100
100;3;15;32,65796;100
100;3;15;32,65796;100
100;3;15;32,65796;100
100;2;2;32,65796;100
100;3;15;32,65796;100
100;2;2;32,65796;100
100;3;15;32,65796;100
100;2;2;32,99121;100
100;3;15;32,99121;100
100;3;15;32,99121;100
100;3;15;32,99121;100
100;2;2;32,99121;100
100;3;15;32,99121;100
100;3;15;33,32446;100
100;3;15;33,32446;100
100;2;2;33,32446;100
100;3;15;33,32446;100
100;3;15;33,32446;100
100;2;2;33,32446;100
100;3;15;33,32446;100
100;2;2;33,65771;100
100;2;2;33,65771;100
100;2;2;33,65771;100
100;2;2;33,65771;100
100;3;15;33,65771;100
100;2;2;33,99097;100
100;2;2;33,99097;100
100;3;15;33,99097;100
100;3;15;33,99097;100
100;2;2;33,99097;100
100;2;2;33,99097;100
100;2;2;33,99097;100
100;3;15;33,99097;100
100;2;2;33,99097;100
100;2;2;34,32422;100
100;2;2;34,32422;100
100;2;2;34,32422;100
100;2;2;34,32422;100
100;3;15;34,32422;100
100;3;15;34,32422;100
100;2;2;34,32422;100
100;2;2;34,32422;100
100;2;2;34,32422;100
100;3;15;34,32422;100
100;2;2;34,32422;100
100;2;2;34,32422;100
100;3;15;34,65747;100
100;3;15;34,65747;100
100;3;15;34,65747;100
100;3;15;34,65747;100
100;3;15;34,65747;100
100;3;15;34,65747;100
100;2;2;34,65747;100
100;3;15;34,65747;100
100;2;2;34,65747;100
100;3;15;34,65747;100
100;3;15;34,65747;100
100;3;15;34,99072;100
100;3;15;34,99072;100
100;2;2;34,99072;100
100;2;2;34,99072;100
100;2;2;34,99072;100
100;2;2;34,99072;100
100;2;2;34,99072;100
100;3;15;34,99072;100
100;3;15;34,99072;100
100;3;15;34,99072;100
100;3;15;35,32397;100
100;2;2;35,32397;100
100;2;2;35,32397;100
100;3;15;35,32397;100
100;2;2;35,32397;100
100;3;15;35,32397;100
100;3;15;35,32397;100
100;3;15;35,32397;100
100;2;2;35,32397;100
100;3;15;35,32397;100
100;3;15;35,32397;100
100;3;15;35,32397;100
100;3;15;35,65723;100
100;3;15;35,65723;100
100;2;2;35,65723;100
100;2;2;35,65723;100
100;3;15;35,65723;100
100;3;15;35,65723;100
100;2;2;35,99048;100
100;3;15;35,99048;100
100;3;15;35,99048;100
100;2;2;35,99048;100
100;3;15;35,99048;100
100;3;15;35,99048;100
100;3;15;35,99048;100
100;3;15;36,32373;100
100;2;2;36,32373;100
100;3;15;36,32373;100
100;2;2;36,32373;100
100;2;2;36,32373;100
100;2;2;36,32373;100
100;3;15;36,32373;100
100;3;15;36,32373;100
100;2;2;36,32373;100
100;3;15;36,32373;100
100;2;2;36,32373;100
100;3;15;36,65698;100
100;2;2;36,65698;100
100;2;2;36,65698;100
100;3;15;36,65698;100
100;3;15;36,65698;100
100;2;2;36,65698;100
100;2;2;36,65698;100
100;3;15;36,65698;100
100;2;2;36,65698;100
100;3;15;36,65698;100
100;2;2;36,65698;100
100;3;15;36,65698;100
100;2;2;36,99023;100
100;2;2;36,99023;100
100;2;2;36,99023;100
100;3;15;36,99023;100
100;2;2;36,99023;100
100;2;2;36,99023;100
100;2;2;36,99023;100
100;3;15;36,99023;100
100;2;2;36,99023;100
100;3;15;36,99023;100
100;2;2;36,99023;100
100;3;15;37,32349;100
100;3;15;37,32349;100
100;3;15;37,32349;100
100;3;15;37,32349;100
100;3;15;37,65674;100
100;3;15;37,65674;100
100;3;15;37,65674;100
100;3;15;37,65674;100
100;2;2;37,65674;100
100;2;2;37,98999;100
100;2;2;37,98999;100
100;2;2;37,98999;100
100;3;15;37,98999;100
100;3;15;37,98999;100
100;2;2;37,98999;100
100;3;15;37,98999;100
100;2;2;37,98999;100
100;3;15;37,98999;100
100;3;15;38,32324;100
100;3;15;38,32324;100
100;3;15;38,32324;100
100;3;15;38,32324;100
100;3;15;38,32324;100
100;2;2;38,32324;100
100;2;2;38,32324;100
100;2;2;38,65649;100
100;3;15;38,65649;100
100;3;15;38,98975;100
100;3;15;38,98975;100
100;3;15;38,98975;100
100;3;15;38,98975;100
100;2;2;38,98975;100
100;3;15;38,98975;100
100;3;15;38,98975;100
100;2;2;39,323;100
100;3;15;39,323;100
100;3;15;39,323;100
100;2;2;39,323;100
100;2;2;39,323;100
100;3;15;39,323;100
100;2;2;39,323;100
100;2;2;39,323;100
100;3;15;39,65625;100
100;2;2;39,65625;100
100;3;15;39,65625;100
100;2;2;39,65625;100
100;2;2;39,65625;100
100;2;2;39,65625;100
100;2;2;39,65625;100
100;3;15;39,65625;100
100;2;2;39,65625;100
100;3;15;39,65625;100
100;3;15;39,9895;100
100;2;2;39,9895;100
100;2;2;39,9895;100
100;3;15;39,9895;100
100;3;15;39,9895;100
100;3;15;39,9895;100
100;2;2;39,9895;100
100;3;15;39,9895;100
100;3;15;39,9895;100
100;2;2;39,9895;100
100;3;15;40,32275;100
100;3;15;40,32275;100
100;3;15;40,32275;100
100;2;2;40,32275;100
100;2;2;40,32275;100
100;2;2;40,32275;100
100;3;15;40,32275;100
100;2;2;40,32275;100
100;3;15;40,32275;100
100;3;15;40,32275;100
100;3;15;40,32275;100
100;3;15;40,65601;100
100;2;2;40,65601;100
100;2;2;40,65601;100
100;3;15;40,65601;100
100;2;2;40,65601;100
100;2;2;40,65601;100
100;2;2;40,65601;100
100;3;15;40,98926;100
100;3;15;40,98926;100
100;2;2;40,98926;100
100;2;2;40,98926;100
100;3;15;40,98926;100
100;3;15;40,98926;100
100;2;2;40,98926;100
100;3;15;40,98926;100
100;2;2;40,98926;100
100;3;15;40,98926;100
100;3;15;41,32251;100
100;2;2;41,32251;100
100;2;2;41,32251;100
100;3;15;41,32251;100
100;3;15;41,32251;100
100;3;15;41,32251;100
100;3;15;41,32251;100
100;3;15;41,32251;100
100;2;2;41,32251;100
100;3;15;41,65576;100
100;3;15;41,65576;100
100;3;15;41,65576;100
100;2;2;41,65576;100
100;3;15;41,65576;100
100;3;15;41,65576;100
100;2;2;41,98901;100
100;3;15;41,98901;100
100;3;15;41,98901;100
100;3;15;41,98901;100
100;3;15;41,98901;100
100;2;2;41,98901;100
100;3;15;41,98901;100
100;2;2;41,98901;100
100;2;2;42,32227;100
100;2;2;42,32227;100
100;2;2;42,32227;100
100;3;15;42,32227;100
100;3;15;42,32227;100
100;2;2;42,32227;100
100;2;2;42,32227;100
100;3;15;42,32227;100
100;3;15;42,32227;100
100;2;2;42,65552;100
100;3;15;42,65552;100
100;3;15;42,65552;100
100;3;15;42,65552;100
100;2;2;42,65552;100
100;2;2;42,65552;100
100;3;15;42,65552;100
100;3;15;42,65552;100
100;2;2;42,98877;100
100;2;2;42,98877;100
100;3;15;42,98877;100
100;2;2;42,98877;100
100;2;2;42,98877;100
100;2;2;42,98877;100
100;3;15;43,32202;100
100;3;15;43,32202;100
100;3;15;43,32202;100
100;3;15;43,32202;100
100;2;2;43,32202;100
100;2;2;43,32202;100
100;2;2;43,32202;100
100;3;15;43,32202;100
100;3;15;43,65527;100
100;3;15;43,65527;100
100;3;15;43,65527;100
100;2;2;43,65527;100
100;2;2;43,65527;100
100;2;2;43,65527;100
100;3;15;43,98853;100
100;2;2;43,98853;100
100;3;15;43,98853;100
100;2;2;44,32178;100
100;3;15;44,32178;100
100;3;15;44,32178;100
100;2;2;44,32178;100
100;2;2;44,32178;100
100;3;15;44,32178;100
100;2;2;44,32178;100
100;2;2;44,32178;100
100;2;2;44,32178;100
100;3;15;44,65503;100
100;2;2;44,65503;100
100;3;15;44,65503;100
100;3;15;44,65503;100
100;2;2;44,65503;100
100;2;2;44,65503;100
100;3;15;44,65503;100
100;3;15;44,65503;100
100;2;2;44,65503;100
100;3;15;44,98828;100
100;2;2;44,98828;100
100;3;15;44,98828;100
100;2;2;44,98828;100
100;2;2;44,98828;100
100;3;15;44,98828;100
100;3;15;45,32153;100
100;2;2;45,32153;100
100;2;2;45,32153;100
100;2;2;45,32153;100
100;3;15;45,32153;100
100;3;15;45,32153;100
100;2;2;45,32153;100
100;2;2;45,65479;100
100;3;15;45,65479;100
100;3;15;45,65479;100
100;3;15;45,65479;100
100;2;2;45,65479;100
100;2;2;45,65479;100
100;2;2;45,65479;100
100;3;15;45,65479;100
100;3;15;45,98804;100
100;3;15;45,98804;100
100;3;15;45,98804;100
100;3;15;45,98804;100
100;2;2;45,98804;100
100;2;2;45,98804;100
100;3;15;45,98804;100
100;3;15;45,98804;100
100;2;2;45,98804;100
100;3;15;46,32129;100
100;3;15;46,32129;100
100;2;2;46,32129;100
100;3;15;46,32129;100
100;2;2;46,32129;100
100;3;15;46,32129;100
100;3;15;46,32129;100
100;3;15;46,65454;100
100;3;15;46,65454;100
100;2;2;46,65454;100
100;3;15;46,65454;100
100;2;2;46,65454;100
100;3;15;46,98779;100
100;3;15;46,98779;100
100;3;15;46,98779;100
100;3;15;46,98779;100
100;3;15;46,98779;100
100;3;15;46,98779;100
100;2;2;46,98779;100
100;2;2;46,98779;100
100;3;15;47,32104;100
100;3;15;47,32104;100
100;2;2;47,32104;100
100;2;2;47,32104;100
100;3;15;47,32104;100
100;3;15;47,32104;100
100;3;15;47,32104;100
100;3;15;47,32104;100
100;3;15;47,32104;100
100;3;15;47,6543;100
100;3;15;47,6543;100
100;2;2;47,6543;100
100;2;2;47,6543;100
100;2;2;47,6543;100
100;2;2;47,6543;100
100;2;2;47,98755;100
100;2;2;47,98755;100
100;2;2;47,98755;100
100;3;15;47,98755;100
100;2;2;47,98755;100
100;3;15;47,98755;100
100;2;2;47,98755;100
100;3;15;47,98755;100
100;3;15;47,98755;100
100;3;15;48,3208;100
100;3;15;48,3208;100
100;3;15;48,3208;100
100;2;2;48,3208;100
100;2;2;48,3208;100
100;2;2;48,3208;100
100;2;2;48,3208;100
100;3;15;48,3208;100
100;2;2;48,3208;100
100;2;2;48,3208;100
100;3;15;48,3208;100
100;3;15;48,65405;100
100;3;15;48,65405;100
100;2;2;48,65405;100
100;3;15;48,65405;100
100;3;15;48,65405;100
100;3;15;48,65405;100
100;2;2;48,65405;100
100;2;2;48,65405;100
100;3;15;48,9873;100
100;2;2;48,9873;100
100;2;2;48,9873;100
100;2;2;48,9873;100
100;3;15;48,9873;100
100;2;2;48,9873;100
100;3;15;48,9873;100
100;2;2;48,9873;100
100;3;15;48,9873;100
100;3;15;48,9873;100
100;2;2;48,9873;100
100;2;2;48,9873;100
100;2;2;49,32056;100
100;2;2;49,32056;100
100;2;2;49,32056;100
100;2;2;49,32056;100
100;2;2;49,32056;100
100;2;2;49,32056;100
100;3;15;49,32056;100
100;2;2;49,32056;100
100;2;2;49,65381;100
100;3;15;49,65381;100
100;3;15;49,65381;100
100;2;2;49,65381;100
100;3;15;49,65381;100
100;2;2;49,98706;100
100;3;15;49,98706;100
100;2;2;49,98706;100
100;3;15;49,98706;100
100;3;15;49,98706;100
100;3;15;49,98706;100
100;2;2;49,98706;100
100;2;2;49,98706;100
100;3;15;50,32031;100
100;2;2;50,32031;100
100;2;2;50,32031;100
100;3;15;50,32031;100
100;2;2;50,32031;100
100;2;2;50,32031;100
100;3;15;50,32031;100
100;3;15;50,32031;100
100;2;2;50,32031;100
100;2;2;50,65356;100
100;3;15;50,65356;100
100;3;15;50,65356;100
100;3;15;50,65356;100
100;3;15;50,65356;100
100;3;15;50,65356;100
100;2;2;50,65356;100
100;3;15;50,98682;100
100;3;15;50,98682;100
100;3;15;50,98682;100
100;2;2;50,98682;100
100;2;2;50,98682;100
100;3;15;50,98682;100
100;3;15;50,98682;100
100;3;15;50,98682;100
100;2;2;50,98682;100
100;3;15;50,98682;100
100;2;2;50,98682;100
100;2;2;51,32007;100
100;3;15;51,32007;100
100;2;2;51,32007;100
100;2;2;51,32007;100
100;2;2;51,32007;100
100;3;15;51,32007;100
100;2;2;51,32007;100
100;3;15;51,32007;100
100;2;2;51,32007;100
100;2;2;51,32007;100
100;2;2;51,32007;100
100;2;2;51,65332;100
100;3;15;51,65332;100
100;3;15;51,65332;100
100;2;2;51,65332;100
100;2;2;51,65332;100
100;3;15;51,65332;100
100;3;15;51,98657;100
100;3;15;51,98657;100
100;2;2;51,98657;100
100;3;15;51,98657;100
100;3;15;51,98657;100
100;2;2;51,98657;100
100;3;15;51,98657;100
100;2;2;51,98657;100
100;2;2;52,31982;100
100;3;15;52,31982;100
100;2;2;52,31982;100
100;2;2;52,31982;100
100;3;15;52,31982;100
100;3;15;52,31982;100
100;3;15;52,31982;100
100;2;2;52,65308;100
100;2;2;52,65308;100
100;2;2;52,65308;100
100;3;15;52,65308;100
100;3;15;52,65308;100
100;3;15;52,65308;100
100;2;2;52,65308;100
100;2;2;52,65308;100
100;2;2;52,65308;100
100;3;15;52,65308;100
100;2;2;52,98633;100
100;3;15;52,98633;100
100;3;15;52,98633;100
100;3;15;52,98633;100
100;2;2;52,98633;100
100;2;2;52,98633;100
100;2;2;52,98633;100
100;3;15;52,98633;100
100;2;2;52,98633;100
100;2;2;52,98633;100
100;3;15;53,31958;100
100;2;2;53,31958;100
100;3;15;53,31958;100
100;3;15;53,31958;100
100;2;2;53,31958;100
100;2;2;53,31958;100
100;3;15;53,31958;100
100;3;15;53,31958;100
100;3;15;53,31958;100
100;2;2;53,31958;100
100;2;2;53,31958;100
100;2;2;53,65283;100
100;2;2;53,65283;100
100;2;2;53,65283;100
100;3;15;53,65283;100
100;2;2;53,65283;100
100;2;2;53,65283;100
100;3;15;53,65283;100
100;3;15;53,65283;100
100;2;2;53,65283;100
100;3;15;53,65283;100
100;2;2;53,65283;100
100;2;2;53,65283;100
100;3;15;53,65283;100
100;3;15;53,98608;100
100;3;15;53,98608;100
100;3;15;53,98608;100
100;3;15;53,98608;100
100;3;15;53,98608;100
100;3;15;53,98608;100
100;2;2;53,98608;100
100;3;15;53,98608;100
100;2;2;53,98608;100
100;3;15;54,31934;100
100;2;2;54,31934;100
100;3;15;54,31934;100
100;3;15;54,31934;100
100;3;15;54,31934;100
100;3;15;54,65259;100
100;2;2;54,65259;100
100;3;15;54,65259;100
100;2;2;54,65259;100
100;3;15;54,65259;100
100;2;2;54,65259;100
100;2;2;54,65259;100
100;2;2;54,65259;100
100;2;2;54,65259;100
100;3;15;54,98584;100
100;2;2;54,98584;100
100;2;2;54,98584;100
100;3;15;54,98584;100
100;2;2;54,98584;100
100;2;2;54,98584;100
100;3;15;55,31909;100
100;2;2;55,31909;100
100;3;15;55,31909;100
100;3;15;55,31909;100
100;3;15;55,31909;100
100;3;15;55,31909;100
100;3;15;55,65234;100
100;3;15;55,65234;100
100;3;15;55,65234;100
100;3;15;55,65234;100
100;2;2;55,65234;100
100;3;15;55,65234;100
100;3;15;55,65234;100
100;3;15;55,65234;100
100;3;15;55,65234;100
100;2;2;55,65234;100
100;2;2;55,9856;100
100;2;2;55,9856;100
100;2;2;55,9856;100
100;3;15;55,9856;100
100;2;2;55,9856;100
100;3;15;55,9856;100
100;3;15;55,9856;100
100;3;15;56,31885;100
100;2;2;56,31885;100
100;2;2;56,31885;100
100;3;15;56,31885;100
100;2;2;56,31885;100
100;2;2;56,31885;100
100;3;15;56,31885;100
100;3;15;56,31885;100
100;2;2;56,6521;100
100;2;2;56,6521;100
100;3;15;56,6521;100
100;3;15;56,6521;100
100;3;15;56,6521;100
100;2;2;56,6521;100
100;2;2;56,6521;100
100;2;2;56,6521;100
100;2;2;56,6521;100
100;2;2;56,6521;100
100;2;2;56,6521;100
100;2;2;56,6521;100
100;2;2;56,98535;100
100;2;2;56,98535;100
100;2;2;56,98535;100
