92;3;15;51,00146;100
92;3;15;51,00146;100
92;3;15;51,00146;100
92;3;15;51,00146;100
92;2;2;51,00146;100
92;3;15;51,00146;100
92;3;15;51,00146;100
92;3;15;51,00146;100
92;3;15;51,00146;100
92;2;2;51,33472;100
92;2;2;51,33472;100
92;3;15;51,33472;100
92;2;2;51,33472;100
92;2;2;51,33472;100
92;2;2;51,33472;100
92;3;15;51,66797;100
92;2;2;51,66797;100
92;2;2;51,66797;100
92;2;2;51,66797;100
92;2;2;51,66797;100
92;2;2;51,66797;100
92;3;15;51,66797;100
92;3;15;51,66797;100
92;2;2;51,66797;100
92;3;15;52,00122;100
92;3;15;52,00122;100
92;3;15;52,00122;100
92;2;2;52,00122;100
92;2;2;52,00122;100
92;2;2;52,00122;100
92;2;2;52,33447;100
92;3;15;52,33447;100
92;3;15;52,33447;100
92;3;15;52,33447;100
92;2;2;52,33447;100
92;3;15;52,33447;100
92;2;2;52,33447;100
92;3;15;52,33447;100
92;2;2;52,33447;100
92;3;15;52,66772;100
92;3;15;52,66772;100
92;3;15;52,66772;100
92;2;2;52,66772;100
92;2;2;52,66772;100
92;2;2;52,66772;100
92;3;15;53,00098;100
92;3;15;53,00098;100
92;2;2;53,00098;100
92;2;2;53,00098;100
92;3;15;53,00098;100
92;3;15;53,00098;100
92;3;15;53,00098;100
92;3;15;53,33423;100
92;2;2;53,33423;100
92;2;2;53,33423;100
92;2;2;53,33423;100
92;3;15;53,33423;100
92;3;15;53,33423;100
92;3;15;53,33423;100
92;2;2;53,33423;100
92;3;15;53,33423;100
92;2;2;53,66748;100
92;3;15;53,66748;100
92;2;2;53,66748;100
92;2;2;53,66748;100
92;3;15;53,66748;100
92;3;15;53,66748;100
92;2;2;53,66748;100
92;3;15;53,66748;100
92;3;15;53,66748;100
92;3;15;53,66748;100
92;3;15;53,66748;100
92;2;2;53,66748;100
92;2;2;54,00073;100
92;2;2;54,00073;100
92;2;2;54,00073;100
92;2;2;54,00073;100
92;3;15;54,00073;100
92;3;15;54,00073;100
92;2;2;54,00073;100
92;2;2;54,33398;100
92;3;15;54,33398;100
92;3;15;54,33398;100
92;2;2;54,33398;100
92;2;2;54,33398;100
92;2;2;54,33398;100
92;3;15;54,33398;100
92;2;2;54,33398;100
92;2;2;54,33398;100
92;2;2;54,66724;100
92;3;15;54,66724;100
92;3;15;54,66724;100
92;3;15;54,66724;100
92;3;15;54,66724;100
92;2;2;54,66724;100
92;3;15;54,66724;100
92;3;15;54,66724;100
92;3;15;54,66724;100
92;2;2;54,66724;100
92;2;2;55,00049;100
92;2;2;55,00049;100
92;3;15;55,00049;100
92;2;2;55,00049;100
92;3;15;55,00049;100
92;3;15;55,00049;100
92;3;15;55,00049;100
92;2;2;55,00049;100
92;2;2;55,33374;100
92;3;15;55,33374;100
92;3;15;55,33374;100
92;3;15;55,33374;100
92;2;2;55,33374;100
92;3;15;55,33374;100
92;2;2;55,33374;100
92;3;15;55,33374;100
92;2;2;55,33374;100
92;3;15;55,66699;100
92;3;15;55,66699;100
92;2;2;55,66699;100
92;2;2;55,66699;100
92;2;2;56,00024;100
92;2;2;56,00024;100
92;3;15;56,00024;100
92;2;2;56,00024;100
92;2;2;56,00024;100
92;2;2;56,00024;100
92;3;15;56,3335;100
92;3;15;56,3335;100
92;3;15;56,3335;100
92;3;15;56,3335;100
92;2;2;56,3335;100
92;3;15;56,3335;100
92;3;15;56,3335;100
92;3;15;56,3335;100
92;2;2;56,3335;100
92;2;2;56,66675;100
92;3;15;56,66675;100
92;2;2;56,66675;100
92;2;2;56,66675;100
92;3;15;56,66675;100
92;2;2;56,66675;100
92;2;2;56,66675;100
92;3;15;57;100
92;3;15;57;100
92;2;2;57;100
92;2;2;57;100
92;3;15;57;100
92;2;2;57;100
92;3;15;57;100
92;2;2;57;100
92;3;15;57,33325;100
92;2;2;57,33325;100
92;3;15;57,33325;100
92;3;15;57,33325;100
92;3;15;57,33325;100
92;2;2;57,33325;100
92;2;2;57,33325;100
92;2;2;57,33325;100
92;2;2;57,33325;100
92;3;15;57,33325;100
92;3;15;57,33325;100
92;2;2;57,6665;100
92;3;15;57,6665;100
92;2;2;57,6665;100
92;3;15;57,6665;100
92;2;2;57,6665;100
92;2;2;57,6665;100
92;2;2;57,6665;100
92;3;15;57,6665;100
92;2;2;57,6665;100
92;2;2;57,6665;100
92;2;2;57,6665;100
92;2;2;57,99976;100
92;2;2;57,99976;100
92;3;15;57,99976;100
92;3;15;57,99976;100
92;2;2;57,99976;100
92;3;15;57,99976;100
92;3;15;57,99976;100
92;3;15;57,99976;100
92;3;15;58,33301;100
92;2;2;58,33301;100
92;2;2;58,33301;100
92;3;15;58,33301;100
92;3;15;58,33301;100
92;2;2;58,33301;100
92;3;15;58,33301;100
92;2;2;58,33301;100
92;2;2;58,66626;100
92;3;15;58,66626;100
92;2;2;58,66626;100
92;3;15;58,66626;100
92;2;2;58,66626;100
92;2;2;58,66626;100
92;2;2;58,66626;100
92;2;2;58,66626;100
92;2;2;58,99951;100
92;2;2;58,99951;100
92;3;15;58,99951;100
92;3;15;58,99951;100
92;2;2;58,99951;100
92;2;2;58,99951;100
92;3;15;58,99951;100
92;3;15;58,99951;100
92;3;15;59,33276;100
92;2;2;59,33276;100
92;2;2;59,33276;100
92;2;2;59,33276;100
92;3;15;59,33276;100
92;2;2;59,33276;100
92;2;2;59,33276;100
92;2;2;59,33276;100
92;3;15;59,33276;100
92;3;15;59,33276;100
92;3;15;59,66602;100
92;3;15;59,66602;100
92;3;15;59,66602;100
92;3;15;59,66602;100
92;2;2;59,66602;100
92;2;2;59,66602;100
92;2;2;59,66602;100
92;2;2;59,66602;100
92;2;2;59,66602;100
92;2;2;59,66602;100
92;3;15;59,99927;100
92;2;2;59,99927;100
92;3;15;59,99927;100
92;3;15;59,99927;100
92;2;2;59,99927;100
92;2;2;59,99927;100
92;2;2;59,99927;100
92;3;15;59,99927;100
92;3;15;59,99927;100
92;2;2;59,99927;100
92;3;15;59,99927;100
92;3;15;59,99927;100
92;2;2;0,3325195;100
92;3;15;0,3325195;100
92;3;15;0,3325195;100
92;3;15;0,3325195;100
92;2;2;0,3325195;100
92;3;15;0,3325195;100
92;2;2;0,3325195;100
92;2;2;0,3325195;100
92;2;2;0,6657715;100
92;2;2;0,6657715;100
92;2;2;0,6657715;100
92;2;2;0,6657715;100
92;3;15;0,6657715;100
92;3;15;0,6657715;100
92;2;2;0,6657715;100
92;3;15;0,6657715;100
92;2;2;0,9990234;100
92;3;15;0,9990234;100
92;2;2;0,9990234;100
92;3;15;0,9990234;100
92;3;15;0,9990234;100
92;2;2;0,9990234;100
92;2;2;0,9990234;100
92;2;2;0,9990234;100
92;2;2;0,9990234;100
92;3;15;0,9990234;100
92;3;15;1,332275;100
92;3;15;1,332275;100
92;3;15;1,332275;100
92;2;2;1,332275;100
92;3;15;1,665527;100
92;3;15;1,665527;100
92;2;2;1,665527;100
92;2;2;1,665527;100
92;3;15;1,665527;100
92;2;2;1,665527;100
92;3;15;1,665527;100
92;3;15;1,998779;100
92;3;15;1,998779;100
92;3;15;1,998779;100
92;2;2;1,998779;100
92;3;15;1,998779;100
92;2;2;1,998779;100
92;2;2;1,998779;100
92;2;2;2,332031;100
92;3;15;2,332031;100
92;2;2;2,332031;100
92;3;15;2,332031;100
92;3;15;2,332031;100
92;2;2;2,332031;100
92;2;2;2,332031;100
92;2;2;2,332031;100
92;3;15;2,332031;100
92;3;15;2,665283;100
92;2;2;2,665283;100
92;3;15;2,665283;100
92;2;2;2,665283;100
92;2;2;2,665283;100
92;3;15;2,665283;100
92;3;15;2,665283;100
92;2;2;2,998535;100
92;2;2;2,998535;100
92;2;2;2,998535;100
92;2;2;2,998535;100
92;3;15;2,998535;100
92;3;15;2,998535;100
92;3;15;3,331787;100
92;2;2;3,331787;100
92;3;15;3,331787;100
92;3;15;3,331787;100
92;2;2;3,331787;100
92;3;15;3,331787;100
92;2;2;3,331787;100
92;3;15;3,665039;100
92;2;2;3,665039;100
92;2;2;3,665039;100
92;3;15;3,665039;100
92;3;15;3,665039;100
92;2;2;3,665039;100
92;3;15;3,665039;100
92;3;15;3,665039;100
92;3;15;3,665039;100
92;2;2;3,665039;100
92;3;15;3,998291;100
92;2;2;3,998291;100
92;3;15;3,998291;100
92;2;2;3,998291;100
92;2;2;3,998291;100
92;2;2;3,998291;100
92;2;2;3,998291;100
92;2;2;3,998291;100
92;3;15;3,998291;100
92;2;2;3,998291;100
92;2;2;4,331543;100
92;2;2;4,331543;100
92;3;15;4,331543;100
92;2;2;4,331543;100
92;2;2;4,331543;100
92;2;2;4,331543;100
92;2;2;4,331543;100
92;3;15;4,331543;100
92;3;15;4,331543;100
92;3;15;4,664795;100
92;2;2;4,664795;100
92;3;15;4,664795;100
92;3;15;4,664795;100
92;3;15;4,664795;100
92;3;15;4,664795;100
92;2;2;4,998047;100
92;2;2;4,998047;100
92;2;2;4,998047;100
92;2;2;4,998047;100
92;3;15;4,998047;100
92;3;15;4,998047;100
92;3;15;4,998047;100
92;3;15;4,998047;100
92;2;2;4,998047;100
92;2;2;4,998047;100
92;2;2;5,331299;100
92;2;2;5,331299;100
92;2;2;5,331299;100
92;3;15;5,331299;100
92;2;2;5,331299;100
92;2;2;5,331299;100
92;2;2;5,331299;100
92;3;15;5,331299;100
92;3;15;5,331299;100
92;2;2;5,664551;100
92;3;15;5,664551;100
92;3;15;5,664551;100
92;2;2;5,664551;100
92;3;15;5,664551;100
92;3;15;5,664551;100
92;3;15;5,664551;100
92;2;2;5,997803;100
92;3;15;5,997803;100
92;2;2;5,997803;100
92;3;15;5,997803;100
92;3;15;5,997803;100
92;3;15;5,997803;100
92;2;2;5,997803;100
92;2;2;5,997803;100
92;2;2;6,331055;100
92;2;2;6,331055;100
92;3;15;6,331055;100
92;3;15;6,331055;100
92;3;15;6,331055;100
92;2;2;6,331055;100
92;2;2;6,331055;100
92;3;15;6,664307;100
92;2;2;6,664307;100
92;2;2;6,664307;100
92;3;15;6,664307;100
92;2;2;6,664307;100
92;2;2;6,664307;100
92;3;15;6,664307;100
92;2;2;6,664307;100
92;2;2;6,664307;100
92;3;15;6,664307;100
92;3;15;6,664307;100
92;2;2;6,997559;100
92;2;2;6,997559;100
92;3;15;6,997559;100
92;3;15;6,997559;100
92;2;2;6,997559;100
92;3;15;6,997559;100
92;3;15;6,997559;100
92;3;15;7,330811;100
92;2;2;7,330811;100
92;2;2;7,330811;100
92;3;15;7,330811;100
92;2;2;7,330811;100
92;2;2;7,330811;100
92;3;15;7,330811;100
92;2;2;7,330811;100
92;3;15;7,330811;100
92;3;15;7,664063;100
92;3;15;7,664063;100
92;2;2;7,664063;100
92;3;15;7,664063;100
92;2;2;7,664063;100
92;3;15;7,664063;100
92;2;2;7,664063;100
92;3;15;7,664063;100
92;2;2;7,664063;100
92;2;2;7,997314;100
92;2;2;7,997314;100
92;2;2;7,997314;100
92;3;15;7,997314;100
92;3;15;7,997314;100
92;3;15;7,997314;100
92;2;2;7,997314;100
92;3;15;7,997314;100
92;3;15;7,997314;100
92;2;2;7,997314;100
92;2;2;7,997314;100
92;2;2;8,330566;100
92;2;2;8,330566;100
92;3;15;8,330566;100
92;3;15;8,330566;100
92;3;15;8,330566;100
92;3;15;8,330566;100
92;3;15;8,330566;100
92;3;15;8,663818;100
92;2;2;8,663818;100
92;2;2;8,663818;100
92;2;2;8,663818;100
92;2;2;8,663818;100
92;2;2;8,663818;100
92;3;15;8,663818;100
92;2;2;8,663818;100
92;3;15;8,99707;100
92;3;15;8,99707;100
92;2;2;8,99707;100
92;2;2;8,99707;100
92;2;2;8,99707;100
92;2;2;8,99707;100
92;2;2;8,99707;100
92;2;2;8,99707;100
92;2;2;9,330322;100
92;2;2;9,330322;100
92;2;2;9,330322;100
92;3;15;9,330322;100
92;3;15;9,330322;100
92;3;15;9,330322;100
92;2;2;9,330322;100
92;3;15;9,663574;100
92;3;15;9,663574;100
92;3;15;9,663574;100
92;2;2;9,663574;100
92;3;15;9,663574;100
92;3;15;9,663574;100
92;3;15;9,996826;100
92;2;2;9,996826;100
92;3;15;9,996826;100
92;2;2;9,996826;100
92;2;2;9,996826;100
92;2;2;9,996826;100
92;2;2;9,996826;100
92;2;2;10,33008;100
92;2;2;10,33008;100
92;2;2;10,33008;100
92;2;2;10,33008;100
92;3;15;10,33008;85
92;3;15;10,33008;70
92;3;15;10,33008;55
92;3;15;10,66333;40
92;3;15;10,66333;25
84;3;15;10,66333;10
60;3;15;10,66333;-5
Player