92;2;2;57,62256;100
92;2;2;57,95581;100
92;3;15;57,95581;100
92;2;2;57,95581;100
92;2;2;57,95581;100
92;2;2;57,95581;100
92;3;15;57,95581;100
92;3;15;57,95581;100
92;2;2;57,95581;100
92;3;15;58,28906;100
92;2;2;58,28906;100
92;2;2;58,28906;100
92;3;15;58,28906;100
92;2;2;58,28906;100
92;2;2;58,28906;100
92;2;2;58,28906;100
92;2;2;58,28906;100
92;2;2;58,28906;100
92;2;2;58,28906;100
92;3;15;58,62231;100
92;2;2;58,62231;100
92;2;2;58,62231;100
92;2;2;58,62231;100
92;3;15;58,62231;100
92;3;15;58,62231;100
92;3;15;58,62231;100
92;3;15;58,95557;100
92;2;2;58,95557;100
92;2;2;58,95557;100
92;2;2;58,95557;100
92;3;15;58,95557;100
92;2;2;58,95557;100
92;3;15;58,95557;100
92;2;2;58,95557;100
92;2;2;58,95557;100
92;3;15;59,28882;100
92;3;15;59,28882;100
92;3;15;59,28882;100
92;2;2;59,62207;100
92;3;15;59,62207;100
92;3;15;59,62207;100
92;3;15;59,62207;100
92;2;2;59,62207;100
92;3;15;59,62207;100
92;2;2;59,62207;100
92;2;2;59,62207;100
92;2;2;59,62207;100
92;3;15;59,62207;100
92;2;2;59,62207;100
92;3;15;59,95532;100
92;3;15;59,95532;100
92;2;2;59,95532;100
92;3;15;59,95532;100
92;2;2;59,95532;100
92;3;15;59,95532;100
92;3;15;59,95532;100
92;2;2;59,95532;100
92;2;2;59,95532;100
92;2;2;59,95532;100
92;3;15;0,2885742;100
92;3;15;0,2885742;100
92;3;15;0,2885742;100
92;2;2;0,2885742;100
92;2;2;0,2885742;100
92;3;15;0,2885742;100
92;2;2;0,2885742;100
92;3;15;0,2885742;100
92;2;2;0,2885742;100
92;2;2;0,2885742;100
92;2;2;0,6218262;100
92;3;15;0,6218262;100
92;3;15;0,6218262;100
92;2;2;0,6218262;100
92;2;2;0,6218262;100
92;3;15;0,6218262;100
92;2;2;0,6218262;100
92;2;2;0,6218262;100
92;3;15;0,6218262;100
92;2;2;0,6218262;100
92;3;15;0,6218262;100
92;2;2;0,9550781;100
92;3;15;0,9550781;100
92;2;2;0,9550781;100
92;3;15;0,9550781;100
92;2;2;0,9550781;100
92;2;2;0,9550781;100
92;2;2;0,9550781;100
92;2;2;0,9550781;100
92;3;15;1,28833;100
92;3;15;1,28833;100
92;3;15;1,28833;100
92;3;15;1,28833;100
92;2;2;1,28833;100
92;2;2;1,28833;100
92;2;2;1,28833;100
92;2;2;1,28833;100
92;2;2;1,28833;100
92;3;15;1,28833;100
92;2;2;1,28833;100
92;2;2;1,621582;100
92;3;15;1,621582;100
92;3;15;1,954834;100
92;2;2;1,954834;100
92;3;15;1,954834;100
92;2;2;1,954834;100
92;2;2;1,954834;100
92;3;15;1,954834;100
92;3;15;1,954834;100
92;3;15;1,954834;100
92;3;15;1,954834;100
92;2;2;1,954834;100
92;3;15;1,954834;100
92;3;15;2,288086;100
92;2;2;2,288086;100
92;2;2;2,288086;100
92;3;15;2,288086;100
92;3;15;2,288086;100
92;2;2;2,288086;100
92;2;2;2,288086;100
92;2;2;2,288086;100
92;2;2;2,288086;100
92;3;15;2,621338;100
92;3;15;2,621338;100
92;3;15;2,621338;100
92;3;15;2,621338;100
92;2;2;2,621338;100
92;3;15;2,621338;100
92;2;2;2,621338;100
92;2;2;2,621338;100
92;2;2;2,621338;100
92;3;15;2,621338;100
92;2;2;2,95459;100
92;3;15;2,95459;100
92;2;2;2,95459;100
92;2;2;2,95459;100
92;2;2;2,95459;100
92;3;15;2,95459;100
92;2;2;3,287842;100
92;2;2;3,287842;100
92;3;15;3,287842;100
92;2;2;3,287842;100
92;2;2;3,287842;100
92;3;15;3,287842;100
92;2;2;3,287842;100
92;3;15;3,287842;100
92;3;15;3,287842;100
92;3;15;3,621094;100
92;3;15;3,621094;100
92;2;2;3,621094;100
92;3;15;3,621094;100
92;2;2;3,954346;100
92;3;15;3,954346;100
92;3;15;3,954346;100
92;3;15;3,954346;100
92;2;2;3,954346;100
92;3;15;3,954346;100
92;3;15;3,954346;100
92;2;2;3,954346;100
92;2;2;3,954346;100
92;2;2;3,954346;100
92;2;2;3,954346;100
92;2;2;3,954346;100
92;3;15;4,287598;100
92;2;2;4,287598;100
92;2;2;4,287598;100
92;2;2;4,287598;100
92;2;2;4,287598;100
92;2;2;4,287598;100
92;3;15;4,287598;100
92;2;2;4,287598;100
92;3;15;4,287598;100
92;2;2;4,287598;100
92;3;15;4,287598;100
92;3;15;4,62085;100
92;3;15;4,62085;100
92;3;15;4,62085;100
92;3;15;4,62085;100
92;2;2;4,62085;100
92;2;2;4,62085;100
92;2;2;4,62085;100
92;2;2;4,62085;100
92;2;2;4,62085;100
92;2;2;4,62085;100
92;2;2;4,954102;100
92;3;15;4,954102;100
92;2;2;4,954102;100
92;2;2;4,954102;100
92;3;15;4,954102;100
92;2;2;4,954102;100
92;2;2;4,954102;100
92;3;15;4,954102;100
92;3;15;4,954102;100
92;3;15;4,954102;100
92;3;15;5,287354;100
92;3;15;5,287354;100
92;3;15;5,287354;100
92;2;2;5,287354;100
92;2;2;5,287354;100
92;2;2;5,287354;100
92;3;15;5,287354;100
92;2;2;5,287354;100
92;2;2;5,287354;100
92;3;15;5,287354;100
92;2;2;5,287354;100
92;3;15;5,287354;100
92;3;15;5,620605;100
92;3;15;5,620605;100
92;2;2;5,620605;100
92;2;2;5,620605;100
92;3;15;5,620605;100
92;3;15;5,620605;100
92;2;2;5,620605;100
92;2;2;5,620605;100
92;2;2;5,620605;100
92;2;2;5,953857;100
92;2;2;5,953857;100
92;3;15;5,953857;100
92;2;2;5,953857;100
92;3;15;5,953857;100
92;2;2;5,953857;100
92;2;2;6,287109;100
92;3;15;6,287109;100
92;2;2;6,287109;100
92;3;15;6,287109;100
92;3;15;6,287109;100
92;2;2;6,287109;100
92;3;15;6,287109;100
92;2;2;6,287109;100
92;2;2;6,287109;100
92;2;2;6,287109;100
92;2;2;6,287109;100
92;2;2;6,620361;100
92;2;2;6,620361;100
92;3;15;6,620361;100
92;3;15;6,620361;100
92;2;2;6,620361;100
92;3;15;6,620361;100
92;2;2;6,620361;100
92;3;15;6,620361;100
92;2;2;6,620361;100
92;2;2;6,620361;100
92;2;2;6,953613;100
92;2;2;6,953613;100
92;3;15;6,953613;100
92;3;15;6,953613;100
92;2;2;6,953613;100
92;3;15;7,286865;100
92;2;2;7,286865;100
92;2;2;7,286865;100
92;3;15;7,286865;100
92;2;2;7,286865;100
92;2;2;7,286865;100
92;2;2;7,286865;100
92;3;15;7,286865;100
92;3;15;7,620117;100
92;3;15;7,620117;100
92;3;15;7,620117;100
92;2;2;7,620117;100
92;2;2;7,620117;100
92;2;2;7,620117;100
92;2;2;7,620117;100
92;3;15;7,620117;100
92;2;2;7,620117;100
92;2;2;7,620117;100
92;3;15;7,953369;100
92;2;2;7,953369;100
92;2;2;7,953369;100
92;3;15;7,953369;100
92;3;15;7,953369;100
92;2;2;7,953369;100
92;2;2;7,953369;100
92;2;2;7,953369;100
92;2;2;7,953369;100
92;3;15;8,286621;100
92;3;15;8,286621;100
92;2;2;8,286621;100
92;2;2;8,286621;100
92;3;15;8,286621;100
92;3;15;8,286621;100
92;2;2;8,286621;100
92;2;2;8,286621;100
92;3;15;8,619873;100
92;2;2;8,619873;100
92;3;15;8,619873;100
92;3;15;8,619873;100
92;3;15;8,619873;100
92;2;2;8,619873;100
92;2;2;8,619873;100
92;3;15;8,953125;100
92;3;15;8,953125;100
92;2;2;8,953125;100
92;3;15;8,953125;100
92;2;2;8,953125;100
92;3;15;8,953125;100
92;3;15;8,953125;100
92;2;2;8,953125;100
92;3;15;9,286377;100
92;3;15;9,286377;100
92;2;2;9,286377;100
92;3;15;9,286377;100
92;3;15;9,286377;100
92;2;2;9,286377;100
92;2;2;9,286377;100
92;3;15;9,286377;100
92;3;15;9,286377;100
92;2;2;9,286377;100
92;2;2;9,619629;100
92;2;2;9,619629;100
92;2;2;9,619629;100
92;3;15;9,619629;100
92;3;15;9,619629;100
92;2;2;9,619629;100
92;2;2;9,619629;100
92;3;15;9,952881;100
92;3;15;9,952881;100
92;3;15;9,952881;100
92;3;15;9,952881;100
92;2;2;9,952881;100
92;2;2;9,952881;100
92;3;15;9,952881;100
92;3;15;9,952881;100
92;2;2;9,952881;100
92;3;15;10,28613;100
92;3;15;10,28613;100
92;2;2;10,28613;100
92;2;2;10,28613;100
92;3;15;10,28613;100
92;2;2;10,28613;100
92;2;2;10,28613;100
92;2;2;10,28613;100
92;3;15;10,28613;100
92;2;2;10,61938;100
92;3;15;10,61938;100
92;3;15;10,61938;100
92;3;15;10,61938;100
92;2;2;10,61938;100
92;3;15;10,61938;100
92;3;15;10,61938;100
92;3;15;10,61938;100
92;2;2;10,95264;100
92;2;2;10,95264;100
92;3;15;10,95264;100
92;2;2;10,95264;100
92;2;2;10,95264;100
92;3;15;10,95264;100
92;3;15;10,95264;100
92;3;15;10,95264;100
92;3;15;10,95264;100
92;2;2;10,95264;100
92;2;2;10,95264;100
92;2;2;11,28589;100
92;2;2;11,28589;100
92;2;2;11,28589;100
92;2;2;11,28589;100
92;2;2;11,28589;100
92;2;2;11,28589;100
92;2;2;11,28589;100
92;3;15;11,28589;100
92;3;15;11,28589;100
92;2;2;11,61914;100
92;2;2;11,61914;100
92;3;15;11,61914;100
92;2;2;11,61914;100
92;3;15;11,95239;100
92;3;15;11,95239;100
92;2;2;11,95239;100
92;2;2;11,95239;100
92;3;15;11,95239;100
92;3;15;12,28564;100
92;3;15;12,28564;100
92;2;2;12,28564;100
92;3;15;12,28564;100
92;2;2;12,28564;100
92;2;2;12,28564;100
92;3;15;12,28564;100
92;2;2;12,28564;100
92;2;2;12,28564;100
92;2;2;12,28564;100
92;3;15;12,6189;100
92;3;15;12,6189;100
92;2;2;12,6189;100
92;3;15;12,6189;100
92;3;15;12,6189;100
92;3;15;12,6189;100
92;3;15;12,6189;100
92;2;2;12,6189;100
92;2;2;12,95215;100
92;3;15;12,95215;100
92;3;15;12,95215;100
92;2;2;12,95215;100
92;2;2;12,95215;100
92;2;2;12,95215;100
92;2;2;12,95215;100
92;2;2;12,95215;100
92;3;15;12,95215;100
92;2;2;12,95215;100
92;3;15;12,95215;100
92;2;2;12,95215;100
92;2;2;13,2854;100
92;2;2;13,2854;100
92;2;2;13,2854;100
92;2;2;13,2854;100
92;3;15;13,2854;100
92;2;2;13,2854;100
92;2;2;13,2854;100
92;2;2;13,2854;100
92;3;15;13,2854;100
92;3;15;13,2854;100
92;2;2;13,2854;100
92;2;2;13,61865;100
92;3;15;13,61865;100
92;2;2;13,61865;100
92;2;2;13,61865;100
92;2;2;13,61865;100
92;2;2;13,61865;100
92;2;2;13,61865;100
92;3;15;13,61865;100
92;2;2;13,61865;100
92;3;15;13,61865;100
92;3;15;13,61865;100
92;2;2;13,9519;100
92;2;2;13,9519;100
92;3;15;13,9519;100
92;3;15;13,9519;100
92;2;2;13,9519;100
92;3;15;13,9519;100
92;3;15;13,9519;100
92;3;15;13,9519;100
92;2;2;13,9519;100
92;3;15;13,9519;100
92;2;2;14,28516;100
92;3;15;14,28516;100
92;2;2;14,28516;100
92;2;2;14,28516;100
92;2;2;14,28516;100
92;2;2;14,28516;100
92;3;15;14,28516;100
92;2;2;14,61841;100
92;3;15;14,61841;100
92;3;15;14,61841;100
92;2;2;14,61841;100
92;3;15;14,61841;100
92;3;15;14,61841;100
92;2;2;14,95166;100
92;2;2;14,95166;100
92;2;2;14,95166;100
92;2;2;14,95166;100
92;2;2;14,95166;100
92;2;2;14,95166;100
92;2;2;14,95166;100
92;2;2;15,28491;100
92;2;2;15,28491;100
92;3;15;15,28491;100
92;2;2;15,28491;100
92;2;2;15,61816;100
92;3;15;15,61816;100
92;2;2;15,61816;100
92;2;2;15,61816;100
92;2;2;15,61816;100
92;3;15;15,61816;100
92;3;15;15,61816;100
92;2;2;15,61816;100
92;3;15;15,95142;100
92;2;2;15,95142;100
92;2;2;15,95142;100
92;2;2;15,95142;100
92;2;2;15,95142;100
92;2;2;16,28467;100
92;2;2;16,28467;100
92;3;15;16,28467;100
92;3;15;16,28467;100
92;3;15;16,28467;100
92;3;15;16,28467;100
92;3;15;16,28467;100
92;2;2;16,28467;100
92;2;2;16,28467;100
92;2;2;16,28467;100
92;3;15;16,28467;100
92;2;2;16,28467;100
92;3;15;16,28467;100
92;2;2;16,28467;100
92;3;15;16,61792;100
92;3;15;16,61792;100
92;3;15;16,61792;100
92;2;2;16,61792;100
92;2;2;16,61792;100
92;3;15;16,61792;100
92;2;2;16,61792;100
92;2;2;16,61792;100
92;3;15;16,95117;100
92;2;2;16,95117;100
92;2;2;16,95117;100
92;3;15;16,95117;100
92;2;2;16,95117;100
92;3;15;16,95117;100
92;3;15;16,95117;100
92;2;2;16,95117;100
92;2;2;16,95117;100
92;2;2;17,28442;100
92;2;2;17,28442;100
92;2;2;17,28442;100
92;2;2;17,28442;100
92;3;15;17,28442;100
92;3;15;17,28442;100
92;3;15;17,28442;100
92;3;15;17,28442;100
92;2;2;17,28442;100
92;2;2;17,61768;100
92;3;15;17,61768;100
92;3;15;17,61768;100
92;2;2;17,61768;100
92;2;2;17,61768;100
92;3;15;17,61768;100
92;2;2;17,61768;100
92;2;2;17,95093;100
92;2;2;17,95093;100
92;2;2;17,95093;100
92;3;15;17,95093;100
92;2;2;17,95093;100
92;3;15;17,95093;100
92;2;2;17,95093;100
92;3;15;17,95093;100
92;2;2;18,28418;100
92;3;15;18,28418;100
92;2;2;18,28418;100
92;3;15;18,28418;100
92;2;2;18,28418;100
92;2;2;18,28418;100
92;3;15;18,61743;100
92;3;15;18,61743;100
92;2;2;18,61743;100
92;3;15;18,61743;100
92;2;2;18,61743;100
92;2;2;18,61743;100
92;2;2;18,61743;100
92;2;2;18,61743;100
92;2;2;18,61743;100
92;2;2;18,61743;100
92;2;2;18,95068;100
92;2;2;18,95068;100
92;3;15;18,95068;100
92;3;15;18,95068;100
92;2;2;18,95068;100
92;2;2;18,95068;100
92;2;2;18,95068;100
92;2;2;18,95068;100
92;2;2;19,28394;100
92;3;15;19,28394;100
92;2;2;19,28394;100
92;2;2;19,28394;100
92;2;2;19,28394;100
92;2;2;19,28394;100
92;2;2;19,28394;100
92;3;15;19,61719;100
92;2;2;19,61719;100
92;3;15;19,61719;100
92;2;2;19,61719;100
92;2;2;19,61719;100
92;3;15;19,61719;100
92;3;15;19,61719;100
92;3;15;19,61719;100
92;2;2;19,61719;100
92;2;2;19,61719;100
92;2;2;19,95044;100
92;3;15;19,95044;100
92;3;15;19,95044;100
92;2;2;19,95044;100
92;3;15;19,95044;100
92;2;2;19,95044;100
92;2;2;19,95044;100
92;2;2;19,95044;100
92;3;15;19,95044;100
92;3;15;20,28369;100
92;2;2;20,28369;100
92;3;15;20,28369;100
92;2;2;20,28369;100
92;3;15;20,28369;100
92;2;2;20,28369;100
92;3;15;20,28369;100
92;2;2;20,28369;100
92;2;2;20,28369;100
92;3;15;20,28369;100
92;3;15;20,61694;100
92;2;2;20,61694;100
92;3;15;20,61694;100
92;2;2;20,9502;100
92;3;15;20,9502;100
92;2;2;20,9502;100
92;2;2;20,9502;100
92;2;2;20,9502;100
92;3;15;20,9502;100
92;3;15;20,9502;100
92;2;2;21,28345;100
92;3;15;21,28345;100
92;3;15;21,28345;100
92;2;2;21,28345;100
92;3;15;21,28345;100
92;2;2;21,28345;100
92;3;15;21,28345;100
92;2;2;21,28345;100
92;2;2;21,28345;100
92;3;15;21,28345;100
92;3;15;21,6167;100
92;2;2;21,6167;100
92;2;2;21,6167;100
92;3;15;21,6167;100
92;3;15;21,6167;100
92;2;2;21,6167;100
92;3;15;21,6167;100
92;2;2;21,6167;100
92;3;15;21,6167;100
92;3;15;21,94995;100
92;2;2;21,94995;100
92;2;2;21,94995;100
92;3;15;21,94995;100
92;2;2;21,94995;100
92;3;15;22,2832;100
92;2;2;22,2832;100
92;3;15;22,2832;100
92;2;2;22,2832;100
92;3;15;22,2832;100
92;2;2;22,2832;100
92;3;15;22,2832;100
92;2;2;22,2832;100
92;2;2;22,2832;100
92;3;15;22,2832;100
92;2;2;22,61646;100
92;3;15;22,61646;100
92;2;2;22,61646;100
92;3;15;22,61646;100
92;3;15;22,61646;100
92;2;2;22,61646;100
92;2;2;22,61646;100
92;2;2;22,94971;100
92;3;15;22,94971;100
92;3;15;22,94971;100
92;3;15;22,94971;100
92;2;2;22,94971;100
92;2;2;22,94971;100
92;2;2;23,28296;100
92;2;2;23,28296;100
92;2;2;23,28296;100
92;3;15;23,28296;100
92;3;15;23,28296;100
92;2;2;23,28296;100
92;2;2;23,28296;100
92;2;2;23,28296;100
92;3;15;23,28296;100
92;2;2;23,28296;100
92;2;2;23,61621;100
92;2;2;23,61621;100
92;2;2;23,61621;100
92;2;2;23,61621;100
92;2;2;23,61621;100
92;3;15;23,61621;85
92;2;2;23,61621;85
92;3;15;23,61621;70
92;2;2;23,61621;70
92;2;2;23,61621;70
92;2;2;23,61621;70
92;2;2;23,61621;70
92;3;15;23,61621;55
92;2;2;23,94946;55
92;3;15;23,94946;40
92;2;2;23,94946;40
92;3;15;23,94946;25
92;3;15;23,94946;10
92;2;2;23,94946;10
92;2;2;23,94946;10
92;3;15;24,28271;-5
Player