100;2;2;45,66782;100
100;3;15;45,66782;100
100;2;2;45,66782;100
100;3;15;45,66782;100
100;3;15;45,66782;100
100;3;15;45,66782;100
100;2;2;45,66782;100
100;3;15;45,66782;100
100;2;2;46,00116;100
100;3;15;46,00116;100
100;2;2;46,00116;100
100;2;2;46,00116;100
100;2;2;46,00116;100
100;3;15;46,00116;100
100;3;15;46,00116;100
100;3;15;46,00116;100
100;3;15;46,00116;100
100;3;15;46,00116;100
100;3;15;46,00116;100
100;2;2;46,00116;100
100;2;2;46,3345;100
100;2;2;46,3345;100
100;3;15;46,3345;100
100;3;15;46,3345;100
100;2;2;46,3345;100
100;3;15;46,3345;100
100;2;2;46,3345;100
100;3;15;46,3345;100
100;3;15;46,3345;100
100;3;15;46,3345;100
100;3;15;46,3345;100
100;2;2;46,66785;100
100;3;15;46,66785;100
100;3;15;46,66785;100
100;3;15;46,66785;100
100;2;2;46,66785;100
100;2;2;46,66785;100
100;3;15;46,66785;100
100;3;15;46,66785;100
100;3;15;46,66785;100
100;3;15;47,00119;100
100;3;15;47,00119;100
100;3;15;47,00119;100
100;2;2;47,00119;100
100;3;15;47,00119;100
100;3;15;47,33453;100
100;2;2;47,33453;100
100;2;2;47,33453;100
100;3;15;47,33453;100
100;3;15;47,33453;100
100;2;2;47,33453;100
100;3;15;47,33453;100
100;3;15;47,33453;100
100;3;15;47,33453;100
100;2;2;47,33453;100
100;2;2;47,66788;100
100;2;2;47,66788;100
100;3;15;47,66788;100
100;2;2;47,66788;100
100;2;2;47,66788;100
100;2;2;47,66788;100
100;3;15;47,66788;100
100;3;15;48,00122;100
100;3;15;48,00122;100
100;3;15;48,00122;100
100;3;15;48,00122;100
100;2;2;48,00122;100
100;3;15;48,00122;100
100;2;2;48,00122;100
100;2;2;48,00122;100
100;2;2;48,00122;100
100;3;15;48,00122;100
100;2;2;48,00122;100
100;2;2;48,33456;100
100;3;15;48,33456;100
100;2;2;48,33456;100
100;2;2;48,33456;100
100;2;2;48,33456;100
100;3;15;48,33456;100
100;3;15;48,33456;100
100;3;15;48,33456;100
100;3;15;48,66791;100
100;3;15;48,66791;100
100;2;2;48,66791;100
100;2;2;48,66791;100
100;2;2;48,66791;100
100;2;2;48,66791;100
100;2;2;48,66791;100
100;3;15;48,66791;100
100;3;15;48,66791;100
100;3;15;48,66791;100
100;3;15;49,00125;100
100;2;2;49,00125;100
100;3;15;49,00125;100
100;3;15;49,00125;100
100;2;2;49,00125;100
100;2;2;49,00125;100
100;3;15;49,00125;100
100;3;15;49,33459;100
100;3;15;49,33459;100
100;2;2;49,33459;100
100;3;15;49,33459;100
100;2;2;49,33459;100
100;2;2;49,33459;100
100;2;2;49,33459;100
100;3;15;49,33459;100
100;3;15;49,33459;100
100;2;2;49,33459;100
100;3;15;49,66794;100
100;2;2;49,66794;100
100;2;2;49,66794;100
100;3;15;49,66794;100
100;2;2;49,66794;100
100;2;2;49,66794;100
100;3;15;50,00128;100
100;2;2;50,00128;100
100;3;15;50,00128;100
100;2;2;50,00128;100
100;2;2;50,00128;100
100;3;15;50,00128;100
100;2;2;50,00128;100
100;3;15;50,00128;100
100;2;2;50,00128;100
100;3;15;50,33463;100
100;2;2;50,33463;100
100;3;15;50,33463;100
100;3;15;50,33463;100
100;3;15;50,33463;100
100;2;2;50,33463;100
100;2;2;50,33463;100
100;3;15;50,66797;100
100;3;15;50,66797;100
100;3;15;50,66797;100
100;3;15;50,66797;100
100;3;15;50,66797;100
100;2;2;50,66797;100
100;3;15;50,66797;100
100;2;2;50,66797;100
100;3;15;51,00131;100
100;2;2;51,00131;100
100;3;15;51,00131;100
100;2;2;51,00131;100
100;3;15;51,00131;100
100;2;2;51,00131;100
100;3;15;51,33466;100
100;2;2;51,33466;100
100;3;15;51,33466;100
100;2;2;51,33466;100
100;2;2;51,33466;100
100;3;15;51,33466;100
100;2;2;51,33466;100
100;2;2;51,33466;100
100;2;2;51,33466;100
100;3;15;51,668;100
100;3;15;51,668;100
100;2;2;51,668;100
100;3;15;51,668;100
100;2;2;51,668;100
100;3;15;51,668;100
100;2;2;51,668;100
100;2;2;52,00134;100
100;2;2;52,00134;100
100;3;15;52,00134;100
100;2;2;52,00134;100
100;2;2;52,00134;100
100;3;15;52,00134;100
100;3;15;52,00134;100
100;3;15;52,00134;100
100;3;15;52,33469;100
100;3;15;52,33469;100
100;2;2;52,33469;100
100;2;2;52,33469;100
100;3;15;52,33469;100
100;3;15;52,33469;100
100;3;15;52,33469;100
100;3;15;52,33469;100
100;2;2;52,66803;100
100;2;2;52,66803;100
100;3;15;52,66803;100
100;3;15;52,66803;100
100;2;2;52,66803;100
100;2;2;52,66803;100
100;2;2;52,66803;100
100;2;2;52,66803;100
100;3;15;52,66803;100
100;3;15;52,66803;100
100;3;15;53,00137;100
100;3;15;53,00137;100
100;2;2;53,00137;100
100;2;2;53,00137;100
100;3;15;53,00137;100
100;3;15;53,00137;100
100;3;15;53,00137;100
100;2;2;53,00137;100
100;3;15;53,00137;100
100;2;2;53,33472;100
100;2;2;53,33472;100
100;3;15;53,33472;100
100;3;15;53,33472;100
100;3;15;53,33472;100
100;3;15;53,33472;100
100;2;2;53,33472;100
100;2;2;53,33472;100
100;3;15;53,33472;100
100;3;15;53,33472;100
100;2;2;53,33472;100
100;3;15;53,33472;100
100;3;15;53,33472;100
100;2;2;53,66806;100
100;2;2;53,66806;100
100;2;2;53,66806;100
100;3;15;53,66806;100
100;2;2;53,66806;100
100;2;2;53,66806;100
100;3;15;53,66806;100
100;2;2;53,66806;100
100;3;15;54,0014;100
100;3;15;54,0014;100
100;3;15;54,0014;100
100;2;2;54,0014;100
100;3;15;54,0014;100
100;3;15;54,0014;100
100;2;2;54,0014;100
100;3;15;54,0014;100
100;2;2;54,0014;100
100;2;2;54,33475;100
100;3;15;54,33475;100
100;3;15;54,33475;100
100;3;15;54,33475;100
100;2;2;54,33475;100
100;3;15;54,33475;100
100;2;2;54,33475;100
100;2;2;54,33475;100
100;3;15;54,33475;100
100;3;15;54,66809;100
100;3;15;54,66809;100
100;3;15;54,66809;100
100;3;15;54,66809;100
100;3;15;54,66809;100
100;2;2;55,00143;100
100;2;2;55,00143;100
100;2;2;55,00143;100
100;3;15;55,00143;100
100;3;15;55,00143;100
100;3;15;55,00143;100
100;3;15;55,00143;100
100;3;15;55,33478;100
100;3;15;55,33478;100
100;3;15;55,33478;100
100;3;15;55,33478;100
100;2;2;55,33478;100
100;2;2;55,33478;100
100;3;15;55,33478;100
100;3;15;55,33478;100
100;2;2;55,33478;100
100;3;15;55,66812;100
100;3;15;55,66812;100
100;2;2;55,66812;100
100;2;2;55,66812;100
100;3;15;55,66812;100
100;3;15;56,00146;100
100;2;2;56,00146;100
100;3;15;56,00146;100
100;2;2;56,00146;100
100;3;15;56,00146;100
100;2;2;56,00146;100
100;3;15;56,00146;100
100;3;15;56,00146;100
100;2;2;56,00146;100
100;2;2;56,00146;100
100;2;2;56,00146;100
100;2;2;56,33481;100
100;2;2;56,33481;100
100;2;2;56,33481;100
100;2;2;56,33481;100
100;3;15;56,33481;100
100;3;15;56,33481;100
100;3;15;56,33481;100
100;3;15;56,33481;100
100;3;15;56,33481;100
100;3;15;56,66815;100
100;3;15;56,66815;100
100;2;2;56,66815;100
100;3;15;56,66815;100
100;2;2;56,66815;100
100;3;15;56,66815;100
100;3;15;56,66815;100
100;2;2;56,66815;100
100;3;15;57,0015;100
100;3;15;57,0015;100
100;2;2;57,0015;100
100;2;2;57,0015;100
100;2;2;57,0015;100
100;3;15;57,0015;100
100;3;15;57,0015;100
100;3;15;57,0015;100
100;3;15;57,0015;100
100;3;15;57,33484;100
100;2;2;57,33484;100
100;3;15;57,33484;100
100;3;15;57,33484;100
100;3;15;57,33484;100
100;2;2;57,33484;100
100;2;2;57,33484;100
100;3;15;57,33484;100
100;3;15;57,33484;100
100;3;15;57,33484;100
100;3;15;57,33484;100
100;2;2;57,66818;100
100;3;15;57,66818;100
100;2;2;57,66818;100
100;3;15;57,66818;100
100;3;15;57,66818;100
100;3;15;57,66818;100
100;3;15;57,66818;100
100;2;2;57,66818;100
100;3;15;57,66818;100
100;3;15;58,00153;100
100;3;15;58,00153;100
100;2;2;58,00153;100
100;2;2;58,00153;100
100;3;15;58,00153;100
100;3;15;58,00153;100
100;3;15;58,00153;100
100;3;15;58,00153;100
100;2;2;58,33487;100
100;3;15;58,33487;100
100;3;15;58,33487;100
100;3;15;58,33487;100
100;3;15;58,33487;100
100;3;15;58,66821;100
100;3;15;58,66821;100
100;3;15;58,66821;100
100;3;15;58,66821;100
100;3;15;58,66821;100
100;3;15;58,66821;100
100;2;2;58,66821;100
100;3;15;58,66821;100
100;3;15;59,00156;100
100;2;2;59,00156;100
100;3;15;59,00156;100
100;3;15;59,00156;100
100;3;15;59,3349;100
100;2;2;59,3349;100
100;2;2;59,3349;100
100;3;15;59,3349;100
100;3;15;59,3349;100
100;2;2;59,3349;100
100;3;15;59,3349;100
100;2;2;59,3349;100
100;2;2;59,3349;100
100;3;15;59,3349;100
100;3;15;59,3349;100
100;3;15;59,66824;100
100;3;15;59,66824;100
100;2;2;59,66824;100
100;2;2;59,66824;100
100;2;2;59,66824;100
100;2;2;59,66824;100
100;2;2;59,66824;100
100;3;15;59,66824;100
100;3;15;59,66824;100
100;2;2;0,001586914;100
100;2;2;0,001586914;100
100;2;2;0,001586914;100
100;3;15;0,001586914;100
100;3;15;0,001586914;100
100;3;15;0,001586914;100
100;2;2;0,001586914;100
100;2;2;0,001586914;100
100;2;2;0,001586914;100
100;3;15;0,3349304;100
100;3;15;0,3349304;100
100;2;2;0,3349304;100
100;2;2;0,3349304;100
100;3;15;0,3349304;100
100;3;15;0,3349304;100
100;3;15;0,3349304;100
100;2;2;0,3349304;100
100;3;15;0,3349304;100
100;3;15;0,6682739;100
100;3;15;0,6682739;100
100;3;15;0,6682739;100
100;2;2;0,6682739;100
100;2;2;0,6682739;100
100;3;15;0,6682739;100
100;2;2;1,001617;100
100;3;15;1,001617;100
100;3;15;1,001617;100
100;2;2;1,001617;100
100;3;15;1,001617;100
100;3;15;1,334961;100
100;3;15;1,334961;100
100;2;2;1,334961;100
100;3;15;1,334961;100
100;3;15;1,334961;100
100;2;2;1,334961;100
100;3;15;1,334961;100
100;2;2;1,334961;100
100;3;15;1,334961;100
100;2;2;1,334961;100
100;2;2;1,334961;100
100;2;2;1,334961;100
100;2;2;1,334961;100
100;3;15;1,668304;100
100;3;15;1,668304;100
100;2;2;1,668304;100
100;2;2;1,668304;100
100;3;15;1,668304;100
100;3;15;1,668304;100
100;2;2;1,668304;100
100;3;15;1,668304;100
100;3;15;1,668304;100
100;3;15;1,668304;100
100;3;15;2,001648;100
100;2;2;2,001648;100
100;2;2;2,001648;100
100;2;2;2,001648;100
100;2;2;2,001648;100
100;2;2;2,001648;100
100;2;2;2,001648;100
100;3;15;2,001648;100
100;2;2;2,001648;100
100;2;2;2,334991;100
100;2;2;2,334991;100
100;3;15;2,334991;100
100;3;15;2,334991;100
100;3;15;2,334991;100
100;3;15;2,334991;100
100;3;15;2,668335;100
100;3;15;2,668335;100
100;3;15;2,668335;100
100;3;15;2,668335;100
100;2;2;2,668335;100
100;2;2;2,668335;100
100;3;15;2,668335;100
100;3;15;2,668335;100
100;2;2;2,668335;100
100;2;2;3,001678;100
100;2;2;3,001678;100
100;3;15;3,001678;100
100;3;15;3,001678;100
100;3;15;3,001678;100
100;3;15;3,001678;100
100;2;2;3,001678;100
100;2;2;3,001678;100
100;2;2;3,001678;100
100;3;15;3,001678;100
100;3;15;3,335022;100
100;3;15;3,335022;100
100;3;15;3,335022;100
100;3;15;3,335022;100
100;3;15;3,335022;100
100;2;2;3,335022;100
100;3;15;3,335022;100
100;3;15;3,335022;100
100;2;2;3,335022;100
100;3;15;3,668365;100
100;2;2;3,668365;100
100;2;2;3,668365;100
100;3;15;3,668365;100
100;3;15;3,668365;100
100;2;2;3,668365;100
100;2;2;3,668365;100
100;2;2;3,668365;100
100;2;2;3,668365;100
100;3;15;3,668365;100
100;3;15;3,668365;100
100;3;15;4,001709;100
100;2;2;4,001709;100
100;3;15;4,001709;100
100;2;2;4,001709;100
100;2;2;4,001709;100
100;3;15;4,001709;100
100;3;15;4,001709;100
100;2;2;4,335052;100
100;3;15;4,335052;100
100;3;15;4,335052;100
100;3;15;4,335052;100
100;2;2;4,668396;100
100;2;2;4,668396;100
100;3;15;4,668396;100
100;3;15;4,668396;100
100;3;15;4,668396;100
100;3;15;4,668396;100
100;2;2;4,668396;100
100;3;15;4,668396;100
100;3;15;4,668396;100
100;2;2;5,00174;100
100;2;2;5,00174;100
100;3;15;5,00174;100
100;2;2;5,00174;100
100;2;2;5,00174;100
100;2;2;5,00174;100
100;3;15;5,00174;100
100;3;15;5,00174;100
100;2;2;5,00174;100
100;2;2;5,335083;100
100;2;2;5,335083;100
100;3;15;5,335083;100
100;3;15;5,335083;100
100;3;15;5,335083;100
100;3;15;5,335083;100
100;3;15;5,335083;100
100;2;2;5,335083;100
100;3;15;5,335083;100
100;3;15;5,668427;100
100;2;2;5,668427;100
100;3;15;5,668427;100
100;2;2;5,668427;100
100;2;2;5,668427;100
100;2;2;5,668427;100
100;2;2;5,668427;100
100;2;2;6,00177;100
100;3;15;6,00177;100
100;2;2;6,00177;100
100;2;2;6,00177;100
100;2;2;6,00177;100
100;3;15;6,00177;100
100;3;15;6,00177;100
100;3;15;6,00177;100
100;3;15;6,335114;100
100;3;15;6,335114;100
100;2;2;6,335114;100
100;3;15;6,335114;100
100;3;15;6,335114;100
100;3;15;6,335114;100
100;3;15;6,335114;100
100;3;15;6,335114;100
100;2;2;6,335114;100
100;3;15;6,335114;100
100;3;15;6,335114;100
100;2;2;6,668457;100
100;3;15;6,668457;100
100;2;2;6,668457;100
100;2;2;6,668457;100
100;2;2;6,668457;100
100;2;2;6,668457;100
100;3;15;7,001801;100
100;3;15;7,001801;100
100;3;15;7,001801;100
100;3;15;7,001801;100
100;2;2;7,001801;100
100;3;15;7,001801;100
100;2;2;7,001801;100
100;3;15;7,001801;100
100;2;2;7,001801;100
100;2;2;7,001801;100
100;3;15;7,335144;100
100;3;15;7,335144;100
100;2;2;7,335144;100
100;3;15;7,335144;100
100;2;2;7,335144;100
100;2;2;7,335144;100
100;3;15;7,335144;100
100;3;15;7,335144;100
100;3;15;7,335144;100
100;3;15;7,668488;100
100;3;15;7,668488;100
100;3;15;7,668488;100
100;3;15;7,668488;100
100;3;15;7,668488;100
100;2;2;7,668488;100
100;2;2;7,668488;100
100;3;15;7,668488;100
100;2;2;7,668488;100
100;2;2;8,001831;100
100;3;15;8,001831;100
100;3;15;8,001831;100
100;3;15;8,001831;100
100;2;2;8,001831;100
100;3;15;8,001831;100
100;3;15;8,001831;100
100;2;2;8,335175;100
100;3;15;8,335175;100
100;2;2;8,335175;100
100;3;15;8,335175;100
100;3;15;8,335175;100
100;2;2;8,335175;100
100;2;2;8,335175;100
100;2;2;8,335175;100
100;3;15;8,668518;100
100;3;15;8,668518;100
100;2;2;8,668518;100
100;3;15;8,668518;100
100;2;2;8,668518;100
100;3;15;8,668518;100
100;3;15;8,668518;100
100;3;15;9,001862;100
100;3;15;9,001862;100
100;3;15;9,001862;100
100;2;2;9,001862;100
100;3;15;9,001862;100
100;3;15;9,001862;100
100;3;15;9,001862;100
100;3;15;9,001862;100
100;2;2;9,335205;100
100;3;15;9,335205;100
100;3;15;9,335205;100
100;2;2;9,335205;100
100;2;2;9,335205;100
100;3;15;9,335205;100
100;3;15;9,335205;100
100;3;15;9,335205;100
100;2;2;9,335205;100
100;2;2;9,668549;100
100;3;15;9,668549;100
100;3;15;9,668549;100
100;2;2;9,668549;100
100;3;15;9,668549;100
100;2;2;9,668549;100
100;3;15;9,668549;100
100;2;2;9,668549;100
100;2;2;9,668549;100
100;3;15;10,00189;100
100;2;2;10,00189;100
100;2;2;10,00189;100
100;3;15;10,00189;100
100;3;15;10,00189;100
100;3;15;10,00189;100
100;3;15;10,00189;100
100;3;15;10,00189;100
100;3;15;10,00189;100
100;3;15;10,00189;100
100;3;15;10,00189;100
100;3;15;10,33524;100
100;2;2;10,33524;100
100;3;15;10,33524;100
100;2;2;10,33524;100
100;3;15;10,33524;100
100;3;15;10,33524;100
100;2;2;10,33524;100
100;2;2;10,33524;100
100;3;15;10,33524;100
100;2;2;10,66858;100
100;3;15;10,66858;100
100;3;15;10,66858;100
100;2;2;10,66858;100
100;3;15;10,66858;100
100;2;2;10,66858;100
100;3;15;10,66858;100
100;2;2;11,00192;100
100;3;15;11,00192;100
100;2;2;11,00192;100
100;2;2;11,00192;100
100;2;2;11,00192;100
100;3;15;11,00192;100
100;3;15;11,33527;100
100;3;15;11,33527;100
100;3;15;11,33527;100
100;3;15;11,33527;100
100;2;2;11,33527;100
100;2;2;11,33527;100
100;3;15;11,33527;100
100;3;15;11,33527;100
100;2;2;11,66861;100
100;3;15;11,66861;100
100;3;15;11,66861;100
100;2;2;11,66861;100
100;2;2;11,66861;100
100;3;15;11,66861;100
100;3;15;11,66861;100
100;3;15;11,66861;100
100;2;2;11,66861;100
100;3;15;11,66861;100
100;2;2;11,66861;100
100;2;2;12,00195;100
100;3;15;12,00195;100
100;2;2;12,00195;100
100;2;2;12,00195;100
100;3;15;12,00195;100
100;3;15;12,00195;100
100;3;15;12,00195;100
100;3;15;12,00195;100
100;3;15;12,00195;100
100;2;2;12,3353;100
100;2;2;12,3353;100
100;3;15;12,3353;100
100;3;15;12,3353;100
100;2;2;12,3353;100
100;3;15;12,3353;100
100;3;15;12,3353;100
100;3;15;12,3353;100
100;2;2;12,66864;100
100;3;15;12,66864;100
100;3;15;12,66864;100
100;3;15;12,66864;100
100;3;15;12,66864;100
100;2;2;12,66864;100
100;2;2;12,66864;100
100;2;2;13,00198;100
100;2;2;13,00198;100
100;2;2;13,00198;100
100;2;2;13,00198;100
100;3;15;13,00198;100
100;2;2;13,00198;100
100;2;2;13,00198;100
100;2;2;13,00198;100
100;2;2;13,00198;100
100;2;2;13,00198;100
100;2;2;13,33533;100
100;2;2;13,33533;100
100;2;2;13,33533;100
100;3;15;13,33533;100
100;2;2;13,33533;100
100;3;15;13,33533;100
100;2;2;13,66867;100
