92;2;2;16,47168;100
92;2;2;16,47168;100
92;3;15;16,47168;100
92;3;15;16,47168;100
92;3;15;16,47168;100
92;3;15;16,47168;100
92;2;2;16,47168;100
92;2;2;16,80518;100
92;3;15;16,80518;100
92;3;15;16,80518;100
92;3;15;16,80518;100
92;3;15;16,80518;100
92;3;15;16,80518;100
92;3;15;16,80518;100
92;2;2;17,13867;100
92;2;2;17,13867;100
92;3;15;17,13867;100
92;2;2;17,47217;100
92;3;15;17,47217;100
92;3;15;17,47217;100
92;3;15;17,47217;100
92;2;2;17,47217;100
92;2;2;17,47217;100
92;2;2;17,47217;100
92;3;15;17,47217;100
92;3;15;17,47217;100
92;2;2;17,80566;100
92;2;2;17,80566;100
92;3;15;17,80566;100
92;2;2;17,80566;100
92;2;2;17,80566;100
92;3;15;17,80566;100
92;2;2;17,80566;100
92;3;15;17,80566;100
92;2;2;17,80566;100
92;2;2;17,80566;100
92;2;2;17,80566;100
92;2;2;17,80566;100
92;2;2;18,13916;100
92;2;2;18,13916;100
92;2;2;18,13916;100
92;2;2;18,13916;100
92;2;2;18,13916;100
92;2;2;18,13916;100
92;3;15;18,13916;100
92;2;2;18,13916;100
92;3;15;18,13916;100
92;3;15;18,13916;100
92;3;15;18,13916;100
92;3;15;18,13916;100
92;2;2;18,47266;100
92;2;2;18,47266;100
92;3;15;18,47266;100
92;2;2;18,47266;100
92;2;2;18,47266;100
92;2;2;18,47266;100
92;3;15;18,47266;100
92;2;2;18,47266;100
92;2;2;18,80615;100
92;2;2;18,80615;100
92;3;15;18,80615;100
92;2;2;18,80615;100
92;3;15;18,80615;100
92;3;15;18,80615;100
92;3;15;18,80615;100
92;2;2;18,80615;100
92;3;15;18,80615;100
92;2;2;19,13965;100
92;2;2;19,13965;100
92;2;2;19,13965;100
92;2;2;19,13965;100
92;2;2;19,13965;100
92;2;2;19,13965;100
92;2;2;19,13965;100
92;2;2;19,13965;100
92;2;2;19,13965;100
92;2;2;19,13965;100
92;2;2;19,47314;100
92;2;2;19,47314;100
92;2;2;19,47314;100
92;2;2;19,47314;100
92;2;2;19,47314;100
92;2;2;19,47314;100
92;2;2;19,47314;100
92;3;15;19,47314;100
92;2;2;19,47314;100
92;3;15;19,80664;100
92;2;2;19,80664;100
92;2;2;19,80664;100
92;2;2;19,80664;100
92;2;2;19,80664;100
92;2;2;19,80664;100
92;3;15;19,80664;100
92;2;2;19,80664;100
92;2;2;19,80664;100
92;2;2;19,80664;100
92;3;15;19,80664;100
92;2;2;19,80664;100
92;2;2;19,80664;100
92;2;2;20,14014;100
92;2;2;20,14014;100
92;3;15;20,14014;100
92;2;2;20,14014;100
92;2;2;20,14014;100
92;3;15;20,47363;100
92;2;2;20,47363;100
92;3;15;20,47363;100
92;2;2;20,47363;100
92;2;2;20,47363;100
92;2;2;20,47363;100
92;2;2;20,47363;100
92;2;2;20,47363;100
92;2;2;20,47363;100
92;2;2;20,80713;100
92;2;2;20,80713;100
92;3;15;20,80713;100
92;3;15;20,80713;100
92;2;2;20,80713;100
92;3;15;20,80713;100
92;2;2;20,80713;100
92;2;2;20,80713;100
92;2;2;20,80713;100
92;2;2;20,80713;100
92;3;15;21,14063;100
92;2;2;21,14063;100
92;2;2;21,14063;100
92;2;2;21,14063;100
92;2;2;21,14063;100
92;2;2;21,14063;100
92;2;2;21,14063;100
92;2;2;21,14063;100
92;3;15;21,14063;100
92;2;2;21,14063;100
92;2;2;21,14063;100
92;2;2;21,47412;100
92;3;15;21,47412;100
92;2;2;21,47412;100
92;2;2;21,47412;100
92;2;2;21,47412;100
92;2;2;21,47412;100
92;2;2;21,47412;100
92;2;2;21,47412;100
92;2;2;21,47412;100
92;2;2;21,47412;100
92;3;15;21,47412;100
92;3;15;21,80762;100
92;2;2;21,80762;100
92;3;15;21,80762;100
92;3;15;21,80762;100
92;2;2;21,80762;100
92;3;15;21,80762;100
92;2;2;21,80762;100
92;2;2;21,80762;100
92;2;2;22,14111;100
92;3;15;22,14111;100
92;2;2;22,14111;100
92;2;2;22,14111;100
92;2;2;22,14111;100
92;2;2;22,14111;100
92;2;2;22,47461;100
92;2;2;22,47461;100
92;2;2;22,47461;100
92;2;2;22,47461;100
92;2;2;22,47461;100
92;2;2;22,47461;100
92;2;2;22,47461;100
92;3;15;22,47461;100
92;2;2;22,47461;100
92;3;15;22,47461;100
92;2;2;22,47461;100
92;2;2;22,47461;100
92;3;15;22,47461;100
92;3;15;22,80811;100
92;2;2;22,80811;100
92;3;15;22,80811;100
92;2;2;22,80811;100
92;2;2;22,80811;100
92;2;2;22,80811;100
92;2;2;22,80811;100
92;2;2;22,80811;100
92;3;15;23,1416;100
92;2;2;23,1416;100
92;3;15;23,1416;100
92;3;15;23,1416;100
92;2;2;23,1416;100
92;2;2;23,1416;100
92;2;2;23,1416;100
92;2;2;23,1416;100
92;2;2;23,4751;100
92;3;15;23,4751;100
92;2;2;23,4751;100
92;2;2;23,4751;100
92;2;2;23,4751;100
92;2;2;23,4751;100
92;2;2;23,4751;100
92;2;2;23,4751;100
92;3;15;23,4751;100
92;3;15;23,80859;100
92;3;15;23,80859;100
92;2;2;23,80859;100
92;2;2;23,80859;100
92;2;2;23,80859;100
92;2;2;23,80859;100
92;3;15;23,80859;100
92;2;2;23,80859;100
92;2;2;24,14209;100
92;3;15;24,14209;100
92;2;2;24,14209;100
92;3;15;24,14209;100
92;3;15;24,14209;100
92;2;2;24,14209;100
92;3;15;24,14209;100
92;2;2;24,14209;100
92;2;2;24,14209;100
92;2;2;24,14209;100
92;2;2;24,14209;100
92;2;2;24,14209;100
92;2;2;24,14209;100
92;2;2;24,14209;100
92;2;2;24,14209;100
92;2;2;24,47559;100
92;3;15;24,47559;100
92;3;15;24,47559;100
92;2;2;24,47559;100
92;2;2;24,47559;100
92;3;15;24,47559;100
92;2;2;24,47559;100
92;3;15;24,47559;100
92;2;2;24,47559;100
92;2;2;24,47559;100
92;3;15;24,80908;100
92;3;15;24,80908;100
92;2;2;24,80908;100
92;2;2;24,80908;100
92;3;15;24,80908;100
92;2;2;24,80908;100
92;2;2;24,80908;100
92;3;15;24,80908;100
92;3;15;24,80908;100
92;2;2;25,14258;100
92;2;2;25,14258;100
92;3;15;25,14258;100
92;2;2;25,14258;100
92;2;2;25,14258;100
92;2;2;25,14258;100
92;2;2;25,14258;100
92;2;2;25,14258;100
92;2;2;25,14258;100
92;2;2;25,14258;100
92;3;15;25,14258;100
92;2;2;25,47607;100
92;2;2;25,47607;100
92;2;2;25,47607;100
92;3;15;25,47607;100
92;3;15;25,47607;100
92;2;2;25,47607;100
92;2;2;25,47607;100
92;2;2;25,47607;100
92;2;2;25,47607;100
92;2;2;25,47607;100
92;2;2;25,47607;100
92;2;2;25,47607;100
92;2;2;25,80957;100
92;2;2;25,80957;100
92;3;15;25,80957;100
92;2;2;25,80957;100
92;2;2;25,80957;100
92;3;15;25,80957;100
92;2;2;25,80957;100
92;2;2;25,80957;100
92;2;2;25,80957;100
92;2;2;25,80957;100
92;2;2;25,80957;100
92;3;15;26,14307;100
92;3;15;26,14307;100
92;2;2;26,14307;100
92;3;15;26,14307;100
92;3;15;26,14307;100
92;2;2;26,14307;100
92;2;2;26,47656;100
92;2;2;26,47656;100
92;2;2;26,47656;100
92;3;15;26,47656;100
92;3;15;26,47656;100
92;2;2;26,47656;100
92;3;15;26,47656;100
92;2;2;26,47656;100
92;3;15;26,47656;100
92;3;15;26,81006;100
92;2;2;26,81006;100
92;3;15;26,81006;100
92;2;2;26,81006;100
92;2;2;26,81006;100
92;3;15;26,81006;100
92;2;2;26,81006;100
92;2;2;26,81006;100
92;3;15;26,81006;100
92;2;2;26,81006;100
92;2;2;26,81006;100
92;2;2;27,14355;100
92;2;2;27,14355;100
92;2;2;27,14355;100
92;2;2;27,14355;100
92;2;2;27,14355;100
92;2;2;27,14355;100
92;3;15;27,14355;100
92;3;15;27,14355;100
92;2;2;27,14355;100
92;2;2;27,14355;100
92;2;2;27,14355;100
92;2;2;27,47705;100
92;3;15;27,47705;100
92;3;15;27,47705;100
92;3;15;27,47705;100
92;3;15;27,47705;100
92;3;15;27,47705;100
92;3;15;27,47705;100
92;3;15;27,47705;100
92;2;2;27,47705;100
92;3;15;27,81055;100
92;2;2;27,81055;100
92;3;15;27,81055;100
92;3;15;27,81055;100
92;2;2;27,81055;100
92;2;2;27,81055;100
92;3;15;27,81055;100
92;3;15;27,81055;100
92;3;15;27,81055;100
92;3;15;28,14404;100
92;2;2;28,14404;100
92;3;15;28,14404;100
92;2;2;28,14404;100
92;2;2;28,14404;100
92;3;15;28,14404;100
92;2;2;28,14404;100
92;2;2;28,14404;100
92;2;2;28,14404;100
92;2;2;28,14404;100
92;2;2;28,14404;100
92;2;2;28,47754;100
92;2;2;28,47754;100
92;2;2;28,47754;100
92;2;2;28,47754;100
92;2;2;28,47754;100
92;3;15;28,47754;100
92;2;2;28,47754;100
92;2;2;28,47754;100
92;2;2;28,47754;100
92;2;2;28,81104;100
92;2;2;28,81104;100
92;2;2;28,81104;100
92;2;2;28,81104;100
92;2;2;28,81104;100
92;2;2;28,81104;100
92;2;2;28,81104;100
92;2;2;29,14453;100
92;2;2;29,14453;100
92;2;2;29,14453;100
92;2;2;29,14453;100
92;2;2;29,14453;100
92;3;15;29,14453;100
92;3;15;29,14453;100
92;2;2;29,14453;100
92;2;2;29,14453;100
92;2;2;29,47803;100
92;3;15;29,47803;100
92;2;2;29,47803;100
92;2;2;29,47803;100
92;3;15;29,47803;100
92;2;2;29,47803;100
92;2;2;29,47803;100
92;2;2;29,47803;100
92;2;2;29,47803;100
92;2;2;29,47803;100
92;2;2;29,47803;100
92;2;2;29,81152;100
92;2;2;29,81152;100
92;2;2;29,81152;100
92;2;2;29,81152;100
92;2;2;29,81152;100
92;2;2;29,81152;100
92;2;2;30,14502;100
92;2;2;30,14502;100
92;3;15;30,14502;100
92;2;2;30,14502;100
92;2;2;30,14502;100
92;3;15;30,14502;100
92;2;2;30,14502;100
92;2;2;30,14502;100
92;2;2;30,14502;100
92;3;15;30,14502;100
92;2;2;30,47852;100
92;2;2;30,47852;100
92;2;2;30,47852;100
92;2;2;30,47852;100
92;2;2;30,47852;100
92;2;2;30,47852;100
92;2;2;30,47852;100
92;2;2;30,47852;100
92;2;2;30,81201;100
92;3;15;30,81201;100
92;3;15;30,81201;100
92;2;2;30,81201;100
92;2;2;30,81201;100
92;2;2;30,81201;100
92;2;2;31,14551;100
92;2;2;31,14551;100
92;3;15;31,14551;100
92;2;2;31,14551;100
92;2;2;31,14551;100
92;2;2;31,14551;100
92;2;2;31,14551;100
92;3;15;31,14551;100
92;2;2;31,14551;100
92;2;2;31,14551;100
92;2;2;31,14551;100
92;2;2;31,479;100
92;2;2;31,479;100
92;2;2;31,479;100
92;2;2;31,479;100
92;2;2;31,479;100
92;2;2;31,479;100
92;2;2;31,479;100
92;2;2;31,479;100
92;3;15;31,479;100
92;2;2;31,479;100
92;3;15;31,479;100
92;3;15;31,8125;100
92;2;2;31,8125;100
92;3;15;31,8125;100
92;3;15;31,8125;100
92;2;2;32,146;100
92;2;2;32,146;100
92;2;2;32,146;100
92;2;2;32,146;100
92;2;2;32,146;100
92;3;15;32,146;100
92;3;15;32,146;100
92;2;2;32,146;100
92;2;2;32,146;100
92;2;2;32,47949;100
92;2;2;32,47949;100
92;3;15;32,47949;100
92;2;2;32,47949;100
92;3;15;32,47949;100
92;3;15;32,47949;100
92;2;2;32,47949;100
92;3;15;32,47949;100
92;2;2;32,47949;100
92;2;2;32,47949;100
92;2;2;32,81299;100
92;2;2;32,81299;100
92;2;2;32,81299;100
92;2;2;32,81299;100
92;2;2;32,81299;100
92;3;15;32,81299;100
92;2;2;32,81299;100
92;3;15;32,81299;100
92;3;15;32,81299;100
92;2;2;32,81299;100
92;3;15;33,14648;100
92;2;2;33,14648;100
92;3;15;33,14648;100
92;2;2;33,14648;100
92;2;2;33,14648;100
92;2;2;33,14648;100
92;2;2;33,14648;100
92;2;2;33,14648;100
92;2;2;33,14648;100
92;3;15;33,47998;100
92;2;2;33,47998;100
92;2;2;33,47998;100
92;2;2;33,47998;100
92;2;2;33,47998;100
92;3;15;33,47998;100
92;3;15;33,47998;100
92;2;2;33,47998;100
92;3;15;33,47998;100
92;2;2;33,47998;100
92;2;2;33,47998;100
92;2;2;33,47998;100
92;2;2;33,81348;100
92;2;2;33,81348;100
92;2;2;33,81348;100
92;3;15;33,81348;100
92;2;2;33,81348;100
92;2;2;33,81348;100
92;2;2;33,81348;100
92;2;2;33,81348;100
92;2;2;33,81348;100
92;3;15;33,81348;100
92;2;2;33,81348;100
92;2;2;33,81348;100
92;3;15;34,14697;100
92;3;15;34,14697;100
92;2;2;34,14697;100
92;3;15;34,14697;100
92;2;2;34,14697;100
92;3;15;34,14697;100
92;3;15;34,14697;100
92;3;15;34,14697;100
92;2;2;34,14697;100
92;2;2;34,48047;100
92;3;15;34,48047;100
92;2;2;34,48047;100
92;2;2;34,48047;100
92;2;2;34,48047;100
92;2;2;34,48047;100
92;2;2;34,48047;100
92;3;15;34,48047;100
92;2;2;34,48047;100
92;3;15;34,48047;100
92;2;2;34,48047;100
92;3;15;34,81396;100
92;2;2;34,81396;100
92;2;2;34,81396;100
92;3;15;34,81396;100
92;3;15;34,81396;100
92;2;2;34,81396;100
92;2;2;34,81396;100
92;3;15;34,81396;100
92;2;2;34,81396;100
92;3;15;34,81396;100
92;2;2;35,14746;100
92;2;2;35,14746;100
92;3;15;35,14746;100
92;2;2;35,14746;100
92;3;15;35,14746;100
92;2;2;35,14746;100
92;2;2;35,14746;100
92;3;15;35,14746;100
92;3;15;35,14746;100
92;2;2;35,48096;100
92;2;2;35,48096;100
92;3;15;35,48096;100
92;2;2;35,48096;100
92;2;2;35,48096;100
92;3;15;35,48096;100
92;3;15;35,48096;100
92;2;2;35,48096;100
92;3;15;35,48096;100
92;2;2;35,48096;100
92;2;2;35,48096;100
92;2;2;35,81445;100
92;3;15;35,81445;100
92;2;2;35,81445;100
92;2;2;35,81445;100
92;2;2;35,81445;100
92;2;2;35,81445;100
92;2;2;35,81445;100
92;2;2;35,81445;100
92;2;2;35,81445;100
92;2;2;36,14795;100
92;2;2;36,14795;100
92;2;2;36,14795;100
92;3;15;36,14795;100
92;2;2;36,14795;100
92;2;2;36,14795;100
92;2;2;36,14795;100
92;2;2;36,14795;100
92;2;2;36,14795;100
92;3;15;36,14795;100
92;3;15;36,14795;100
92;3;15;36,48145;100
92;2;2;36,48145;100
92;2;2;36,48145;100
92;2;2;36,48145;100
92;2;2;36,48145;100
92;2;2;36,48145;100
92;2;2;36,48145;100
92;2;2;36,48145;100
92;2;2;36,48145;100
92;3;15;36,48145;100
92;2;2;36,81494;100
92;3;15;36,81494;100
92;2;2;36,81494;100
92;2;2;36,81494;100
92;2;2;36,81494;100
92;2;2;36,81494;100
92;2;2;36,81494;100
92;2;2;36,81494;100
92;3;15;37,14844;100
92;2;2;37,14844;100
92;3;15;37,14844;100
92;3;15;37,14844;100
92;3;15;37,14844;100
92;3;15;37,14844;100
92;3;15;37,14844;100
92;2;2;37,14844;100
92;2;2;37,14844;100
92;2;2;37,14844;100
92;2;2;37,14844;100
92;2;2;37,48193;100
92;2;2;37,48193;100
92;2;2;37,48193;100
92;2;2;37,48193;100
92;2;2;37,48193;100
92;2;2;37,48193;100
92;2;2;37,48193;100
92;3;15;37,48193;100
92;2;2;37,48193;100
92;2;2;37,81543;100
92;2;2;37,81543;100
92;2;2;37,81543;100
92;2;2;37,81543;100
92;2;2;37,81543;100
92;2;2;37,81543;100
92;3;15;38,14893;100
92;3;15;38,14893;100
92;2;2;38,14893;100
92;2;2;38,14893;100
92;2;2;38,14893;100
92;3;15;38,14893;100
92;2;2;38,14893;100
92;2;2;38,14893;100
92;3;15;38,14893;100
92;2;2;38,14893;100
92;2;2;38,48242;100
92;3;15;38,48242;100
92;3;15;38,48242;100
92;2;2;38,48242;100
92;2;2;38,48242;100
92;2;2;38,81592;100
92;3;15;38,81592;100
92;2;2;38,81592;100
92;3;15;38,81592;100
92;2;2;38,81592;100
92;2;2;38,81592;100
92;3;15;38,81592;100
92;2;2;38,81592;100
92;3;15;38,81592;100
92;3;15;39,14941;100
92;2;2;39,14941;100
92;2;2;39,14941;100
92;3;15;39,14941;100
92;2;2;39,14941;100
92;2;2;39,14941;100
92;2;2;39,14941;100
92;2;2;39,14941;100
92;3;15;39,14941;100
92;2;2;39,14941;100
92;2;2;39,14941;100
92;2;2;39,48291;100
92;3;15;39,48291;100
92;3;15;39,48291;100
92;2;2;39,48291;100
92;2;2;39,48291;100
92;3;15;39,48291;100
92;3;15;39,48291;100
92;2;2;39,48291;100
92;3;15;39,48291;100
92;2;2;39,81641;100
92;2;2;39,81641;100
92;2;2;39,81641;100
92;2;2;39,81641;100
92;2;2;39,81641;100
92;2;2;40,1499;100
92;2;2;40,1499;100
92;2;2;40,1499;100
92;3;15;40,1499;100
92;2;2;40,1499;100
92;2;2;40,1499;100
92;2;2;40,1499;100
92;3;15;40,1499;100
92;3;15;40,1499;100
92;2;2;40,4834;100
92;2;2;40,4834;100
92;3;15;40,4834;100
92;2;2;40,4834;100
92;2;2;40,4834;100
92;2;2;40,4834;100
92;2;2;40,4834;100
92;3;15;40,4834;100
92;2;2;40,4834;100
92;2;2;40,4834;100
92;3;15;40,4834;100
92;3;15;40,81689;100
92;2;2;40,81689;100
92;2;2;40,81689;100
92;2;2;40,81689;100
92;2;2;40,81689;100
92;2;2;40,81689;100
92;2;2;40,81689;100
92;2;2;40,81689;100
92;3;15;40,81689;100
92;2;2;40,81689;100
92;3;15;40,81689;100
92;2;2;41,15039;100
92;2;2;41,15039;100
92;2;2;41,15039;100
92;3;15;41,15039;100
92;2;2;41,15039;100
92;2;2;41,15039;100
92;2;2;41,15039;100
92;3;15;41,15039;100
92;2;2;41,15039;100
92;2;2;41,15039;100
92;2;2;41,48389;100
92;3;15;41,48389;100
92;2;2;41,48389;100
92;3;15;41,48389;100
92;3;15;41,48389;100
92;2;2;41,48389;100
92;2;2;41,48389;100
92;2;2;41,48389;100
92;2;2;41,48389;100
92;2;2;41,81738;100
92;3;15;41,81738;100
92;2;2;41,81738;100
92;3;15;41,81738;100
92;2;2;41,81738;100
92;2;2;41,81738;100
92;2;2;41,81738;100
92;3;15;41,81738;100
92;2;2;42,15088;100
92;2;2;42,15088;100
92;2;2;42,15088;100
92;2;2;42,15088;100
92;2;2;42,15088;100
92;3;15;42,15088;100
92;2;2;42,15088;100
92;2;2;42,48438;100
92;2;2;42,48438;100
92;2;2;42,48438;100
92;3;15;42,48438;100
92;2;2;42,48438;100
92;2;2;42,48438;100
92;2;2;42,48438;100
92;2;2;42,48438;100
92;2;2;42,48438;100
92;2;2;42,48438;100
92;3;15;42,81787;100
92;2;2;42,81787;100
92;2;2;42,81787;100
92;3;15;42,81787;100
92;2;2;42,81787;100
92;3;15;42,81787;100
92;3;15;42,81787;100
92;2;2;42,81787;100
92;2;2;42,81787;100
92;2;2;42,81787;100
92;2;2;42,81787;100
92;2;2;43,15137;100
92;2;2;43,15137;100
92;3;15;43,15137;100
92;3;15;43,15137;100
92;3;15;43,15137;100
92;3;15;43,15137;100
92;2;2;43,15137;100
92;2;2;43,15137;100
92;3;15;43,15137;100
92;2;2;43,15137;100
92;2;2;43,15137;100
92;3;15;43,48486;100
92;2;2;43,48486;100
92;3;15;43,48486;100
92;2;2;43,48486;100
92;2;2;43,48486;100
92;2;2;43,48486;100
92;3;15;43,48486;100
92;2;2;43,48486;100
92;2;2;43,81836;100
92;2;2;43,81836;100
92;3;15;43,81836;100
92;2;2;43,81836;100
92;2;2;43,81836;100
92;2;2;43,81836;100
92;2;2;43,81836;100
92;2;2;43,81836;100
92;2;2;43,81836;100
92;2;2;44,15186;100
92;2;2;44,15186;100
92;3;15;44,15186;100
92;2;2;44,15186;100
92;2;2;44,15186;100
92;3;15;44,15186;100
92;3;15;44,15186;100
92;2;2;44,15186;100
92;2;2;44,15186;100
