100;3;15;52,54785;100
100;3;15;52,54785;100
100;3;15;52,54785;100
100;3;15;52,54785;100
100;2;2;52,54785;100
100;2;2;52,54785;100
100;2;2;52,54785;100
100;2;2;52,54785;100
100;2;2;52,54785;100
100;3;15;52,54785;100
100;2;2;52,88135;100
100;2;2;52,88135;100
100;3;15;52,88135;100
100;2;2;52,88135;100
100;2;2;52,88135;100
100;2;2;52,88135;100
100;3;15;52,88135;100
100;3;15;52,88135;100
100;2;2;53,21484;100
100;2;2;53,21484;100
100;3;15;53,21484;100
100;2;2;53,21484;100
100;3;15;53,21484;100
100;3;15;53,21484;100
100;2;2;53,21484;100
100;2;2;53,21484;100
100;3;15;53,54834;100
100;3;15;53,54834;100
100;3;15;53,54834;100
100;2;2;53,54834;100
100;3;15;53,54834;100
100;3;15;53,54834;100
100;2;2;53,88184;100
100;2;2;53,88184;100
100;3;15;53,88184;100
100;2;2;53,88184;100
100;3;15;53,88184;100
100;3;15;53,88184;100
100;2;2;53,88184;100
100;2;2;54,21533;100
100;2;2;54,21533;100
100;2;2;54,21533;100
100;3;15;54,21533;100
100;2;2;54,21533;100
100;3;15;54,21533;100
100;3;15;54,21533;100
100;3;15;54,21533;100
100;3;15;54,54883;100
100;2;2;54,54883;100
100;3;15;54,54883;100
100;2;2;54,54883;100
100;3;15;54,88232;100
100;3;15;54,88232;100
100;2;2;54,88232;100
100;2;2;54,88232;100
100;3;15;54,88232;100
100;3;15;54,88232;100
100;3;15;55,21582;100
100;2;2;55,21582;100
100;2;2;55,21582;100
100;2;2;55,21582;100
100;3;15;55,54932;100
100;3;15;55,54932;100
100;2;2;55,54932;100
100;3;15;55,54932;100
100;2;2;55,54932;100
100;2;2;55,88281;100
100;3;15;55,88281;100
100;3;15;55,88281;100
100;2;2;55,88281;100
100;3;15;55,88281;100
100;3;15;55,88281;100
100;2;2;55,88281;100
100;2;2;55,88281;100
100;2;2;56,21631;100
100;3;15;56,21631;100
100;2;2;56,21631;100
100;2;2;56,21631;100
100;3;15;56,21631;100
100;2;2;56,21631;100
100;3;15;56,21631;100
100;2;2;56,21631;100
100;2;2;56,21631;100
100;2;2;56,5498;100
100;3;15;56,5498;100
100;2;2;56,5498;100
100;2;2;56,5498;100
100;2;2;56,5498;100
100;2;2;56,5498;100
100;3;15;56,5498;100
100;3;15;56,8833;100
100;3;15;56,8833;100
100;3;15;56,8833;100
100;3;15;56,8833;100
100;2;2;56,8833;100
100;2;2;56,8833;100
100;3;15;56,8833;100
100;2;2;56,8833;100
100;2;2;57,2168;100
100;2;2;57,2168;100
100;2;2;57,2168;100
100;2;2;57,2168;100
100;2;2;57,2168;100
100;2;2;57,2168;100
100;2;2;57,55029;100
100;3;15;57,55029;100
100;2;2;57,55029;100
100;2;2;57,55029;100
100;2;2;57,55029;100
100;3;15;57,55029;100
100;3;15;57,55029;100
100;2;2;57,55029;100
100;3;15;57,55029;100
100;2;2;57,55029;100
100;2;2;57,88379;100
100;3;15;57,88379;100
100;2;2;57,88379;100
100;3;15;57,88379;100
100;3;15;57,88379;100
100;2;2;57,88379;100
100;2;2;57,88379;100
100;2;2;57,88379;100
100;2;2;58,21729;100
100;2;2;58,21729;100
100;2;2;58,21729;100
100;3;15;58,21729;100
100;2;2;58,21729;100
100;2;2;58,21729;100
100;3;15;58,21729;100
100;2;2;58,21729;100
100;2;2;58,21729;100
100;3;15;58,21729;100
100;2;2;58,55078;100
100;3;15;58,55078;100
100;2;2;58,55078;100
100;3;15;58,55078;100
100;2;2;58,55078;100
100;2;2;58,55078;100
100;2;2;58,55078;100
100;2;2;58,88428;100
100;2;2;58,88428;100
100;2;2;58,88428;100
100;3;15;58,88428;100
100;2;2;58,88428;100
100;2;2;58,88428;100
100;2;2;58,88428;100
100;3;15;58,88428;100
100;2;2;59,21777;100
100;2;2;59,21777;100
100;3;15;59,21777;100
100;3;15;59,21777;100
100;2;2;59,21777;100
100;2;2;59,21777;100
100;2;2;59,21777;100
100;3;15;59,21777;100
100;2;2;59,55127;100
100;3;15;59,55127;100
100;3;15;59,55127;100
100;2;2;59,55127;100
100;2;2;59,55127;100
100;2;2;59,55127;100
100;3;15;59,55127;100
100;2;2;59,55127;100
100;2;2;59,55127;100
100;3;15;59,55127;100
100;3;15;59,55127;100
100;2;2;59,88477;100
100;3;15;59,88477;100
100;3;15;59,88477;100
100;2;2;59,88477;100
100;2;2;59,88477;100
100;3;15;59,88477;100
100;3;15;59,88477;100
100;2;2;59,88477;100
100;3;15;59,88477;100
100;3;15;0,2182617;100
100;2;2;0,2182617;100
100;3;15;0,2182617;100
100;3;15;0,2182617;100
100;2;2;0,2182617;100
100;2;2;0,2182617;100
100;2;2;0,2182617;100
100;3;15;0,5517578;100
100;3;15;0,5517578;100
100;3;15;0,5517578;100
100;2;2;0,5517578;100
100;2;2;0,5517578;100
100;2;2;0,5517578;100
100;2;2;0,5517578;100
100;2;2;0,8852539;100
100;3;15;0,8852539;100
100;3;15;0,8852539;100
100;3;15;0,8852539;100
100;3;15;0,8852539;100
100;2;2;0,8852539;100
100;2;2;0,8852539;100
100;2;2;1,21875;100
100;2;2;1,21875;100
100;2;2;1,21875;100
100;3;15;1,21875;100
100;2;2;1,21875;100
100;3;15;1,21875;100
100;2;2;1,552246;100
100;2;2;1,552246;100
100;3;15;1,552246;100
100;2;2;1,552246;100
100;2;2;1,552246;100
100;2;2;1,552246;100
100;2;2;1,552246;100
100;2;2;1,552246;100
100;2;2;1,885742;100
100;2;2;1,885742;100
100;3;15;1,885742;100
100;3;15;1,885742;100
100;2;2;1,885742;100
100;2;2;1,885742;100
100;2;2;1,885742;100
100;3;15;1,885742;100
100;2;2;1,885742;100
100;3;15;1,885742;100
100;2;2;2,219238;100
100;2;2;2,219238;100
100;2;2;2,219238;100
100;2;2;2,219238;100
100;2;2;2,219238;100
100;3;15;2,219238;100
100;2;2;2,219238;100
100;3;15;2,219238;100
100;3;15;2,219238;100
100;3;15;2,219238;100
100;2;2;2,552734;100
100;2;2;2,552734;100
100;3;15;2,552734;100
100;2;2;2,552734;100
100;3;15;2,552734;100
100;3;15;2,552734;100
100;3;15;2,88623;100
100;2;2;2,88623;100
100;3;15;2,88623;100
100;2;2;2,88623;100
100;2;2;2,88623;100
100;3;15;2,88623;100
100;2;2;2,88623;100
100;2;2;2,88623;100
100;3;15;2,88623;100
100;2;2;3,219727;100
100;3;15;3,219727;100
100;3;15;3,219727;100
100;3;15;3,219727;100
100;2;2;3,219727;100
100;2;2;3,219727;100
100;3;15;3,219727;100
100;3;15;3,219727;100
100;2;2;3,553223;100
100;3;15;3,553223;100
100;2;2;3,553223;100
100;3;15;3,553223;100
100;2;2;3,553223;100
100;3;15;3,553223;100
100;2;2;3,553223;100
100;2;2;3,553223;100
100;3;15;3,553223;100
100;3;15;3,553223;100
100;2;2;3,886719;100
100;3;15;3,886719;100
100;2;2;3,886719;100
100;2;2;3,886719;100
100;3;15;3,886719;100
100;2;2;3,886719;100
100;2;2;3,886719;100
100;2;2;3,886719;100
100;3;15;3,886719;100
100;2;2;4,220215;100
100;2;2;4,220215;100
100;3;15;4,220215;100
100;2;2;4,220215;100
100;3;15;4,220215;100
100;2;2;4,553711;100
100;3;15;4,553711;100
100;3;15;4,553711;100
100;3;15;4,553711;100
100;3;15;4,553711;100
100;2;2;4,553711;100
100;2;2;4,553711;100
100;3;15;4,553711;100
100;3;15;4,553711;100
100;3;15;4,553711;100
100;3;15;4,553711;100
100;2;2;4,553711;100
100;3;15;4,887207;100
100;3;15;4,887207;100
100;2;2;4,887207;100
100;3;15;4,887207;100
100;2;2;4,887207;100
100;3;15;5,220703;100
100;2;2;5,220703;100
100;2;2;5,220703;100
100;3;15;5,220703;100
100;2;2;5,220703;100
100;3;15;5,220703;100
100;3;15;5,220703;100
100;3;15;5,220703;100
100;2;2;5,220703;100
100;2;2;5,220703;100
100;3;15;5,554199;100
100;3;15;5,554199;100
100;3;15;5,554199;100
100;3;15;5,554199;100
100;2;2;5,554199;100
100;3;15;5,554199;100
100;2;2;5,554199;100
100;3;15;5,554199;100
100;3;15;5,887695;100
100;3;15;5,887695;100
100;3;15;5,887695;100
100;3;15;5,887695;100
100;3;15;5,887695;100
100;2;2;5,887695;100
100;2;2;5,887695;100
100;2;2;5,887695;100
100;3;15;5,887695;100
100;3;15;5,887695;100
100;3;15;5,887695;100
100;2;2;6,221191;100
100;2;2;6,221191;100
100;2;2;6,221191;100
100;2;2;6,221191;100
100;2;2;6,221191;100
100;2;2;6,221191;100
100;3;15;6,221191;100
100;2;2;6,554688;100
100;3;15;6,554688;100
100;2;2;6,554688;100
100;2;2;6,554688;100
100;3;15;6,554688;100
100;2;2;6,554688;100
100;2;2;6,554688;100
100;2;2;6,888184;100
100;3;15;6,888184;100
100;2;2;6,888184;100
100;3;15;6,888184;100
100;2;2;6,888184;100
100;3;15;7,22168;100
100;2;2;7,22168;100
100;3;15;7,22168;100
100;2;2;7,22168;100
100;2;2;7,22168;100
100;3;15;7,22168;100
100;2;2;7,22168;100
100;3;15;7,22168;100
100;3;15;7,555176;100
100;2;2;7,555176;100
100;2;2;7,555176;100
100;3;15;7,555176;100
100;2;2;7,555176;100
100;3;15;7,555176;100
100;2;2;7,555176;100
100;2;2;7,555176;100
100;2;2;7,555176;100
100;2;2;7,555176;100
100;3;15;7,555176;100
100;3;15;7,888672;100
100;2;2;7,888672;100
100;2;2;7,888672;100
100;3;15;7,888672;100
100;2;2;7,888672;100
100;2;2;7,888672;100
100;2;2;7,888672;100
100;3;15;8,222168;100
100;2;2;8,222168;100
100;2;2;8,222168;100
100;2;2;8,222168;100
100;3;15;8,222168;100
100;2;2;8,222168;100
100;2;2;8,222168;100
100;3;15;8,222168;100
100;3;15;8,222168;100
100;3;15;8,222168;100
100;2;2;8,555664;100
100;3;15;8,555664;100
100;2;2;8,555664;100
100;2;2;8,555664;100
100;3;15;8,555664;100
100;3;15;8,555664;100
100;2;2;8,555664;100
100;3;15;8,555664;100
100;3;15;8,88916;100
100;2;2;8,88916;100
100;3;15;8,88916;100
100;2;2;8,88916;100
100;3;15;8,88916;100
100;3;15;8,88916;100
100;2;2;8,88916;100
100;3;15;9,222656;100
100;3;15;9,222656;100
100;3;15;9,222656;100
100;3;15;9,222656;100
100;2;2;9,222656;100
100;2;2;9,222656;100
100;3;15;9,222656;100
100;2;2;9,222656;100
100;3;15;9,556152;100
100;2;2;9,556152;100
100;2;2;9,556152;100
100;3;15;9,556152;100
100;3;15;9,556152;100
100;3;15;9,556152;100
100;2;2;9,556152;100
100;3;15;9,556152;100
100;2;2;9,556152;100
100;3;15;9,556152;100
100;2;2;9,556152;100
100;3;15;9,556152;100
100;2;2;9,889648;100
100;3;15;9,889648;100
100;3;15;9,889648;100
100;2;2;9,889648;100
100;2;2;9,889648;100
100;3;15;9,889648;100
100;2;2;9,889648;100
100;3;15;9,889648;100
100;3;15;10,22314;100
100;3;15;10,22314;100
100;3;15;10,22314;100
100;3;15;10,22314;100
100;2;2;10,22314;100
100;3;15;10,22314;100
100;2;2;10,22314;100
100;3;15;10,22314;100
100;3;15;10,22314;100
100;3;15;10,22314;100
100;3;15;10,22314;100
100;2;2;10,55664;100
100;2;2;10,55664;100
100;2;2;10,55664;100
100;3;15;10,55664;100
100;2;2;10,55664;100
100;2;2;10,89014;100
100;3;15;10,89014;100
100;2;2;10,89014;100
100;3;15;10,89014;100
100;2;2;10,89014;100
100;2;2;10,89014;100
100;2;2;10,89014;100
100;2;2;10,89014;100
100;2;2;10,89014;100
100;2;2;10,89014;100
100;3;15;11,22363;100
100;3;15;11,22363;100
100;3;15;11,22363;100
100;2;2;11,22363;100
100;2;2;11,22363;100
100;3;15;11,22363;100
100;2;2;11,22363;100
100;3;15;11,22363;100
100;3;15;11,22363;100
100;3;15;11,22363;100
100;3;15;11,22363;100
100;2;2;11,22363;100
100;3;15;11,55713;100
100;3;15;11,55713;100
100;3;15;11,55713;100
100;3;15;11,55713;100
100;3;15;11,55713;100
100;2;2;11,55713;100
100;2;2;11,55713;100
100;2;2;11,55713;100
100;3;15;11,89063;100
100;2;2;11,89063;100
100;3;15;11,89063;100
100;2;2;11,89063;100
100;2;2;11,89063;100
100;2;2;11,89063;100
100;2;2;11,89063;100
100;2;2;11,89063;100
100;2;2;12,22412;100
100;3;15;12,22412;100
100;2;2;12,22412;100
100;2;2;12,22412;100
100;2;2;12,22412;100
100;2;2;12,22412;100
100;3;15;12,22412;100
100;2;2;12,22412;100
100;3;15;12,22412;100
100;2;2;12,55762;100
100;3;15;12,55762;100
100;2;2;12,55762;100
100;3;15;12,55762;100
100;3;15;12,55762;100
100;2;2;12,55762;100
100;2;2;12,55762;100
100;3;15;12,55762;100
100;3;15;12,55762;100
100;3;15;12,89111;100
100;3;15;12,89111;100
100;3;15;12,89111;100
100;2;2;12,89111;100
100;3;15;12,89111;100
100;3;15;12,89111;100
100;3;15;12,89111;100
100;3;15;12,89111;100
100;2;2;13,22461;100
100;3;15;13,22461;100
100;2;2;13,22461;100
100;3;15;13,22461;100
100;3;15;13,22461;100
100;2;2;13,22461;100
100;3;15;13,22461;100
100;2;2;13,22461;100
100;3;15;13,22461;100
100;3;15;13,55811;100
100;3;15;13,55811;100
100;2;2;13,55811;100
100;2;2;13,55811;100
100;2;2;13,55811;100
100;2;2;13,55811;100
100;2;2;13,55811;100
100;3;15;13,8916;100
100;3;15;13,8916;100
100;3;15;13,8916;100
100;3;15;13,8916;100
100;3;15;13,8916;100
100;3;15;13,8916;100
100;3;15;13,8916;100
100;2;2;13,8916;100
100;3;15;14,2251;100
100;3;15;14,2251;100
100;2;2;14,2251;100
100;3;15;14,2251;100
100;2;2;14,2251;100
100;2;2;14,2251;100
100;2;2;14,2251;100
100;3;15;14,2251;100
100;3;15;14,2251;100
100;3;15;14,2251;100
100;3;15;14,55859;100
100;2;2;14,55859;100
100;2;2;14,55859;100
100;3;15;14,55859;100
100;2;2;14,55859;100
100;2;2;14,55859;100
100;3;15;14,55859;100
100;3;15;14,55859;100
100;3;15;14,55859;100
100;3;15;14,89209;100
100;3;15;14,89209;100
100;3;15;14,89209;100
100;2;2;14,89209;100
100;3;15;14,89209;100
100;3;15;14,89209;100
100;3;15;14,89209;100
100;2;2;15,22559;100
100;3;15;15,22559;100
100;2;2;15,22559;100
100;2;2;15,22559;100
100;3;15;15,22559;100
100;2;2;15,22559;100
100;2;2;15,22559;100
100;2;2;15,22559;100
100;2;2;15,55908;100
100;3;15;15,55908;100
100;2;2;15,55908;100
100;3;15;15,55908;100
100;2;2;15,55908;100
100;2;2;15,55908;100
100;2;2;15,89258;100
100;3;15;15,89258;100
100;3;15;15,89258;100
100;2;2;15,89258;100
100;3;15;15,89258;100
100;3;15;15,89258;100
100;3;15;16,22607;100
100;2;2;16,22607;100
100;2;2;16,22607;100
100;3;15;16,22607;100
100;3;15;16,22607;100
100;2;2;16,22607;100
100;3;15;16,22607;100
100;3;15;16,22607;100
100;3;15;16,22607;100
100;3;15;16,22607;100
100;3;15;16,22607;100
100;2;2;16,22607;100
100;2;2;16,55957;100
100;3;15;16,55957;100
100;2;2;16,55957;100
100;2;2;16,55957;100
100;2;2;16,55957;100
100;3;15;16,55957;100
100;2;2;16,89307;100
100;2;2;16,89307;100
100;3;15;16,89307;100
100;2;2;16,89307;100
100;2;2;16,89307;100
100;2;2;16,89307;100
100;3;15;16,89307;100
100;2;2;16,89307;100
100;3;15;16,89307;100
100;2;2;17,22656;100
100;2;2;17,22656;100
100;2;2;17,22656;100
100;3;15;17,22656;100
100;2;2;17,22656;100
100;2;2;17,22656;100
100;2;2;17,22656;100
100;3;15;17,22656;100
100;2;2;17,22656;100
100;2;2;17,22656;100
100;3;15;17,22656;100
100;2;2;17,56006;100
100;3;15;17,56006;100
100;3;15;17,56006;100
100;2;2;17,56006;100
100;2;2;17,56006;100
100;2;2;17,89355;100
100;2;2;17,89355;100
100;3;15;17,89355;100
100;3;15;17,89355;100
100;3;15;17,89355;100
100;3;15;17,89355;100
100;3;15;17,89355;100
100;3;15;17,89355;100
100;2;2;18,22705;100
100;2;2;18,22705;100
100;2;2;18,22705;100
100;2;2;18,22705;100
100;3;15;18,22705;100
100;2;2;18,22705;100
100;3;15;18,22705;100
100;3;15;18,56055;100
100;2;2;18,56055;100
100;3;15;18,56055;100
100;3;15;18,56055;100
100;3;15;18,56055;100
100;2;2;18,56055;100
100;2;2;18,56055;100
100;2;2;18,56055;100
100;2;2;18,56055;100
100;2;2;18,89404;100
100;3;15;18,89404;100
100;3;15;18,89404;100
100;3;15;18,89404;100
100;3;15;18,89404;100
100;2;2;18,89404;100
100;3;15;18,89404;100
100;3;15;19,22754;100
100;2;2;19,22754;100
100;2;2;19,22754;100
100;2;2;19,22754;100
100;2;2;19,22754;100
100;3;15;19,22754;100
100;2;2;19,56104;100
100;3;15;19,56104;100
100;2;2;19,56104;100
100;2;2;19,56104;100
100;3;15;19,56104;100
100;3;15;19,56104;100
100;2;2;19,56104;100
100;3;15;19,56104;100
100;3;15;19,56104;100
100;3;15;19,89453;100
100;2;2;19,89453;100
100;3;15;19,89453;100
100;3;15;19,89453;100
100;3;15;19,89453;100
100;3;15;19,89453;100
100;3;15;19,89453;100
100;2;2;20,22803;100
100;3;15;20,22803;100
100;3;15;20,22803;100
100;3;15;20,22803;100
100;2;2;20,22803;100
100;2;2;20,22803;100
100;2;2;20,56152;100
