100;3;15;3,37207;100
100;2;2;3,37207;100
100;2;2;3,705322;100
100;2;2;3,705322;100
100;3;15;3,705322;100
100;2;2;3,705322;100
100;3;15;3,705322;100
100;2;2;3,705322;100
100;3;15;4,038574;100
100;2;2;4,038574;100
100;2;2;4,038574;100
100;3;15;4,038574;100
100;2;2;4,038574;100
100;2;2;4,038574;100
100;2;2;4,371826;100
100;2;2;4,371826;100
100;2;2;4,371826;100
100;2;2;4,371826;100
100;3;15;4,371826;100
100;2;2;4,371826;100
100;3;15;4,371826;100
100;2;2;4,371826;100
100;3;15;4,371826;100
100;3;15;4,371826;100
100;2;2;4,371826;100
100;2;2;4,705078;100
100;3;15;4,705078;100
100;3;15;4,705078;100
100;3;15;4,705078;100
100;2;2;4,705078;100
100;3;15;4,705078;100
100;2;2;4,705078;100
100;3;15;4,705078;100
100;2;2;5,03833;100
100;3;15;5,03833;100
100;2;2;5,03833;100
100;2;2;5,03833;100
100;3;15;5,03833;100
100;2;2;5,371582;100
100;3;15;5,371582;100
100;3;15;5,371582;100
100;3;15;5,371582;100
100;3;15;5,371582;100
100;2;2;5,704834;100
100;3;15;5,704834;100
100;3;15;5,704834;100
100;2;2;5,704834;100
100;2;2;5,704834;100
100;2;2;5,704834;100
100;3;15;5,704834;100
100;2;2;6,038086;100
100;2;2;6,038086;100
100;2;2;6,038086;100
100;2;2;6,038086;100
100;2;2;6,371338;100
100;3;15;6,371338;100
100;2;2;6,371338;100
100;2;2;6,371338;100
100;3;15;6,371338;100
100;3;15;6,371338;100
100;2;2;6,70459;100
100;2;2;6,70459;100
100;2;2;6,70459;100
100;3;15;6,70459;100
100;3;15;6,70459;100
100;2;2;6,70459;100
100;3;15;6,70459;100
100;3;15;6,70459;100
100;3;15;6,70459;100
100;2;2;6,70459;100
100;3;15;7,037842;100
100;3;15;7,037842;100
100;2;2;7,037842;100
100;2;2;7,037842;100
100;2;2;7,037842;100
100;3;15;7,037842;100
100;3;15;7,037842;100
100;3;15;7,037842;100
100;2;2;7,037842;100
100;3;15;7,371094;100
100;3;15;7,371094;100
100;2;2;7,371094;100
100;3;15;7,371094;100
100;3;15;7,371094;100
100;2;2;7,371094;100
100;2;2;7,371094;100
100;2;2;7,371094;100
100;3;15;7,371094;100
100;3;15;7,371094;100
100;2;2;7,371094;100
100;2;2;7,704346;100
100;2;2;7,704346;100
100;3;15;7,704346;100
100;3;15;7,704346;100
100;3;15;7,704346;100
100;3;15;7,704346;100
100;3;15;7,704346;100
100;2;2;7,704346;100
100;3;15;7,704346;100
100;3;15;7,704346;100
100;3;15;8,037598;100
100;2;2;8,037598;100
100;3;15;8,037598;100
100;2;2;8,037598;100
100;3;15;8,037598;100
100;3;15;8,037598;100
100;3;15;8,037598;100
100;3;15;8,037598;100
100;3;15;8,037598;100
100;3;15;8,37085;100
100;2;2;8,37085;100
100;2;2;8,37085;100
100;2;2;8,37085;100
100;3;15;8,37085;100
100;2;2;8,37085;100
100;2;2;8,37085;100
100;2;2;8,704102;100
100;3;15;8,704102;100
100;3;15;8,704102;100
100;3;15;8,704102;100
100;2;2;8,704102;100
100;3;15;8,704102;100
100;2;2;8,704102;100
100;2;2;9,037354;100
100;2;2;9,037354;100
100;3;15;9,037354;100
100;3;15;9,037354;100
100;2;2;9,037354;100
100;2;2;9,037354;100
100;3;15;9,037354;100
100;2;2;9,037354;100
100;2;2;9,037354;100
100;3;15;9,037354;100
100;2;2;9,370605;100
100;3;15;9,370605;100
100;3;15;9,370605;100
100;2;2;9,370605;100
100;3;15;9,370605;100
100;2;2;9,370605;100
100;2;2;9,370605;100
100;3;15;9,703857;100
100;2;2;9,703857;100
100;2;2;9,703857;100
100;2;2;9,703857;100
100;3;15;9,703857;100
100;2;2;9,703857;100
100;3;15;9,703857;100
100;3;15;10,03711;100
100;3;15;10,03711;100
100;3;15;10,03711;100
100;3;15;10,03711;100
100;2;2;10,03711;100
100;3;15;10,03711;100
100;3;15;10,03711;100
100;2;2;10,03711;100
100;2;2;10,03711;100
100;3;15;10,03711;100
100;2;2;10,37036;100
100;2;2;10,37036;100
100;2;2;10,37036;100
100;3;15;10,37036;100
100;3;15;10,37036;100
100;3;15;10,37036;100
100;2;2;10,37036;100
100;2;2;10,37036;100
100;2;2;10,37036;100
100;3;15;10,37036;100
100;3;15;10,37036;100
100;3;15;10,70361;100
100;2;2;10,70361;100
100;3;15;10,70361;100
100;2;2;10,70361;100
100;3;15;10,70361;100
100;2;2;10,70361;100
100;2;2;11,03687;100
100;2;2;11,03687;100
100;3;15;11,03687;100
100;2;2;11,03687;100
100;3;15;11,03687;100
100;3;15;11,03687;100
100;3;15;11,03687;100
100;2;2;11,37012;100
100;2;2;11,37012;100
100;3;15;11,37012;100
100;3;15;11,37012;100
100;2;2;11,37012;100
100;3;15;11,37012;100
100;2;2;11,37012;100
100;3;15;11,37012;100
100;3;15;11,37012;100
100;3;15;11,37012;100
100;2;2;11,70337;100
100;3;15;11,70337;100
100;2;2;11,70337;100
100;3;15;11,70337;100
100;3;15;11,70337;100
100;3;15;11,70337;100
100;3;15;11,70337;100
100;2;2;11,70337;100
100;2;2;11,70337;100
100;3;15;11,70337;100
100;3;15;12,03662;100
100;3;15;12,03662;100
100;3;15;12,03662;100
100;3;15;12,03662;100
100;2;2;12,03662;100
100;3;15;12,03662;100
100;2;2;12,03662;100
100;3;15;12,36987;100
100;3;15;12,36987;100
100;3;15;12,36987;100
100;3;15;12,36987;100
100;3;15;12,36987;100
100;3;15;12,36987;100
100;2;2;12,36987;100
100;3;15;12,36987;100
100;3;15;12,36987;100
100;3;15;12,70313;100
100;3;15;12,70313;100
100;3;15;12,70313;100
100;3;15;12,70313;100
100;2;2;12,70313;100
100;2;2;12,70313;100
100;3;15;12,70313;100
100;2;2;12,70313;100
100;2;2;12,70313;100
100;3;15;12,70313;100
100;3;15;13,03638;100
100;2;2;13,03638;100
100;2;2;13,03638;100
100;3;15;13,03638;100
100;2;2;13,03638;100
100;2;2;13,03638;100
100;2;2;13,03638;100
100;3;15;13,03638;100
100;3;15;13,03638;100
100;3;15;13,03638;100
100;3;15;13,36963;100
100;3;15;13,36963;100
100;3;15;13,36963;100
100;3;15;13,36963;100
100;3;15;13,36963;100
100;3;15;13,36963;100
100;2;2;13,36963;100
100;2;2;13,36963;100
100;2;2;13,36963;100
100;3;15;13,36963;100
100;2;2;13,36963;100
100;3;15;13,70288;100
100;2;2;13,70288;100
100;3;15;13,70288;100
100;3;15;13,70288;100
100;3;15;13,70288;100
100;3;15;14,03613;100
100;2;2;14,03613;100
100;2;2;14,03613;100
100;2;2;14,03613;100
100;3;15;14,03613;100
100;2;2;14,03613;100
100;3;15;14,36938;100
100;2;2;14,36938;100
100;2;2;14,36938;100
100;2;2;14,36938;100
100;2;2;14,36938;100
100;2;2;14,36938;100
100;2;2;14,36938;100
100;2;2;14,36938;100
100;3;15;14,36938;100
100;3;15;14,70264;100
100;3;15;14,70264;100
100;2;2;14,70264;100
100;3;15;14,70264;100
100;2;2;14,70264;100
100;2;2;15,03589;100
100;3;15;15,03589;100
100;3;15;15,03589;100
100;2;2;15,03589;100
100;2;2;15,03589;100
100;2;2;15,03589;100
100;2;2;15,03589;100
100;3;15;15,03589;100
100;2;2;15,36914;100
100;2;2;15,36914;100
100;2;2;15,36914;100
100;3;15;15,36914;100
100;2;2;15,36914;100
100;3;15;15,36914;100
100;2;2;15,36914;100
100;2;2;15,36914;100
100;3;15;15,36914;100
100;3;15;15,36914;100
100;3;15;15,36914;100
100;3;15;15,36914;100
100;3;15;15,70239;100
100;2;2;15,70239;100
100;3;15;15,70239;100
100;3;15;15,70239;100
100;2;2;15,70239;100
100;3;15;15,70239;100
100;2;2;15,70239;100
100;2;2;15,70239;100
100;2;2;15,70239;100
100;3;15;15,70239;100
100;2;2;15,70239;100
100;2;2;16,03564;100
100;2;2;16,03564;100
100;2;2;16,03564;100
100;3;15;16,03564;100
100;3;15;16,03564;100
100;2;2;16,03564;100
100;2;2;16,03564;100
100;2;2;16,03564;100
100;2;2;16,03564;100
100;3;15;16,03564;100
100;2;2;16,03564;100
100;2;2;16,03564;100
100;3;15;16,3689;100
100;3;15;16,3689;100
100;2;2;16,3689;100
100;3;15;16,3689;100
100;3;15;16,3689;100
100;2;2;16,3689;100
100;3;15;16,3689;100
100;2;2;16,3689;100
100;3;15;16,3689;100
100;3;15;16,3689;100
100;2;2;16,3689;100
100;3;15;16,3689;100
100;3;15;16,70215;100
100;2;2;16,70215;100
100;2;2;16,70215;100
100;3;15;16,70215;100
100;3;15;16,70215;100
100;3;15;16,70215;100
100;2;2;16,70215;100
100;3;15;16,70215;100
100;3;15;16,70215;100
100;3;15;16,70215;100
100;2;2;16,70215;100
100;2;2;17,0354;100
100;3;15;17,0354;100
100;2;2;17,0354;100
100;3;15;17,0354;100
100;3;15;17,0354;100
100;3;15;17,0354;100
100;3;15;17,0354;100
100;3;15;17,0354;100
100;2;2;17,0354;100
100;2;2;17,0354;100
100;3;15;17,0354;100
100;3;15;17,0354;100
100;2;2;17,36865;100
100;2;2;17,36865;100
100;2;2;17,36865;100
100;3;15;17,36865;100
100;3;15;17,36865;100
100;2;2;17,36865;100
100;2;2;17,36865;100
100;2;2;17,36865;100
100;2;2;17,7019;100
100;2;2;17,7019;100
100;3;15;17,7019;100
100;3;15;17,7019;100
100;3;15;17,7019;100
100;3;15;17,7019;100
100;3;15;17,7019;100
100;3;15;17,7019;100
100;3;15;17,7019;100
100;2;2;18,03516;100
100;2;2;18,03516;100
100;2;2;18,03516;100
100;2;2;18,03516;100
100;2;2;18,03516;100
100;2;2;18,03516;100
100;3;15;18,03516;100
100;2;2;18,03516;100
100;2;2;18,03516;100
100;2;2;18,36841;100
100;3;15;18,36841;100
100;2;2;18,36841;100
100;3;15;18,36841;100
100;2;2;18,36841;100
100;3;15;18,36841;100
100;2;2;18,36841;100
100;3;15;18,36841;100
100;3;15;18,36841;100
100;3;15;18,36841;100
100;2;2;18,70166;100
100;3;15;18,70166;100
100;2;2;18,70166;100
100;3;15;18,70166;100
100;2;2;18,70166;100
100;2;2;18,70166;100
100;2;2;18,70166;100
100;3;15;19,03491;100
100;3;15;19,03491;100
100;2;2;19,03491;100
100;2;2;19,03491;100
100;2;2;19,03491;100
100;3;15;19,03491;100
100;2;2;19,03491;100
100;2;2;19,03491;100
100;3;15;19,03491;100
100;2;2;19,36816;100
100;3;15;19,36816;100
100;2;2;19,36816;100
100;3;15;19,36816;100
100;2;2;19,36816;100
100;2;2;19,36816;100
100;3;15;19,70142;100
100;2;2;19,70142;100
100;2;2;19,70142;100
100;2;2;19,70142;100
100;3;15;19,70142;100
100;2;2;19,70142;100
100;2;2;19,70142;100
100;3;15;19,70142;100
100;2;2;19,70142;100
100;3;15;19,70142;100
100;3;15;19,70142;100
100;3;15;20,03467;100
100;3;15;20,03467;100
100;3;15;20,03467;100
100;3;15;20,03467;100
100;3;15;20,03467;100
100;3;15;20,03467;100
100;2;2;20,03467;100
100;2;2;20,03467;100
100;3;15;20,03467;100
100;3;15;20,03467;100
100;3;15;20,36792;100
100;2;2;20,36792;100
100;3;15;20,36792;100
100;2;2;20,36792;100
100;3;15;20,36792;100
100;3;15;20,36792;100
100;2;2;20,36792;100
100;2;2;20,36792;100
100;3;15;20,36792;100
100;2;2;20,36792;100
100;3;15;20,70117;100
100;2;2;20,70117;100
100;2;2;20,70117;100
100;2;2;20,70117;100
100;3;15;20,70117;100
100;2;2;20,70117;100
100;2;2;21,03442;100
100;3;15;21,03442;100
100;2;2;21,03442;100
100;2;2;21,03442;100
100;2;2;21,03442;100
100;3;15;21,03442;100
100;2;2;21,03442;100
100;3;15;21,03442;100
100;2;2;21,03442;100
100;2;2;21,03442;100
100;2;2;21,36768;100
100;3;15;21,36768;100
100;2;2;21,36768;100
100;2;2;21,36768;100
100;3;15;21,36768;100
100;2;2;21,36768;100
100;3;15;21,36768;100
100;3;15;21,36768;100
100;3;15;21,36768;100
100;2;2;21,70093;100
100;2;2;21,70093;100
100;2;2;21,70093;100
100;3;15;21,70093;100
100;2;2;21,70093;100
100;2;2;21,70093;100
100;2;2;22,03418;100
100;3;15;22,03418;100
100;3;15;22,03418;100
100;2;2;22,03418;100
100;3;15;22,03418;100
100;2;2;22,03418;100
100;3;15;22,03418;100
100;3;15;22,03418;100
100;2;2;22,03418;100
100;2;2;22,36743;100
100;2;2;22,36743;100
100;2;2;22,36743;100
100;2;2;22,36743;100
100;2;2;22,36743;100
100;3;15;22,36743;100
100;2;2;22,36743;100
100;2;2;22,36743;100
100;2;2;22,36743;100
100;2;2;22,36743;100
100;2;2;22,36743;100
100;3;15;22,70068;100
100;2;2;22,70068;100
100;2;2;22,70068;100
100;2;2;22,70068;100
100;2;2;22,70068;100
100;2;2;22,70068;100
100;2;2;22,70068;100
100;3;15;22,70068;100
100;3;15;22,70068;100
100;2;2;23,03394;100
100;2;2;23,03394;100
100;2;2;23,03394;100
100;2;2;23,03394;100
100;3;15;23,03394;100
100;2;2;23,03394;100
100;2;2;23,03394;100
100;2;2;23,03394;100
100;2;2;23,03394;100
100;2;2;23,03394;100
100;3;15;23,03394;100
100;2;2;23,36719;100
100;3;15;23,36719;100
100;2;2;23,36719;100
100;3;15;23,36719;100
100;2;2;23,36719;100
100;3;15;23,36719;100
100;3;15;23,70044;100
100;3;15;23,70044;85
100;2;2;23,70044;85
100;2;2;23,70044;85
100;2;2;23,70044;85
100;3;15;23,70044;70
100;3;15;23,70044;55
100;2;2;23,70044;55
100;2;2;23,70044;55
100;3;15;23,70044;40
100;2;2;24,03369;40
100;2;2;24,03369;40
100;2;2;24,03369;40
100;3;15;24,03369;40
100;3;15;24,03369;40
100;3;15;24,03369;40
100;3;15;24,03369;40
100;2;2;24,36694;40
100;2;2;24,36694;40
100;3;15;24,36694;40
100;3;15;24,36694;40
100;2;2;24,36694;40
100;3;15;24,36694;40
100;3;15;24,36694;40
100;2;2;24,36694;40
100;3;15;24,7002;40
100;3;15;24,7002;40
100;3;15;24,7002;40
100;2;2;24,7002;40
100;2;2;24,7002;40
100;3;15;24,7002;40
100;3;15;25,03345;40
100;2;2;25,03345;40
100;2;2;25,03345;40
100;2;2;25,03345;40
100;2;2;25,03345;40
100;3;15;25,03345;40
100;2;2;25,03345;40
100;2;2;25,03345;40
100;3;15;25,03345;40
100;2;2;25,03345;40
100;3;15;25,03345;40
100;2;2;25,03345;40
100;2;2;25,03345;40
100;2;2;25,3667;40
100;3;15;25,3667;40
100;2;2;25,3667;40
100;3;15;25,3667;40
100;3;15;25,3667;40
100;2;2;25,3667;40
100;2;2;25,3667;40
100;2;2;25,3667;40
100;3;15;25,69995;40
100;2;2;25,69995;40
100;2;2;25,69995;40
100;3;15;25,69995;40
100;2;2;25,69995;40
100;3;15;25,69995;40
100;2;2;25,69995;40
100;2;2;25,69995;40
100;3;15;25,69995;40
100;3;15;25,69995;40
100;3;15;25,69995;40
100;2;2;26,0332;40
100;3;15;26,0332;40
100;3;15;26,0332;40
100;2;2;26,0332;40
100;2;2;26,0332;40
100;2;2;26,36646;40
100;2;2;26,36646;40
100;2;2;26,36646;40
100;2;2;26,36646;40
100;2;2;26,36646;40
100;3;15;26,36646;40
100;3;15;26,36646;40
100;3;15;26,36646;40
100;2;2;26,36646;40
100;3;15;26,36646;40
100;2;2;26,69971;40
100;3;15;26,69971;40
100;3;15;26,69971;40
100;3;15;26,69971;40
100;3;15;26,69971;40
100;3;15;26,69971;40
100;3;15;26,69971;40
100;2;2;27,03296;40
100;3;15;27,03296;40
100;2;2;27,03296;40
100;2;2;27,03296;40
100;3;15;27,03296;40
100;2;2;27,03296;40
100;3;15;27,03296;40
100;3;15;27,03296;40
100;2;2;27,03296;40
100;2;2;27,03296;40
100;2;2;27,03296;40
100;3;15;27,36621;40
100;3;15;27,36621;40
100;2;2;27,36621;40
100;3;15;27,36621;40
100;2;2;27,36621;40
100;3;15;27,36621;40
100;2;2;27,69946;40
100;3;15;27,69946;40
100;3;15;27,69946;40
100;2;2;27,69946;40
100;3;15;27,69946;40
100;3;15;27,69946;40
100;3;15;27,69946;40
100;3;15;28,03271;40
100;2;2;28,03271;40
100;2;2;28,03271;40
100;2;2;28,03271;40
100;3;15;28,03271;40
100;2;2;28,03271;40
100;2;2;28,03271;40
100;3;15;28,03271;40
100;2;2;28,03271;40
100;2;2;28,36597;40
100;2;2;28,36597;40
100;3;15;28,36597;40
100;3;15;28,36597;40
100;2;2;28,36597;40
100;3;15;28,69922;40
100;3;15;28,69922;40
100;2;2;28,69922;40
100;2;2;28,69922;40
100;2;2;28,69922;40
100;2;2;28,69922;40
100;3;15;28,69922;40
100;2;2;28,69922;40
100;2;2;29,03247;40
100;2;2;29,03247;40
100;2;2;29,03247;40
100;3;15;29,03247;40
100;3;15;29,03247;40
100;2;2;29,36572;40
100;3;15;29,36572;40
100;3;15;29,36572;40
100;3;15;29,36572;40
100;3;15;29,36572;40
100;2;2;29,36572;40
100;2;2;29,36572;40
100;2;2;29,69897;40
100;2;2;29,69897;40
100;3;15;29,69897;40
100;2;2;29,69897;40
100;2;2;30,03223;40
100;3;15;30,03223;40
100;2;2;30,03223;40
100;3;15;30,03223;40
100;3;15;30,03223;40
100;2;2;30,03223;40
100;3;15;30,03223;40
100;3;15;30,03223;40
100;3;15;30,03223;40
100;3;15;30,36548;25
100;3;15;30,36548;10
100;2;2;30,36548;10
100;3;15;30,36548;-5
Player