100;2;2;30,16309;100
100;3;15;30,16309;100
100;3;15;30,16309;100
100;3;15;30,16309;100
100;2;2;30,16309;100
100;2;2;30,16309;100
100;2;2;30,16309;100
100;3;15;30,16309;100
100;2;2;30,49658;100
100;2;2;30,49658;100
100;2;2;30,49658;100
100;3;15;30,49658;100
100;2;2;30,49658;100
100;3;15;30,49658;100
100;3;15;30,49658;100
100;2;2;30,49658;100
100;3;15;30,49658;100
100;2;2;30,83008;100
100;2;2;30,83008;100
100;2;2;30,83008;100
100;2;2;30,83008;100
100;2;2;30,83008;100
100;2;2;31,16357;100
100;3;15;31,16357;100
100;3;15;31,16357;100
100;3;15;31,16357;100
100;2;2;31,16357;100
100;2;2;31,16357;100
100;2;2;31,49707;100
100;2;2;31,49707;100
100;2;2;31,49707;100
100;3;15;31,49707;100
100;2;2;31,49707;100
100;2;2;31,49707;100
100;2;2;31,83057;100
100;3;15;31,83057;100
100;2;2;31,83057;100
100;2;2;31,83057;100
100;2;2;31,83057;100
100;3;15;31,83057;100
100;2;2;31,83057;100
100;3;15;32,16406;100
100;2;2;32,16406;100
100;3;15;32,16406;100
100;3;15;32,16406;100
100;2;2;32,16406;100
100;2;2;32,16406;100
100;2;2;32,49756;100
100;3;15;32,49756;100
100;3;15;32,49756;100
100;2;2;32,49756;100
100;3;15;32,49756;100
100;2;2;32,49756;100
100;2;2;32,49756;100
100;2;2;32,49756;100
100;2;2;32,83105;100
100;3;15;32,83105;100
100;3;15;32,83105;100
100;2;2;32,83105;100
100;3;15;32,83105;100
100;2;2;32,83105;100
100;3;15;32,83105;100
100;3;15;32,83105;100
100;2;2;32,83105;100
100;3;15;32,83105;100
100;3;15;33,16455;100
100;3;15;33,16455;100
100;2;2;33,16455;100
100;3;15;33,16455;100
100;2;2;33,16455;100
100;3;15;33,16455;100
100;2;2;33,16455;100
100;2;2;33,16455;100
100;2;2;33,49805;100
100;2;2;33,49805;100
100;2;2;33,49805;100
100;2;2;33,49805;100
100;2;2;33,49805;100
100;3;15;33,49805;100
100;2;2;33,49805;100
100;2;2;33,49805;100
100;2;2;33,49805;100
100;2;2;33,49805;100
100;2;2;33,49805;100
100;2;2;33,83154;100
100;2;2;33,83154;100
100;3;15;33,83154;100
100;2;2;33,83154;100
100;2;2;33,83154;100
100;2;2;33,83154;100
100;3;15;33,83154;100
100;3;15;33,83154;100
100;3;15;34,16504;100
100;2;2;34,16504;100
100;3;15;34,16504;100
100;3;15;34,16504;100
100;2;2;34,16504;100
100;2;2;34,16504;100
100;2;2;34,16504;100
100;3;15;34,16504;100
100;3;15;34,49854;100
100;3;15;34,49854;100
100;2;2;34,49854;100
100;3;15;34,49854;100
100;3;15;34,49854;100
100;3;15;34,49854;100
100;3;15;34,49854;100
100;2;2;34,49854;100
100;3;15;34,49854;100
100;3;15;34,49854;100
100;3;15;34,49854;100
100;3;15;34,83203;100
100;3;15;34,83203;100
100;3;15;34,83203;100
100;3;15;34,83203;100
100;3;15;34,83203;100
100;3;15;34,83203;100
100;3;15;35,16553;100
100;3;15;35,16553;100
100;3;15;35,16553;100
100;3;15;35,16553;100
100;3;15;35,16553;100
100;2;2;35,16553;100
100;3;15;35,16553;100
100;2;2;35,16553;100
100;2;2;35,16553;100
100;2;2;35,49902;100
100;3;15;35,49902;100
100;2;2;35,49902;100
100;2;2;35,49902;100
100;2;2;35,49902;100
100;3;15;35,49902;100
100;2;2;35,49902;100
100;2;2;35,83252;100
100;2;2;35,83252;100
100;3;15;35,83252;100
100;2;2;35,83252;100
100;3;15;35,83252;100
100;2;2;35,83252;100
100;3;15;35,83252;100
100;3;15;35,83252;100
100;3;15;36,16602;100
100;3;15;36,16602;100
100;3;15;36,16602;100
100;2;2;36,16602;100
100;2;2;36,16602;100
100;2;2;36,16602;100
100;3;15;36,49951;100
100;3;15;36,49951;100
100;2;2;36,49951;100
100;2;2;36,49951;100
100;2;2;36,49951;100
100;2;2;36,49951;100
100;3;15;36,49951;100
100;2;2;36,49951;100
100;2;2;36,49951;100
100;2;2;36,49951;100
100;3;15;36,49951;100
100;2;2;36,49951;100
100;3;15;36,49951;100
100;3;15;36,49951;100
100;3;15;36,83301;100
100;3;15;36,83301;100
100;2;2;36,83301;100
100;3;15;36,83301;100
100;2;2;36,83301;100
100;2;2;36,83301;100
100;3;15;36,83301;100
100;2;2;36,83301;100
100;3;15;36,83301;100
100;3;15;37,1665;100
100;2;2;37,1665;100
100;2;2;37,1665;100
100;3;15;37,1665;100
100;3;15;37,1665;100
100;2;2;37,1665;100
100;2;2;37,1665;100
100;3;15;37,5;100
100;3;15;37,5;100
100;3;15;37,5;100
100;2;2;37,5;100
100;3;15;37,5;100
100;3;15;37,5;100
100;3;15;37,5;100
100;2;2;37,8335;100
100;3;15;37,8335;100
100;2;2;37,8335;100
100;3;15;37,8335;100
100;3;15;37,8335;100
100;2;2;37,8335;100
100;3;15;37,8335;100
100;2;2;37,8335;100
100;2;2;37,8335;100
100;2;2;38,16699;100
100;3;15;38,16699;100
100;2;2;38,16699;100
100;2;2;38,16699;100
100;3;15;38,16699;100
100;3;15;38,16699;100
100;3;15;38,16699;100
100;2;2;38,16699;100
100;3;15;38,16699;100
100;3;15;38,16699;100
100;3;15;38,50049;100
100;3;15;38,50049;100
100;3;15;38,50049;100
100;3;15;38,50049;100
100;3;15;38,50049;100
100;3;15;38,50049;100
100;3;15;38,50049;100
100;3;15;38,50049;100
100;3;15;38,83398;100
100;3;15;38,83398;100
100;3;15;38,83398;100
100;2;2;38,83398;100
100;3;15;38,83398;100
100;3;15;39,16748;100
100;3;15;39,16748;100
100;2;2;39,16748;100
100;2;2;39,16748;100
100;2;2;39,16748;100
100;3;15;39,16748;100
100;3;15;39,16748;100
100;2;2;39,16748;100
100;3;15;39,50098;100
100;3;15;39,50098;100
100;3;15;39,50098;100
100;2;2;39,50098;100
100;2;2;39,50098;100
100;2;2;39,50098;100
100;2;2;39,50098;100
100;2;2;39,50098;100
100;3;15;39,50098;100
100;3;15;39,50098;100
100;2;2;39,83447;100
100;2;2;39,83447;100
100;2;2;39,83447;100
100;3;15;39,83447;100
100;3;15;39,83447;100
100;2;2;39,83447;100
100;2;2;40,16797;100
100;2;2;40,16797;100
100;3;15;40,16797;100
100;2;2;40,16797;100
100;2;2;40,16797;100
100;3;15;40,16797;100
100;3;15;40,16797;100
100;3;15;40,50146;100
100;2;2;40,50146;100
100;2;2;40,50146;100
100;2;2;40,50146;100
100;2;2;40,50146;100
100;2;2;40,50146;100
100;3;15;40,50146;100
100;2;2;40,50146;100
100;3;15;40,50146;100
100;2;2;40,83496;100
100;3;15;40,83496;100
100;3;15;40,83496;100
100;3;15;40,83496;100
100;2;2;40,83496;100
100;3;15;40,83496;100
100;2;2;40,83496;100
100;2;2;40,83496;100
100;3;15;40,83496;100
100;2;2;40,83496;100
100;2;2;40,83496;100
100;3;15;41,16846;100
100;2;2;41,16846;100
100;3;15;41,16846;100
100;2;2;41,16846;100
100;2;2;41,16846;100
100;3;15;41,16846;100
100;2;2;41,16846;100
100;3;15;41,16846;100
100;2;2;41,50195;100
100;3;15;41,50195;100
100;3;15;41,50195;100
100;3;15;41,50195;100
100;2;2;41,83545;100
100;3;15;41,83545;100
100;2;2;41,83545;100
100;3;15;41,83545;100
100;2;2;41,83545;100
100;3;15;41,83545;100
100;3;15;41,83545;100
100;2;2;41,83545;100
100;2;2;42,16895;100
100;2;2;42,16895;100
100;3;15;42,16895;100
100;2;2;42,16895;100
100;3;15;42,16895;100
100;2;2;42,16895;100
100;3;15;42,16895;100
100;3;15;42,50244;100
100;2;2;42,50244;100
100;2;2;42,50244;100
100;3;15;42,50244;100
100;3;15;42,50244;100
100;3;15;42,50244;100
100;3;15;42,50244;100
100;2;2;42,50244;100
100;2;2;42,83594;100
100;2;2;42,83594;100
100;2;2;42,83594;100
100;3;15;42,83594;100
100;3;15;42,83594;100
100;2;2;42,83594;100
100;3;15;42,83594;100
100;3;15;42,83594;100
100;2;2;42,83594;100
100;2;2;43,16943;100
100;2;2;43,16943;100
100;2;2;43,16943;100
100;2;2;43,16943;100
100;2;2;43,16943;100
100;2;2;43,16943;100
100;3;15;43,16943;100
100;2;2;43,50293;100
100;3;15;43,50293;100
100;2;2;43,50293;100
100;2;2;43,50293;100
100;3;15;43,50293;100
100;2;2;43,50293;100
100;3;15;43,83643;100
100;3;15;43,83643;100
100;3;15;43,83643;100
100;3;15;43,83643;100
100;2;2;44,16992;100
100;2;2;44,16992;100
100;3;15;44,16992;100
100;3;15;44,16992;100
100;2;2;44,16992;100
100;3;15;44,16992;100
100;3;15;44,16992;100
100;3;15;44,16992;100
100;2;2;44,16992;100
100;3;15;44,16992;100
100;3;15;44,50342;100
100;2;2;44,50342;100
100;3;15;44,50342;100
100;3;15;44,50342;100
100;2;2;44,50342;100
100;3;15;44,83691;100
100;3;15;44,83691;100
100;2;2;44,83691;100
100;3;15;44,83691;100
100;3;15;44,83691;100
100;3;15;44,83691;100
100;3;15;44,83691;100
100;3;15;44,83691;100
100;2;2;45,17041;100
100;3;15;45,17041;100
100;2;2;45,17041;100
100;3;15;45,17041;100
100;3;15;45,17041;100
100;3;15;45,17041;100
100;3;15;45,17041;100
100;3;15;45,17041;100
100;2;2;45,17041;100
100;3;15;45,50391;100
100;2;2;45,50391;100
100;3;15;45,50391;100
100;2;2;45,50391;100
100;3;15;45,50391;100
100;2;2;45,50391;100
100;3;15;45,50391;100
100;3;15;45,50391;100
100;2;2;45,50391;100
100;2;2;45,50391;100
100;3;15;45,50391;100
100;2;2;45,8374;100
100;2;2;45,8374;100
100;3;15;45,8374;100
100;3;15;45,8374;100
100;3;15;45,8374;100
100;2;2;45,8374;100
100;3;15;45,8374;100
100;3;15;45,8374;100
100;2;2;45,8374;100
100;2;2;46,1709;100
100;2;2;46,1709;100
100;2;2;46,1709;100
100;3;15;46,1709;100
100;3;15;46,1709;100
100;3;15;46,1709;100
100;3;15;46,1709;100
100;2;2;46,1709;100
100;2;2;46,50439;100
100;2;2;46,50439;100
100;3;15;46,50439;100
100;3;15;46,50439;100
100;3;15;46,50439;100
100;3;15;46,50439;100
100;2;2;46,50439;100
100;3;15;46,50439;100
100;3;15;46,50439;100
100;2;2;46,83789;100
100;3;15;46,83789;100
100;2;2;46,83789;100
100;3;15;46,83789;100
100;2;2;47,17139;100
100;3;15;47,17139;100
100;3;15;47,17139;100
100;2;2;47,17139;100
100;2;2;47,17139;100
100;2;2;47,50488;100
100;3;15;47,50488;100
100;3;15;47,50488;100
100;3;15;47,50488;100
100;2;2;47,50488;100
100;2;2;47,50488;100
100;3;15;47,50488;100
100;2;2;47,50488;100
100;3;15;47,50488;100
100;2;2;47,50488;100
100;2;2;47,50488;100
100;3;15;47,50488;100
100;2;2;47,83838;100
100;3;15;47,83838;100
100;2;2;47,83838;100
100;2;2;47,83838;100
100;2;2;47,83838;100
100;2;2;47,83838;100
100;3;15;47,83838;100
100;2;2;47,83838;100
100;3;15;48,17188;100
100;3;15;48,17188;100
100;3;15;48,17188;100
100;2;2;48,17188;100
100;3;15;48,17188;100
100;3;15;48,17188;100
100;3;15;48,17188;100
100;3;15;48,17188;100
100;2;2;48,50537;100
100;2;2;48,50537;100
100;2;2;48,50537;100
100;2;2;48,50537;100
100;3;15;48,50537;100
100;2;2;48,50537;100
100;3;15;48,50537;100
100;2;2;48,83887;100
100;2;2;48,83887;100
100;3;15;48,83887;100
100;3;15;48,83887;100
100;3;15;48,83887;100
100;3;15;48,83887;100
100;3;15;49,17236;100
100;3;15;49,17236;100
100;2;2;49,17236;100
100;2;2;49,17236;100
100;2;2;49,17236;100
100;3;15;49,17236;100
100;2;2;49,17236;100
100;3;15;49,50586;100
100;3;15;49,50586;100
100;2;2;49,50586;100
100;3;15;49,50586;100
100;3;15;49,50586;100
100;2;2;49,50586;100
100;2;2;49,50586;100
100;3;15;49,50586;100
100;2;2;49,50586;100
100;3;15;49,50586;100
100;3;15;49,50586;100
100;2;2;49,50586;100
100;3;15;49,83936;100
100;3;15;49,83936;100
100;3;15;49,83936;100
100;3;15;49,83936;100
100;3;15;49,83936;100
100;2;2;49,83936;100
100;3;15;49,83936;100
100;3;15;50,17285;100
100;3;15;50,17285;100
100;2;2;50,17285;100
100;2;2;50,17285;100
100;3;15;50,17285;100
100;2;2;50,17285;100
100;2;2;50,17285;100
100;2;2;50,17285;100
100;2;2;50,17285;100
100;2;2;50,17285;100
100;3;15;50,17285;100
100;3;15;50,17285;100
100;2;2;50,50635;100
100;2;2;50,50635;100
100;2;2;50,50635;100
100;2;2;50,50635;100
100;2;2;50,50635;100
100;2;2;50,50635;100
100;3;15;50,50635;100
100;2;2;50,83984;100
100;3;15;50,83984;100
100;3;15;50,83984;100
100;3;15;50,83984;100
100;3;15;50,83984;100
100;2;2;50,83984;100
100;2;2;50,83984;100
100;3;15;51,17334;100
100;3;15;51,17334;100
100;3;15;51,17334;100
100;2;2;51,17334;100
100;3;15;51,17334;100
100;2;2;51,17334;100
100;2;2;51,17334;100
100;3;15;51,17334;100
100;3;15;51,50684;100
100;2;2;51,50684;100
100;3;15;51,50684;100
100;3;15;51,50684;100
100;2;2;51,50684;100
100;2;2;51,50684;100
100;2;2;51,50684;100
100;3;15;51,50684;100
100;3;15;51,50684;100
100;2;2;51,50684;100
100;3;15;51,84033;100
100;2;2;51,84033;100
100;3;15;51,84033;100
100;3;15;51,84033;100
100;3;15;51,84033;100
100;3;15;51,84033;100
100;3;15;51,84033;100
100;3;15;51,84033;100
100;3;15;51,84033;100
100;2;2;52,17383;100
100;2;2;52,17383;100
100;2;2;52,17383;100
100;3;15;52,17383;100
100;3;15;52,17383;100
100;3;15;52,17383;100
100;2;2;52,17383;100
100;2;2;52,50732;100
100;3;15;52,50732;100
100;3;15;52,50732;100
100;2;2;52,50732;100
100;2;2;52,50732;100
100;2;2;52,50732;100
100;2;2;52,84082;100
100;3;15;52,84082;100
100;3;15;52,84082;100
100;2;2;52,84082;100
100;3;15;52,84082;100
100;3;15;52,84082;100
100;3;15;52,84082;100
100;3;15;52,84082;100
100;3;15;52,84082;100
100;3;15;52,84082;100
100;3;15;53,17432;100
100;3;15;53,17432;100
100;3;15;53,17432;100
100;3;15;53,17432;100
100;2;2;53,17432;100
100;3;15;53,17432;100
100;3;15;53,17432;100
100;2;2;53,50781;100
100;3;15;53,50781;100
100;3;15;53,50781;100
100;3;15;53,50781;100
100;3;15;53,84131;100
100;3;15;53,84131;100
100;2;2;53,84131;100
100;3;15;53,84131;100
100;2;2;53,84131;100
100;3;15;54,1748;100
100;3;15;54,1748;100
100;3;15;54,1748;100
100;3;15;54,1748;100
100;3;15;54,1748;100
100;3;15;54,5083;100
100;2;2;54,5083;100
100;3;15;54,5083;100
100;3;15;54,5083;100
100;2;2;54,5083;100
100;3;15;54,5083;100
100;2;2;54,5083;100
100;3;15;54,5083;100
100;3;15;54,5083;100
100;3;15;54,8418;100
100;2;2;54,8418;100
100;3;15;54,8418;100
100;2;2;54,8418;100
100;3;15;54,8418;100
100;3;15;55,17529;100
100;3;15;55,17529;100
100;3;15;55,17529;100
100;3;15;55,17529;100
100;3;15;55,17529;100
100;3;15;55,17529;100
100;2;2;55,17529;100
100;3;15;55,17529;100
100;3;15;55,50879;100
100;3;15;55,50879;100
100;3;15;55,50879;100
100;3;15;55,50879;100
100;3;15;55,50879;100
100;3;15;55,50879;100
100;2;2;55,50879;100
100;2;2;55,50879;100
100;3;15;55,50879;100
100;3;15;55,84229;100
100;3;15;55,84229;100
100;3;15;55,84229;100
100;3;15;55,84229;100
100;3;15;55,84229;100
100;2;2;55,84229;100
100;2;2;55,84229;100
100;3;15;55,84229;100
100;3;15;55,84229;100
100;2;2;55,84229;100
100;2;2;56,17578;100
100;2;2;56,17578;100
100;3;15;56,17578;100
100;2;2;56,17578;100
100;3;15;56,17578;100
100;2;2;56,17578;100
100;3;15;56,17578;100
100;3;15;56,17578;100
100;3;15;56,17578;100
100;2;2;56,17578;100
100;2;2;56,17578;100
100;3;15;56,17578;100
100;3;15;56,50928;100
100;2;2;56,50928;100
100;3;15;56,50928;100
100;3;15;56,50928;100
100;3;15;56,50928;100
100;3;15;56,50928;100
100;3;15;56,50928;100
100;3;15;56,50928;100
100;2;2;56,50928;100
100;3;15;56,50928;100
100;2;2;56,50928;100
100;3;15;56,84277;100
100;2;2;56,84277;100
100;2;2;56,84277;100
100;3;15;56,84277;100
100;3;15;56,84277;100
100;3;15;56,84277;100
100;2;2;57,17627;100
100;2;2;57,17627;100
100;2;2;57,17627;100
100;3;15;57,17627;100
100;3;15;57,50977;100
100;2;2;57,50977;100
100;3;15;57,50977;100
100;3;15;57,50977;100
100;2;2;57,50977;100
100;3;15;57,50977;100
100;2;2;57,50977;100
100;3;15;57,84326;100
100;3;15;57,84326;100
100;3;15;57,84326;100
100;2;2;57,84326;100
100;3;15;57,84326;100
100;2;2;57,84326;100
100;3;15;57,84326;100
100;3;15;57,84326;100
