100;2;2;47,41992;100
100;2;2;47,41992;100
100;2;2;47,75317;100
100;3;15;47,75317;100
100;3;15;47,75317;100
100;2;2;47,75317;100
100;2;2;47,75317;100
100;3;15;47,75317;100
100;2;2;47,75317;100
100;2;2;47,75317;100
100;3;15;47,75317;100
100;3;15;48,08643;100
100;2;2;48,08643;100
100;2;2;48,08643;100
100;3;15;48,08643;100
100;2;2;48,08643;100
100;3;15;48,08643;100
100;2;2;48,41968;100
100;2;2;48,41968;100
100;2;2;48,41968;100
100;3;15;48,41968;100
100;3;15;48,41968;100
100;2;2;48,75293;100
100;2;2;48,75293;100
100;3;15;48,75293;100
100;3;15;48,75293;100
100;3;15;48,75293;100
100;2;2;49,08618;100
100;2;2;49,08618;100
100;2;2;49,08618;100
100;2;2;49,08618;100
100;3;15;49,08618;100
100;2;2;49,08618;100
100;3;15;49,08618;100
100;3;15;49,08618;100
100;3;15;49,08618;100
100;2;2;49,08618;100
100;3;15;49,41943;100
100;2;2;49,41943;100
100;2;2;49,41943;100
100;3;15;49,41943;100
100;2;2;49,41943;100
100;3;15;49,41943;100
100;3;15;49,41943;100
100;3;15;49,41943;100
100;3;15;49,41943;100
100;3;15;49,41943;100
100;2;2;49,41943;100
100;2;2;49,41943;100
100;3;15;49,75269;100
100;3;15;49,75269;100
100;2;2;49,75269;100
100;2;2;49,75269;100
100;3;15;49,75269;100
100;2;2;49,75269;100
100;3;15;49,75269;100
100;3;15;49,75269;100
100;2;2;49,75269;100
100;3;15;50,08594;100
100;2;2;50,08594;100
100;2;2;50,08594;100
100;2;2;50,08594;100
100;3;15;50,08594;100
100;3;15;50,08594;100
100;2;2;50,08594;100
100;2;2;50,08594;100
100;2;2;50,08594;100
100;2;2;50,41919;100
100;2;2;50,41919;100
100;2;2;50,41919;100
100;2;2;50,41919;100
100;2;2;50,41919;100
100;2;2;50,41919;100
100;2;2;50,41919;100
100;2;2;50,41919;100
100;3;15;50,41919;100
100;3;15;50,41919;100
100;2;2;50,41919;100
100;3;15;50,41919;100
100;2;2;50,75244;100
100;3;15;50,75244;100
100;3;15;50,75244;100
100;3;15;50,75244;100
100;3;15;50,75244;100
100;2;2;50,75244;100
100;3;15;50,75244;100
100;2;2;50,75244;100
100;3;15;50,75244;100
100;2;2;50,75244;100
100;3;15;51,08569;100
100;3;15;51,08569;100
100;3;15;51,08569;100
100;3;15;51,08569;100
100;2;2;51,08569;100
100;2;2;51,08569;100
100;3;15;51,08569;100
100;2;2;51,08569;100
100;3;15;51,08569;100
100;2;2;51,08569;100
100;2;2;51,41895;100
100;2;2;51,41895;100
100;3;15;51,41895;100
100;3;15;51,41895;100
100;3;15;51,7522;100
100;2;2;51,7522;100
100;2;2;51,7522;100
100;2;2;51,7522;100
100;3;15;51,7522;100
100;3;15;51,7522;100
100;3;15;51,7522;100
100;2;2;51,7522;100
100;2;2;51,7522;100
100;2;2;51,7522;100
100;2;2;51,7522;100
100;3;15;52,08545;100
100;2;2;52,08545;100
100;2;2;52,08545;100
100;2;2;52,08545;100
100;3;15;52,08545;100
100;2;2;52,08545;100
100;2;2;52,08545;100
100;3;15;52,08545;100
100;3;15;52,08545;100
100;3;15;52,08545;100
100;3;15;52,08545;100
100;3;15;52,08545;100
100;2;2;52,08545;100
100;3;15;52,4187;100
100;3;15;52,4187;100
100;3;15;52,4187;100
100;2;2;52,4187;100
100;2;2;52,4187;100
100;3;15;52,4187;100
100;3;15;52,4187;100
100;2;2;52,4187;100
100;2;2;52,75195;100
100;2;2;52,75195;100
100;2;2;52,75195;100
100;3;15;52,75195;100
100;2;2;52,75195;100
100;2;2;52,75195;100
100;3;15;52,75195;100
100;2;2;52,75195;100
100;2;2;52,75195;100
100;3;15;52,75195;100
100;3;15;53,08521;100
100;2;2;53,08521;100
100;2;2;53,08521;100
100;2;2;53,08521;100
100;2;2;53,08521;100
100;2;2;53,08521;100
100;2;2;53,08521;100
100;2;2;53,41846;100
100;2;2;53,41846;100
100;2;2;53,41846;100
100;2;2;53,41846;100
100;3;15;53,41846;100
100;3;15;53,41846;100
100;2;2;53,41846;100
100;3;15;53,41846;100
100;3;15;53,41846;100
100;3;15;53,41846;100
100;3;15;53,41846;100
100;3;15;53,41846;100
100;2;2;53,75171;100
100;3;15;53,75171;100
100;2;2;53,75171;100
100;2;2;53,75171;100
100;2;2;53,75171;100
100;3;15;53,75171;100
100;3;15;53,75171;100
100;2;2;53,75171;100
100;2;2;53,75171;100
100;3;15;54,08496;100
100;2;2;54,08496;100
100;3;15;54,08496;100
100;2;2;54,08496;100
100;2;2;54,08496;100
100;2;2;54,08496;100
100;3;15;54,08496;100
100;2;2;54,08496;100
100;3;15;54,41821;100
100;3;15;54,41821;100
100;2;2;54,41821;100
100;3;15;54,41821;100
100;3;15;54,41821;100
100;2;2;54,41821;100
100;2;2;54,41821;100
100;2;2;54,41821;100
100;3;15;54,41821;100
100;3;15;54,75146;100
100;2;2;54,75146;100
100;3;15;54,75146;100
100;3;15;54,75146;100
100;2;2;54,75146;100
100;2;2;54,75146;100
100;2;2;54,75146;100
100;2;2;54,75146;100
100;2;2;54,75146;100
100;2;2;54,75146;100
100;3;15;54,75146;100
100;3;15;54,75146;100
100;2;2;55,08472;100
100;3;15;55,08472;100
100;3;15;55,08472;100
100;3;15;55,08472;100
100;2;2;55,08472;100
100;3;15;55,08472;100
100;3;15;55,08472;100
100;2;2;55,08472;100
100;3;15;55,08472;100
100;3;15;55,41797;100
100;3;15;55,41797;100
100;2;2;55,41797;100
100;3;15;55,41797;100
100;2;2;55,41797;100
100;2;2;55,41797;100
100;3;15;55,75122;100
100;3;15;55,75122;100
100;2;2;55,75122;100
100;2;2;55,75122;100
100;3;15;55,75122;100
100;3;15;55,75122;100
100;2;2;55,75122;100
100;3;15;56,08447;100
100;2;2;56,08447;100
100;3;15;56,08447;100
100;3;15;56,08447;100
100;2;2;56,08447;100
100;2;2;56,08447;100
100;2;2;56,08447;100
100;3;15;56,08447;100
100;3;15;56,41772;100
100;2;2;56,41772;100
100;2;2;56,41772;100
100;3;15;56,41772;100
100;2;2;56,41772;100
100;2;2;56,41772;100
100;2;2;56,41772;100
100;3;15;56,41772;100
100;2;2;56,41772;100
100;3;15;56,41772;100
100;2;2;56,41772;100
100;3;15;56,75098;100
100;3;15;56,75098;100
100;3;15;56,75098;100
100;2;2;56,75098;100
100;3;15;56,75098;100
100;2;2;56,75098;100
100;3;15;57,08423;100
100;3;15;57,08423;100
100;3;15;57,08423;100
100;3;15;57,08423;100
100;3;15;57,08423;100
100;2;2;57,08423;100
100;3;15;57,08423;100
100;3;15;57,41748;100
100;3;15;57,41748;100
100;2;2;57,41748;100
100;2;2;57,41748;100
100;3;15;57,41748;100
100;2;2;57,41748;100
100;2;2;57,75073;100
100;3;15;57,75073;100
100;3;15;57,75073;100
100;3;15;57,75073;100
100;3;15;57,75073;100
100;3;15;57,75073;100
100;3;15;58,08398;100
100;3;15;58,08398;100
100;2;2;58,08398;100
100;2;2;58,08398;100
100;3;15;58,08398;100
100;2;2;58,08398;100
100;3;15;58,08398;100
100;3;15;58,08398;100
100;2;2;58,08398;100
100;3;15;58,41724;100
100;2;2;58,41724;100
100;3;15;58,41724;100
100;3;15;58,41724;100
100;3;15;58,41724;100
100;2;2;58,41724;100
100;3;15;58,41724;100
100;2;2;58,41724;100
100;2;2;58,41724;100
100;3;15;58,41724;100
100;2;2;58,41724;100
100;2;2;58,41724;100
100;3;15;58,75049;100
100;2;2;58,75049;100
100;3;15;58,75049;100
100;3;15;58,75049;100
100;3;15;58,75049;100
100;2;2;58,75049;100
100;2;2;59,08374;100
100;2;2;59,08374;100
100;2;2;59,08374;100
100;3;15;59,08374;100
100;3;15;59,08374;100
100;2;2;59,08374;100
100;3;15;59,08374;100
100;2;2;59,08374;100
100;2;2;59,41699;100
100;3;15;59,41699;100
100;2;2;59,41699;100
100;2;2;59,41699;100
100;2;2;59,41699;100
100;2;2;59,41699;100
100;3;15;59,41699;100
100;3;15;59,41699;100
100;2;2;59,41699;100
100;2;2;59,41699;100
100;2;2;59,41699;100
100;2;2;59,41699;100
100;2;2;59,75024;100
100;3;15;59,75024;100
100;2;2;59,75024;100
100;3;15;59,75024;100
100;2;2;59,75024;100
100;2;2;59,75024;100
100;2;2;59,75024;100
100;3;15;59,75024;100
100;2;2;59,75024;100
100;3;15;59,75024;100
100;3;15;59,75024;100
100;3;15;59,75024;100
100;3;15;0,08349609;100
100;3;15;0,08349609;100
100;3;15;0,08349609;100
100;2;2;0,08349609;100
100;2;2;0,08349609;100
100;3;15;0,08349609;100
100;2;2;0,08349609;100
100;2;2;0,416748;100
100;2;2;0,416748;100
100;3;15;0,416748;100
100;2;2;0,416748;100
100;2;2;0,416748;100
100;2;2;0,416748;100
100;3;15;0,416748;100
100;2;2;0,416748;100
100;2;2;0,416748;100
100;3;15;0,416748;100
100;3;15;0,416748;100
100;2;2;0,75;100
100;2;2;0,75;100
100;2;2;0,75;100
100;3;15;0,75;100
100;2;2;0,75;100
100;3;15;0,75;100
100;2;2;0,75;100
100;3;15;0,75;100
100;2;2;1,083252;100
100;3;15;1,083252;100
100;2;2;1,083252;100
100;3;15;1,083252;100
100;2;2;1,083252;100
100;2;2;1,083252;100
100;3;15;1,416504;100
100;2;2;1,416504;100
100;3;15;1,416504;100
100;2;2;1,416504;100
100;3;15;1,416504;100
100;3;15;1,416504;100
100;2;2;1,416504;100
100;2;2;1,416504;100
100;2;2;1,416504;100
100;2;2;1,416504;100
100;2;2;1,749756;100
100;3;15;1,749756;100
100;2;2;1,749756;100
100;2;2;1,749756;100
100;3;15;1,749756;100
100;2;2;1,749756;100
100;3;15;1,749756;100
100;3;15;1,749756;100
100;2;2;1,749756;100
100;2;2;1,749756;100
100;3;15;1,749756;100
100;3;15;2,083008;100
100;2;2;2,083008;100
100;2;2;2,083008;100
100;2;2;2,083008;100
100;3;15;2,083008;100
100;2;2;2,083008;100
100;3;15;2,083008;100
100;2;2;2,083008;100
100;2;2;2,083008;100
100;2;2;2,083008;100
100;2;2;2,41626;100
100;3;15;2,41626;100
100;3;15;2,41626;100
100;2;2;2,41626;100
100;3;15;2,41626;100
100;3;15;2,41626;100
100;2;2;2,41626;100
100;3;15;2,41626;100
100;2;2;2,749512;100
100;3;15;2,749512;100
100;2;2;2,749512;100
100;2;2;2,749512;100
100;2;2;2,749512;100
100;2;2;2,749512;100
100;3;15;2,749512;100
100;3;15;2,749512;100
100;2;2;2,749512;100
100;2;2;2,749512;100
100;2;2;2,749512;100
100;2;2;3,082764;100
100;3;15;3,082764;100
100;2;2;3,082764;100
100;3;15;3,082764;100
100;2;2;3,082764;100
100;2;2;3,082764;100
100;2;2;3,082764;100
100;3;15;3,082764;100
100;3;15;3,082764;100
100;2;2;3,082764;100
100;3;15;3,082764;100
100;2;2;3,416016;100
100;2;2;3,416016;100
100;2;2;3,416016;100
100;2;2;3,416016;100
100;3;15;3,416016;100
100;2;2;3,749268;100
100;3;15;3,749268;100
100;2;2;3,749268;100
100;2;2;3,749268;100
100;3;15;3,749268;100
100;3;15;3,749268;100
100;3;15;3,749268;100
100;3;15;3,749268;100
100;2;2;3,749268;100
100;3;15;4,08252;100
100;2;2;4,08252;100
100;3;15;4,08252;100
100;2;2;4,08252;100
100;3;15;4,08252;100
100;3;15;4,08252;100
100;2;2;4,08252;100
100;2;2;4,08252;100
100;3;15;4,08252;100
100;3;15;4,08252;100
100;2;2;4,415771;100
100;2;2;4,415771;100
100;3;15;4,415771;100
100;2;2;4,415771;100
100;2;2;4,415771;100
100;2;2;4,415771;100
100;3;15;4,415771;100
100;2;2;4,415771;100
100;3;15;4,415771;100
100;3;15;4,749023;100
100;2;2;4,749023;100
100;2;2;4,749023;100
100;2;2;4,749023;100
100;2;2;4,749023;100
100;3;15;4,749023;100
100;2;2;4,749023;100
100;2;2;4,749023;100
100;3;15;4,749023;100
100;2;2;4,749023;100
100;2;2;4,749023;100
100;2;2;5,082275;100
100;2;2;5,082275;100
100;2;2;5,082275;100
100;3;15;5,082275;100
100;2;2;5,082275;100
100;2;2;5,082275;100
100;2;2;5,082275;100
100;3;15;5,415527;100
100;3;15;5,415527;100
100;2;2;5,415527;100
100;2;2;5,415527;100
100;2;2;5,415527;100
100;2;2;5,415527;100
100;2;2;5,415527;100
100;2;2;5,415527;100
100;2;2;5,415527;100
100;3;15;5,415527;100
100;2;2;5,415527;100
100;3;15;5,415527;100
100;2;2;5,748779;100
100;2;2;5,748779;100
100;3;15;5,748779;100
100;2;2;5,748779;100
100;2;2;5,748779;100
100;3;15;5,748779;100
100;3;15;5,748779;100
100;3;15;5,748779;100
100;3;15;5,748779;100
100;2;2;6,082031;100
100;3;15;6,082031;100
100;3;15;6,082031;100
100;2;2;6,082031;100
100;2;2;6,082031;100
100;2;2;6,082031;100
100;2;2;6,415283;100
100;3;15;6,415283;100
100;2;2;6,415283;100
100;2;2;6,415283;100
100;2;2;6,415283;100
100;3;15;6,415283;100
100;2;2;6,415283;100
100;2;2;6,415283;100
100;3;15;6,415283;100
100;2;2;6,748535;100
100;3;15;6,748535;100
100;3;15;6,748535;100
100;3;15;6,748535;100
100;2;2;6,748535;100
100;2;2;6,748535;100
100;2;2;6,748535;100
100;2;2;6,748535;100
100;2;2;6,748535;100
100;2;2;6,748535;100
100;2;2;6,748535;100
100;3;15;6,748535;100
100;2;2;7,081787;100
100;2;2;7,081787;100
100;2;2;7,081787;100
100;2;2;7,081787;100
100;2;2;7,081787;100
100;2;2;7,081787;100
100;2;2;7,081787;100
100;2;2;7,081787;100
100;2;2;7,415039;100
100;2;2;7,415039;100
100;2;2;7,415039;100
100;2;2;7,415039;100
100;2;2;7,415039;100
100;2;2;7,415039;100
100;2;2;7,415039;100
100;3;15;7,415039;100
100;3;15;7,415039;100
100;3;15;7,415039;100
100;3;15;7,415039;100
100;2;2;7,748291;100
100;2;2;7,748291;100
100;2;2;7,748291;100
100;3;15;7,748291;100
100;3;15;7,748291;100
100;3;15;7,748291;100
100;2;2;7,748291;100
100;2;2;7,748291;100
100;2;2;7,748291;100
100;2;2;7,748291;100
100;2;2;7,748291;100
100;2;2;8,081543;100
100;3;15;8,081543;100
100;2;2;8,081543;100
100;2;2;8,081543;100
100;3;15;8,081543;100
100;3;15;8,081543;100
100;2;2;8,081543;100
100;3;15;8,081543;100
100;3;15;8,081543;100
100;3;15;8,414795;100
100;3;15;8,414795;100
100;2;2;8,414795;100
100;3;15;8,414795;100
100;3;15;8,414795;100
100;3;15;8,414795;100
100;3;15;8,414795;100
100;2;2;8,414795;100
100;3;15;8,414795;100
100;3;15;8,748047;100
100;3;15;8,748047;100
100;2;2;8,748047;100
100;2;2;8,748047;100
100;2;2;8,748047;100
100;3;15;8,748047;100
100;2;2;8,748047;100
100;3;15;8,748047;100
100;2;2;8,748047;100
100;2;2;9,081299;100
100;2;2;9,081299;100
100;2;2;9,081299;100
100;3;15;9,081299;100
100;3;15;9,081299;100
100;2;2;9,081299;100
100;3;15;9,414551;100
100;2;2;9,414551;100
100;3;15;9,414551;100
100;2;2;9,414551;100
100;2;2;9,414551;100
100;2;2;9,414551;100
100;2;2;9,414551;100
100;3;15;9,747803;100
100;2;2;9,747803;100
100;3;15;9,747803;100
100;2;2;9,747803;100
100;2;2;9,747803;100
100;3;15;9,747803;100
100;2;2;9,747803;100
100;3;15;9,747803;100
100;3;15;10,08105;100
100;3;15;10,08105;100
100;2;2;10,08105;100
100;3;15;10,08105;100
100;2;2;10,08105;100
100;2;2;10,08105;100
100;2;2;10,08105;100
100;3;15;10,08105;100
100;3;15;10,08105;100
100;2;2;10,08105;100
100;2;2;10,08105;100
100;3;15;10,08105;100
100;2;2;10,41431;100
100;3;15;10,41431;100
100;2;2;10,41431;100
100;2;2;10,41431;100
100;2;2;10,41431;100
100;2;2;10,41431;100
100;2;2;10,41431;100
100;2;2;10,41431;100
100;2;2;10,41431;100
100;3;15;10,41431;100
100;2;2;10,41431;100
100;3;15;10,41431;100
100;3;15;10,74756;100
100;3;15;10,74756;100
100;3;15;10,74756;100
100;2;2;10,74756;100
100;2;2;10,74756;100
100;2;2;10,74756;100
100;2;2;10,74756;100
100;2;2;10,74756;100
100;3;15;11,08081;100
100;2;2;11,08081;100
100;3;15;11,08081;100
100;3;15;11,08081;100
100;3;15;11,08081;100
100;3;15;11,08081;100
100;2;2;11,08081;100
100;2;2;11,08081;100
100;2;2;11,41406;100
100;2;2;11,41406;100
100;3;15;11,41406;100
100;2;2;11,41406;100
100;2;2;11,41406;100
100;2;2;11,41406;100
100;2;2;11,41406;100
100;3;15;11,41406;100
100;3;15;11,74731;100
100;2;2;11,74731;100
100;3;15;11,74731;100
100;3;15;11,74731;100
100;3;15;11,74731;100
100;2;2;11,74731;100
100;2;2;11,74731;100
100;3;15;11,74731;100
100;3;15;11,74731;100
100;3;15;11,74731;100
100;2;2;12,08057;100
100;3;15;12,08057;100
100;3;15;12,08057;100
100;2;2;12,08057;100
100;2;2;12,08057;100
100;2;2;12,08057;100
100;2;2;12,08057;100
100;2;2;12,08057;100
100;3;15;12,41382;100
100;3;15;12,41382;100
100;2;2;12,41382;100
100;3;15;12,41382;100
100;3;15;12,41382;100
100;2;2;12,41382;100
100;2;2;12,41382;100
100;3;15;12,74707;100
100;3;15;12,74707;100
100;3;15;12,74707;100
100;2;2;12,74707;100
100;3;15;12,74707;100
100;3;15;12,74707;100
100;3;15;12,74707;100
100;3;15;12,74707;100
100;2;2;12,74707;100
100;3;15;12,74707;100
100;2;2;12,74707;100
100;2;2;13,08032;100
100;2;2;13,08032;100
100;3;15;13,08032;100
100;3;15;13,08032;100
100;2;2;13,08032;100
100;3;15;13,08032;100
100;2;2;13,08032;100
100;2;2;13,08032;100
100;2;2;13,08032;100
100;3;15;13,08032;100
100;2;2;13,41357;100
100;3;15;13,41357;100
100;2;2;13,41357;100
100;3;15;13,41357;100
100;3;15;13,41357;100
100;2;2;13,41357;100
100;2;2;13,41357;100
100;2;2;13,41357;100
100;2;2;13,41357;100
100;2;2;13,41357;100
100;3;15;13,41357;100
100;3;15;13,74683;100
100;3;15;13,74683;100
100;2;2;13,74683;100
100;3;15;13,74683;100
100;2;2;13,74683;100
100;3;15;13,74683;100
100;2;2;13,74683;100
100;3;15;14,08008;100
100;2;2;14,08008;100
100;2;2;14,08008;100
100;2;2;14,08008;100
100;3;15;14,08008;100
100;3;15;14,08008;100
100;2;2;14,08008;100
100;3;15;14,08008;100
100;3;15;14,41333;100
100;3;15;14,41333;100
100;3;15;14,41333;100
100;2;2;14,41333;100
100;3;15;14,41333;100
100;3;15;14,41333;100
100;2;2;14,41333;100
100;2;2;14,74658;100
100;3;15;14,74658;100
100;3;15;14,74658;100
100;3;15;14,74658;100
100;2;2;14,74658;100
100;3;15;14,74658;100
100;3;15;14,74658;100
100;3;15;14,74658;100
100;2;2;15,07983;100
100;3;15;15,07983;100
100;2;2;15,07983;100
100;3;15;15,07983;100
100;3;15;15,07983;100
100;2;2;15,07983;100
100;3;15;15,07983;100
100;3;15;15,07983;100
100;3;15;15,07983;100
100;3;15;15,07983;100
100;2;2;15,07983;100
100;2;2;15,07983;100
100;2;2;15,07983;100
100;3;15;15,07983;100
100;3;15;15,41309;100
100;2;2;15,41309;100
100;2;2;15,41309;100
100;2;2;15,41309;100
100;2;2;15,41309;100
100;3;15;15,41309;100
100;3;15;15,41309;100
100;2;2;15,41309;100
100;2;2;15,41309;100
100;2;2;15,41309;100
100;3;15;15,41309;100
100;2;2;15,41309;100
