100;3;15;30,66579;100
100;2;2;30,66579;100
100;2;2;30,66579;100
100;3;15;30,66579;100
100;2;2;30,66579;100
100;2;2;30,66579;100
100;3;15;30,66579;100
100;3;15;30,99911;100
100;2;2;30,99911;100
100;3;15;30,99911;100
100;2;2;30,99911;100
100;2;2;30,99911;100
100;3;15;30,99911;100
100;3;15;31,33244;100
100;3;15;31,33244;100
100;2;2;31,33244;100
100;2;2;31,33244;100
100;3;15;31,33244;100
100;2;2;31,33244;100
100;2;2;31,66577;100
100;3;15;31,66577;100
100;3;15;31,66577;100
100;3;15;31,66577;100
100;3;15;31,66577;100
100;2;2;31,66577;100
100;2;2;31,9991;100
100;2;2;31,9991;100
100;3;15;31,9991;100
100;3;15;31,9991;100
100;2;2;31,9991;100
100;3;15;31,9991;100
100;2;2;31,9991;100
100;3;15;31,9991;100
100;2;2;32,33243;100
100;3;15;32,33243;100
100;3;15;32,33243;100
100;2;2;32,33243;100
100;2;2;32,33243;100
100;3;15;32,33243;100
100;3;15;32,66576;100
100;2;2;32,66576;100
100;2;2;32,66576;100
100;3;15;32,66576;100
100;3;15;32,66576;100
100;3;15;32,66576;100
100;3;15;32,66576;100
100;2;2;32,66576;100
100;2;2;32,66576;100
100;2;2;32,66576;100
100;2;2;32,99908;100
100;3;15;32,99908;100
100;3;15;32,99908;100
100;3;15;32,99908;100
100;3;15;32,99908;100
100;2;2;32,99908;100
100;3;15;32,99908;100
100;3;15;32,99908;100
100;2;2;32,99908;100
100;2;2;33,33241;100
100;3;15;33,33241;100
100;2;2;33,33241;100
100;2;2;33,33241;100
100;2;2;33,33241;100
100;3;15;33,33241;100
100;2;2;33,33241;100
100;2;2;33,33241;100
100;2;2;33,66574;100
100;3;15;33,66574;100
100;2;2;33,66574;100
100;3;15;33,66574;100
100;3;15;33,66574;100
100;3;15;33,66574;100
100;2;2;33,66574;100
100;2;2;33,66574;100
100;2;2;33,66574;100
100;3;15;33,66574;100
100;2;2;33,66574;100
100;2;2;33,99907;100
100;3;15;33,99907;100
100;3;15;33,99907;100
100;3;15;33,99907;100
100;3;15;33,99907;100
100;3;15;33,99907;100
100;3;15;33,99907;100
100;3;15;33,99907;100
100;2;2;33,99907;100
100;3;15;33,99907;100
100;2;2;34,3324;100
100;3;15;34,3324;100
100;2;2;34,3324;100
100;3;15;34,3324;100
100;2;2;34,3324;100
100;2;2;34,3324;100
100;2;2;34,3324;100
100;2;2;34,3324;100
100;3;15;34,3324;100
100;3;15;34,3324;100
100;3;15;34,3324;100
100;3;15;34,66573;100
100;2;2;34,66573;100
100;2;2;34,66573;100
100;2;2;34,66573;100
100;2;2;34,66573;100
100;3;15;34,99905;100
100;2;2;34,99905;100
100;3;15;34,99905;100
100;2;2;34,99905;100
100;2;2;34,99905;100
100;3;15;34,99905;100
100;2;2;34,99905;100
100;2;2;35,33238;100
100;2;2;35,33238;100
100;3;15;35,33238;100
100;2;2;35,33238;100
100;3;15;35,33238;100
100;3;15;35,33238;100
100;2;2;35,33238;100
100;2;2;35,33238;100
100;3;15;35,33238;100
100;2;2;35,66571;100
100;3;15;35,66571;100
100;3;15;35,66571;100
100;3;15;35,66571;100
100;3;15;35,66571;100
100;2;2;35,66571;100
100;2;2;35,99904;100
100;2;2;35,99904;100
100;3;15;35,99904;100
100;3;15;35,99904;100
100;2;2;35,99904;100
100;2;2;35,99904;100
100;2;2;36,33237;100
100;2;2;36,33237;100
100;2;2;36,33237;100
100;2;2;36,33237;100
100;2;2;36,33237;100
100;2;2;36,33237;100
100;3;15;36,33237;100
100;3;15;36,33237;100
100;2;2;36,33237;100
100;3;15;36,33237;100
100;3;15;36,33237;100
100;3;15;36,6657;100
100;2;2;36,6657;100
100;2;2;36,6657;100
100;3;15;36,6657;100
100;3;15;36,6657;100
100;2;2;36,6657;100
100;2;2;36,6657;100
100;3;15;36,6657;100
100;3;15;36,6657;100
100;2;2;36,6657;100
100;2;2;36,6657;100
100;3;15;36,99902;100
100;2;2;36,99902;100
100;2;2;36,99902;100
100;3;15;36,99902;100
100;3;15;36,99902;100
100;2;2;36,99902;100
100;2;2;36,99902;100
100;2;2;36,99902;100
100;2;2;36,99902;100
100;2;2;37,33235;100
100;3;15;37,33235;100
100;2;2;37,33235;100
100;3;15;37,33235;100
100;3;15;37,33235;100
100;3;15;37,33235;100
100;3;15;37,33235;100
100;3;15;37,33235;100
100;2;2;37,33235;100
100;3;15;37,33235;100
100;3;15;37,66568;100
100;3;15;37,66568;100
100;3;15;37,66568;100
100;3;15;37,66568;100
100;3;15;37,66568;100
100;2;2;37,66568;100
100;2;2;37,66568;100
100;3;15;37,66568;100
100;2;2;37,66568;100
100;2;2;37,66568;100
100;2;2;37,66568;100
100;2;2;37,99901;100
100;3;15;37,99901;100
100;2;2;37,99901;100
100;3;15;37,99901;100
100;2;2;37,99901;100
100;2;2;37,99901;100
100;2;2;37,99901;100
100;2;2;37,99901;100
100;2;2;38,33234;100
100;3;15;38,33234;100
100;3;15;38,33234;100
100;3;15;38,33234;100
100;3;15;38,33234;100
100;3;15;38,66566;100
100;2;2;38,66566;100
100;3;15;38,66566;100
100;2;2;38,66566;100
100;2;2;38,66566;100
100;3;15;38,66566;100
100;3;15;38,66566;100
100;2;2;38,66566;100
100;2;2;38,66566;100
100;2;2;38,99899;100
100;3;15;38,99899;100
100;2;2;38,99899;100
100;2;2;38,99899;100
100;2;2;38,99899;100
100;2;2;38,99899;100
100;3;15;38,99899;100
100;3;15;38,99899;100
100;2;2;38,99899;100
100;2;2;38,99899;100
100;2;2;39,33232;100
100;2;2;39,33232;100
100;2;2;39,33232;100
100;2;2;39,33232;100
100;3;15;39,33232;100
100;2;2;39,33232;100
100;2;2;39,33232;100
100;2;2;39,33232;100
100;2;2;39,33232;100
100;2;2;39,33232;100
100;2;2;39,33232;100
100;3;15;39,66565;100
100;2;2;39,66565;100
100;2;2;39,66565;100
100;2;2;39,66565;100
100;2;2;39,66565;100
100;2;2;39,66565;100
100;2;2;39,66565;100
100;3;15;39,66565;100
100;3;15;39,66565;100
100;3;15;39,66565;100
100;3;15;39,66565;100
100;3;15;39,66565;100
100;3;15;39,99898;100
100;3;15;39,99898;100
100;2;2;39,99898;100
100;2;2;39,99898;100
100;2;2;39,99898;100
100;2;2;39,99898;100
100;3;15;40,33231;100
100;2;2;40,33231;100
100;2;2;40,33231;100
100;2;2;40,33231;100
100;3;15;40,33231;100
100;3;15;40,33231;100
100;2;2;40,33231;100
100;3;15;40,66563;100
100;3;15;40,66563;100
100;2;2;40,66563;100
100;2;2;40,66563;100
100;3;15;40,66563;100
100;3;15;40,66563;100
100;2;2;40,66563;100
100;2;2;40,66563;100
100;2;2;40,66563;100
100;3;15;40,66563;100
100;2;2;40,66563;100
100;2;2;40,66563;100
100;2;2;40,66563;100
100;2;2;40,66563;100
100;3;15;40,66563;100
100;2;2;40,99896;100
100;2;2;40,99896;100
100;2;2;40,99896;100
100;2;2;40,99896;100
100;2;2;40,99896;100
100;2;2;40,99896;100
100;2;2;40,99896;100
100;2;2;40,99896;100
100;2;2;40,99896;100
100;2;2;40,99896;100
100;2;2;40,99896;100
100;2;2;40,99896;100
100;3;15;41,33229;100
100;2;2;41,33229;100
100;3;15;41,33229;100
100;2;2;41,33229;100
100;3;15;41,33229;100
100;3;15;41,33229;100
100;2;2;41,33229;100
100;3;15;41,33229;100
100;3;15;41,33229;100
100;3;15;41,66562;100
100;2;2;41,66562;100
100;3;15;41,66562;100
100;2;2;41,66562;100
100;2;2;41,66562;100
100;3;15;41,66562;100
100;3;15;41,66562;100
100;3;15;41,66562;100
100;2;2;41,66562;100
100;3;15;41,66562;100
100;3;15;41,99895;100
100;3;15;41,99895;100
100;3;15;41,99895;100
100;2;2;41,99895;100
100;2;2;41,99895;100
100;2;2;41,99895;100
100;3;15;41,99895;100
100;3;15;42,33228;100
100;2;2;42,33228;100
100;2;2;42,33228;100
100;3;15;42,33228;100
100;2;2;42,33228;100
100;3;15;42,33228;100
100;3;15;42,33228;100
100;2;2;42,33228;100
100;2;2;42,6656;100
100;3;15;42,6656;100
100;2;2;42,6656;100
100;2;2;42,6656;100
100;2;2;42,6656;100
100;2;2;42,6656;100
100;3;15;42,6656;100
100;2;2;42,6656;100
100;3;15;42,6656;100
100;3;15;42,6656;100
100;3;15;42,6656;100
100;3;15;42,6656;100
100;2;2;42,6656;100
100;2;2;42,6656;100
100;3;15;42,99893;100
100;2;2;42,99893;100
100;2;2;42,99893;100
100;3;15;42,99893;100
100;2;2;42,99893;100
100;3;15;42,99893;100
100;2;2;42,99893;100
100;2;2;42,99893;100
100;3;15;42,99893;100
100;2;2;42,99893;100
100;2;2;43,33226;100
100;2;2;43,33226;100
100;2;2;43,33226;100
100;2;2;43,33226;100
100;2;2;43,33226;100
100;3;15;43,33226;100
100;2;2;43,33226;100
100;2;2;43,33226;100
100;2;2;43,66559;100
100;2;2;43,66559;100
100;2;2;43,66559;100
100;2;2;43,66559;100
100;3;15;43,66559;100
100;3;15;43,66559;100
100;2;2;43,66559;100
100;3;15;43,66559;100
100;2;2;43,66559;100
100;2;2;43,99892;100
100;3;15;43,99892;100
100;2;2;43,99892;100
100;2;2;43,99892;100
100;2;2;43,99892;100
100;3;15;43,99892;100
100;2;2;43,99892;100
100;3;15;44,33224;100
100;2;2;44,33224;100
100;2;2;44,33224;100
100;2;2;44,33224;100
100;2;2;44,33224;100
100;3;15;44,33224;100
100;2;2;44,33224;100
100;3;15;44,33224;100
100;2;2;44,33224;100
100;2;2;44,66557;100
100;2;2;44,66557;100
100;3;15;44,66557;100
100;2;2;44,66557;100
100;2;2;44,66557;100
100;3;15;44,66557;100
100;3;15;44,66557;100
100;3;15;44,66557;100
100;2;2;44,66557;100
100;3;15;44,66557;100
100;2;2;44,66557;100
100;2;2;44,9989;100
100;3;15;44,9989;100
100;2;2;44,9989;100
100;3;15;44,9989;100
100;2;2;44,9989;100
100;2;2;44,9989;100
100;3;15;44,9989;100
100;2;2;45,33223;100
100;2;2;45,33223;100
100;2;2;45,33223;100
100;2;2;45,33223;100
100;2;2;45,33223;100
100;3;15;45,33223;85
100;2;2;45,33223;85
100;2;2;45,33223;85
100;2;2;45,66556;85
100;2;2;45,66556;85
100;2;2;45,66556;85
100;2;2;45,66556;85
100;2;2;45,66556;85
100;3;15;45,66556;85
100;3;15;45,66556;85
100;3;15;45,99889;85
100;3;15;45,99889;70
100;3;15;45,99889;55
100;2;2;45,99889;55
100;2;2;45,99889;55
100;2;2;45,99889;55
100;3;15;45,99889;40
100;2;2;45,99889;40
92;2;2;46,33221;38
84;3;15;46,33221;23
68;2;2;46,33221;21
44;2;2;46,33221;19
28;2;2;46,33221;17
20;2;2;46,33221;15
12;2;2;46,33221;13
Boss