100;3;15;45,53613;100
100;2;2;45,53613;100
100;2;2;45,53613;100
100;3;15;45,86914;100
100;2;2;45,86914;100
100;3;15;45,86914;100
100;3;15;45,86914;100
100;3;15;45,86914;100
100;3;15;45,86914;100
100;3;15;45,86914;100
100;3;15;45,86914;100
100;3;15;45,86914;100
100;3;15;45,86914;100
100;3;15;45,86914;100
100;2;2;46,20215;100
100;2;2;46,20215;100
100;3;15;46,20215;100
100;3;15;46,20215;100
100;3;15;46,20215;100
100;3;15;46,20215;100
100;3;15;46,20215;100
100;2;2;46,20215;100
100;3;15;46,20215;100
100;3;15;46,20215;100
100;2;2;46,20215;100
100;3;15;46,20215;100
100;3;15;46,20215;100
100;3;15;46,20215;100
100;3;15;46,53516;100
100;2;2;46,53516;100
100;3;15;46,53516;100
100;3;15;46,53516;100
100;3;15;46,53516;100
100;3;15;46,53516;100
100;3;15;46,53516;100
100;3;15;46,53516;100
100;3;15;46,53516;100
100;3;15;46,53516;100
100;3;15;46,53516;100
100;3;15;46,53516;100
100;3;15;46,53516;100
100;3;15;46,86816;100
100;3;15;46,86816;100
100;3;15;46,86816;100
100;3;15;46,86816;100
100;3;15;46,86816;100
100;2;2;46,86816;100
100;3;15;46,86816;100
100;3;15;46,86816;100
100;3;15;46,86816;100
100;2;2;46,86816;100
100;3;15;46,86816;100
100;3;15;46,86816;100
100;2;2;46,86816;100
100;3;15;47,20117;100
100;3;15;47,20117;100
100;3;15;47,20117;100
100;2;2;47,20117;100
100;3;15;47,20117;100
100;3;15;47,20117;100
100;2;2;47,20117;100
100;3;15;47,20117;100
100;3;15;47,20117;100
100;3;15;47,53418;100
100;3;15;47,53418;100
100;3;15;47,53418;100
100;2;2;47,53418;100
100;2;2;47,53418;100
100;3;15;47,53418;100
100;3;15;47,53418;100
100;3;15;47,53418;100
100;3;15;47,53418;100
100;3;15;47,53418;100
100;3;15;47,53418;100
100;3;15;47,53418;100
100;3;15;47,53418;100
100;2;2;47,53418;100
100;3;15;47,53418;100
100;2;2;47,86719;100
100;3;15;47,86719;100
100;3;15;47,86719;100
100;3;15;47,86719;100
100;3;15;47,86719;100
100;3;15;47,86719;100
100;3;15;47,86719;100
100;3;15;47,86719;100
100;3;15;48,2002;100
100;3;15;48,2002;100
100;2;2;48,2002;100
100;3;15;48,2002;100
100;3;15;48,2002;100
100;3;15;48,2002;100
100;3;15;48,2002;100
100;3;15;48,2002;100
100;2;2;48,2002;100
100;3;15;48,2002;100
100;2;2;48,2002;100
100;2;2;48,5332;100
100;3;15;48,5332;100
100;3;15;48,5332;100
100;3;15;48,5332;100
100;3;15;48,5332;100
100;2;2;48,5332;100
100;3;15;48,5332;100
100;3;15;48,5332;100
100;3;15;48,5332;100
100;3;15;48,5332;100
100;3;15;48,5332;100
100;3;15;48,86621;100
100;3;15;48,86621;100
100;3;15;48,86621;100
100;3;15;48,86621;100
100;2;2;48,86621;100
100;3;15;48,86621;100
100;3;15;48,86621;100
100;3;15;48,86621;100
100;2;2;48,86621;100
100;3;15;48,86621;100
100;3;15;48,86621;100
100;3;15;48,86621;100
100;2;2;48,86621;100
100;3;15;48,86621;100
100;3;15;48,86621;100
100;3;15;48,86621;100
100;3;15;49,19922;100
100;3;15;49,19922;100
100;3;15;49,19922;100
100;3;15;49,19922;100
100;2;2;49,19922;100
100;3;15;49,19922;100
100;3;15;49,19922;100
100;3;15;49,19922;100
100;3;15;49,19922;100
100;3;15;49,19922;100
100;3;15;49,19922;100
100;3;15;49,19922;100
100;3;15;49,53223;100
100;2;2;49,53223;100
100;2;2;49,53223;100
100;2;2;49,53223;100
100;3;15;49,53223;100
100;3;15;49,53223;100
100;2;2;49,53223;100
100;3;15;49,53223;100
100;3;15;49,53223;100
100;3;15;49,86523;100
100;3;15;49,86523;100
100;3;15;49,86523;100
100;3;15;49,86523;100
100;2;2;49,86523;100
100;3;15;49,86523;100
100;3;15;49,86523;100
100;3;15;49,86523;100
100;3;15;49,86523;100
100;3;15;49,86523;100
100;3;15;49,86523;100
100;3;15;49,86523;100
100;3;15;49,86523;100
100;3;15;49,86523;100
100;3;15;50,19824;100
100;3;15;50,19824;100
100;2;2;50,19824;100
100;3;15;50,19824;100
100;3;15;50,19824;100
100;3;15;50,19824;100
100;2;2;50,19824;100
100;3;15;50,19824;100
100;3;15;50,19824;100
100;3;15;50,19824;100
100;3;15;50,19824;100
100;3;15;50,19824;100
100;3;15;50,53125;100
100;3;15;50,53125;100
100;3;15;50,53125;100
100;3;15;50,53125;100
100;3;15;50,53125;100
100;3;15;50,53125;100
100;3;15;50,53125;100
100;2;2;50,53125;100
100;3;15;50,53125;100
100;3;15;50,53125;100
100;3;15;50,53125;100
100;3;15;50,86426;100
100;3;15;50,86426;100
100;3;15;50,86426;100
100;3;15;50,86426;100
100;3;15;50,86426;100
100;3;15;50,86426;100
100;3;15;50,86426;100
100;3;15;50,86426;100
100;3;15;50,86426;100
100;2;2;50,86426;100
100;3;15;50,86426;100
100;3;15;51,19727;100
100;3;15;51,19727;100
100;3;15;51,19727;100
100;3;15;51,19727;100
100;3;15;51,19727;100
100;3;15;51,19727;100
100;2;2;51,19727;100
100;3;15;51,19727;100
100;3;15;51,19727;100
100;3;15;51,19727;100
100;3;15;51,19727;100
100;3;15;51,53027;100
100;3;15;51,53027;100
100;3;15;51,53027;100
100;3;15;51,53027;100
100;3;15;51,53027;100
100;3;15;51,53027;100
100;3;15;51,53027;100
100;3;15;51,53027;100
100;3;15;51,53027;100
100;3;15;51,53027;100
100;3;15;51,53027;100
100;3;15;51,53027;100
100;2;2;51,53027;100
100;2;2;51,86328;100
100;3;15;51,86328;100
100;3;15;51,86328;100
100;3;15;51,86328;100
100;3;15;51,86328;100
100;3;15;51,86328;100
100;3;15;51,86328;100
100;3;15;51,86328;100
100;3;15;51,86328;100
100;3;15;51,86328;100
100;3;15;51,86328;100
100;3;15;52,19629;100
100;3;15;52,19629;100
100;3;15;52,19629;100
100;3;15;52,19629;100
100;3;15;52,19629;100
100;3;15;52,19629;100
100;3;15;52,19629;100
100;3;15;52,19629;100
100;3;15;52,19629;100
100;2;2;52,19629;100
100;3;15;52,19629;100
100;3;15;52,19629;100
100;3;15;52,5293;85
100;3;15;52,5293;70
100;3;15;52,5293;55
100;3;15;52,5293;40
100;3;15;52,5293;25
100;3;15;52,5293;10
100;3;15;52,5293;-5
Player