100;3;15;4,754883;100
100;3;15;4,754883;100
100;3;15;4,754883;100
100;3;15;5,087891;100
100;3;15;5,087891;100
100;3;15;5,087891;100
100;2;2;5,087891;100
100;3;15;5,087891;100
100;3;15;5,087891;100
100;3;15;5,087891;100
100;2;2;5,087891;100
100;2;2;5,087891;100
100;2;2;5,087891;100
100;3;15;5,420898;100
100;3;15;5,420898;100
100;3;15;5,420898;100
100;3;15;5,420898;100
100;2;2;5,420898;100
100;3;15;5,420898;100
100;3;15;5,420898;100
100;3;15;5,420898;100
100;3;15;5,420898;100
100;3;15;5,420898;100
100;3;15;5,420898;100
100;3;15;5,753906;100
100;2;2;5,753906;100
100;2;2;5,753906;100
100;3;15;5,753906;100
100;3;15;5,753906;100
100;2;2;5,753906;100
100;3;15;5,753906;100
100;3;15;5,753906;100
100;3;15;5,753906;100
100;2;2;5,753906;100
100;2;2;5,753906;100
100;2;2;6,086914;100
100;3;15;6,086914;100
100;2;2;6,086914;100
100;3;15;6,086914;100
100;3;15;6,086914;100
100;2;2;6,086914;100
100;3;15;6,086914;100
100;3;15;6,086914;100
100;3;15;6,086914;100
100;2;2;6,086914;100
100;2;2;6,419922;100
100;2;2;6,419922;100
100;3;15;6,419922;100
100;2;2;6,419922;100
100;3;15;6,419922;100
100;3;15;6,419922;100
100;3;15;6,419922;100
100;2;2;6,419922;100
100;2;2;6,419922;100
100;3;15;6,419922;100
100;2;2;6,419922;100
100;3;15;6,419922;100
100;3;15;6,75293;100
100;3;15;6,75293;100
100;3;15;6,75293;100
100;3;15;6,75293;100
100;3;15;6,75293;100
100;3;15;6,75293;100
100;3;15;6,75293;100
100;3;15;6,75293;100
100;3;15;6,75293;100
100;2;2;6,75293;100
100;2;2;6,75293;100
100;3;15;7,085938;100
100;3;15;7,085938;100
100;3;15;7,085938;100
100;3;15;7,085938;100
100;2;2;7,085938;100
100;3;15;7,085938;100
100;2;2;7,085938;100
100;3;15;7,085938;100
100;3;15;7,085938;100
100;3;15;7,085938;100
100;2;2;7,085938;100
100;3;15;7,085938;100
100;3;15;7,085938;100
100;3;15;7,418945;100
100;3;15;7,418945;100
100;3;15;7,418945;100
100;2;2;7,418945;100
100;3;15;7,418945;100
100;2;2;7,418945;100
100;3;15;7,418945;100
100;3;15;7,418945;100
100;3;15;7,418945;100
100;3;15;7,751953;100
100;3;15;7,751953;100
100;3;15;7,751953;100
100;3;15;7,751953;100
100;3;15;7,751953;100
100;3;15;7,751953;100
100;2;2;7,751953;100
100;3;15;7,751953;100
100;3;15;7,751953;100
100;3;15;7,751953;100
100;3;15;7,751953;100
100;2;2;7,751953;100
100;2;2;8,084961;100
100;3;15;8,084961;100
100;3;15;8,084961;100
100;2;2;8,084961;100
100;2;2;8,084961;100
100;3;15;8,084961;100
100;2;2;8,084961;100
100;2;2;8,084961;100
100;3;15;8,084961;100
100;3;15;8,084961;100
100;3;15;8,084961;100
100;3;15;8,417969;100
100;3;15;8,417969;100
100;3;15;8,417969;100
100;3;15;8,417969;100
100;2;2;8,417969;100
100;2;2;8,417969;100
100;2;2;8,417969;100
100;3;15;8,417969;100
100;3;15;8,417969;100
100;3;15;8,417969;100
100;3;15;8,417969;100
100;3;15;8,750977;100
100;3;15;8,750977;100
100;3;15;8,750977;100
100;2;2;8,750977;100
100;3;15;8,750977;100
100;3;15;8,750977;100
100;3;15;8,750977;100
100;3;15;8,750977;100
100;3;15;8,750977;100
100;3;15;8,750977;100
100;3;15;8,750977;100
100;2;2;9,083984;100
100;3;15;9,083984;100
100;2;2;9,083984;100
100;3;15;9,083984;100
100;3;15;9,083984;100
100;2;2;9,083984;100
100;2;2;9,083984;100
100;2;2;9,083984;100
100;3;15;9,083984;100
100;3;15;9,083984;100
100;3;15;9,083984;100
100;3;15;9,416992;100
100;3;15;9,416992;100
100;2;2;9,416992;100
100;2;2;9,416992;100
100;3;15;9,416992;100
100;3;15;9,416992;100
100;2;2;9,416992;100
100;2;2;9,75;100
100;3;15;9,75;100
100;3;15;9,75;100
100;2;2;9,75;100
100;3;15;9,75;100
100;3;15;9,75;100
100;2;2;9,75;100
100;3;15;9,75;100
100;3;15;9,75;100
100;3;15;9,75;100
100;3;15;9,75;100
100;2;2;9,75;100
100;2;2;9,75;100
100;3;15;10,08301;100
100;3;15;10,08301;100
100;3;15;10,08301;100
100;3;15;10,08301;100
100;3;15;10,08301;100
100;3;15;10,08301;100
100;3;15;10,08301;100
100;3;15;10,08301;100
100;2;2;10,08301;100
100;3;15;10,08301;100
100;3;15;10,08301;100
100;3;15;10,08301;100
100;3;15;10,08301;100
100;3;15;10,41602;100
100;3;15;10,41602;100
100;3;15;10,41602;100
100;3;15;10,41602;100
100;3;15;10,41602;100
100;3;15;10,41602;100
100;3;15;10,41602;100
100;3;15;10,41602;100
100;3;15;10,74902;100
100;3;15;10,74902;100
100;3;15;10,74902;100
100;3;15;10,74902;100
100;2;2;10,74902;100
100;2;2;10,74902;100
100;3;15;10,74902;100
100;2;2;10,74902;100
100;3;15;10,74902;100
100;3;15;10,74902;100
100;3;15;10,74902;100
100;3;15;10,74902;100
100;3;15;10,74902;100
100;3;15;11,08203;100
100;3;15;11,08203;100
100;3;15;11,08203;100
100;3;15;11,08203;100
100;3;15;11,08203;100
100;3;15;11,08203;100
100;3;15;11,08203;100
100;3;15;11,08203;100
100;3;15;11,08203;100
100;3;15;11,08203;100
100;2;2;11,41504;100
100;3;15;11,41504;100
100;3;15;11,41504;100
100;2;2;11,41504;100
100;3;15;11,41504;100
100;3;15;11,41504;100
100;3;15;11,41504;100
100;3;15;11,41504;100
100;3;15;11,41504;100
100;3;15;11,41504;100
100;3;15;11,41504;100
100;3;15;11,41504;100
100;2;2;11,74805;100
100;2;2;11,74805;100
100;3;15;11,74805;100
100;3;15;11,74805;100
100;3;15;11,74805;100
100;3;15;11,74805;100
100;3;15;11,74805;100
100;3;15;11,74805;100
100;3;15;11,74805;100
100;3;15;11,74805;100
100;2;2;11,74805;100
100;3;15;11,74805;100
100;3;15;12,08105;100
100;3;15;12,08105;100
100;3;15;12,08105;100
100;3;15;12,08105;100
100;3;15;12,08105;100
100;3;15;12,08105;100
100;2;2;12,08105;100
100;3;15;12,08105;100
100;3;15;12,41406;100
100;3;15;12,41406;85
100;3;15;12,41406;70
100;2;2;12,41406;70
100;3;15;12,41406;55
100;3;15;12,41406;40
100;3;15;12,41406;25
100;3;15;12,41406;10
100;3;15;12,41406;-5
Player