100;3;15;6,216797;100
100;2;2;6,550293;100
100;2;2;6,550293;100
100;2;2;6,550293;100
100;3;15;6,550293;100
100;3;15;6,550293;100
100;3;15;6,550293;100
100;3;15;6,550293;100
100;3;15;6,550293;100
100;3;15;6,550293;100
100;2;2;6,550293;100
100;3;15;6,883789;100
100;3;15;6,883789;100
100;3;15;6,883789;100
100;3;15;6,883789;100
100;3;15;6,883789;100
100;3;15;6,883789;100
100;3;15;6,883789;100
100;3;15;6,883789;100
100;2;2;7,217285;100
100;2;2;7,217285;100
100;3;15;7,217285;100
100;2;2;7,217285;100
100;3;15;7,217285;100
100;3;15;7,217285;100
100;2;2;7,217285;100
100;3;15;7,217285;100
100;2;2;7,217285;100
100;3;15;7,217285;100
100;2;2;7,217285;100
100;3;15;7,550781;100
100;3;15;7,550781;100
100;3;15;7,550781;100
100;2;2;7,550781;100
100;3;15;7,550781;100
100;2;2;7,550781;100
100;3;15;7,550781;100
100;2;2;7,884277;100
100;2;2;7,884277;100
100;3;15;7,884277;100
100;2;2;7,884277;100
100;3;15;7,884277;100
100;3;15;7,884277;100
100;3;15;7,884277;100
100;3;15;7,884277;100
100;3;15;7,884277;100
100;3;15;7,884277;100
100;3;15;8,217773;100
100;2;2;8,217773;100
100;3;15;8,217773;100
100;3;15;8,217773;100
100;3;15;8,217773;100
100;3;15;8,217773;100
100;3;15;8,217773;100
100;3;15;8,217773;100
100;2;2;8,217773;100
100;2;2;8,217773;100
100;3;15;8,217773;100
100;3;15;8,217773;100
100;2;2;8,217773;100
100;2;2;8,55127;100
100;3;15;8,55127;100
100;3;15;8,55127;100
100;2;2;8,55127;100
100;3;15;8,55127;100
100;3;15;8,55127;100
100;3;15;8,55127;100
100;3;15;8,55127;100
100;3;15;8,55127;100
100;3;15;8,55127;100
100;3;15;8,55127;100
100;3;15;8,55127;100
100;3;15;8,884766;100
100;3;15;8,884766;100
100;3;15;8,884766;100
100;2;2;8,884766;100
100;3;15;8,884766;100
100;2;2;8,884766;100
100;2;2;8,884766;100
100;2;2;8,884766;100
100;3;15;8,884766;100
100;3;15;9,218262;100
100;3;15;9,218262;100
100;3;15;9,218262;100
100;3;15;9,218262;100
100;3;15;9,218262;100
100;3;15;9,218262;100
100;2;2;9,218262;100
100;3;15;9,218262;100
100;3;15;9,218262;100
100;3;15;9,218262;100
100;3;15;9,218262;100
100;3;15;9,218262;100
100;3;15;9,218262;100
100;3;15;9,551758;100
100;3;15;9,551758;100
100;3;15;9,551758;100
100;3;15;9,551758;100
100;2;2;9,551758;100
100;3;15;9,551758;100
100;2;2;9,551758;100
100;3;15;9,551758;100
100;3;15;9,551758;100
100;2;2;9,551758;100
100;3;15;9,551758;100
100;3;15;9,551758;100
100;3;15;9,885254;100
100;3;15;9,885254;100
100;3;15;9,885254;100
100;3;15;9,885254;100
100;3;15;9,885254;100
100;3;15;9,885254;100
100;3;15;9,885254;100
100;3;15;10,21875;100
100;3;15;10,21875;100
100;3;15;10,21875;100
100;3;15;10,21875;100
100;3;15;10,21875;100
100;3;15;10,21875;100
100;3;15;10,21875;100
100;3;15;10,21875;100
100;3;15;10,21875;100
100;3;15;10,21875;100
100;2;2;10,55225;100
100;3;15;10,55225;100
100;2;2;10,55225;100
100;2;2;10,55225;100
100;2;2;10,55225;100
100;3;15;10,55225;100
100;2;2;10,88574;100
100;3;15;10,88574;100
100;2;2;10,88574;100
100;2;2;10,88574;100
100;2;2;10,88574;100
100;2;2;10,88574;100
100;3;15;10,88574;100
100;3;15;10,88574;100
100;3;15;10,88574;100
100;3;15;10,88574;100
100;3;15;10,88574;100
100;3;15;11,21924;100
100;2;2;11,21924;100
100;2;2;11,21924;100
100;3;15;11,21924;100
100;2;2;11,21924;100
100;3;15;11,21924;100
100;3;15;11,21924;100
100;3;15;11,21924;100
100;3;15;11,21924;100
100;3;15;11,21924;100
100;2;2;11,21924;100
100;3;15;11,55273;100
100;2;2;11,55273;100
100;3;15;11,55273;100
100;2;2;11,55273;100
100;3;15;11,55273;100
100;3;15;11,88623;100
100;2;2;11,88623;100
100;2;2;11,88623;100
100;3;15;11,88623;100
100;3;15;11,88623;100
100;3;15;11,88623;100
100;3;15;11,88623;100
100;2;2;11,88623;100
100;3;15;11,88623;100
100;3;15;12,21973;100
100;3;15;12,21973;100
100;3;15;12,21973;100
100;2;2;12,21973;100
100;3;15;12,21973;100
100;3;15;12,21973;100
100;3;15;12,21973;100
100;3;15;12,55322;100
100;3;15;12,55322;100
100;3;15;12,55322;100
100;2;2;12,55322;100
100;3;15;12,55322;100
100;3;15;12,55322;100
100;3;15;12,55322;100
100;3;15;12,55322;100
100;3;15;12,55322;100
100;3;15;12,55322;100
100;3;15;12,55322;100
100;3;15;12,55322;100
100;2;2;12,88672;100
100;2;2;12,88672;100
100;3;15;12,88672;100
100;3;15;12,88672;100
100;2;2;12,88672;100
100;3;15;12,88672;100
100;3;15;12,88672;100
100;2;2;12,88672;100
100;3;15;12,88672;100
100;3;15;12,88672;100
100;2;2;12,88672;100
100;3;15;12,88672;100
100;2;2;12,88672;100
100;2;2;13,22021;100
100;2;2;13,22021;100
100;3;15;13,22021;100
100;3;15;13,22021;100
100;3;15;13,22021;100
100;3;15;13,22021;100
100;3;15;13,22021;100
100;3;15;13,22021;100
100;3;15;13,22021;100
100;3;15;13,22021;100
100;3;15;13,22021;100
100;3;15;13,22021;100
100;3;15;13,22021;100
100;3;15;13,55371;100
100;3;15;13,55371;100
100;3;15;13,55371;100
100;3;15;13,55371;100
100;3;15;13,55371;100
100;2;2;13,55371;100
100;2;2;13,55371;100
100;2;2;13,55371;100
100;2;2;13,55371;100
100;2;2;13,55371;100
100;3;15;13,55371;100
100;3;15;13,55371;100
100;3;15;13,88721;100
100;2;2;13,88721;100
100;3;15;13,88721;100
100;2;2;13,88721;100
100;2;2;13,88721;100
100;3;15;13,88721;100
100;3;15;13,88721;100
100;3;15;13,88721;100
100;3;15;13,88721;100
100;2;2;13,88721;100
100;3;15;13,88721;100
100;3;15;13,88721;100
100;3;15;14,2207;100
100;3;15;14,2207;85
100;2;2;14,2207;85
100;3;15;14,2207;70
100;3;15;14,2207;55
100;3;15;14,2207;40
100;3;15;14,2207;25
100;2;2;14,2207;25
100;3;15;14,2207;10
100;3;15;14,2207;-5
Player