100;3;15;59,95703;100
100;3;15;0,2900391;100
100;3;15;0,2900391;100
100;3;15;0,2900391;100
100;3;15;0,2900391;100
100;3;15;0,2900391;100
100;3;15;0,2900391;100
100;2;2;0,2900391;100
100;3;15;0,2900391;100
100;3;15;0,2900391;100
100;2;2;0,2900391;100
100;3;15;0,6230469;100
100;2;2;0,6230469;100
100;3;15;0,6230469;100
100;3;15;0,6230469;100
100;3;15;0,6230469;100
100;3;15;0,6230469;100
100;3;15;0,6230469;100
100;3;15;0,6230469;100
100;3;15;0,6230469;100
100;3;15;0,6230469;100
100;3;15;0,6230469;100
100;2;2;0,6230469;100
100;3;15;0,9560547;100
100;3;15;0,9560547;100
100;3;15;0,9560547;100
100;3;15;0,9560547;100
100;3;15;0,9560547;100
100;3;15;0,9560547;100
100;3;15;0,9560547;100
100;3;15;0,9560547;100
100;2;2;0,9560547;100
100;3;15;0,9560547;100
100;3;15;0,9560547;100
100;2;2;0,9560547;100
100;3;15;0,9560547;100
100;3;15;0,9560547;100
100;2;2;0,9560547;100
100;3;15;1,289063;100
100;2;2;1,289063;100
100;3;15;1,289063;100
100;3;15;1,289063;100
100;3;15;1,289063;100
100;2;2;1,289063;100
100;2;2;1,289063;100
100;3;15;1,289063;100
100;3;15;1,289063;100
100;2;2;1,62207;100
100;3;15;1,62207;100
100;3;15;1,62207;100
100;3;15;1,62207;100
100;3;15;1,62207;100
100;3;15;1,62207;100
100;3;15;1,62207;100
100;3;15;1,62207;100
100;3;15;1,62207;100
100;3;15;1,62207;100
100;3;15;1,62207;100
100;3;15;1,62207;100
100;3;15;1,62207;100
100;3;15;1,62207;100
100;2;2;1,955078;100
100;3;15;1,955078;100
100;2;2;1,955078;100
100;3;15;1,955078;100
100;3;15;1,955078;100
100;3;15;1,955078;100
100;3;15;1,955078;100
100;3;15;1,955078;100
100;2;2;1,955078;100
100;3;15;1,955078;100
100;2;2;1,955078;100
100;3;15;1,955078;100
100;3;15;1,955078;100
100;2;2;2,288086;100
100;2;2;2,288086;100
100;2;2;2,288086;100
100;2;2;2,288086;100
100;3;15;2,288086;100
100;3;15;2,288086;100
100;3;15;2,288086;100
100;3;15;2,288086;100
100;3;15;2,288086;100
100;3;15;2,288086;100
100;3;15;2,288086;100
100;3;15;2,288086;100
100;3;15;2,288086;100
100;2;2;2,288086;100
100;3;15;2,288086;100
100;3;15;2,621094;100
100;3;15;2,621094;100
100;2;2;2,621094;100
100;3;15;2,621094;100
100;3;15;2,621094;100
100;3;15;2,621094;100
100;3;15;2,621094;100
100;3;15;2,621094;100
100;3;15;2,621094;100
100;3;15;2,621094;100
100;3;15;2,621094;100
100;3;15;2,621094;100
100;3;15;2,621094;100
100;3;15;2,954102;100
100;3;15;2,954102;100
100;2;2;2,954102;100
100;3;15;2,954102;100
100;3;15;2,954102;100
100;3;15;2,954102;100
100;3;15;2,954102;100
100;2;2;2,954102;100
100;2;2;2,954102;100
100;3;15;3,287109;100
100;2;2;3,287109;100
100;3;15;3,287109;100
100;3;15;3,287109;100
100;3;15;3,287109;100
100;3;15;3,287109;100
100;3;15;3,287109;100
100;3;15;3,287109;100
100;3;15;3,287109;100
100;3;15;3,620117;100
100;3;15;3,620117;100
100;3;15;3,620117;100
100;3;15;3,620117;100
100;3;15;3,620117;100
100;3;15;3,620117;100
100;3;15;3,620117;100
100;3;15;3,620117;100
100;3;15;3,620117;100
100;3;15;3,620117;100
100;3;15;3,620117;100
100;3;15;3,620117;100
100;3;15;3,620117;100
100;3;15;3,620117;100
100;3;15;3,953125;100
100;3;15;3,953125;100
100;3;15;3,953125;100
100;3;15;3,953125;100
100;3;15;3,953125;100
100;3;15;3,953125;100
100;3;15;3,953125;100
100;3;15;3,953125;100
100;3;15;3,953125;100
100;3;15;3,953125;100
100;2;2;3,953125;100
100;3;15;3,953125;100
100;3;15;3,953125;100
100;3;15;3,953125;100
100;2;2;4,286133;100
100;3;15;4,286133;100
100;3;15;4,286133;100
100;2;2;4,286133;100
100;3;15;4,286133;100
100;3;15;4,286133;100
100;3;15;4,286133;100
100;3;15;4,286133;100
100;3;15;4,286133;100
100;3;15;4,286133;100
100;2;2;4,286133;100
100;3;15;4,619141;100
100;2;2;4,619141;100
100;3;15;4,619141;100
100;3;15;4,619141;100
100;3;15;4,619141;100
100;3;15;4,619141;100
100;3;15;4,619141;100
100;3;15;4,619141;100
100;3;15;4,619141;100
100;3;15;4,952148;100
100;2;2;4,952148;100
100;3;15;4,952148;100
100;3;15;4,952148;100
100;3;15;4,952148;100
100;3;15;4,952148;100
100;3;15;4,952148;100
100;3;15;4,952148;100
100;3;15;5,285156;100
100;2;2;5,285156;100
100;2;2;5,285156;100
100;3;15;5,285156;100
100;3;15;5,285156;100
100;3;15;5,285156;100
100;3;15;5,285156;100
100;3;15;5,285156;100
100;2;2;5,618164;100
100;3;15;5,618164;100
100;2;2;5,618164;100
100;3;15;5,618164;100
100;2;2;5,618164;100
100;2;2;5,618164;100
100;3;15;5,618164;100
100;3;15;5,618164;100
100;2;2;5,618164;100
100;3;15;5,618164;100
100;3;15;5,618164;100
100;3;15;5,618164;100
100;3;15;5,951172;100
100;2;2;5,951172;100
100;3;15;5,951172;85
100;3;15;5,951172;70
100;3;15;5,951172;55
100;3;15;5,951172;40
100;3;15;5,951172;25
100;3;15;5,951172;10
100;3;15;5,951172;-5
Player