100;3;15;57,44141;100
100;2;2;57,44141;100
100;3;15;57,44141;100
100;2;2;57,44141;100
100;2;2;57,44141;100
100;2;2;57,77441;100
100;3;15;57,77441;100
100;2;2;57,77441;100
100;3;15;57,77441;100
100;3;15;57,77441;100
100;3;15;57,77441;100
100;3;15;57,77441;100
100;2;2;57,77441;100
100;3;15;57,77441;100
100;2;2;57,77441;100
100;3;15;57,77441;100
100;3;15;57,77441;100
100;3;15;58,10742;100
100;3;15;58,10742;100
100;2;2;58,10742;100
100;3;15;58,10742;100
100;3;15;58,10742;100
100;3;15;58,10742;100
100;3;15;58,44043;100
100;3;15;58,44043;100
100;3;15;58,44043;100
100;3;15;58,44043;100
100;3;15;58,44043;100
100;3;15;58,44043;100
100;3;15;58,44043;100
100;2;2;58,44043;100
100;3;15;58,44043;100
100;3;15;58,44043;100
100;3;15;58,44043;100
100;2;2;58,44043;100
100;3;15;58,44043;100
100;3;15;58,77344;100
100;2;2;58,77344;100
100;3;15;58,77344;100
100;2;2;58,77344;100
100;3;15;58,77344;100
100;2;2;58,77344;100
100;2;2;58,77344;100
100;2;2;58,77344;100
100;2;2;58,77344;100
100;3;15;58,77344;100
100;3;15;59,10645;100
100;3;15;59,10645;100
100;2;2;59,10645;100
100;3;15;59,10645;100
100;3;15;59,10645;100
100;3;15;59,10645;100
100;3;15;59,10645;100
100;2;2;59,43945;100
100;3;15;59,43945;100
100;3;15;59,43945;100
100;3;15;59,43945;100
100;3;15;59,43945;100
100;3;15;59,43945;100
100;3;15;59,43945;100
100;3;15;59,43945;100
100;3;15;59,43945;100
100;3;15;59,43945;100
100;3;15;59,43945;100
100;2;2;59,43945;100
100;3;15;59,77246;100
100;2;2;59,77246;100
100;3;15;59,77246;100
100;3;15;59,77246;100
100;3;15;59,77246;100
100;3;15;59,77246;100
100;3;15;59,77246;100
100;3;15;59,77246;100
100;3;15;59,77246;100
100;3;15;59,77246;100
100;3;15;0,1054688;100
100;3;15;0,1054688;100
100;2;2;0,1054688;100
100;3;15;0,1054688;100
100;3;15;0,1054688;100
100;2;2;0,1054688;100
100;2;2;0,1054688;100
100;3;15;0,1054688;100
100;3;15;0,1054688;100
100;3;15;0,1054688;100
100;3;15;0,1054688;100
100;3;15;0,4384766;100
100;3;15;0,4384766;100
100;2;2;0,4384766;100
100;2;2;0,4384766;100
100;3;15;0,4384766;100
100;2;2;0,4384766;100
100;3;15;0,4384766;100
100;3;15;0,7714844;100
100;3;15;0,7714844;100
100;3;15;0,7714844;100
100;2;2;0,7714844;100
100;3;15;0,7714844;100
100;3;15;0,7714844;100
100;3;15;1,104492;100
100;3;15;1,104492;100
100;3;15;1,104492;100
100;3;15;1,104492;100
100;3;15;1,104492;100
100;3;15;1,4375;100
100;2;2;1,4375;100
100;3;15;1,4375;100
100;3;15;1,4375;100
100;3;15;1,4375;100
100;3;15;1,4375;100
100;3;15;1,4375;100
100;3;15;1,4375;100
100;3;15;1,4375;100
100;3;15;1,4375;100
100;2;2;1,770508;100
100;3;15;1,770508;100
100;3;15;1,770508;100
100;3;15;1,770508;100
100;3;15;1,770508;100
100;3;15;1,770508;100
100;3;15;1,770508;100
100;2;2;1,770508;100
100;3;15;1,770508;100
100;3;15;1,770508;100
100;3;15;1,770508;100
100;3;15;2,103516;100
100;3;15;2,103516;100
100;3;15;2,103516;100
100;3;15;2,103516;100
100;2;2;2,103516;100
100;2;2;2,103516;100
100;2;2;2,103516;100
100;3;15;2,103516;100
100;3;15;2,103516;100
100;3;15;2,103516;100
100;3;15;2,436523;100
100;3;15;2,436523;100
100;2;2;2,436523;100
100;3;15;2,436523;100
100;3;15;2,436523;100
100;2;2;2,436523;100
100;3;15;2,436523;100
100;3;15;2,769531;100
100;3;15;2,769531;100
100;3;15;2,769531;100
100;3;15;2,769531;100
100;2;2;2,769531;100
100;2;2;2,769531;100
100;3;15;2,769531;100
100;3;15;2,769531;100
100;3;15;2,769531;100
100;2;2;2,769531;100
100;3;15;2,769531;100
100;3;15;2,769531;100
100;2;2;3,102539;100
100;2;2;3,102539;100
100;2;2;3,102539;100
100;3;15;3,102539;100
100;3;15;3,102539;100
100;3;15;3,102539;100
100;3;15;3,102539;100
100;3;15;3,102539;100
100;2;2;3,102539;100
100;3;15;3,102539;100
100;3;15;3,102539;100
100;3;15;3,102539;100
100;3;15;3,435547;100
100;3;15;3,435547;100
100;3;15;3,435547;100
100;3;15;3,435547;100
100;3;15;3,435547;100
100;3;15;3,435547;100
100;3;15;3,435547;100
100;3;15;3,435547;100
100;2;2;3,435547;100
100;3;15;3,435547;100
100;3;15;3,768555;100
100;2;2;3,768555;100
100;3;15;3,768555;100
100;3;15;3,768555;100
100;3;15;3,768555;100
100;3;15;3,768555;100
100;3;15;3,768555;100
100;3;15;3,768555;100
100;3;15;3,768555;100
100;3;15;3,768555;100
100;3;15;3,768555;100
100;2;2;3,768555;100
100;3;15;3,768555;100
100;3;15;3,768555;100
100;3;15;4,101563;100
100;3;15;4,101563;100
100;3;15;4,101563;100
100;3;15;4,101563;100
100;3;15;4,101563;100
100;3;15;4,101563;100
100;2;2;4,101563;100
100;3;15;4,101563;100
100;3;15;4,101563;100
100;3;15;4,101563;100
100;3;15;4,101563;100
100;2;2;4,43457;100
100;3;15;4,43457;100
100;3;15;4,43457;100
100;3;15;4,43457;100
100;2;2;4,43457;100
100;3;15;4,43457;100
100;3;15;4,43457;100
100;2;2;4,43457;100
100;3;15;4,43457;100
100;3;15;4,43457;100
100;3;15;4,43457;100
100;3;15;4,767578;100
100;3;15;4,767578;100
100;3;15;4,767578;100
100;3;15;4,767578;100
100;3;15;4,767578;100
100;3;15;4,767578;100
100;3;15;4,767578;100
100;3;15;4,767578;100
100;3;15;4,767578;100
100;3;15;4,767578;100
100;3;15;5,100586;100
100;2;2;5,100586;100
100;3;15;5,100586;100
100;3;15;5,100586;100
100;3;15;5,100586;100
100;3;15;5,100586;100
100;3;15;5,100586;100
100;3;15;5,100586;100
100;3;15;5,100586;100
100;3;15;5,100586;100
100;3;15;5,433594;100
100;3;15;5,433594;85
100;3;15;5,433594;70
100;3;15;5,433594;55
100;3;15;5,433594;40
100;3;15;5,433594;25
100;3;15;5,433594;10
100;2;2;5,433594;10
100;3;15;5,433594;-5
Player