100;2;2;16,48145;100
100;3;15;16,48145;100
100;2;2;16,48145;100
100;3;15;16,81445;100
100;3;15;16,81445;100
100;3;15;16,81445;100
100;3;15;16,81445;100
100;3;15;16,81445;100
100;2;2;16,81445;100
100;3;15;16,81445;100
100;3;15;16,81445;100
100;3;15;16,81445;100
100;2;2;16,81445;100
100;3;15;16,81445;100
100;3;15;16,81445;100
100;2;2;16,81445;100
100;2;2;17,14746;100
100;3;15;17,14746;100
100;2;2;17,14746;100
100;3;15;17,14746;100
100;3;15;17,14746;100
100;3;15;17,14746;100
100;3;15;17,14746;100
100;3;15;17,14746;100
100;3;15;17,14746;100
100;3;15;17,14746;100
100;2;2;17,48047;100
100;3;15;17,48047;100
100;3;15;17,48047;100
100;3;15;17,48047;100
100;3;15;17,48047;100
100;3;15;17,48047;100
100;3;15;17,81348;100
100;2;2;17,81348;100
100;3;15;17,81348;100
100;3;15;17,81348;100
100;3;15;17,81348;100
100;3;15;17,81348;100
100;3;15;17,81348;100
100;3;15;17,81348;100
100;3;15;17,81348;100
100;3;15;17,81348;100
100;3;15;18,14648;100
100;3;15;18,14648;100
100;3;15;18,14648;100
100;2;2;18,14648;100
100;3;15;18,14648;100
100;3;15;18,14648;100
100;3;15;18,14648;100
100;3;15;18,14648;100
100;3;15;18,14648;100
100;3;15;18,14648;100
100;2;2;18,47949;100
100;3;15;18,47949;100
100;3;15;18,47949;100
100;3;15;18,47949;100
100;2;2;18,47949;100
100;3;15;18,47949;100
100;3;15;18,47949;100
100;3;15;18,47949;100
100;3;15;18,47949;100
100;2;2;18,8125;100
100;3;15;18,8125;100
100;3;15;18,8125;100
100;3;15;18,8125;100
100;3;15;18,8125;100
100;3;15;18,8125;100
100;3;15;18,8125;100
100;2;2;18,8125;100
100;2;2;18,8125;100
100;3;15;18,8125;100
100;3;15;18,8125;100
100;3;15;18,8125;100
100;3;15;18,8125;100
100;3;15;19,14551;100
100;3;15;19,14551;100
100;3;15;19,14551;100
100;3;15;19,14551;100
100;3;15;19,14551;100
100;3;15;19,14551;100
100;3;15;19,14551;100
100;2;2;19,14551;100
100;3;15;19,14551;100
100;3;15;19,14551;100
100;3;15;19,47852;100
100;3;15;19,47852;100
100;3;15;19,47852;100
100;3;15;19,47852;100
100;3;15;19,47852;100
100;3;15;19,47852;100
100;3;15;19,47852;100
100;3;15;19,47852;100
100;2;2;19,47852;100
100;3;15;19,47852;100
100;3;15;19,81152;100
100;2;2;19,81152;100
100;3;15;19,81152;100
100;3;15;19,81152;100
100;2;2;19,81152;100
100;3;15;19,81152;100
100;3;15;19,81152;100
100;3;15;19,81152;100
100;3;15;19,81152;100
100;2;2;19,81152;100
100;3;15;19,81152;100
100;2;2;19,81152;100
100;3;15;19,81152;100
100;3;15;19,81152;100
100;3;15;20,14453;100
100;2;2;20,14453;100
100;3;15;20,14453;100
100;3;15;20,14453;100
100;3;15;20,14453;100
100;3;15;20,14453;100
100;3;15;20,14453;100
100;2;2;20,14453;100
100;3;15;20,14453;100
100;3;15;20,14453;100
100;3;15;20,14453;100
100;3;15;20,14453;100
100;3;15;20,14453;100
100;3;15;20,47754;100
100;3;15;20,47754;100
100;3;15;20,47754;100
100;2;2;20,47754;100
100;2;2;20,47754;100
100;3;15;20,47754;100
100;2;2;20,47754;100
100;3;15;20,47754;100
100;2;2;20,47754;100
100;3;15;20,47754;100
100;3;15;20,47754;100
100;3;15;20,81055;100
100;3;15;20,81055;100
100;2;2;20,81055;100
100;3;15;20,81055;100
100;3;15;20,81055;100
100;2;2;20,81055;100
100;2;2;20,81055;100
100;3;15;20,81055;100
100;3;15;20,81055;100
100;3;15;20,81055;100
100;2;2;20,81055;100
100;3;15;20,81055;100
100;3;15;21,14355;100
100;3;15;21,14355;100
100;2;2;21,14355;100
100;3;15;21,14355;100
100;2;2;21,14355;100
100;3;15;21,14355;100
100;3;15;21,14355;100
100;3;15;21,14355;100
100;3;15;21,14355;100
100;3;15;21,14355;100
100;3;15;21,47656;100
100;2;2;21,47656;100
100;3;15;21,47656;100
100;3;15;21,47656;100
100;3;15;21,47656;100
100;3;15;21,47656;100
100;3;15;21,47656;100
100;3;15;21,47656;100
100;3;15;21,47656;100
100;3;15;21,47656;100
100;3;15;21,47656;100
100;2;2;21,80957;100
100;2;2;21,80957;100
100;2;2;21,80957;100
100;2;2;21,80957;100
100;3;15;21,80957;100
100;3;15;21,80957;100
100;3;15;21,80957;100
100;2;2;21,80957;100
100;3;15;21,80957;100
100;3;15;21,80957;100
100;3;15;21,80957;100
100;3;15;22,14258;100
100;2;2;22,14258;100
100;3;15;22,14258;100
100;2;2;22,14258;100
100;2;2;22,14258;100
100;2;2;22,14258;100
100;3;15;22,14258;100
100;3;15;22,14258;100
100;3;15;22,14258;100
100;3;15;22,47559;100
100;3;15;22,47559;100
100;2;2;22,47559;100
100;3;15;22,47559;100
100;3;15;22,47559;100
100;2;2;22,47559;100
100;3;15;22,47559;100
100;2;2;22,47559;100
100;3;15;22,47559;100
100;2;2;22,47559;100
100;3;15;22,47559;100
100;3;15;22,47559;100
100;3;15;22,47559;100
100;3;15;22,47559;100
100;3;15;22,80859;100
100;2;2;22,80859;100
100;3;15;22,80859;100
100;3;15;22,80859;100
100;2;2;22,80859;100
100;3;15;22,80859;100
100;3;15;22,80859;100
100;3;15;22,80859;100
100;2;2;22,80859;100
100;2;2;23,1416;100
100;3;15;23,1416;100
100;3;15;23,1416;100
100;3;15;23,1416;100
100;2;2;23,1416;100
100;3;15;23,1416;100
100;2;2;23,1416;100
100;3;15;23,1416;100
100;2;2;23,1416;100
100;3;15;23,1416;100
100;2;2;23,1416;100
100;3;15;23,1416;100
100;3;15;23,47461;100
100;3;15;23,47461;85
100;3;15;23,47461;70
100;3;15;23,47461;55
100;3;15;23,47461;40
100;2;2;23,47461;40
100;2;2;23,47461;40
100;3;15;23,47461;25
100;2;2;23,47461;25
100;3;15;23,47461;10
100;3;15;23,47461;-5
Player