100;3;15;25,94434;100
100;3;15;25,94434;100
100;2;2;25,94434;100
100;2;2;25,94434;100
100;2;2;25,94434;100
100;2;2;25,94434;100
100;3;15;26,27734;100
100;3;15;26,27734;100
100;3;15;26,27734;100
100;3;15;26,27734;100
100;2;2;26,27734;100
100;3;15;26,27734;100
100;3;15;26,27734;100
100;3;15;26,27734;100
100;2;2;26,27734;100
100;2;2;26,27734;100
100;3;15;26,27734;100
100;2;2;26,61035;100
100;3;15;26,61035;100
100;3;15;26,61035;100
100;3;15;26,61035;100
100;3;15;26,61035;100
100;3;15;26,61035;100
100;3;15;26,61035;100
100;3;15;26,61035;100
100;3;15;26,61035;100
100;3;15;26,61035;100
100;3;15;26,61035;100
100;2;2;26,94336;100
100;3;15;26,94336;100
100;2;2;26,94336;100
100;2;2;26,94336;100
100;3;15;26,94336;100
100;2;2;26,94336;100
100;3;15;26,94336;100
100;3;15;27,27637;100
100;2;2;27,27637;100
100;2;2;27,27637;100
100;3;15;27,27637;100
100;2;2;27,27637;100
100;3;15;27,27637;100
100;2;2;27,27637;100
100;3;15;27,27637;100
100;3;15;27,27637;100
100;2;2;27,27637;100
100;3;15;27,60938;100
100;2;2;27,60938;100
100;3;15;27,60938;100
100;3;15;27,60938;100
100;3;15;27,60938;100
100;3;15;27,60938;100
100;2;2;27,60938;100
100;3;15;27,60938;100
100;3;15;27,60938;100
100;3;15;27,60938;100
100;3;15;27,60938;100
100;2;2;27,94238;100
100;3;15;27,94238;100
100;3;15;27,94238;100
100;2;2;27,94238;100
100;2;2;27,94238;100
100;3;15;27,94238;100
100;3;15;27,94238;100
100;3;15;27,94238;100
100;3;15;27,94238;100
100;3;15;27,94238;100
100;3;15;27,94238;100
100;2;2;27,94238;100
100;3;15;28,27539;100
100;3;15;28,27539;100
100;3;15;28,27539;100
100;2;2;28,27539;100
100;3;15;28,27539;100
100;3;15;28,27539;100
100;2;2;28,27539;100
100;2;2;28,27539;100
100;3;15;28,27539;100
100;2;2;28,27539;100
100;2;2;28,6084;100
100;3;15;28,6084;100
100;3;15;28,6084;100
100;3;15;28,6084;100
100;3;15;28,6084;100
100;3;15;28,6084;100
100;3;15;28,6084;100
100;3;15;28,6084;100
100;2;2;28,6084;100
100;3;15;28,6084;100
100;3;15;28,6084;100
100;3;15;28,94141;100
100;3;15;28,94141;100
100;3;15;28,94141;100
100;3;15;28,94141;100
100;3;15;28,94141;100
100;2;2;28,94141;100
100;3;15;28,94141;100
100;2;2;28,94141;100
100;3;15;28,94141;100
100;3;15;28,94141;100
100;3;15;28,94141;100
100;3;15;28,94141;100
100;2;2;29,27441;100
100;2;2;29,27441;100
100;2;2;29,27441;100
100;2;2;29,27441;100
100;3;15;29,27441;100
100;3;15;29,27441;100
100;3;15;29,27441;100
100;3;15;29,27441;100
100;3;15;29,60742;100
100;3;15;29,60742;100
100;3;15;29,60742;100
100;3;15;29,60742;100
100;2;2;29,60742;100
100;3;15;29,60742;100
100;3;15;29,60742;100
100;2;2;29,60742;100
100;3;15;29,60742;100
100;3;15;29,60742;100
100;2;2;29,60742;100
100;3;15;29,94043;100
100;3;15;29,94043;100
100;3;15;29,94043;100
100;2;2;29,94043;100
100;3;15;29,94043;100
100;3;15;29,94043;100
100;3;15;30,27344;100
100;3;15;30,27344;100
100;3;15;30,27344;100
100;3;15;30,27344;100
100;3;15;30,27344;100
100;3;15;30,27344;100
100;3;15;30,27344;100
100;3;15;30,27344;100
100;3;15;30,27344;100
100;3;15;30,27344;100
100;3;15;30,27344;100
100;2;2;30,60645;100
100;3;15;30,60645;100
100;3;15;30,60645;100
100;2;2;30,60645;100
100;3;15;30,60645;100
100;3;15;30,60645;100
100;2;2;30,60645;100
100;2;2;30,60645;100
100;3;15;30,60645;100
100;3;15;30,93945;100
100;2;2;30,93945;100
100;2;2;30,93945;100
100;3;15;30,93945;100
100;3;15;30,93945;100
100;3;15;30,93945;100
100;2;2;30,93945;100
100;2;2;30,93945;100
100;3;15;30,93945;100
100;2;2;31,27246;100
100;3;15;31,27246;100
100;3;15;31,27246;100
100;3;15;31,27246;100
100;3;15;31,27246;100
100;3;15;31,27246;100
100;2;2;31,27246;100
100;3;15;31,27246;100
100;3;15;31,27246;100
100;2;2;31,27246;100
100;3;15;31,27246;100
100;3;15;31,27246;100
100;3;15;31,27246;100
100;2;2;31,27246;100
100;3;15;31,60547;100
100;3;15;31,60547;100
100;3;15;31,60547;100
100;3;15;31,60547;100
100;2;2;31,60547;100
100;3;15;31,60547;100
100;3;15;31,60547;100
100;2;2;31,60547;100
100;3;15;31,60547;100
100;3;15;31,60547;100
100;3;15;31,60547;100
100;3;15;31,93848;100
100;3;15;31,93848;100
100;2;2;31,93848;100
100;2;2;31,93848;100
100;3;15;31,93848;100
100;3;15;31,93848;100
100;3;15;31,93848;100
100;3;15;31,93848;100
100;2;2;31,93848;100
100;3;15;31,93848;100
100;3;15;31,93848;100
100;3;15;31,93848;100
100;3;15;31,93848;100
100;3;15;32,27148;100
100;2;2;32,27148;100
100;3;15;32,27148;100
100;3;15;32,27148;100
100;3;15;32,27148;100
100;3;15;32,27148;100
100;3;15;32,27148;100
100;3;15;32,27148;100
100;2;2;32,60449;100
100;3;15;32,60449;100
100;3;15;32,60449;100
100;3;15;32,60449;100
100;3;15;32,60449;100
100;3;15;32,60449;100
100;3;15;32,60449;100
100;2;2;32,60449;100
100;3;15;32,60449;100
100;3;15;32,60449;100
100;3;15;32,60449;100
100;3;15;32,9375;100
100;3;15;32,9375;100
100;2;2;32,9375;100
100;2;2;32,9375;100
100;3;15;32,9375;100
100;3;15;32,9375;100
100;3;15;32,9375;100
100;3;15;32,9375;100
100;3;15;32,9375;100
100;3;15;32,9375;100
100;3;15;32,9375;100
100;3;15;32,9375;100
100;3;15;33,27051;100
100;3;15;33,27051;100
100;3;15;33,27051;100
100;3;15;33,27051;100
100;3;15;33,27051;100
100;3;15;33,27051;100
100;3;15;33,27051;100
100;3;15;33,27051;100
100;3;15;33,27051;100
100;3;15;33,27051;100
100;2;2;33,27051;100
100;3;15;33,27051;100
100;3;15;33,27051;100
100;2;2;33,60352;100
100;3;15;33,60352;100
100;3;15;33,60352;100
100;3;15;33,60352;100
100;3;15;33,60352;100
100;3;15;33,60352;100
100;3;15;33,60352;100
100;3;15;33,60352;100
100;3;15;33,60352;100
100;3;15;33,60352;100
100;2;2;33,60352;100
100;2;2;33,60352;100
100;2;2;33,60352;100
100;2;2;33,93652;100
100;3;15;33,93652;100
100;3;15;33,93652;100
100;3;15;33,93652;100
100;2;2;33,93652;100
100;2;2;33,93652;100
100;3;15;33,93652;100
100;2;2;33,93652;100
100;3;15;33,93652;100
100;3;15;34,26953;100
100;3;15;34,26953;100
100;3;15;34,26953;100
100;2;2;34,26953;100
100;2;2;34,26953;100
100;3;15;34,26953;100
100;2;2;34,26953;100
100;3;15;34,26953;100
100;2;2;34,26953;100
100;3;15;34,26953;100
100;3;15;34,26953;100
100;3;15;34,26953;100
100;3;15;34,60254;85
100;2;2;34,60254;85
100;3;15;34,60254;70
100;3;15;34,60254;55
100;3;15;34,60254;40
100;3;15;34,60254;25
100;2;2;34,60254;25
100;3;15;34,60254;10
100;3;15;34,60254;-5
Player