100;3;15;46,67383;100
100;3;15;46,67383;100
100;3;15;46,67383;100
100;3;15;46,67383;100
100;2;2;46,67383;100
100;3;15;46,67383;100
100;3;15;46,67383;100
100;3;15;47,00684;100
100;3;15;47,00684;100
100;3;15;47,00684;100
100;3;15;47,00684;100
100;3;15;47,00684;100
100;3;15;47,00684;100
100;3;15;47,00684;100
100;3;15;47,00684;100
100;2;2;47,33984;100
100;3;15;47,33984;100
100;3;15;47,33984;100
100;3;15;47,33984;100
100;2;2;47,33984;100
100;3;15;47,33984;100
100;3;15;47,33984;100
100;3;15;47,33984;100
100;3;15;47,33984;100
100;3;15;47,67285;100
100;2;2;47,67285;100
100;3;15;47,67285;100
100;3;15;47,67285;100
100;2;2;47,67285;100
100;3;15;47,67285;100
100;3;15;47,67285;100
100;2;2;47,67285;100
100;3;15;47,67285;100
100;3;15;47,67285;100
100;3;15;47,67285;100
100;3;15;48,00586;100
100;2;2;48,00586;100
100;3;15;48,00586;100
100;3;15;48,00586;100
100;2;2;48,00586;100
100;3;15;48,00586;100
100;3;15;48,00586;100
100;2;2;48,00586;100
100;2;2;48,00586;100
100;3;15;48,00586;100
100;3;15;48,33887;100
100;2;2;48,33887;100
100;3;15;48,33887;100
100;3;15;48,33887;100
100;3;15;48,33887;100
100;3;15;48,33887;100
100;3;15;48,33887;100
100;3;15;48,33887;100
100;3;15;48,33887;100
100;3;15;48,33887;100
100;2;2;48,33887;100
100;3;15;48,33887;100
100;2;2;48,67188;100
100;3;15;48,67188;100
100;3;15;48,67188;100
100;2;2;48,67188;100
100;2;2;48,67188;100
100;3;15;48,67188;100
100;3;15;48,67188;100
100;3;15;48,67188;100
100;3;15;48,67188;100
100;3;15;48,67188;100
100;3;15;48,67188;100
100;3;15;49,00488;100
100;3;15;49,00488;100
100;2;2;49,00488;100
100;2;2;49,00488;100
100;3;15;49,00488;100
100;3;15;49,00488;100
100;3;15;49,00488;100
100;2;2;49,00488;100
100;2;2;49,00488;100
100;2;2;49,00488;100
100;3;15;49,33789;100
100;2;2;49,33789;100
100;3;15;49,33789;100
100;3;15;49,33789;100
100;3;15;49,33789;100
100;3;15;49,33789;100
100;3;15;49,33789;100
100;3;15;49,33789;100
100;3;15;49,33789;100
100;2;2;49,33789;100
100;3;15;49,33789;100
100;2;2;49,33789;100
100;3;15;49,6709;100
100;3;15;49,6709;100
100;3;15;49,6709;100
100;3;15;49,6709;100
100;3;15;49,6709;100
100;2;2;49,6709;100
100;3;15;49,6709;100
100;3;15;49,6709;100
100;2;2;49,6709;100
100;3;15;49,6709;100
100;3;15;49,6709;100
100;3;15;50,00391;100
100;3;15;50,00391;100
100;3;15;50,00391;100
100;2;2;50,00391;100
100;2;2;50,00391;100
100;3;15;50,00391;100
100;2;2;50,00391;100
100;2;2;50,00391;100
100;3;15;50,33691;100
100;2;2;50,33691;100
100;2;2;50,33691;100
100;2;2;50,33691;100
100;3;15;50,33691;100
100;3;15;50,33691;100
100;2;2;50,33691;100
100;3;15;50,33691;100
100;3;15;50,33691;100
100;3;15;50,33691;100
100;3;15;50,66992;100
100;3;15;50,66992;100
100;3;15;50,66992;100
100;3;15;50,66992;100
100;3;15;50,66992;100
100;3;15;50,66992;100
100;3;15;50,66992;100
100;3;15;50,66992;100
100;3;15;50,66992;100
100;2;2;50,66992;100
100;3;15;51,00293;100
100;3;15;51,00293;100
100;3;15;51,00293;100
100;3;15;51,00293;100
100;2;2;51,00293;100
100;3;15;51,00293;100
100;3;15;51,00293;100
100;2;2;51,00293;100
100;2;2;51,00293;100
100;3;15;51,00293;100
100;3;15;51,33594;100
100;3;15;51,33594;100
100;2;2;51,33594;100
100;3;15;51,33594;100
100;3;15;51,33594;100
100;2;2;51,33594;100
100;3;15;51,33594;100
100;2;2;51,33594;100
100;2;2;51,33594;100
100;3;15;51,33594;100
100;2;2;51,66895;100
100;3;15;51,66895;100
100;3;15;51,66895;100
100;3;15;51,66895;100
100;2;2;51,66895;100
100;3;15;51,66895;100
100;3;15;51,66895;100
100;3;15;51,66895;100
100;3;15;51,66895;100
100;2;2;51,66895;100
100;3;15;51,66895;100
100;2;2;51,66895;100
100;3;15;51,66895;100
100;3;15;51,66895;100
100;2;2;52,00195;100
100;3;15;52,00195;100
100;3;15;52,00195;100
100;3;15;52,00195;100
100;2;2;52,00195;100
100;3;15;52,00195;100
100;2;2;52,00195;100
100;3;15;52,00195;100
100;3;15;52,00195;100
100;3;15;52,00195;100
100;3;15;52,00195;100
100;2;2;52,33496;100
100;3;15;52,33496;100
100;2;2;52,33496;100
100;3;15;52,33496;100
100;2;2;52,33496;100
100;3;15;52,33496;100
100;3;15;52,33496;100
100;3;15;52,33496;100
100;2;2;52,66797;100
100;2;2;52,66797;100
100;3;15;52,66797;100
100;3;15;52,66797;100
100;3;15;52,66797;100
100;2;2;52,66797;100
100;2;2;52,66797;100
100;3;15;52,66797;100
100;3;15;52,66797;100
100;3;15;52,66797;100
100;3;15;53,00098;100
100;3;15;53,00098;100
100;3;15;53,00098;100
100;3;15;53,00098;100
100;3;15;53,00098;100
100;2;2;53,00098;100
100;3;15;53,00098;100
100;3;15;53,00098;100
100;3;15;53,00098;100
100;3;15;53,00098;100
100;3;15;53,00098;100
100;3;15;53,00098;100
100;3;15;53,33398;100
100;3;15;53,33398;100
100;2;2;53,33398;100
100;3;15;53,33398;100
100;3;15;53,33398;100
100;2;2;53,33398;100
100;3;15;53,33398;100
100;3;15;53,33398;100
100;3;15;53,33398;100
100;3;15;53,33398;100
100;3;15;53,33398;100
100;3;15;53,33398;100
100;3;15;53,66699;100
100;3;15;53,66699;100
100;3;15;53,66699;100
100;3;15;53,66699;100
100;2;2;53,66699;100
100;3;15;53,66699;100
100;3;15;53,66699;100
100;3;15;53,66699;100
100;3;15;53,66699;100
100;3;15;53,66699;100
100;2;2;53,66699;100
100;3;15;53,66699;100
100;3;15;53,66699;100
100;3;15;53,66699;100
100;3;15;54;100
100;2;2;54;100
100;3;15;54;100
100;3;15;54;100
100;3;15;54;100
100;3;15;54;100
100;3;15;54;100
100;3;15;54;100
100;3;15;54;100
100;3;15;54;100
100;3;15;54;100
100;3;15;54;100
100;2;2;54,33301;100
100;3;15;54,33301;100
100;2;2;54,33301;100
100;3;15;54,33301;100
100;3;15;54,33301;100
100;3;15;54,33301;100
100;3;15;54,33301;100
100;3;15;54,33301;100
100;3;15;54,33301;100
100;3;15;54,66602;100
100;3;15;54,66602;100
100;3;15;54,66602;100
100;3;15;54,66602;100
100;3;15;54,66602;100
100;3;15;54,66602;100
100;2;2;54,66602;100
100;2;2;54,66602;100
100;3;15;54,66602;100
100;3;15;54,66602;100
100;3;15;54,66602;100
100;3;15;54,99902;100
100;3;15;54,99902;100
100;2;2;54,99902;100
100;3;15;54,99902;100
100;2;2;54,99902;100
100;2;2;54,99902;100
100;3;15;54,99902;100
100;3;15;54,99902;100
100;3;15;54,99902;100
100;3;15;54,99902;100
100;3;15;55,33203;100
100;3;15;55,33203;100
100;3;15;55,33203;100
100;3;15;55,33203;100
100;2;2;55,33203;100
100;3;15;55,33203;100
100;3;15;55,33203;100
100;2;2;55,33203;100
100;3;15;55,33203;100
100;3;15;55,33203;100
100;3;15;55,33203;100
100;3;15;55,33203;100
100;3;15;55,33203;100
100;3;15;55,66504;100
100;3;15;55,66504;100
100;3;15;55,66504;100
100;3;15;55,66504;100
100;3;15;55,66504;100
100;3;15;55,66504;100
100;3;15;55,66504;100
100;3;15;55,66504;100
100;3;15;55,66504;100
100;2;2;55,99805;100
100;2;2;55,99805;100
100;2;2;55,99805;100
100;3;15;55,99805;100
100;3;15;55,99805;100
100;2;2;55,99805;100
100;3;15;55,99805;100
100;3;15;55,99805;100
100;3;15;55,99805;100
100;3;15;55,99805;100
100;3;15;55,99805;100
100;3;15;55,99805;100
100;3;15;56,33105;100
100;3;15;56,33105;100
100;3;15;56,33105;100
100;3;15;56,33105;100
100;3;15;56,33105;100
100;3;15;56,33105;100
100;3;15;56,33105;100
100;3;15;56,33105;100
100;3;15;56,33105;100
100;3;15;56,33105;100
100;3;15;56,33105;100
100;3;15;56,33105;100
100;3;15;56,66406;100
100;3;15;56,66406;100
100;3;15;56,66406;100
100;2;2;56,66406;100
100;2;2;56,66406;100
100;3;15;56,66406;100
100;3;15;56,66406;100
100;3;15;56,66406;100
100;3;15;56,66406;100
100;3;15;56,66406;100
100;3;15;56,66406;100
100;3;15;56,66406;100
100;3;15;56,66406;100
100;3;15;56,66406;100
100;2;2;56,99707;100
100;3;15;56,99707;100
100;2;2;56,99707;100
100;3;15;56,99707;100
100;2;2;56,99707;100
100;3;15;56,99707;100
100;2;2;56,99707;100
100;3;15;56,99707;100
100;3;15;56,99707;100
100;3;15;56,99707;100
100;2;2;56,99707;100
100;3;15;56,99707;100
100;3;15;57,33008;100
100;3;15;57,33008;100
100;3;15;57,33008;100
100;3;15;57,33008;100
100;3;15;57,33008;100
100;3;15;57,33008;100
100;3;15;57,33008;100
100;3;15;57,33008;100
100;3;15;57,33008;100
100;3;15;57,33008;100
100;3;15;57,33008;100
100;3;15;57,33008;100
100;3;15;57,66309;100
100;3;15;57,66309;100
100;3;15;57,66309;100
100;3;15;57,66309;100
100;3;15;57,66309;100
100;3;15;57,66309;100
100;3;15;57,66309;100
100;3;15;57,66309;100
100;3;15;57,66309;100
100;3;15;57,66309;100
100;3;15;57,99609;100
100;3;15;57,99609;100
100;3;15;57,99609;100
100;3;15;57,99609;100
100;3;15;57,99609;100
100;3;15;57,99609;100
100;3;15;57,99609;100
100;3;15;57,99609;100
100;2;2;57,99609;100
100;2;2;57,99609;100
100;3;15;57,99609;100
100;3;15;58,3291;100
100;2;2;58,3291;100
100;3;15;58,3291;85
100;3;15;58,3291;70
100;3;15;58,3291;55
100;3;15;58,3291;40
100;3;15;58,3291;25
100;3;15;58,3291;10
100;2;2;58,3291;10
100;3;15;58,3291;-5
Player