100;2;2;37,60547;100
100;2;2;37,60547;100
100;3;15;37,60547;100
100;3;15;37,93848;100
100;2;2;37,93848;100
100;2;2;37,93848;100
100;3;15;37,93848;100
100;2;2;37,93848;100
100;3;15;37,93848;100
100;3;15;37,93848;100
100;3;15;37,93848;100
100;3;15;37,93848;100
100;2;2;37,93848;100
100;3;15;37,93848;100
100;3;15;37,93848;100
100;3;15;38,27148;100
100;3;15;38,27148;100
100;3;15;38,27148;100
100;3;15;38,27148;100
100;3;15;38,27148;100
100;2;2;38,27148;100
100;2;2;38,27148;100
100;2;2;38,27148;100
100;3;15;38,27148;100
100;2;2;38,27148;100
100;2;2;38,27148;100
100;3;15;38,27148;100
100;3;15;38,27148;100
100;3;15;38,60449;100
100;3;15;38,60449;100
100;2;2;38,60449;100
100;2;2;38,60449;100
100;3;15;38,60449;100
100;3;15;38,60449;100
100;3;15;38,60449;100
100;2;2;38,60449;100
100;3;15;38,60449;100
100;3;15;38,9375;100
100;3;15;38,9375;100
100;3;15;38,9375;100
100;3;15;38,9375;100
100;3;15;38,9375;100
100;3;15;38,9375;100
100;3;15;38,9375;100
100;3;15;38,9375;100
100;3;15;38,9375;100
100;3;15;38,9375;100
100;3;15;38,9375;100
100;3;15;38,9375;100
100;3;15;38,9375;100
100;3;15;38,9375;100
100;2;2;39,27051;100
100;2;2;39,27051;100
100;2;2;39,27051;100
100;3;15;39,27051;100
100;3;15;39,27051;100
100;2;2;39,27051;100
100;3;15;39,27051;100
100;3;15;39,27051;100
100;3;15;39,27051;100
100;3;15;39,27051;100
100;3;15;39,60352;100
100;3;15;39,60352;100
100;3;15;39,60352;100
100;3;15;39,60352;100
100;3;15;39,60352;100
100;3;15;39,60352;100
100;2;2;39,60352;100
100;2;2;39,60352;100
100;3;15;39,60352;100
100;2;2;39,60352;100
100;2;2;39,60352;100
100;3;15;39,60352;100
100;3;15;39,60352;100
100;2;2;39,60352;100
100;2;2;39,93652;100
100;3;15;39,93652;100
100;3;15;39,93652;100
100;3;15;39,93652;100
100;3;15;39,93652;100
100;3;15;39,93652;100
100;3;15;39,93652;100
100;3;15;39,93652;100
100;2;2;39,93652;100
100;3;15;39,93652;100
100;3;15;40,26953;100
100;2;2;40,26953;100
100;3;15;40,26953;100
100;3;15;40,26953;100
100;3;15;40,26953;100
100;3;15;40,26953;100
100;2;2;40,26953;100
100;3;15;40,26953;100
100;2;2;40,26953;100
100;3;15;40,26953;100
100;3;15;40,26953;100
100;2;2;40,26953;100
100;3;15;40,26953;100
100;3;15;40,60254;100
100;3;15;40,60254;100
100;3;15;40,60254;100
100;2;2;40,60254;100
100;3;15;40,60254;100
100;3;15;40,60254;100
100;3;15;40,60254;100
100;3;15;40,60254;100
100;3;15;40,60254;100
100;3;15;40,60254;100
100;2;2;40,93555;100
100;2;2;40,93555;100
100;3;15;40,93555;100
100;2;2;40,93555;100
100;2;2;40,93555;100
100;3;15;40,93555;100
100;3;15;40,93555;100
100;3;15;40,93555;100
100;3;15;40,93555;100
100;3;15;40,93555;100
100;3;15;40,93555;100
100;3;15;40,93555;100
100;3;15;41,26855;100
100;2;2;41,26855;100
100;3;15;41,26855;100
100;3;15;41,26855;100
100;3;15;41,26855;100
100;3;15;41,26855;100
100;3;15;41,26855;100
100;3;15;41,26855;100
100;3;15;41,26855;100
100;3;15;41,26855;100
100;3;15;41,26855;100
100;3;15;41,60156;100
100;2;2;41,60156;100
100;3;15;41,60156;100
100;2;2;41,60156;100
100;2;2;41,60156;100
100;3;15;41,60156;100
100;2;2;41,60156;100
100;3;15;41,60156;100
100;3;15;41,60156;100
100;3;15;41,60156;100
100;3;15;41,93457;100
100;3;15;41,93457;100
100;3;15;41,93457;100
100;2;2;41,93457;100
100;3;15;41,93457;100
100;3;15;41,93457;100
100;3;15;41,93457;100
100;2;2;41,93457;100
100;3;15;41,93457;100
100;3;15;41,93457;100
100;3;15;42,26758;100
100;3;15;42,26758;100
100;3;15;42,26758;100
100;3;15;42,26758;100
100;3;15;42,26758;100
100;3;15;42,26758;100
100;2;2;42,26758;100
100;3;15;42,26758;100
100;3;15;42,26758;100
100;3;15;42,26758;100
100;2;2;42,26758;100
100;2;2;42,26758;100
100;3;15;42,26758;100
100;3;15;42,60059;100
100;3;15;42,60059;100
100;3;15;42,60059;100
100;3;15;42,60059;100
100;3;15;42,60059;100
100;3;15;42,60059;100
100;3;15;42,60059;100
100;3;15;42,60059;100
100;2;2;42,60059;100
100;3;15;42,60059;100
100;3;15;42,93359;100
100;3;15;42,93359;100
100;3;15;42,93359;100
100;3;15;42,93359;100
100;3;15;42,93359;100
100;3;15;42,93359;100
100;2;2;42,93359;100
100;2;2;43,2666;100
100;3;15;43,2666;100
100;3;15;43,2666;100
100;3;15;43,2666;100
100;3;15;43,2666;100
100;2;2;43,2666;100
100;3;15;43,2666;100
100;2;2;43,2666;100
100;3;15;43,2666;100
100;3;15;43,2666;100
100;3;15;43,59961;100
100;2;2;43,59961;100
100;3;15;43,59961;100
100;3;15;43,59961;100
100;3;15;43,59961;100
100;3;15;43,59961;100
100;3;15;43,59961;100
100;3;15;43,59961;100
100;3;15;43,59961;100
100;2;2;43,59961;100
100;3;15;43,59961;100
100;2;2;43,59961;100
100;3;15;43,59961;100
100;3;15;43,93262;100
100;3;15;43,93262;100
100;3;15;43,93262;100
100;3;15;43,93262;100
100;3;15;43,93262;100
100;3;15;43,93262;100
100;3;15;43,93262;100
100;3;15;43,93262;100
100;3;15;43,93262;100
100;2;2;43,93262;100
100;3;15;43,93262;100
100;3;15;44,26563;100
100;2;2;44,26563;100
100;3;15;44,26563;100
100;3;15;44,26563;100
100;3;15;44,26563;100
100;3;15;44,26563;100
100;3;15;44,26563;100
100;3;15;44,26563;100
100;3;15;44,26563;100
100;3;15;44,26563;100
100;2;2;44,26563;100
100;3;15;44,59863;100
100;3;15;44,59863;100
100;3;15;44,59863;100
100;3;15;44,59863;100
100;2;2;44,59863;100
100;3;15;44,59863;100
100;3;15;44,59863;100
100;2;2;44,59863;100
100;3;15;44,93164;100
100;3;15;44,93164;100
100;3;15;44,93164;100
100;3;15;44,93164;100
100;3;15;44,93164;100
100;3;15;44,93164;100
100;2;2;44,93164;100
100;3;15;44,93164;100
100;3;15;44,93164;100
100;2;2;44,93164;100
100;3;15;44,93164;100
100;3;15;45,26465;100
100;3;15;45,26465;100
100;3;15;45,26465;100
100;2;2;45,26465;100
100;3;15;45,26465;100
100;3;15;45,26465;100
100;3;15;45,26465;100
100;3;15;45,26465;100
100;2;2;45,26465;100
100;3;15;45,26465;100
100;3;15;45,59766;100
100;3;15;45,59766;100
100;2;2;45,59766;100
100;3;15;45,59766;100
100;2;2;45,59766;100
100;3;15;45,59766;100
100;3;15;45,59766;100
100;3;15;45,59766;100
100;3;15;45,59766;100
100;3;15;45,59766;100
100;3;15;45,59766;100
100;3;15;45,59766;100
100;2;2;45,93066;100
100;3;15;45,93066;100
100;3;15;45,93066;100
100;2;2;45,93066;100
100;3;15;45,93066;100
100;2;2;45,93066;100
100;3;15;45,93066;100
100;3;15;45,93066;100
100;3;15;45,93066;100
100;3;15;45,93066;100
100;3;15;45,93066;100
100;2;2;45,93066;100
100;2;2;46,26367;100
100;3;15;46,26367;85
100;3;15;46,26367;70
100;3;15;46,26367;55
100;3;15;46,26367;40
100;3;15;46,26367;25
100;3;15;46,26367;10
100;3;15;46,26367;-5
Player