100;3;15;5,960938;100
100;3;15;5,960938;100
100;2;2;5,960938;100
100;2;2;5,960938;100
100;3;15;5,960938;100
100;3;15;5,960938;100
100;3;15;5,960938;100
100;2;2;5,960938;100
100;2;2;5,960938;100
100;3;15;6,293945;100
100;3;15;6,293945;100
100;3;15;6,293945;100
100;3;15;6,293945;100
100;3;15;6,293945;100
100;3;15;6,293945;100
100;2;2;6,293945;100
100;3;15;6,293945;100
100;3;15;6,293945;100
100;3;15;6,626953;100
100;3;15;6,626953;100
100;3;15;6,626953;100
100;3;15;6,626953;100
100;2;2;6,626953;100
100;2;2;6,626953;100
100;3;15;6,626953;100
100;2;2;6,626953;100
100;3;15;6,626953;100
100;3;15;6,626953;100
100;3;15;6,626953;100
100;2;2;6,959961;100
100;2;2;6,959961;100
100;3;15;6,959961;100
100;2;2;6,959961;100
100;3;15;6,959961;100
100;3;15;6,959961;100
100;3;15;6,959961;100
100;2;2;6,959961;100
100;3;15;6,959961;100
100;2;2;6,959961;100
100;3;15;6,959961;100
100;3;15;7,292969;100
100;2;2;7,292969;100
100;2;2;7,292969;100
100;2;2;7,292969;100
100;2;2;7,292969;100
100;2;2;7,292969;100
100;3;15;7,292969;100
100;3;15;7,292969;100
100;2;2;7,292969;100
100;2;2;7,292969;100
100;3;15;7,292969;100
100;3;15;7,292969;100
100;2;2;7,625977;100
100;2;2;7,625977;100
100;2;2;7,625977;100
100;2;2;7,625977;100
100;3;15;7,625977;100
100;3;15;7,625977;100
100;3;15;7,625977;100
100;3;15;7,625977;100
100;2;2;7,625977;100
100;2;2;7,625977;100
100;2;2;7,958984;100
100;3;15;7,958984;100
100;3;15;7,958984;100
100;2;2;7,958984;100
100;2;2;7,958984;100
100;3;15;7,958984;100
100;2;2;7,958984;100
100;3;15;7,958984;100
100;3;15;7,958984;100
100;2;2;7,958984;100
100;3;15;8,291992;100
100;2;2;8,291992;100
100;2;2;8,291992;100
100;3;15;8,291992;100
100;3;15;8,291992;100
100;3;15;8,291992;100
100;3;15;8,291992;100
100;3;15;8,291992;100
100;3;15;8,291992;100
100;2;2;8,291992;100
100;3;15;8,291992;100
100;2;2;8,291992;100
100;3;15;8,291992;100
100;3;15;8,625;100
100;3;15;8,625;100
100;3;15;8,625;100
100;3;15;8,625;100
100;3;15;8,625;100
100;3;15;8,625;100
100;3;15;8,625;100
100;2;2;8,625;100
100;2;2;8,625;100
100;2;2;8,625;100
100;2;2;8,625;100
100;3;15;8,625;100
100;3;15;8,958008;100
100;3;15;8,958008;100
100;3;15;8,958008;100
100;3;15;8,958008;100
100;2;2;8,958008;100
100;3;15;8,958008;100
100;3;15;8,958008;100
100;3;15;8,958008;100
100;3;15;9,291016;100
100;3;15;9,291016;100
100;3;15;9,291016;100
100;3;15;9,291016;100
100;3;15;9,291016;100
100;2;2;9,291016;100
100;3;15;9,291016;100
100;3;15;9,291016;100
100;3;15;9,291016;100
100;2;2;9,291016;100
100;3;15;9,291016;100
100;2;2;9,291016;100
100;3;15;9,291016;100
100;3;15;9,624023;100
100;3;15;9,624023;100
100;3;15;9,624023;100
100;2;2;9,624023;100
100;3;15;9,624023;100
100;3;15;9,624023;100
100;3;15;9,624023;100
100;3;15;9,624023;100
100;2;2;9,624023;100
100;2;2;9,624023;100
100;3;15;9,624023;100
100;3;15;9,624023;100
100;2;2;9,624023;100
100;3;15;9,624023;100
100;3;15;9,957031;100
100;2;2;9,957031;100
100;3;15;9,957031;100
100;3;15;9,957031;100
100;2;2;9,957031;100
100;3;15;9,957031;100
100;3;15;9,957031;100
100;3;15;9,957031;100
100;3;15;9,957031;100
100;3;15;9,957031;100
100;3;15;10,29004;100
100;3;15;10,29004;100
100;3;15;10,29004;100
100;3;15;10,29004;100
100;2;2;10,29004;100
100;3;15;10,29004;100
100;3;15;10,29004;100
100;3;15;10,29004;100
100;2;2;10,29004;100
100;2;2;10,29004;100
100;3;15;10,29004;100
100;3;15;10,29004;100
100;3;15;10,62305;100
100;2;2;10,62305;100
100;3;15;10,62305;100
100;3;15;10,62305;100
100;3;15;10,62305;100
100;3;15;10,62305;100
100;2;2;10,62305;100
100;3;15;10,62305;100
100;3;15;10,62305;100
100;3;15;10,62305;100
100;3;15;10,62305;100
100;3;15;10,95605;100
100;3;15;10,95605;100
100;3;15;10,95605;100
100;3;15;10,95605;100
100;3;15;10,95605;100
100;3;15;10,95605;100
100;2;2;10,95605;100
100;3;15;10,95605;100
100;3;15;10,95605;100
100;3;15;11,28906;100
100;2;2;11,28906;100
100;2;2;11,28906;100
100;3;15;11,28906;100
100;3;15;11,28906;100
100;3;15;11,28906;100
100;3;15;11,28906;100
100;3;15;11,28906;100
100;3;15;11,28906;100
100;3;15;11,28906;100
100;3;15;11,28906;100
100;3;15;11,28906;100
100;3;15;11,28906;100
100;3;15;11,62207;100
100;3;15;11,62207;100
100;3;15;11,62207;100
100;3;15;11,62207;100
100;3;15;11,62207;100
100;3;15;11,62207;100
100;3;15;11,62207;100
100;3;15;11,62207;100
100;3;15;11,62207;100
100;2;2;11,62207;100
100;3;15;11,95508;100
100;2;2;11,95508;100
100;3;15;11,95508;100
100;3;15;11,95508;100
100;3;15;11,95508;100
100;3;15;11,95508;100
100;2;2;11,95508;100
100;3;15;11,95508;100
100;3;15;11,95508;100
100;2;2;11,95508;100
100;3;15;11,95508;100
100;3;15;11,95508;100
100;2;2;11,95508;100
100;3;15;12,28809;100
100;3;15;12,28809;100
100;3;15;12,28809;100
100;3;15;12,28809;100
100;2;2;12,28809;100
100;2;2;12,28809;100
100;3;15;12,28809;100
100;2;2;12,28809;100
100;2;2;12,28809;100
100;3;15;12,28809;100
100;3;15;12,28809;100
100;3;15;12,28809;100
100;2;2;12,62109;100
100;3;15;12,62109;100
100;3;15;12,62109;100
100;2;2;12,62109;100
100;3;15;12,62109;100
100;2;2;12,62109;100
100;3;15;12,62109;100
100;2;2;12,62109;100
100;3;15;12,62109;100
100;2;2;12,62109;100
100;3;15;12,9541;100
100;3;15;12,9541;100
100;3;15;12,9541;100
100;3;15;12,9541;100
100;2;2;12,9541;100
100;3;15;12,9541;100
100;3;15;12,9541;100
100;2;2;12,9541;100
100;3;15;12,9541;100
100;3;15;12,9541;100
100;3;15;12,9541;100
100;3;15;12,9541;100
100;2;2;12,9541;100
100;2;2;13,28711;100
100;3;15;13,28711;85
100;3;15;13,28711;70
100;3;15;13,28711;55
100;3;15;13,28711;40
100;3;15;13,28711;25
100;3;15;13,28711;10
100;3;15;13,28711;-5
Player