100;3;15;7,187988;100
100;3;15;7,187988;100
100;3;15;7,187988;100
100;3;15;7,187988;100
100;3;15;7,187988;100
100;2;2;7,187988;100
100;3;15;7,187988;100
100;3;15;7,521484;100
100;2;2;7,521484;100
100;3;15;7,521484;100
100;2;2;7,521484;100
100;3;15;7,521484;100
100;2;2;7,521484;100
100;3;15;7,521484;100
100;2;2;7,521484;100
100;2;2;7,521484;100
100;3;15;7,521484;100
100;3;15;7,521484;100
100;2;2;7,85498;100
100;3;15;7,85498;100
100;3;15;7,85498;100
100;2;2;7,85498;100
100;3;15;7,85498;100
100;2;2;7,85498;100
100;2;2;7,85498;100
100;2;2;8,188477;100
100;3;15;8,188477;100
100;3;15;8,521973;100
100;3;15;8,521973;100
100;3;15;8,521973;100
100;3;15;8,521973;100
100;3;15;8,521973;100
100;2;2;8,521973;100
100;3;15;8,521973;100
100;3;15;8,521973;100
100;2;2;8,521973;100
100;3;15;8,521973;100
100;2;2;8,855469;100
100;2;2;8,855469;100
100;3;15;8,855469;100
100;3;15;8,855469;100
100;2;2;8,855469;100
100;2;2;8,855469;100
100;3;15;8,855469;100
100;3;15;8,855469;100
100;2;2;8,855469;100
100;3;15;9,188965;100
100;2;2;9,188965;100
100;3;15;9,188965;100
100;3;15;9,188965;100
100;3;15;9,188965;100
100;2;2;9,188965;100
100;3;15;9,188965;100
100;3;15;9,188965;100
100;3;15;9,188965;100
100;2;2;9,188965;100
100;2;2;9,188965;100
100;3;15;9,188965;100
100;2;2;9,188965;100
100;2;2;9,522461;100
100;3;15;9,522461;100
100;3;15;9,522461;100
100;2;2;9,522461;100
100;3;15;9,522461;100
100;3;15;9,522461;100
100;2;2;9,522461;100
100;3;15;9,522461;100
100;3;15;9,522461;100
100;2;2;9,855957;100
100;2;2;9,855957;100
100;3;15;9,855957;100
100;2;2;9,855957;100
100;3;15;9,855957;100
100;2;2;9,855957;100
100;3;15;9,855957;100
100;3;15;9,855957;100
100;2;2;10,18945;100
100;3;15;10,18945;100
100;3;15;10,18945;100
100;2;2;10,18945;100
100;3;15;10,18945;100
100;3;15;10,18945;100
100;3;15;10,18945;100
100;3;15;10,18945;100
100;3;15;10,18945;100
100;3;15;10,18945;100
100;3;15;10,18945;100
100;2;2;10,18945;100
100;2;2;10,52295;100
100;2;2;10,52295;100
100;2;2;10,52295;100
100;3;15;10,52295;100
100;3;15;10,52295;100
100;3;15;10,52295;100
100;3;15;10,52295;100
100;2;2;10,52295;100
100;2;2;10,52295;100
100;3;15;10,85645;100
100;3;15;10,85645;100
100;3;15;10,85645;100
100;3;15;10,85645;100
100;3;15;10,85645;100
100;3;15;10,85645;100
100;2;2;10,85645;100
100;3;15;10,85645;100
100;3;15;10,85645;100
100;3;15;10,85645;100
100;2;2;11,18994;100
100;2;2;11,18994;100
100;3;15;11,18994;100
100;3;15;11,18994;100
100;3;15;11,18994;100
100;2;2;11,18994;100
100;3;15;11,18994;100
100;3;15;11,18994;100
100;2;2;11,18994;100
100;3;15;11,18994;100
100;3;15;11,18994;100
100;3;15;11,18994;100
100;3;15;11,18994;100
100;3;15;11,52344;100
100;2;2;11,52344;100
100;2;2;11,52344;100
100;3;15;11,52344;100
100;3;15;11,52344;100
100;3;15;11,52344;100
100;3;15;11,52344;100
100;3;15;11,52344;100
100;2;2;11,52344;100
100;3;15;11,52344;100
100;3;15;11,52344;100
100;3;15;11,52344;100
100;2;2;11,52344;100
100;2;2;11,52344;100
100;3;15;11,52344;100
100;3;15;11,85693;100
100;2;2;11,85693;100
100;3;15;11,85693;100
100;3;15;11,85693;100
100;3;15;11,85693;100
100;3;15;12,19043;100
100;2;2;12,19043;100
100;3;15;12,19043;100
100;3;15;12,19043;100
100;3;15;12,19043;100
100;3;15;12,19043;100
100;2;2;12,19043;100
100;3;15;12,19043;100
100;3;15;12,19043;100
100;2;2;12,19043;100
100;2;2;12,19043;100
100;3;15;12,19043;100
100;2;2;12,52393;100
100;3;15;12,52393;100
100;3;15;12,52393;100
100;3;15;12,52393;100
100;3;15;12,52393;100
100;3;15;12,52393;100
100;3;15;12,52393;100
100;3;15;12,52393;100
100;3;15;12,52393;100
100;3;15;12,52393;100
100;3;15;12,52393;100
100;2;2;12,52393;100
100;2;2;12,52393;100
100;2;2;12,85742;100
100;3;15;12,85742;100
100;3;15;12,85742;100
100;3;15;12,85742;100
100;3;15;12,85742;100
100;3;15;12,85742;100
100;3;15;12,85742;100
100;3;15;13,19092;100
100;2;2;13,19092;100
100;3;15;13,19092;100
100;3;15;13,19092;100
100;3;15;13,19092;100
100;3;15;13,19092;100
100;3;15;13,19092;100
100;3;15;13,19092;100
100;2;2;13,19092;100
100;3;15;13,19092;100
100;3;15;13,52441;100
100;3;15;13,52441;100
100;2;2;13,52441;100
100;2;2;13,52441;100
100;3;15;13,52441;100
100;3;15;13,52441;100
100;3;15;13,85791;100
100;3;15;13,85791;100
100;3;15;13,85791;100
100;3;15;13,85791;100
100;2;2;13,85791;100
100;3;15;14,19141;100
100;3;15;14,19141;100
100;3;15;14,19141;100
100;2;2;14,19141;100
100;3;15;14,19141;100
100;3;15;14,19141;100
100;3;15;14,19141;100
100;2;2;14,5249;100
100;2;2;14,5249;100
100;2;2;14,5249;100
100;3;15;14,5249;100
100;3;15;14,5249;100
100;3;15;14,5249;100
100;3;15;14,5249;100
100;3;15;14,5249;100
100;3;15;14,5249;100
100;3;15;14,5249;100
100;3;15;14,5249;100
100;2;2;14,5249;100
100;3;15;14,5249;100
100;2;2;14,5249;100
100;3;15;14,5249;100
100;3;15;14,8584;85
100;3;15;14,8584;70
100;2;2;14,8584;70
100;2;2;14,8584;70
100;2;2;14,8584;70
100;3;15;14,8584;55
100;3;15;14,8584;40
100;3;15;14,8584;25
100;3;15;15,19189;10
92;3;15;15,19189;-5
Player