100;3;15;0,3305054;100
100;3;15;0,6638184;100
100;3;15;0,6638184;100
100;3;15;0,6638184;100
100;2;2;0,6638184;100
100;3;15;0,6638184;100
100;3;15;0,6638184;100
100;3;15;0,6638184;100
100;3;15;0,6638184;100
100;3;15;0,6638184;100
100;2;2;0,6638184;100
100;2;2;0,9971313;100
100;3;15;0,9971313;100
100;3;15;0,9971313;100
100;3;15;0,9971313;100
100;2;2;0,9971313;100
100;2;2;0,9971313;100
100;3;15;0,9971313;100
100;3;15;0,9971313;100
100;3;15;0,9971313;100
100;3;15;0,9971313;100
100;2;2;0,9971313;100
100;2;2;0,9971313;100
100;3;15;0,9971313;100
100;3;15;0,9971313;100
100;3;15;0,9971313;100
100;3;15;1,330444;100
100;3;15;1,330444;100
100;3;15;1,330444;100
100;2;2;1,330444;100
100;2;2;1,330444;100
100;3;15;1,330444;100
100;3;15;1,330444;100
100;3;15;1,330444;100
100;2;2;1,330444;100
100;3;15;1,330444;100
100;2;2;1,663757;100
100;2;2;1,663757;100
100;3;15;1,663757;100
100;2;2;1,663757;100
100;2;2;1,663757;100
100;3;15;1,663757;100
100;2;2;1,663757;100
100;2;2;1,663757;100
100;2;2;1,663757;100
100;3;15;1,663757;100
100;3;15;1,99707;100
100;2;2;1,99707;100
100;3;15;1,99707;100
100;3;15;1,99707;100
100;3;15;1,99707;100
100;2;2;1,99707;100
100;3;15;1,99707;100
100;3;15;1,99707;100
100;2;2;1,99707;100
100;3;15;1,99707;100
100;2;2;1,99707;100
100;2;2;2,330383;100
100;3;15;2,330383;100
100;2;2;2,330383;100
100;3;15;2,330383;100
100;3;15;2,330383;100
100;3;15;2,330383;100
100;2;2;2,330383;100
100;2;2;2,330383;100
100;3;15;2,330383;100
100;2;2;2,663696;100
100;3;15;2,663696;100
100;2;2;2,663696;100
100;3;15;2,663696;100
100;2;2;2,663696;100
100;3;15;2,663696;100
100;3;15;2,663696;100
100;3;15;2,663696;100
100;2;2;2,663696;100
100;2;2;2,663696;100
100;3;15;2,663696;100
100;3;15;2,997009;100
100;3;15;2,997009;100
100;3;15;2,997009;100
100;3;15;2,997009;100
100;3;15;2,997009;100
100;3;15;2,997009;100
100;2;2;2,997009;100
100;3;15;2,997009;100
100;3;15;2,997009;100
100;2;2;2,997009;100
100;2;2;3,330322;100
100;3;15;3,330322;100
100;2;2;3,330322;100
100;2;2;3,330322;100
100;3;15;3,330322;100
100;3;15;3,330322;100
100;2;2;3,330322;100
100;3;15;3,330322;100
100;3;15;3,330322;100
100;2;2;3,663635;100
100;3;15;3,663635;100
100;3;15;3,663635;100
100;3;15;3,663635;100
100;3;15;3,663635;100
100;3;15;3,663635;100
100;2;2;3,663635;100
100;3;15;3,663635;100
100;3;15;3,663635;100
100;2;2;3,663635;100
100;3;15;3,996948;100
100;3;15;3,996948;100
100;2;2;3,996948;100
100;2;2;3,996948;100
100;2;2;3,996948;100
100;3;15;3,996948;100
100;2;2;3,996948;100
100;2;2;3,996948;100
100;3;15;3,996948;100
100;3;15;3,996948;100
100;2;2;3,996948;100
100;2;2;3,996948;100
100;2;2;4,330261;100
100;3;15;4,330261;100
100;2;2;4,330261;100
100;3;15;4,330261;100
100;3;15;4,330261;100
100;3;15;4,330261;100
100;3;15;4,330261;100
100;3;15;4,330261;100
100;2;2;4,330261;100
100;3;15;4,330261;100
100;2;2;4,330261;100
100;2;2;4,663574;100
100;3;15;4,663574;100
100;2;2;4,663574;100
100;3;15;4,663574;100
100;2;2;4,663574;100
100;2;2;4,663574;100
100;2;2;4,663574;100
100;3;15;4,663574;100
100;3;15;4,996887;100
100;3;15;4,996887;100
100;3;15;4,996887;100
100;3;15;4,996887;100
100;3;15;4,996887;100
100;3;15;4,996887;100
100;2;2;4,996887;100
100;3;15;4,996887;100
100;2;2;4,996887;100
100;3;15;5,3302;100
100;2;2;5,3302;100
100;3;15;5,3302;100
100;3;15;5,3302;100
100;3;15;5,3302;100
100;3;15;5,3302;100
100;3;15;5,3302;100
100;3;15;5,3302;100
100;3;15;5,3302;100
100;3;15;5,3302;100
100;3;15;5,3302;100
100;2;2;5,3302;100
100;2;2;5,663513;100
100;3;15;5,663513;100
100;3;15;5,663513;100
100;2;2;5,663513;100
100;2;2;5,663513;100
100;3;15;5,663513;100
100;3;15;5,663513;100
100;2;2;5,663513;100
100;2;2;5,663513;100
100;3;15;5,996826;100
100;3;15;5,996826;100
100;3;15;5,996826;100
100;3;15;5,996826;100
100;3;15;5,996826;100
100;3;15;5,996826;100
100;3;15;5,996826;100
100;3;15;5,996826;100
100;3;15;5,996826;100
100;3;15;6,330139;100
100;2;2;6,330139;100
100;2;2;6,330139;100
100;3;15;6,330139;100
100;2;2;6,330139;100
100;3;15;6,330139;100
100;3;15;6,330139;100
100;2;2;6,330139;100
100;3;15;6,330139;100
100;3;15;6,330139;100
100;3;15;6,330139;100
100;3;15;6,663452;100
100;3;15;6,663452;100
100;3;15;6,663452;100
100;3;15;6,663452;100
100;2;2;6,663452;100
100;3;15;6,663452;100
100;2;2;6,663452;100
100;2;2;6,663452;100
100;2;2;6,663452;100
100;3;15;6,663452;100
100;3;15;6,996765;100
100;3;15;6,996765;100
100;3;15;6,996765;100
100;2;2;6,996765;100
100;2;2;6,996765;100
100;3;15;6,996765;100
100;3;15;6,996765;100
100;2;2;6,996765;100
100;3;15;6,996765;100
100;3;15;6,996765;100
100;2;2;7,330078;100
100;2;2;7,330078;100
100;3;15;7,330078;100
100;3;15;7,330078;100
100;2;2;7,330078;100
100;2;2;7,330078;100
100;2;2;7,330078;100
100;3;15;7,330078;100
100;3;15;7,330078;100
100;3;15;7,330078;100
100;3;15;7,330078;100
100;2;2;7,330078;100
100;2;2;7,663391;100
100;3;15;7,663391;100
100;2;2;7,663391;100
100;3;15;7,663391;100
100;3;15;7,663391;100
100;2;2;7,663391;100
100;3;15;7,663391;100
100;3;15;7,663391;100
100;3;15;7,663391;100
100;2;2;7,663391;100
100;2;2;7,663391;100
100;2;2;7,996704;100
100;3;15;7,996704;100
100;3;15;7,996704;100
100;2;2;7,996704;100
100;2;2;7,996704;100
100;2;2;7,996704;100
100;3;15;7,996704;100
100;2;2;7,996704;100
100;3;15;7,996704;100
100;3;15;8,330017;100
100;3;15;8,330017;100
100;2;2;8,330017;100
100;2;2;8,330017;100
100;3;15;8,330017;100
100;3;15;8,330017;100
100;3;15;8,330017;100
100;3;15;8,330017;100
100;3;15;8,330017;100
100;2;2;8,66333;100
100;3;15;8,66333;100
100;3;15;8,66333;100
100;3;15;8,66333;100
100;3;15;8,66333;100
100;3;15;8,66333;100
100;3;15;8,66333;100
100;3;15;8,66333;100
100;2;2;8,66333;100
100;3;15;8,66333;100
100;3;15;8,66333;100
100;3;15;8,66333;100
100;2;2;8,996643;100
100;3;15;8,996643;100
100;3;15;8,996643;100
100;2;2;8,996643;100
100;3;15;8,996643;100
100;3;15;8,996643;100
100;3;15;8,996643;100
100;2;2;8,996643;100
100;3;15;9,329956;100
100;2;2;9,329956;100
100;2;2;9,329956;100
100;3;15;9,329956;100
100;2;2;9,329956;100
100;2;2;9,329956;100
100;3;15;9,329956;100
100;3;15;9,329956;100
100;2;2;9,329956;100
100;3;15;9,329956;100
100;2;2;9,663269;100
100;3;15;9,663269;100
100;3;15;9,663269;100
100;3;15;9,663269;100
100;3;15;9,663269;100
100;2;2;9,663269;100
100;3;15;9,663269;100
100;3;15;9,663269;100
100;3;15;9,663269;100
100;3;15;9,663269;100
100;2;2;9,663269;100
100;3;15;9,663269;100
100;2;2;9,996582;100
100;2;2;9,996582;100
100;2;2;9,996582;100
100;2;2;9,996582;100
100;2;2;9,996582;100
100;3;15;9,996582;100
100;2;2;9,996582;100
100;2;2;9,996582;100
100;3;15;9,996582;100
100;3;15;10,3299;100
100;3;15;10,3299;100
100;2;2;10,3299;100
100;2;2;10,3299;100
100;2;2;10,3299;100
100;3;15;10,3299;100
100;2;2;10,3299;100
100;2;2;10,3299;100
100;3;15;10,3299;100
100;3;15;10,66321;100
100;3;15;10,66321;100
100;3;15;10,66321;100
100;2;2;10,66321;100
100;2;2;10,66321;100
100;2;2;10,66321;100
100;2;2;10,66321;100
100;3;15;10,99652;100
100;2;2;10,99652;100
100;3;15;10,99652;100
100;2;2;10,99652;100
100;2;2;10,99652;100
100;3;15;10,99652;100
100;3;15;10,99652;100
100;3;15;10,99652;100
100;2;2;10,99652;100
100;3;15;10,99652;100
100;3;15;11,32983;100
100;2;2;11,32983;100
100;2;2;11,32983;100
100;2;2;11,32983;100
100;3;15;11,32983;100
100;3;15;11,32983;100
100;3;15;11,32983;100
100;3;15;11,32983;100
100;3;15;11,32983;100
100;2;2;11,32983;100
100;3;15;11,66315;100
100;3;15;11,66315;100
100;3;15;11,66315;100
100;2;2;11,66315;100
100;3;15;11,66315;100
100;3;15;11,66315;100
100;3;15;11,99646;100
100;2;2;11,99646;100
100;3;15;11,99646;100
100;2;2;11,99646;100
100;3;15;11,99646;100
100;2;2;11,99646;100
100;2;2;11,99646;100
100;2;2;11,99646;100
100;2;2;11,99646;100
100;2;2;11,99646;100
100;3;15;11,99646;100
100;3;15;12,32977;100
100;3;15;12,32977;100
100;3;15;12,32977;100
100;3;15;12,32977;100
100;3;15;12,32977;100
100;3;15;12,32977;100
100;3;15;12,32977;100
100;3;15;12,32977;100
100;3;15;12,32977;100
100;3;15;12,32977;100
100;2;2;12,66309;100
100;3;15;12,66309;100
100;3;15;12,66309;100
100;2;2;12,66309;100
100;2;2;12,66309;100
100;2;2;12,66309;100
100;3;15;12,66309;100
100;3;15;12,66309;100
100;3;15;12,66309;100
100;3;15;12,9964;100
100;2;2;12,9964;100
100;3;15;12,9964;100
100;3;15;12,9964;100
100;2;2;12,9964;100
100;3;15;12,9964;100
100;3;15;12,9964;100
100;3;15;13,32971;100
100;3;15;13,32971;100
100;3;15;13,32971;100
100;3;15;13,32971;100
100;3;15;13,32971;100
100;3;15;13,32971;100
100;2;2;13,32971;100
100;3;15;13,32971;100
100;3;15;13,32971;100
100;3;15;13,32971;100
100;3;15;13,32971;100
100;3;15;13,66302;100
100;3;15;13,66302;100
100;3;15;13,66302;100
100;3;15;13,66302;100
100;3;15;13,66302;100
100;3;15;13,66302;100
100;3;15;13,66302;100
100;3;15;13,66302;100
100;3;15;13,66302;100
100;3;15;13,66302;100
100;3;15;13,99634;100
100;2;2;13,99634;100
100;2;2;13,99634;100
100;3;15;13,99634;100
100;3;15;13,99634;100
100;2;2;13,99634;100
100;3;15;13,99634;100
100;2;2;13,99634;100
100;2;2;14,32965;100
100;2;2;14,32965;100
100;3;15;14,32965;100
100;2;2;14,32965;100
100;3;15;14,32965;100
100;3;15;14,32965;100
100;3;15;14,32965;100
100;3;15;14,66296;100
100;3;15;14,66296;100
100;2;2;14,66296;100
100;3;15;14,66296;100
100;3;15;14,66296;100
100;3;15;14,66296;100
100;3;15;14,66296;100
100;3;15;14,66296;100
100;3;15;14,66296;100
100;3;15;14,66296;100
100;2;2;14,66296;100
100;3;15;14,66296;100
100;2;2;14,99628;100
100;3;15;14,99628;100
100;2;2;14,99628;100
100;2;2;14,99628;100
100;2;2;14,99628;100
100;3;15;14,99628;100
100;2;2;14,99628;100
100;2;2;14,99628;100
100;3;15;14,99628;100
100;3;15;15,32959;100
100;3;15;15,32959;100
100;3;15;15,32959;100
100;3;15;15,32959;100
100;3;15;15,32959;100
100;3;15;15,32959;100
100;2;2;15,32959;100
100;3;15;15,32959;100
100;3;15;15,6629;100
100;3;15;15,6629;100
100;3;15;15,6629;100
100;2;2;15,6629;100
100;2;2;15,6629;100
100;3;15;15,6629;100
100;3;15;15,6629;100
100;3;15;15,6629;100
100;3;15;15,99622;100
100;3;15;15,99622;100
100;3;15;15,99622;100
100;3;15;15,99622;100
100;3;15;15,99622;100
100;2;2;15,99622;100
100;2;2;15,99622;100
100;3;15;15,99622;100
100;2;2;15,99622;100
100;3;15;16,32953;100
100;3;15;16,32953;100
100;2;2;16,32953;100
100;2;2;16,32953;100
100;3;15;16,32953;100
100;3;15;16,32953;100
100;3;15;16,32953;100
100;3;15;16,32953;100
100;3;15;16,32953;100
100;2;2;16,32953;100
100;3;15;16,32953;100
100;2;2;16,66284;100
100;3;15;16,66284;100
100;2;2;16,66284;100
100;3;15;16,66284;100
100;3;15;16,66284;100
100;2;2;16,66284;100
100;3;15;16,66284;100
100;2;2;16,99615;100
100;3;15;16,99615;100
100;3;15;16,99615;100
100;3;15;16,99615;100
100;3;15;16,99615;100
100;2;2;16,99615;100
100;3;15;16,99615;100
100;2;2;16,99615;100
100;2;2;16,99615;100
100;2;2;16,99615;100
100;3;15;16,99615;100
100;2;2;16,99615;100
100;3;15;17,32947;100
100;3;15;17,32947;100
100;3;15;17,32947;100
100;3;15;17,32947;100
100;3;15;17,32947;100
100;2;2;17,32947;100
100;3;15;17,32947;100
100;2;2;17,32947;100
100;3;15;17,32947;100
100;2;2;17,32947;100
100;2;2;17,32947;100
100;3;15;17,66278;100
100;2;2;17,66278;100
100;3;15;17,66278;100
100;3;15;17,66278;100
100;3;15;17,66278;100
100;3;15;17,66278;100
100;3;15;17,66278;100
100;2;2;17,66278;100
100;3;15;17,66278;100
100;3;15;17,66278;100
100;3;15;17,66278;100
100;3;15;17,66278;100
100;3;15;17,99609;100
100;2;2;17,99609;100
100;2;2;17,99609;100
100;3;15;17,99609;100
100;2;2;17,99609;100
100;3;15;17,99609;100
100;2;2;17,99609;100
100;3;15;17,99609;100
100;2;2;18,32941;100
100;3;15;18,32941;100
100;3;15;18,32941;100
100;3;15;18,32941;100
100;2;2;18,32941;100
100;3;15;18,32941;100
100;2;2;18,32941;100
100;2;2;18,32941;100
100;2;2;18,32941;100
100;3;15;18,32941;100
100;3;15;18,66272;100
100;3;15;18,66272;100
100;3;15;18,66272;100
100;2;2;18,66272;100
100;3;15;18,66272;100
100;3;15;18,66272;100
100;3;15;18,66272;100
100;3;15;18,66272;100
100;2;2;18,66272;100
100;3;15;18,66272;100
100;3;15;18,66272;100
100;3;15;18,66272;100
100;3;15;18,99603;100
100;3;15;18,99603;100
100;2;2;18,99603;100
100;3;15;18,99603;100
100;3;15;18,99603;100
100;2;2;18,99603;100
100;2;2;18,99603;100
100;2;2;19,32935;100
100;2;2;19,32935;100
100;2;2;19,32935;100
100;3;15;19,32935;100
100;3;15;19,32935;100
100;3;15;19,32935;100
100;2;2;19,32935;100
100;3;15;19,32935;100
100;3;15;19,32935;100
100;3;15;19,66266;100
100;2;2;19,66266;100
100;2;2;19,66266;100
100;3;15;19,66266;100
100;3;15;19,66266;100
100;3;15;19,66266;100
100;3;15;19,66266;100
100;3;15;19,66266;100
100;3;15;19,66266;100
100;3;15;19,66266;100
100;2;2;19,66266;100
100;3;15;19,66266;100
100;3;15;19,66266;100
100;2;2;19,99597;100
100;3;15;19,99597;85
100;2;2;19,99597;85
100;3;15;19,99597;70
100;2;2;19,99597;70
100;3;15;19,99597;55
100;2;2;19,99597;55
100;2;2;20,32928;55
100;2;2;20,32928;55
100;3;15;20,32928;55
100;3;15;20,32928;55
100;2;2;20,32928;55
100;3;15;20,6626;40
100;3;15;20,6626;25
100;2;2;20,6626;25
100;3;15;20,6626;10
100;3;15;20,6626;-5
Player