100;3;15;31,0625;100
100;3;15;31,0625;100
100;3;15;31,0625;100
100;3;15;31,0625;100
100;3;15;31,39551;100
100;2;2;31,39551;100
100;2;2;31,39551;100
100;3;15;31,39551;100
100;3;15;31,39551;100
100;3;15;31,39551;100
100;3;15;31,39551;100
100;3;15;31,39551;100
100;3;15;31,39551;100
100;3;15;31,39551;100
100;3;15;31,39551;100
100;3;15;31,72852;100
100;3;15;31,72852;100
100;3;15;31,72852;100
100;3;15;31,72852;100
100;2;2;31,72852;100
100;2;2;31,72852;100
100;3;15;31,72852;100
100;3;15;31,72852;100
100;3;15;31,72852;100
100;3;15;31,72852;100
100;2;2;32,06152;100
100;2;2;32,06152;100
100;3;15;32,06152;100
100;3;15;32,06152;100
100;3;15;32,06152;100
100;3;15;32,06152;100
100;3;15;32,06152;100
100;2;2;32,06152;100
100;2;2;32,06152;100
100;2;2;32,06152;100
100;2;2;32,06152;100
100;2;2;32,06152;100
100;3;15;32,39453;100
100;3;15;32,39453;100
100;3;15;32,39453;100
100;3;15;32,39453;100
100;3;15;32,39453;100
100;3;15;32,39453;100
100;3;15;32,39453;100
100;3;15;32,39453;100
100;2;2;32,39453;100
100;3;15;32,39453;100
100;3;15;32,39453;100
100;2;2;32,39453;100
100;2;2;32,39453;100
100;3;15;32,39453;100
100;3;15;32,72754;100
100;2;2;32,72754;100
100;3;15;32,72754;100
100;3;15;32,72754;100
100;3;15;32,72754;100
100;3;15;32,72754;100
100;3;15;32,72754;100
100;3;15;32,72754;100
100;3;15;32,72754;100
100;2;2;32,72754;100
100;3;15;33,06055;100
100;3;15;33,06055;100
100;3;15;33,06055;100
100;2;2;33,06055;100
100;2;2;33,06055;100
100;3;15;33,06055;100
100;2;2;33,06055;100
100;2;2;33,06055;100
100;3;15;33,06055;100
100;3;15;33,39355;100
100;2;2;33,39355;100
100;3;15;33,39355;100
100;3;15;33,39355;100
100;3;15;33,39355;100
100;2;2;33,39355;100
100;3;15;33,39355;100
100;3;15;33,39355;100
100;3;15;33,39355;100
100;2;2;33,72656;100
100;3;15;33,72656;100
100;2;2;33,72656;100
100;3;15;33,72656;100
100;3;15;33,72656;100
100;2;2;33,72656;100
100;3;15;33,72656;100
100;3;15;33,72656;100
100;3;15;33,72656;100
100;3;15;33,72656;100
100;3;15;33,72656;100
100;3;15;34,05957;100
100;3;15;34,05957;100
100;3;15;34,05957;100
100;2;2;34,05957;100
100;2;2;34,05957;100
100;3;15;34,05957;100
100;3;15;34,05957;100
100;3;15;34,05957;100
100;2;2;34,05957;100
100;3;15;34,05957;100
100;3;15;34,05957;100
100;3;15;34,05957;100
100;3;15;34,05957;100
100;3;15;34,39258;100
100;3;15;34,39258;100
100;3;15;34,39258;100
100;3;15;34,39258;100
100;3;15;34,39258;100
100;3;15;34,39258;100
100;3;15;34,39258;100
100;2;2;34,39258;100
100;3;15;34,39258;100
100;3;15;34,39258;100
100;3;15;34,39258;100
100;3;15;34,39258;100
100;3;15;34,39258;100
100;3;15;34,72559;100
100;2;2;34,72559;100
100;3;15;34,72559;100
100;3;15;34,72559;100
100;3;15;34,72559;100
100;3;15;34,72559;100
100;3;15;34,72559;100
100;3;15;34,72559;100
100;2;2;35,05859;100
100;3;15;35,05859;100
100;3;15;35,05859;100
100;3;15;35,05859;100
100;3;15;35,05859;100
100;2;2;35,05859;100
100;3;15;35,05859;100
100;3;15;35,05859;100
100;3;15;35,05859;100
100;2;2;35,05859;100
100;3;15;35,05859;100
100;2;2;35,05859;100
100;2;2;35,3916;100
100;2;2;35,3916;100
100;3;15;35,3916;100
100;3;15;35,3916;100
100;3;15;35,3916;100
100;3;15;35,3916;100
100;2;2;35,3916;100
100;2;2;35,3916;100
100;2;2;35,3916;100
100;3;15;35,3916;100
100;3;15;35,3916;100
100;2;2;35,3916;100
100;3;15;35,3916;100
100;3;15;35,72461;100
100;3;15;35,72461;100
100;3;15;35,72461;100
100;3;15;35,72461;100
100;3;15;35,72461;100
100;3;15;35,72461;100
100;3;15;35,72461;100
100;3;15;35,72461;100
100;3;15;35,72461;100
100;3;15;35,72461;100
100;2;2;35,72461;100
100;3;15;36,05762;100
100;3;15;36,05762;100
100;3;15;36,05762;100
100;3;15;36,05762;100
100;3;15;36,05762;100
100;3;15;36,05762;100
100;3;15;36,05762;100
100;3;15;36,05762;100
100;3;15;36,05762;100
100;2;2;36,05762;100
100;3;15;36,05762;100
100;2;2;36,39063;100
100;2;2;36,39063;100
100;3;15;36,39063;100
100;3;15;36,39063;100
100;3;15;36,39063;100
100;3;15;36,39063;100
100;3;15;36,39063;100
100;3;15;36,39063;100
100;3;15;36,39063;100
100;3;15;36,39063;100
100;3;15;36,39063;100
100;3;15;36,39063;100
100;3;15;36,39063;100
100;3;15;36,39063;100
100;3;15;36,39063;100
100;2;2;36,39063;100
100;3;15;36,72363;100
100;3;15;36,72363;100
100;3;15;36,72363;100
100;3;15;36,72363;100
100;3;15;36,72363;100
100;2;2;36,72363;100
100;3;15;36,72363;100
100;2;2;36,72363;100
100;2;2;36,72363;100
100;3;15;37,05664;100
100;3;15;37,05664;100
100;3;15;37,05664;100
100;3;15;37,05664;100
100;3;15;37,05664;100
100;3;15;37,05664;100
100;3;15;37,05664;100
100;3;15;37,05664;100
100;2;2;37,05664;100
100;3;15;37,05664;100
100;3;15;37,38965;100
100;2;2;37,38965;100
100;3;15;37,38965;100
100;3;15;37,38965;100
100;2;2;37,38965;100
100;2;2;37,38965;100
100;3;15;37,38965;100
100;3;15;37,38965;100
100;3;15;37,38965;100
100;3;15;37,38965;100
100;3;15;37,72266;100
100;3;15;37,72266;100
100;3;15;37,72266;100
100;3;15;37,72266;100
100;3;15;37,72266;100
100;3;15;37,72266;100
100;3;15;37,72266;100
100;3;15;37,72266;100
100;2;2;37,72266;100
100;3;15;37,72266;100
100;3;15;37,72266;100
100;3;15;37,72266;100
100;3;15;38,05566;100
100;2;2;38,05566;100
100;3;15;38,05566;100
100;3;15;38,05566;100
100;3;15;38,05566;100
100;3;15;38,05566;100
100;2;2;38,38867;100
100;3;15;38,38867;100
100;3;15;38,38867;100
100;2;2;38,38867;100
100;2;2;38,38867;100
100;3;15;38,38867;100
100;3;15;38,38867;100
100;3;15;38,38867;100
100;3;15;38,38867;100
100;3;15;38,38867;100
100;2;2;38,38867;100
100;3;15;38,38867;100
100;3;15;38,38867;100
100;3;15;38,72168;100
100;3;15;38,72168;100
100;3;15;38,72168;100
100;3;15;38,72168;100
100;3;15;38,72168;100
100;3;15;38,72168;100
100;3;15;38,72168;100
100;3;15;38,72168;100
100;3;15;38,72168;100
100;2;2;38,72168;100
100;3;15;38,72168;100
100;3;15;39,05469;100
100;2;2;39,05469;100
100;2;2;39,05469;100
100;3;15;39,05469;100
100;3;15;39,05469;100
100;3;15;39,05469;100
100;2;2;39,05469;100
100;3;15;39,05469;100
100;2;2;39,05469;100
100;3;15;39,05469;100
100;2;2;39,05469;100
100;3;15;39,05469;100
100;3;15;39,3877;100
100;3;15;39,3877;100
100;3;15;39,3877;100
100;3;15;39,3877;100
100;2;2;39,3877;100
100;2;2;39,3877;100
100;3;15;39,3877;100
100;3;15;39,3877;100
100;3;15;39,3877;100
100;3;15;39,7207;100
100;2;2;39,7207;100
100;3;15;39,7207;100
100;3;15;39,7207;100
100;3;15;39,7207;100
100;3;15;39,7207;100
100;3;15;39,7207;100
100;2;2;39,7207;100
100;3;15;39,7207;100
100;3;15;39,7207;100
100;3;15;39,7207;100
100;3;15;39,7207;100
100;3;15;40,05371;100
100;2;2;40,05371;100
100;3;15;40,05371;100
100;2;2;40,05371;100
100;3;15;40,05371;100
100;3;15;40,05371;100
100;3;15;40,05371;100
100;3;15;40,05371;100
100;2;2;40,05371;100
100;3;15;40,38672;100
100;3;15;40,38672;100
100;3;15;40,38672;100
100;2;2;40,38672;100
100;3;15;40,38672;100
100;3;15;40,38672;100
100;2;2;40,38672;100
100;3;15;40,38672;100
100;3;15;40,38672;100
100;3;15;40,38672;100
100;3;15;40,38672;100
100;3;15;40,38672;100
100;2;2;40,38672;100
100;2;2;40,38672;100
100;2;2;40,71973;100
100;3;15;40,71973;100
100;3;15;40,71973;100
100;3;15;40,71973;100
100;3;15;40,71973;100
100;3;15;40,71973;100
100;3;15;40,71973;100
100;3;15;40,71973;100
100;3;15;40,71973;100
100;2;2;40,71973;100
100;2;2;40,71973;100
100;2;2;40,71973;100
100;3;15;40,71973;100
100;3;15;40,71973;100
100;3;15;40,71973;100
100;3;15;40,71973;100
100;3;15;41,05273;100
100;2;2;41,05273;100
100;3;15;41,05273;100
100;2;2;41,05273;100
100;2;2;41,05273;100
100;2;2;41,05273;100
100;3;15;41,05273;100
100;3;15;41,05273;100
100;3;15;41,05273;100
100;2;2;41,05273;100
100;3;15;41,05273;100
100;2;2;41,38574;100
100;3;15;41,38574;85
100;3;15;41,38574;70
100;3;15;41,38574;55
100;3;15;41,38574;40
100;3;15;41,38574;25
100;3;15;41,38574;10
100;3;15;41,38574;-5
Player