100;2;2;56,80957;100
100;2;2;56,80957;100
100;3;15;56,80957;100
100;3;15;56,80957;100
100;3;15;57,14282;100
100;2;2;57,14282;100
100;3;15;57,14282;100
100;3;15;57,14282;100
100;3;15;57,14282;100
100;2;2;57,14282;100
100;3;15;57,14282;100
100;2;2;57,14282;100
100;2;2;57,47607;100
100;2;2;57,47607;100
100;3;15;57,47607;100
100;3;15;57,47607;100
100;3;15;57,47607;100
100;3;15;57,47607;100
100;3;15;57,47607;100
100;3;15;57,80933;100
100;3;15;57,80933;100
100;3;15;57,80933;100
100;3;15;57,80933;100
100;3;15;57,80933;100
100;2;2;57,80933;100
100;3;15;57,80933;100
100;3;15;57,80933;100
100;3;15;58,14258;100
100;2;2;58,14258;100
100;3;15;58,14258;100
100;3;15;58,14258;100
100;3;15;58,14258;100
100;3;15;58,14258;100
100;3;15;58,14258;100
100;3;15;58,14258;100
100;3;15;58,14258;100
100;3;15;58,14258;100
100;3;15;58,47583;100
100;3;15;58,47583;100
100;2;2;58,47583;100
100;3;15;58,47583;100
100;3;15;58,47583;100
100;3;15;58,47583;100
100;2;2;58,47583;100
100;3;15;58,47583;100
100;2;2;58,47583;100
100;3;15;58,47583;100
100;2;2;58,80908;100
100;2;2;58,80908;100
100;2;2;58,80908;100
100;3;15;58,80908;100
100;3;15;58,80908;100
100;3;15;58,80908;100
100;3;15;58,80908;100
100;2;2;58,80908;100
100;3;15;59,14233;100
100;3;15;59,14233;100
100;2;2;59,14233;100
100;3;15;59,14233;100
100;3;15;59,14233;100
100;3;15;59,14233;100
100;3;15;59,14233;100
100;2;2;59,14233;100
100;3;15;59,14233;100
100;3;15;59,47559;100
100;3;15;59,47559;100
100;2;2;59,47559;100
100;3;15;59,47559;100
100;2;2;59,47559;100
100;3;15;59,47559;100
100;3;15;59,47559;100
100;2;2;59,47559;100
100;3;15;59,47559;100
100;3;15;59,80884;100
100;3;15;59,80884;100
100;3;15;59,80884;100
100;3;15;59,80884;100
100;3;15;59,80884;100
100;3;15;59,80884;100
100;3;15;59,80884;100
100;3;15;59,80884;100
100;3;15;59,80884;100
100;3;15;59,80884;100
100;3;15;0,1420898;100
100;2;2;0,1420898;100
100;2;2;0,1420898;100
100;3;15;0,1420898;100
100;3;15;0,1420898;100
100;2;2;0,1420898;100
100;3;15;0,4753418;100
100;3;15;0,4753418;100
100;2;2;0,4753418;100
100;2;2;0,4753418;100
100;3;15;0,4753418;100
100;2;2;0,4753418;100
100;3;15;0,4753418;100
100;2;2;0,4753418;100
100;2;2;0,4753418;100
100;2;2;0,4753418;100
100;2;2;0,4753418;100
100;2;2;0,8085938;100
100;3;15;0,8085938;100
100;3;15;0,8085938;100
100;3;15;0,8085938;100
100;2;2;0,8085938;100
100;2;2;0,8085938;100
100;3;15;0,8085938;100
100;3;15;0,8085938;100
100;2;2;1,141846;100
100;3;15;1,141846;100
100;2;2;1,141846;100
100;3;15;1,141846;100
100;2;2;1,141846;100
100;3;15;1,141846;100
100;3;15;1,141846;100
100;3;15;1,141846;100
100;3;15;1,475098;100
100;3;15;1,475098;100
100;3;15;1,475098;100
100;3;15;1,475098;100
100;2;2;1,475098;100
100;3;15;1,475098;100
100;3;15;1,475098;100
100;2;2;1,475098;100
100;3;15;1,475098;100
100;3;15;1,475098;100
100;3;15;1,475098;100
100;2;2;1,80835;100
100;3;15;1,80835;100
100;3;15;1,80835;100
100;3;15;1,80835;100
100;3;15;1,80835;100
100;3;15;1,80835;100
100;2;2;1,80835;100
100;3;15;1,80835;100
100;3;15;1,80835;100
100;3;15;1,80835;100
100;3;15;1,80835;100
100;2;2;1,80835;100
100;3;15;2,141602;100
100;3;15;2,141602;100
100;2;2;2,141602;100
100;3;15;2,141602;100
100;3;15;2,141602;100
100;2;2;2,141602;100
100;2;2;2,141602;100
100;3;15;2,141602;100
100;2;2;2,141602;100
100;3;15;2,474854;100
100;3;15;2,474854;100
100;3;15;2,474854;100
100;3;15;2,474854;100
100;3;15;2,474854;100
100;3;15;2,474854;100
100;2;2;2,474854;100
100;2;2;2,474854;100
100;3;15;2,474854;100
100;3;15;2,474854;100
100;3;15;2,474854;100
100;3;15;2,808105;100
100;2;2;2,808105;100
100;3;15;2,808105;100
100;3;15;2,808105;100
100;2;2;2,808105;100
100;2;2;2,808105;100
100;3;15;2,808105;100
100;3;15;2,808105;100
100;2;2;2,808105;100
100;3;15;3,141357;100
100;3;15;3,141357;100
100;3;15;3,141357;100
100;3;15;3,141357;100
100;3;15;3,141357;100
100;3;15;3,141357;100
100;3;15;3,141357;100
100;2;2;3,141357;100
100;3;15;3,141357;100
100;3;15;3,141357;100
100;3;15;3,474609;100
100;2;2;3,474609;100
100;2;2;3,474609;100
100;3;15;3,474609;100
100;3;15;3,474609;100
100;3;15;3,474609;100
100;2;2;3,474609;100
100;2;2;3,807861;100
100;2;2;3,807861;100
100;2;2;3,807861;100
100;3;15;3,807861;100
100;2;2;3,807861;100
100;2;2;3,807861;100
100;3;15;3,807861;100
100;3;15;3,807861;100
100;3;15;3,807861;100
100;3;15;4,141113;100
100;2;2;4,141113;100
100;2;2;4,141113;100
100;3;15;4,141113;100
100;2;2;4,141113;100
100;2;2;4,141113;100
100;2;2;4,141113;100
100;3;15;4,141113;100
100;3;15;4,141113;100
100;3;15;4,141113;100
100;3;15;4,141113;100
100;3;15;4,141113;100
100;2;2;4,474365;100
100;2;2;4,474365;100
100;3;15;4,474365;100
100;2;2;4,474365;100
100;2;2;4,474365;100
100;3;15;4,474365;100
100;3;15;4,807617;100
100;3;15;4,807617;85
100;2;2;4,807617;85
100;3;15;4,807617;70
100;3;15;4,807617;55
100;2;2;4,807617;55
100;2;2;4,807617;55
100;3;15;5,140869;55
100;3;15;5,140869;55
100;2;2;5,140869;55
100;3;15;5,140869;55
100;3;15;5,140869;55
100;3;15;5,140869;55
100;2;2;5,140869;55
100;2;2;5,140869;55
100;3;15;5,474121;55
100;2;2;5,474121;55
100;3;15;5,474121;40
100;2;2;5,474121;40
100;2;2;5,474121;40
100;2;2;5,474121;40
100;3;15;5,474121;25
100;3;15;5,807373;10
84;2;2;5,807373;8
76;2;2;5,807373;6
68;3;15;5,807373;-9
Player