92;2;2;25,03345;100
92;2;2;25,03345;100
92;2;2;25,03345;100
92;3;15;25,03345;100
92;2;2;25,3667;100
92;2;2;25,3667;100
92;3;15;25,3667;100
92;3;15;25,3667;100
92;3;15;25,3667;100
92;3;15;25,3667;100
92;3;15;25,69995;100
92;2;2;25,69995;100
92;3;15;25,69995;100
92;3;15;25,69995;100
92;2;2;25,69995;100
92;2;2;25,69995;100
92;3;15;25,69995;100
92;3;15;26,0332;100
92;2;2;26,0332;100
92;3;15;26,0332;100
92;3;15;26,0332;100
92;3;15;26,0332;100
92;3;15;26,0332;100
92;2;2;26,0332;100
92;2;2;26,0332;100
92;2;2;26,0332;100
92;3;15;26,36646;100
92;3;15;26,36646;100
92;2;2;26,36646;100
92;3;15;26,36646;100
92;2;2;26,36646;100
92;3;15;26,36646;100
92;3;15;26,36646;100
92;3;15;26,36646;100
92;2;2;26,36646;100
92;3;15;26,69971;100
92;2;2;26,69971;100
92;2;2;26,69971;100
92;2;2;26,69971;100
92;3;15;26,69971;100
92;3;15;26,69971;100
92;2;2;26,69971;100
92;2;2;26,69971;100
92;3;15;26,69971;100
92;2;2;26,69971;100
92;3;15;27,03296;100
92;2;2;27,03296;100
92;3;15;27,03296;100
92;3;15;27,03296;100
92;3;15;27,03296;100
92;2;2;27,03296;100
92;3;15;27,03296;100
92;2;2;27,03296;100
92;3;15;27,03296;100
92;2;2;27,36621;100
92;3;15;27,36621;100
92;2;2;27,36621;100
92;3;15;27,36621;100
92;2;2;27,36621;100
92;2;2;27,36621;100
92;3;15;27,36621;100
92;3;15;27,36621;100
92;2;2;27,36621;100
92;3;15;27,36621;100
92;3;15;27,36621;100
92;2;2;27,36621;100
92;2;2;27,69946;100
92;3;15;27,69946;100
92;2;2;27,69946;100
92;2;2;27,69946;100
92;2;2;27,69946;100
92;3;15;27,69946;100
92;3;15;27,69946;100
92;3;15;27,69946;100
92;3;15;27,69946;100
92;3;15;27,69946;100
92;3;15;28,03271;100
92;3;15;28,03271;100
92;2;2;28,03271;100
92;3;15;28,03271;100
92;2;2;28,03271;100
92;3;15;28,03271;100
92;3;15;28,03271;100
92;3;15;28,03271;100
92;3;15;28,03271;100
92;3;15;28,03271;100
92;2;2;28,36597;100
92;2;2;28,36597;100
92;3;15;28,36597;100
92;2;2;28,36597;100
92;2;2;28,36597;100
92;3;15;28,36597;100
92;3;15;28,36597;100
92;2;2;28,36597;100
92;3;15;28,36597;100
92;2;2;28,36597;100
92;3;15;28,69922;100
92;2;2;28,69922;100
92;3;15;28,69922;100
92;2;2;28,69922;100
92;2;2;28,69922;100
92;3;15;28,69922;100
92;3;15;28,69922;100
92;2;2;28,69922;100
92;3;15;28,69922;100
92;3;15;28,69922;100
92;2;2;28,69922;100
92;2;2;28,69922;100
92;3;15;29,03247;100
92;2;2;29,03247;100
92;3;15;29,03247;100
92;3;15;29,03247;100
92;2;2;29,03247;100
92;2;2;29,03247;100
92;3;15;29,03247;100
92;3;15;29,03247;100
92;3;15;29,03247;100
92;3;15;29,36572;100
92;3;15;29,36572;100
92;3;15;29,36572;100
92;3;15;29,36572;100
92;2;2;29,36572;100
92;3;15;29,36572;100
92;3;15;29,36572;100
92;2;2;29,36572;100
92;3;15;29,36572;100
92;3;15;29,36572;100
92;2;2;29,36572;100
92;2;2;29,69897;100
92;3;15;29,69897;100
92;3;15;29,69897;100
92;3;15;29,69897;100
92;3;15;29,69897;100
92;2;2;29,69897;100
92;2;2;29,69897;100
92;3;15;30,03223;100
92;3;15;30,03223;100
92;3;15;30,03223;100
92;3;15;30,03223;100
92;3;15;30,03223;100
92;3;15;30,03223;100
92;3;15;30,03223;100
92;3;15;30,03223;100
92;3;15;30,03223;100
92;3;15;30,03223;100
92;3;15;30,03223;100
92;3;15;30,36548;100
92;3;15;30,36548;100
92;3;15;30,36548;100
92;3;15;30,36548;100
92;3;15;30,36548;100
92;2;2;30,36548;100
92;2;2;30,36548;100
92;3;15;30,36548;100
92;3;15;30,69873;100
92;3;15;30,69873;100
92;3;15;30,69873;100
92;3;15;30,69873;100
92;3;15;30,69873;100
92;3;15;30,69873;100
92;3;15;30,69873;100
92;3;15;30,69873;100
92;2;2;30,69873;100
92;2;2;30,69873;100
92;2;2;30,69873;100
92;2;2;30,69873;100
92;3;15;31,03198;100
92;3;15;31,03198;100
92;3;15;31,03198;100
92;2;2;31,03198;100
92;3;15;31,03198;100
92;3;15;31,03198;100
92;3;15;31,03198;100
92;3;15;31,03198;100
92;3;15;31,03198;100
92;3;15;31,36523;100
92;3;15;31,36523;100
92;3;15;31,36523;100
92;2;2;31,36523;100
92;3;15;31,36523;100
92;3;15;31,36523;100
92;3;15;31,36523;100
92;3;15;31,36523;100
92;2;2;31,36523;100
92;3;15;31,36523;100
92;2;2;31,36523;100
92;3;15;31,69849;100
92;3;15;31,69849;100
92;2;2;31,69849;100
92;2;2;31,69849;100
92;3;15;31,69849;100
92;2;2;31,69849;100
92;3;15;31,69849;100
92;2;2;32,03174;100
92;3;15;32,03174;100
92;2;2;32,03174;100
92;3;15;32,03174;100
92;3;15;32,03174;100
92;3;15;32,03174;100
92;3;15;32,03174;100
92;2;2;32,03174;100
92;3;15;32,03174;100
92;3;15;32,03174;100
92;3;15;32,03174;100
92;3;15;32,36499;100
92;3;15;32,36499;100
92;3;15;32,36499;100
92;2;2;32,36499;100
92;2;2;32,36499;100
92;3;15;32,36499;100
92;3;15;32,36499;100
92;3;15;32,36499;100
92;3;15;32,36499;100
92;3;15;32,36499;100
92;3;15;32,36499;100
92;3;15;32,36499;100
92;3;15;32,69824;100
92;2;2;32,69824;100
92;3;15;32,69824;100
92;3;15;32,69824;100
92;3;15;32,69824;100
92;3;15;32,69824;100
92;2;2;33,03149;100
92;3;15;33,03149;100
92;3;15;33,03149;100
92;3;15;33,03149;100
92;2;2;33,03149;100
92;3;15;33,03149;100
92;3;15;33,03149;100
92;3;15;33,03149;100
92;3;15;33,36475;100
92;3;15;33,36475;100
92;2;2;33,36475;100
92;3;15;33,36475;100
92;3;15;33,36475;100
92;2;2;33,36475;100
92;3;15;33,36475;100
92;3;15;33,36475;100
92;2;2;33,36475;100
92;3;15;33,36475;100
92;2;2;33,698;100
92;2;2;33,698;100
92;2;2;33,698;100
92;3;15;33,698;100
92;3;15;33,698;100
92;3;15;33,698;100
92;3;15;33,698;100
92;2;2;33,698;100
92;3;15;33,698;100
92;2;2;34,03125;100
92;2;2;34,03125;100
92;3;15;34,03125;85
92;3;15;34,03125;70
92;2;2;34,03125;70
92;2;2;34,03125;70
92;2;2;34,03125;70
92;3;15;34,03125;55
92;2;2;34,03125;55
92;3;15;34,03125;40
92;3;15;34,3645;25
92;2;2;34,3645;25
92;2;2;34,3645;25
92;2;2;34,3645;25
92;3;15;34,3645;10
92;3;15;34,3645;-5
Player