100;2;2;29,70898;100
100;3;15;29,70898;100
100;3;15;29,70898;100
100;3;15;29,70898;100
100;2;2;29,70898;100
100;3;15;30,04199;100
100;3;15;30,04199;100
100;3;15;30,04199;100
100;2;2;30,04199;100
100;2;2;30,04199;100
100;3;15;30,04199;100
100;3;15;30,04199;100
100;2;2;30,04199;100
100;3;15;30,04199;100
100;2;2;30,04199;100
100;3;15;30,04199;100
100;3;15;30,04199;100
100;3;15;30,04199;100
100;2;2;30,04199;100
100;3;15;30,375;100
100;3;15;30,375;100
100;2;2;30,375;100
100;3;15;30,375;100
100;3;15;30,375;100
100;2;2;30,375;100
100;3;15;30,375;100
100;3;15;30,375;100
100;3;15;30,375;100
100;2;2;30,70801;100
100;3;15;30,70801;100
100;3;15;30,70801;100
100;3;15;30,70801;100
100;2;2;30,70801;100
100;3;15;30,70801;100
100;3;15;30,70801;100
100;3;15;30,70801;100
100;3;15;30,70801;100
100;3;15;30,70801;100
100;3;15;30,70801;100
100;3;15;30,70801;100
100;3;15;30,70801;100
100;3;15;30,70801;100
100;3;15;31,04102;100
100;3;15;31,04102;100
100;3;15;31,04102;100
100;3;15;31,04102;100
100;3;15;31,04102;100
100;3;15;31,04102;100
100;2;2;31,04102;100
100;3;15;31,04102;100
100;3;15;31,04102;100
100;3;15;31,04102;100
100;2;2;31,04102;100
100;3;15;31,04102;100
100;2;2;31,04102;100
100;3;15;31,04102;100
100;3;15;31,37402;100
100;3;15;31,37402;100
100;3;15;31,37402;100
100;3;15;31,37402;100
100;3;15;31,37402;100
100;3;15;31,37402;100
100;3;15;31,37402;100
100;3;15;31,37402;100
100;3;15;31,70703;100
100;2;2;31,70703;100
100;3;15;31,70703;100
100;3;15;31,70703;100
100;3;15;31,70703;100
100;2;2;31,70703;100
100;3;15;31,70703;100
100;3;15;31,70703;100
100;3;15;31,70703;100
100;3;15;31,70703;100
100;3;15;31,70703;100
100;3;15;31,70703;100
100;3;15;32,04004;100
100;2;2;32,04004;100
100;3;15;32,04004;100
100;3;15;32,04004;100
100;3;15;32,04004;100
100;3;15;32,04004;100
100;3;15;32,04004;100
100;3;15;32,04004;100
100;3;15;32,04004;100
100;3;15;32,04004;100
100;3;15;32,04004;100
100;3;15;32,04004;100
100;3;15;32,04004;100
100;3;15;32,37305;100
100;3;15;32,37305;100
100;3;15;32,37305;100
100;2;2;32,37305;100
100;2;2;32,37305;100
100;3;15;32,37305;100
100;3;15;32,37305;100
100;3;15;32,37305;100
100;3;15;32,37305;100
100;3;15;32,37305;100
100;2;2;32,37305;100
100;3;15;32,37305;100
100;3;15;32,70605;100
100;3;15;32,70605;100
100;3;15;32,70605;100
100;2;2;32,70605;100
100;3;15;32,70605;100
100;2;2;32,70605;100
100;3;15;32,70605;100
100;3;15;32,70605;100
100;3;15;32,70605;100
100;3;15;32,70605;100
100;3;15;32,70605;100
100;3;15;32,70605;100
100;3;15;32,70605;100
100;2;2;33,03906;100
100;3;15;33,03906;100
100;3;15;33,03906;100
100;3;15;33,03906;100
100;3;15;33,03906;100
100;3;15;33,03906;100
100;3;15;33,03906;100
100;3;15;33,03906;100
100;3;15;33,03906;100
100;3;15;33,03906;100
100;3;15;33,03906;100
100;3;15;33,03906;100
100;2;2;33,03906;100
100;3;15;33,37207;100
100;3;15;33,37207;100
100;3;15;33,37207;100
100;3;15;33,37207;100
100;3;15;33,37207;100
100;3;15;33,37207;100
100;3;15;33,37207;100
100;3;15;33,37207;100
100;2;2;33,37207;100
100;2;2;33,37207;100
100;3;15;33,37207;100
100;2;2;33,37207;100
100;3;15;33,37207;100
100;2;2;33,70508;100
100;3;15;33,70508;100
100;3;15;33,70508;100
100;3;15;33,70508;100
100;3;15;33,70508;100
100;2;2;33,70508;100
100;3;15;33,70508;100
100;3;15;33,70508;100
100;3;15;33,70508;100
100;3;15;33,70508;100
100;2;2;34,03809;100
100;3;15;34,03809;100
100;3;15;34,03809;100
100;3;15;34,03809;100
100;3;15;34,03809;100
100;3;15;34,03809;100
100;3;15;34,03809;100
100;3;15;34,03809;100
100;2;2;34,03809;100
100;3;15;34,03809;100
100;3;15;34,03809;100
100;3;15;34,03809;100
100;3;15;34,03809;100
100;3;15;34,03809;100
100;3;15;34,37109;100
100;3;15;34,37109;100
100;3;15;34,37109;100
100;3;15;34,37109;100
100;3;15;34,37109;100
100;3;15;34,37109;100
100;3;15;34,37109;100
100;3;15;34,37109;100
100;3;15;34,37109;100
100;3;15;34,37109;100
100;3;15;34,37109;100
100;3;15;34,7041;100
100;3;15;34,7041;100
100;2;2;34,7041;100
100;3;15;34,7041;100
100;3;15;34,7041;100
100;3;15;34,7041;100
100;2;2;34,7041;100
100;2;2;34,7041;100
100;3;15;34,7041;100
100;3;15;34,7041;100
100;3;15;34,7041;100
100;3;15;34,7041;100
100;3;15;34,7041;100
100;3;15;35,03711;100
100;3;15;35,03711;100
100;3;15;35,03711;100
100;3;15;35,03711;100
100;3;15;35,03711;100
100;3;15;35,03711;100
100;2;2;35,03711;100
100;3;15;35,03711;100
100;3;15;35,03711;100
100;3;15;35,03711;100
100;3;15;35,03711;100
100;3;15;35,03711;100
100;3;15;35,37012;100
100;3;15;35,37012;100
100;3;15;35,37012;100
100;3;15;35,37012;100
100;3;15;35,37012;100
100;3;15;35,37012;100
100;3;15;35,37012;100
100;3;15;35,37012;100
100;3;15;35,37012;100
100;3;15;35,37012;100
100;3;15;35,37012;100
100;3;15;35,70313;100
100;3;15;35,70313;100
100;3;15;35,70313;100
100;3;15;35,70313;100
100;3;15;35,70313;100
100;3;15;35,70313;100
100;3;15;35,70313;100
100;2;2;35,70313;100
100;2;2;35,70313;100
100;3;15;35,70313;100
100;3;15;35,70313;100
100;3;15;35,70313;100
100;3;15;36,03613;100
100;3;15;36,03613;100
100;2;2;36,03613;100
100;3;15;36,03613;100
100;3;15;36,03613;100
100;3;15;36,03613;100
100;3;15;36,03613;100
100;3;15;36,03613;100
100;3;15;36,03613;100
100;3;15;36,36914;100
100;3;15;36,36914;100
100;3;15;36,36914;100
100;2;2;36,36914;100
100;3;15;36,36914;100
100;2;2;36,36914;100
100;3;15;36,36914;100
100;3;15;36,36914;100
100;3;15;36,36914;100
100;3;15;36,36914;100
100;3;15;36,36914;100
100;2;2;36,36914;100
100;3;15;36,70215;100
100;3;15;36,70215;100
100;2;2;36,70215;100
100;3;15;36,70215;100
100;3;15;36,70215;100
100;3;15;36,70215;100
100;3;15;36,70215;100
100;3;15;36,70215;100
100;3;15;36,70215;100
100;3;15;36,70215;100
100;3;15;36,70215;100
100;2;2;37,03516;100
100;2;2;37,03516;100
100;3;15;37,03516;100
100;3;15;37,03516;100
100;3;15;37,03516;100
100;3;15;37,03516;100
100;3;15;37,03516;100
100;3;15;37,03516;100
100;3;15;37,03516;100
100;2;2;37,03516;100
100;2;2;37,03516;100
100;2;2;37,03516;100
100;3;15;37,03516;100
100;3;15;37,03516;100
100;3;15;37,03516;100
100;3;15;37,03516;100
100;3;15;37,36816;85
100;2;2;37,36816;85
100;3;15;37,36816;70
100;3;15;37,36816;55
100;3;15;37,36816;40
100;3;15;37,36816;25
100;3;15;37,36816;10
100;3;15;37,36816;-5
Player