100;3;15;13,87598;100
100;2;2;13,87598;100
100;3;15;13,87598;100
100;3;15;14,20947;100
100;3;15;14,20947;100
100;2;2;14,20947;100
100;3;15;14,20947;100
100;2;2;14,20947;100
100;3;15;14,20947;100
100;3;15;14,20947;100
100;3;15;14,20947;100
100;3;15;14,20947;100
100;3;15;14,20947;100
100;3;15;14,54297;100
100;2;2;14,54297;100
100;2;2;14,54297;100
100;2;2;14,54297;100
100;2;2;14,54297;100
100;2;2;14,54297;100
100;2;2;14,54297;100
100;3;15;14,54297;100
100;3;15;14,87646;100
100;3;15;14,87646;100
100;2;2;14,87646;100
100;3;15;14,87646;100
100;3;15;14,87646;100
100;2;2;14,87646;100
100;2;2;14,87646;100
100;2;2;14,87646;100
100;3;15;14,87646;100
100;3;15;15,20996;100
100;3;15;15,20996;100
100;3;15;15,20996;100
100;2;2;15,20996;100
100;2;2;15,20996;100
100;3;15;15,20996;100
100;3;15;15,20996;100
100;3;15;15,20996;100
100;3;15;15,20996;100
100;3;15;15,54346;100
100;3;15;15,54346;100
100;2;2;15,54346;100
100;3;15;15,54346;100
100;3;15;15,54346;100
100;3;15;15,54346;100
100;3;15;15,54346;100
100;2;2;15,54346;100
100;3;15;15,54346;100
100;3;15;15,54346;100
100;3;15;15,54346;100
100;2;2;15,87695;100
100;3;15;15,87695;100
100;2;2;15,87695;100
100;2;2;15,87695;100
100;3;15;15,87695;100
100;2;2;15,87695;100
100;3;15;15,87695;100
100;3;15;15,87695;100
100;2;2;16,21045;100
100;3;15;16,21045;100
100;2;2;16,21045;100
100;3;15;16,21045;100
100;3;15;16,21045;100
100;2;2;16,21045;100
100;2;2;16,21045;100
100;3;15;16,54395;100
100;3;15;16,54395;100
100;3;15;16,54395;100
100;3;15;16,54395;100
100;3;15;16,54395;100
100;3;15;16,54395;100
100;2;2;16,54395;100
100;2;2;16,87744;100
100;3;15;16,87744;100
100;2;2;16,87744;100
100;3;15;16,87744;100
100;2;2;16,87744;100
100;2;2;16,87744;100
100;3;15;16,87744;100
100;3;15;16,87744;100
100;3;15;16,87744;100
100;2;2;17,21094;100
100;2;2;17,21094;100
100;3;15;17,21094;100
100;2;2;17,21094;100
100;3;15;17,21094;100
100;2;2;17,21094;100
100;2;2;17,21094;100
100;3;15;17,54443;100
100;3;15;17,54443;100
100;3;15;17,54443;100
100;3;15;17,54443;100
100;3;15;17,54443;100
100;2;2;17,54443;100
100;2;2;17,54443;100
100;2;2;17,54443;100
100;3;15;17,54443;100
100;3;15;17,54443;100
100;3;15;17,87793;100
100;3;15;17,87793;100
100;2;2;17,87793;100
100;3;15;17,87793;100
100;2;2;17,87793;100
100;2;2;17,87793;100
100;2;2;17,87793;100
100;3;15;17,87793;100
100;2;2;17,87793;100
100;3;15;18,21143;100
100;2;2;18,21143;100
100;2;2;18,21143;100
100;3;15;18,21143;100
100;2;2;18,21143;100
100;3;15;18,21143;100
100;3;15;18,21143;100
100;2;2;18,21143;100
100;3;15;18,21143;100
100;2;2;18,21143;100
100;3;15;18,21143;100
100;3;15;18,54492;100
100;2;2;18,54492;100
100;2;2;18,54492;100
100;3;15;18,54492;100
100;3;15;18,54492;100
100;2;2;18,54492;100
100;2;2;18,54492;100
100;3;15;18,54492;100
100;3;15;18,54492;100
100;3;15;18,54492;100
100;2;2;18,54492;100
100;2;2;18,54492;100
100;3;15;18,87842;100
100;3;15;18,87842;100
100;2;2;18,87842;100
100;2;2;18,87842;100
100;3;15;18,87842;100
100;3;15;18,87842;100
100;2;2;18,87842;100
100;2;2;18,87842;100
100;2;2;18,87842;100
100;3;15;18,87842;100
100;3;15;18,87842;100
100;2;2;19,21191;100
100;3;15;19,21191;100
100;2;2;19,21191;100
100;3;15;19,21191;100
100;3;15;19,21191;100
100;2;2;19,21191;100
100;3;15;19,21191;100
100;3;15;19,21191;100
100;3;15;19,54541;100
100;3;15;19,54541;100
100;2;2;19,54541;100
100;2;2;19,54541;100
100;2;2;19,54541;100
100;2;2;19,54541;100
100;3;15;19,54541;100
100;2;2;19,54541;100
100;2;2;19,54541;100
100;3;15;19,54541;100
100;3;15;19,54541;100
100;3;15;19,87891;100
100;3;15;19,87891;100
100;2;2;19,87891;100
100;3;15;19,87891;100
100;2;2;19,87891;100
100;3;15;19,87891;100
100;2;2;19,87891;100
100;3;15;19,87891;100
100;2;2;19,87891;100
100;2;2;20,2124;100
100;2;2;20,2124;100
100;3;15;20,2124;100
100;2;2;20,2124;100
100;3;15;20,2124;100
100;2;2;20,2124;100
100;2;2;20,2124;100
100;2;2;20,2124;100
100;2;2;20,2124;100
100;2;2;20,5459;100
100;3;15;20,5459;100
100;2;2;20,5459;100
100;3;15;20,5459;100
100;3;15;20,5459;100
100;3;15;20,5459;100
100;3;15;20,5459;100
100;2;2;20,5459;100
100;3;15;20,5459;100
100;2;2;20,87939;100
100;3;15;20,87939;100
100;2;2;20,87939;100
100;2;2;20,87939;100
100;3;15;20,87939;100
100;3;15;20,87939;100
100;3;15;20,87939;100
100;3;15;20,87939;100
100;2;2;20,87939;100
100;2;2;20,87939;100
100;3;15;20,87939;100
100;3;15;21,21289;100
100;2;2;21,21289;100
100;3;15;21,21289;100
100;3;15;21,21289;100
100;3;15;21,21289;100
100;2;2;21,21289;100
100;3;15;21,21289;100
100;3;15;21,21289;100
100;3;15;21,21289;100
100;3;15;21,54639;100
100;2;2;21,54639;100
100;3;15;21,54639;100
100;3;15;21,54639;100
100;2;2;21,87988;100
100;2;2;21,87988;100
100;2;2;21,87988;100
100;3;15;21,87988;100
100;2;2;21,87988;100
100;2;2;21,87988;100
100;3;15;21,87988;100
100;3;15;21,87988;100
100;3;15;21,87988;100
100;3;15;21,87988;100
100;2;2;21,87988;100
100;3;15;22,21338;100
100;2;2;22,21338;100
100;3;15;22,21338;100
100;3;15;22,21338;100
100;3;15;22,21338;100
100;3;15;22,21338;100
100;2;2;22,21338;100
100;2;2;22,21338;100
100;3;15;22,21338;100
100;2;2;22,21338;100
100;3;15;22,21338;100
100;3;15;22,54688;100
100;2;2;22,54688;100
100;2;2;22,54688;100
100;3;15;22,54688;100
100;3;15;22,54688;100
100;2;2;22,54688;100
100;2;2;22,54688;100
100;2;2;22,54688;100
100;3;15;22,54688;100
100;2;2;22,54688;100
100;2;2;22,54688;100
100;3;15;22,88037;100
100;2;2;22,88037;100
100;2;2;22,88037;100
100;2;2;22,88037;100
100;2;2;22,88037;100
100;2;2;22,88037;100
100;3;15;22,88037;85
100;3;15;22,88037;70
100;3;15;22,88037;55
100;3;15;23,21387;40
100;3;15;23,21387;40
100;2;2;23,21387;40
100;2;2;23,21387;40
100;3;15;23,21387;40
100;3;15;23,21387;40
100;2;2;23,21387;40
100;2;2;23,21387;40
100;3;15;23,21387;40
100;3;15;23,21387;40
100;3;15;23,21387;40
100;3;15;23,54736;25
100;3;15;23,54736;10
100;3;15;23,54736;-5
Player