100;3;15;47,38965;100
100;2;2;47,38965;100
100;2;2;47,38965;100
100;3;15;47,72266;100
100;2;2;47,72266;100
100;3;15;47,72266;100
100;3;15;47,72266;100
100;3;15;47,72266;100
100;2;2;47,72266;100
100;2;2;47,72266;100
100;3;15;47,72266;100
100;2;2;47,72266;100
100;3;15;47,72266;100
100;3;15;48,05566;100
100;2;2;48,05566;100
100;3;15;48,05566;100
100;3;15;48,05566;100
100;3;15;48,05566;100
100;3;15;48,05566;100
100;2;2;48,05566;100
100;3;15;48,05566;100
100;3;15;48,05566;100
100;3;15;48,38867;100
100;2;2;48,38867;100
100;3;15;48,38867;100
100;2;2;48,38867;100
100;2;2;48,38867;100
100;3;15;48,38867;100
100;2;2;48,38867;100
100;2;2;48,38867;100
100;3;15;48,38867;100
100;3;15;48,38867;100
100;3;15;48,72168;100
100;2;2;48,72168;100
100;2;2;48,72168;100
100;2;2;48,72168;100
100;3;15;48,72168;100
100;2;2;48,72168;100
100;2;2;48,72168;100
100;3;15;48,72168;100
100;3;15;48,72168;100
100;2;2;48,72168;100
100;3;15;48,72168;100
100;2;2;48,72168;100
100;3;15;49,05469;100
100;2;2;49,05469;100
100;3;15;49,05469;100
100;3;15;49,05469;100
100;3;15;49,05469;100
100;2;2;49,05469;100
100;3;15;49,05469;100
100;3;15;49,05469;100
100;2;2;49,05469;100
100;3;15;49,05469;100
100;2;2;49,3877;100
100;3;15;49,3877;100
100;3;15;49,3877;100
100;3;15;49,3877;100
100;2;2;49,3877;100
100;3;15;49,3877;100
100;3;15;49,3877;100
100;3;15;49,3877;100
100;3;15;49,3877;100
100;2;2;49,3877;100
100;3;15;49,3877;100
100;3;15;49,7207;100
100;3;15;49,7207;100
100;3;15;49,7207;100
100;3;15;49,7207;100
100;2;2;49,7207;100
100;2;2;49,7207;100
100;3;15;49,7207;100
100;2;2;49,7207;100
100;3;15;49,7207;100
100;2;2;49,7207;100
100;3;15;49,7207;100
100;3;15;49,7207;100
100;3;15;50,05371;100
100;2;2;50,05371;100
100;2;2;50,05371;100
100;3;15;50,05371;100
100;3;15;50,05371;100
100;3;15;50,05371;100
100;2;2;50,05371;100
100;3;15;50,05371;100
100;3;15;50,05371;100
100;2;2;50,05371;100
100;3;15;50,05371;100
100;3;15;50,05371;100
100;2;2;50,05371;100
100;3;15;50,05371;100
100;3;15;50,38672;100
100;3;15;50,38672;100
100;3;15;50,38672;100
100;3;15;50,38672;100
100;2;2;50,38672;100
100;3;15;50,38672;100
100;3;15;50,38672;100
100;2;2;50,38672;100
100;3;15;50,38672;100
100;2;2;50,38672;100
100;3;15;50,38672;100
100;2;2;50,71973;100
100;3;15;50,71973;100
100;2;2;50,71973;100
100;2;2;50,71973;100
100;2;2;50,71973;100
100;2;2;50,71973;100
100;2;2;50,71973;100
100;3;15;50,71973;100
100;2;2;50,71973;100
100;3;15;50,71973;100
100;3;15;50,71973;100
100;2;2;51,05273;100
100;2;2;51,05273;100
100;3;15;51,05273;100
100;3;15;51,05273;100
100;3;15;51,05273;100
100;3;15;51,05273;100
100;3;15;51,05273;100
100;3;15;51,38574;100
100;3;15;51,38574;100
100;3;15;51,38574;100
100;2;2;51,38574;100
100;3;15;51,38574;100
100;3;15;51,38574;100
100;3;15;51,38574;100
100;2;2;51,38574;100
100;3;15;51,38574;100
100;3;15;51,38574;100
100;3;15;51,71875;100
100;2;2;51,71875;100
100;3;15;51,71875;100
100;2;2;51,71875;100
100;3;15;51,71875;100
100;3;15;51,71875;100
100;3;15;51,71875;100
100;2;2;51,71875;100
100;3;15;52,05176;100
100;3;15;52,05176;100
100;3;15;52,05176;100
100;3;15;52,05176;100
100;3;15;52,05176;100
100;3;15;52,05176;100
100;3;15;52,05176;100
100;2;2;52,05176;100
100;2;2;52,05176;100
100;3;15;52,05176;100
100;2;2;52,05176;100
100;2;2;52,38477;100
100;3;15;52,38477;100
100;3;15;52,38477;100
100;2;2;52,38477;100
100;3;15;52,38477;100
100;3;15;52,38477;100
100;3;15;52,38477;100
100;3;15;52,38477;100
100;3;15;52,38477;100
100;3;15;52,71777;100
100;2;2;52,71777;100
100;3;15;52,71777;100
100;2;2;52,71777;100
100;2;2;52,71777;100
100;3;15;52,71777;100
100;3;15;52,71777;100
100;3;15;52,71777;100
100;3;15;52,71777;100
100;3;15;52,71777;100
100;3;15;53,05078;100
100;3;15;53,05078;100
100;2;2;53,05078;100
100;3;15;53,05078;100
100;3;15;53,05078;100
100;3;15;53,05078;100
100;3;15;53,05078;100
100;3;15;53,05078;100
100;3;15;53,05078;100
100;3;15;53,05078;100
100;3;15;53,38379;100
100;3;15;53,38379;100
100;3;15;53,38379;100
100;2;2;53,38379;100
100;3;15;53,38379;100
100;3;15;53,38379;100
100;3;15;53,38379;100
100;3;15;53,38379;100
100;2;2;53,38379;100
100;3;15;53,7168;100
100;3;15;53,7168;100
100;3;15;53,7168;100
100;3;15;53,7168;100
100;2;2;53,7168;100
100;3;15;53,7168;100
100;2;2;53,7168;100
100;3;15;53,7168;100
100;3;15;53,7168;100
100;2;2;53,7168;100
100;3;15;54,0498;100
100;2;2;54,0498;100
100;3;15;54,0498;100
100;3;15;54,0498;100
100;2;2;54,0498;100
100;3;15;54,0498;100
100;3;15;54,0498;100
100;3;15;54,0498;100
100;3;15;54,0498;100
100;3;15;54,0498;100
100;3;15;54,38281;100
100;3;15;54,38281;100
100;2;2;54,38281;100
100;3;15;54,38281;100
100;3;15;54,38281;100
100;3;15;54,38281;100
100;3;15;54,71582;100
100;3;15;54,71582;100
100;3;15;54,71582;100
100;3;15;54,71582;100
100;3;15;54,71582;100
100;3;15;54,71582;100
100;2;2;54,71582;100
100;3;15;54,71582;100
100;3;15;54,71582;100
100;3;15;54,71582;100
100;3;15;55,04883;100
100;3;15;55,04883;100
100;3;15;55,04883;100
100;3;15;55,04883;100
100;3;15;55,04883;100
100;3;15;55,04883;100
100;2;2;55,04883;100
100;3;15;55,04883;100
100;2;2;55,04883;100
100;3;15;55,04883;100
100;2;2;55,04883;100
100;3;15;55,04883;100
100;3;15;55,04883;100
100;3;15;55,38184;100
100;3;15;55,38184;100
100;3;15;55,38184;100
100;2;2;55,38184;100
100;3;15;55,38184;100
100;3;15;55,38184;100
100;2;2;55,38184;100
100;3;15;55,38184;100
100;2;2;55,38184;100
100;3;15;55,38184;100
100;3;15;55,38184;100
100;3;15;55,71484;100
100;3;15;55,71484;100
100;3;15;55,71484;100
100;3;15;55,71484;100
100;3;15;55,71484;100
100;3;15;55,71484;100
100;3;15;55,71484;100
100;3;15;55,71484;100
100;3;15;55,71484;100
100;2;2;55,71484;100
100;3;15;55,71484;100
100;3;15;55,71484;100
100;3;15;56,04785;100
100;3;15;56,04785;100
100;3;15;56,04785;100
100;3;15;56,04785;100
100;3;15;56,04785;100
100;3;15;56,04785;100
100;3;15;56,04785;100
100;3;15;56,04785;100
100;3;15;56,04785;100
100;3;15;56,04785;100
100;3;15;56,04785;100
100;3;15;56,04785;100
100;3;15;56,38086;100
100;2;2;56,38086;100
100;3;15;56,38086;85
100;3;15;56,38086;70
100;3;15;56,38086;55
100;3;15;56,38086;40
100;3;15;56,38086;25
100;2;2;56,38086;25
100;3;15;56,38086;10
100;3;15;56,38086;-5
Player