100;3;15;29,72607;100
100;2;2;29,72607;100
100;3;15;29,72607;100
100;2;2;29,72607;100
100;2;2;29,72607;100
100;3;15;29,72607;100
100;2;2;29,72607;100
100;2;2;30,05957;100
100;3;15;30,05957;100
100;3;15;30,05957;100
100;2;2;30,05957;100
100;2;2;30,05957;100
100;3;15;30,05957;100
100;3;15;30,05957;100
100;3;15;30,39307;100
100;3;15;30,39307;100
100;3;15;30,39307;100
100;2;2;30,39307;100
100;3;15;30,39307;100
100;2;2;30,39307;100
100;3;15;30,39307;100
100;2;2;30,39307;100
100;3;15;30,39307;100
100;2;2;30,72656;100
100;2;2;30,72656;100
100;2;2;30,72656;100
100;3;15;30,72656;100
100;2;2;30,72656;100
100;3;15;30,72656;100
100;3;15;30,72656;100
100;3;15;30,72656;100
100;2;2;30,72656;100
100;3;15;31,06006;100
100;2;2;31,06006;100
100;2;2;31,06006;100
100;3;15;31,06006;100
100;3;15;31,06006;100
100;3;15;31,06006;100
100;3;15;31,06006;100
100;3;15;31,39355;100
100;3;15;31,39355;100
100;3;15;31,39355;100
100;2;2;31,39355;100
100;3;15;31,39355;100
100;3;15;31,39355;100
100;2;2;31,39355;100
100;3;15;31,39355;100
100;2;2;31,39355;100
100;3;15;31,39355;100
100;3;15;31,39355;100
100;3;15;31,39355;100
100;3;15;31,72705;100
100;3;15;31,72705;100
100;2;2;31,72705;100
100;3;15;31,72705;100
100;3;15;31,72705;100
100;3;15;31,72705;100
100;3;15;31,72705;100
100;2;2;31,72705;100
100;2;2;31,72705;100
100;2;2;32,06055;100
100;3;15;32,06055;100
100;3;15;32,06055;100
100;3;15;32,06055;100
100;2;2;32,06055;100
100;3;15;32,06055;100
100;3;15;32,06055;100
100;3;15;32,06055;100
100;3;15;32,06055;100
100;3;15;32,39404;100
100;2;2;32,39404;100
100;3;15;32,39404;100
100;3;15;32,39404;100
100;3;15;32,39404;100
100;3;15;32,39404;100
100;3;15;32,39404;100
100;2;2;32,39404;100
100;3;15;32,39404;100
100;2;2;32,39404;100
100;3;15;32,39404;100
100;2;2;32,72754;100
100;3;15;32,72754;100
100;3;15;32,72754;100
100;2;2;32,72754;100
100;3;15;32,72754;100
100;2;2;32,72754;100
100;3;15;32,72754;100
100;2;2;32,72754;100
100;3;15;33,06104;100
100;2;2;33,06104;100
100;2;2;33,06104;100
100;3;15;33,06104;100
100;3;15;33,06104;100
100;3;15;33,06104;100
100;3;15;33,06104;100
100;3;15;33,06104;100
100;3;15;33,39453;100
100;3;15;33,39453;100
100;3;15;33,39453;100
100;3;15;33,39453;100
100;3;15;33,39453;100
100;2;2;33,39453;100
100;3;15;33,39453;100
100;3;15;33,39453;100
100;3;15;33,39453;100
100;3;15;33,72803;100
100;3;15;33,72803;100
100;2;2;33,72803;100
100;3;15;33,72803;100
100;2;2;33,72803;100
100;2;2;33,72803;100
100;3;15;33,72803;100
100;2;2;33,72803;100
100;3;15;33,72803;100
100;3;15;33,72803;100
100;3;15;34,06152;100
100;3;15;34,06152;100
100;3;15;34,06152;100
100;3;15;34,06152;100
100;3;15;34,06152;100
100;3;15;34,06152;100
100;2;2;34,06152;100
100;3;15;34,06152;100
100;3;15;34,06152;100
100;3;15;34,06152;100
100;3;15;34,06152;100
100;2;2;34,06152;100
100;3;15;34,39502;100
100;2;2;34,39502;100
100;2;2;34,39502;100
100;3;15;34,39502;100
100;2;2;34,39502;100
100;3;15;34,39502;100
100;3;15;34,72852;100
100;3;15;34,72852;100
100;3;15;34,72852;100
100;3;15;34,72852;100
100;3;15;34,72852;100
100;2;2;34,72852;100
100;2;2;34,72852;100
100;3;15;35,06201;100
100;3;15;35,06201;100
100;3;15;35,06201;100
100;3;15;35,06201;100
100;3;15;35,06201;100
100;3;15;35,06201;100
100;3;15;35,06201;100
100;3;15;35,06201;100
100;3;15;35,06201;100
100;3;15;35,06201;100
100;3;15;35,39551;100
100;3;15;35,39551;100
100;2;2;35,39551;100
100;2;2;35,39551;100
100;3;15;35,39551;100
100;3;15;35,39551;100
100;3;15;35,39551;100
100;3;15;35,39551;100
100;3;15;35,39551;100
100;2;2;35,39551;100
100;2;2;35,39551;100
100;2;2;35,729;100
100;3;15;35,729;100
100;3;15;35,729;100
100;3;15;35,729;100
100;2;2;35,729;100
100;3;15;35,729;100
100;3;15;36,0625;100
100;2;2;36,0625;100
100;3;15;36,0625;100
100;2;2;36,0625;100
100;3;15;36,0625;100
100;2;2;36,0625;100
100;3;15;36,0625;100
100;3;15;36,0625;100
100;3;15;36,0625;100
100;3;15;36,396;100
100;2;2;36,396;100
100;2;2;36,396;100
100;3;15;36,396;100
100;3;15;36,396;100
100;3;15;36,396;100
100;2;2;36,396;100
100;2;2;36,396;100
100;2;2;36,396;100
100;3;15;36,72949;100
100;3;15;36,72949;100
100;3;15;36,72949;100
100;3;15;36,72949;100
100;3;15;36,72949;100
100;3;15;36,72949;100
100;2;2;36,72949;100
100;3;15;36,72949;100
100;2;2;36,72949;100
100;2;2;36,72949;100
100;2;2;36,72949;100
100;3;15;36,72949;100
100;3;15;37,06299;100
100;2;2;37,06299;100
100;3;15;37,06299;100
100;2;2;37,06299;100
100;3;15;37,06299;100
100;2;2;37,06299;100
100;3;15;37,06299;100
100;2;2;37,06299;100
100;3;15;37,06299;100
100;3;15;37,06299;100
100;3;15;37,06299;100
100;3;15;37,39648;100
100;3;15;37,39648;100
100;2;2;37,39648;100
100;2;2;37,39648;100
100;3;15;37,72998;100
100;2;2;37,72998;100
100;2;2;37,72998;100
100;3;15;37,72998;100
100;2;2;37,72998;100
100;3;15;37,72998;100
100;3;15;37,72998;100
100;3;15;37,72998;100
100;3;15;37,72998;100
100;3;15;37,72998;100
100;3;15;38,06348;100
100;3;15;38,06348;100
100;2;2;38,06348;100
100;3;15;38,06348;100
100;3;15;38,06348;100
100;2;2;38,06348;100
100;3;15;38,06348;100
100;3;15;38,06348;100
100;2;2;38,39697;100
100;3;15;38,39697;100
100;2;2;38,39697;100
100;2;2;38,39697;100
100;3;15;38,39697;100
100;3;15;38,39697;100
100;3;15;38,39697;100
100;2;2;38,39697;100
100;2;2;38,39697;100
100;3;15;38,39697;100
100;3;15;38,73047;100
100;3;15;38,73047;100
100;2;2;38,73047;100
100;3;15;38,73047;100
100;2;2;38,73047;100
100;2;2;38,73047;100
100;3;15;38,73047;100
100;2;2;38,73047;100
100;3;15;38,73047;100
100;2;2;38,73047;100
100;2;2;38,73047;100
100;3;15;39,06396;100
100;2;2;39,06396;100
100;3;15;39,06396;100
100;3;15;39,06396;100
100;2;2;39,39746;100
100;2;2;39,39746;100
100;3;15;39,39746;85
100;3;15;39,39746;70
100;3;15;39,39746;55
100;3;15;39,39746;40
100;3;15;39,39746;25
100;3;15;39,39746;10
100;3;15;39,39746;-5
Player