100;2;2;9,736816;100
100;3;15;10,07007;100
100;3;15;10,07007;100
100;3;15;10,07007;100
100;3;15;10,07007;100
100;3;15;10,07007;100
100;2;2;10,07007;100
100;2;2;10,07007;100
100;3;15;10,07007;100
100;2;2;10,07007;100
100;3;15;10,07007;100
100;3;15;10,07007;100
100;3;15;10,40332;100
100;3;15;10,40332;100
100;3;15;10,40332;100
100;3;15;10,40332;100
100;2;2;10,40332;100
100;2;2;10,40332;100
100;3;15;10,40332;100
100;2;2;10,40332;100
100;3;15;10,40332;100
100;3;15;10,40332;100
100;3;15;10,73657;100
100;2;2;10,73657;100
100;2;2;10,73657;100
100;2;2;10,73657;100
100;3;15;10,73657;100
100;3;15;10,73657;100
100;2;2;10,73657;100
100;2;2;10,73657;100
100;3;15;10,73657;100
100;2;2;10,73657;100
100;3;15;11,06982;100
100;3;15;11,06982;100
100;2;2;11,06982;100
100;2;2;11,06982;100
100;2;2;11,06982;100
100;2;2;11,06982;100
100;2;2;11,06982;100
100;3;15;11,06982;100
100;2;2;11,06982;100
100;2;2;11,06982;100
100;2;2;11,40308;100
100;2;2;11,40308;100
100;3;15;11,40308;100
100;2;2;11,40308;100
100;2;2;11,40308;100
100;3;15;11,40308;100
100;3;15;11,40308;100
100;2;2;11,40308;100
100;3;15;11,73633;100
100;2;2;11,73633;100
100;3;15;11,73633;100
100;3;15;11,73633;100
100;3;15;11,73633;100
100;2;2;11,73633;100
100;2;2;11,73633;100
100;2;2;11,73633;100
100;3;15;12,06958;100
100;3;15;12,06958;100
100;2;2;12,06958;100
100;3;15;12,06958;100
100;2;2;12,06958;100
100;2;2;12,06958;100
100;3;15;12,06958;100
100;3;15;12,06958;100
100;3;15;12,06958;100
100;2;2;12,06958;100
100;3;15;12,40283;100
100;3;15;12,40283;100
100;3;15;12,40283;100
100;3;15;12,40283;100
100;2;2;12,40283;100
100;2;2;12,40283;100
100;3;15;12,40283;100
100;3;15;12,40283;100
100;2;2;12,40283;100
100;3;15;12,40283;100
100;3;15;12,40283;100
100;2;2;12,40283;100
100;2;2;12,73608;100
100;2;2;12,73608;100
100;3;15;12,73608;100
100;2;2;12,73608;100
100;3;15;12,73608;100
100;2;2;12,73608;100
100;2;2;12,73608;100
100;3;15;12,73608;100
100;3;15;12,73608;100
100;2;2;12,73608;100
100;3;15;12,73608;100
100;2;2;13,06934;100
100;3;15;13,06934;100
100;3;15;13,06934;100
100;2;2;13,06934;100
100;3;15;13,06934;100
100;2;2;13,06934;100
100;2;2;13,06934;100
100;3;15;13,06934;100
100;3;15;13,06934;100
100;3;15;13,40259;100
100;2;2;13,40259;100
100;3;15;13,40259;100
100;3;15;13,40259;100
100;3;15;13,40259;100
100;3;15;13,40259;100
100;2;2;13,40259;100
100;3;15;13,73584;100
100;2;2;13,73584;100
100;3;15;13,73584;100
100;2;2;13,73584;100
100;2;2;13,73584;100
100;3;15;13,73584;100
100;3;15;13,73584;100
100;2;2;13,73584;100
100;2;2;13,73584;100
100;2;2;14,06909;100
100;3;15;14,06909;100
100;2;2;14,06909;100
100;2;2;14,06909;100
100;3;15;14,06909;100
100;3;15;14,06909;100
100;2;2;14,06909;100
100;3;15;14,06909;100
100;3;15;14,40234;100
100;3;15;14,40234;100
100;2;2;14,40234;100
100;2;2;14,40234;100
100;2;2;14,40234;100
100;2;2;14,40234;100
100;2;2;14,40234;100
100;3;15;14,40234;100
100;2;2;14,7356;100
100;3;15;14,7356;100
100;2;2;14,7356;100
100;3;15;14,7356;100
100;2;2;14,7356;100
100;3;15;14,7356;100
100;2;2;14,7356;100
100;2;2;14,7356;100
100;3;15;14,7356;100
100;2;2;14,7356;100
100;3;15;14,7356;100
100;2;2;15,06885;100
100;3;15;15,06885;100
100;3;15;15,06885;100
100;3;15;15,06885;100
100;2;2;15,06885;100
100;2;2;15,06885;100
100;2;2;15,06885;100
100;3;15;15,06885;100
100;3;15;15,06885;100
100;3;15;15,4021;100
100;3;15;15,4021;100
100;2;2;15,4021;100
100;3;15;15,4021;100
100;2;2;15,4021;100
100;3;15;15,4021;100
100;2;2;15,4021;100
100;3;15;15,4021;100
100;2;2;15,4021;100
100;3;15;15,4021;100
100;3;15;15,4021;100
100;2;2;15,73535;100
100;3;15;15,73535;100
100;3;15;15,73535;100
100;2;2;15,73535;100
100;2;2;15,73535;100
100;2;2;15,73535;100
100;3;15;15,73535;100
100;2;2;15,73535;100
100;2;2;15,73535;100
100;3;15;15,73535;100
100;2;2;15,73535;100
100;3;15;16,0686;100
100;3;15;16,0686;100
100;3;15;16,0686;100
100;3;15;16,0686;100
100;3;15;16,0686;100
100;2;2;16,0686;100
100;2;2;16,0686;100
100;2;2;16,40186;100
100;3;15;16,40186;100
100;2;2;16,40186;100
100;2;2;16,40186;100
100;3;15;16,40186;100
100;2;2;16,40186;100
100;2;2;16,40186;100
100;3;15;16,40186;100
100;2;2;16,40186;100
100;3;15;16,40186;100
100;3;15;16,73511;100
100;3;15;16,73511;100
100;2;2;16,73511;100
100;3;15;16,73511;100
100;3;15;16,73511;100
100;2;2;16,73511;100
100;2;2;16,73511;100
100;3;15;16,73511;100
100;2;2;16,73511;100
100;3;15;16,73511;100
100;2;2;16,73511;100
100;3;15;16,73511;100
100;3;15;16,73511;100
100;3;15;17,06836;100
100;2;2;17,06836;100
100;3;15;17,06836;100
100;3;15;17,06836;100
100;3;15;17,06836;100
100;2;2;17,06836;100
100;2;2;17,06836;100
100;2;2;17,06836;100
100;2;2;17,06836;100
100;2;2;17,06836;100
100;3;15;17,06836;100
100;2;2;17,40161;100
100;2;2;17,40161;100
100;3;15;17,40161;100
100;2;2;17,40161;100
100;3;15;17,40161;100
100;2;2;17,40161;100
100;3;15;17,40161;100
100;2;2;17,40161;100
100;2;2;17,40161;100
100;2;2;17,73486;100
100;3;15;17,73486;100
100;2;2;17,73486;100
100;3;15;17,73486;100
100;3;15;17,73486;100
100;3;15;17,73486;100
100;2;2;17,73486;100
100;2;2;17,73486;100
100;3;15;17,73486;100
100;3;15;18,06812;100
100;3;15;18,06812;100
100;2;2;18,06812;100
100;2;2;18,06812;100
100;2;2;18,06812;100
100;3;15;18,06812;100
100;3;15;18,06812;100
100;3;15;18,06812;100
100;3;15;18,40137;100
100;2;2;18,40137;100
100;3;15;18,40137;100
100;3;15;18,40137;100
100;3;15;18,40137;100
100;3;15;18,40137;100
100;2;2;18,40137;100
100;3;15;18,40137;100
100;3;15;18,73462;100
100;3;15;18,73462;100
100;2;2;18,73462;100
100;3;15;18,73462;100
100;2;2;18,73462;100
100;2;2;18,73462;100
100;3;15;18,73462;100
100;3;15;18,73462;100
100;2;2;18,73462;100
100;3;15;18,73462;100
100;3;15;19,06787;100
100;3;15;19,06787;100
100;2;2;19,06787;100
100;2;2;19,06787;100
100;3;15;19,06787;100
100;3;15;19,06787;100
100;3;15;19,06787;100
100;2;2;19,06787;100
100;3;15;19,06787;100
100;3;15;19,06787;100
100;3;15;19,40112;100
100;3;15;19,40112;100
100;3;15;19,40112;100
100;2;2;19,40112;100
100;3;15;19,40112;100
100;2;2;19,40112;100
100;3;15;19,40112;100
100;2;2;19,40112;100
100;3;15;19,40112;100
100;3;15;19,73438;100
100;3;15;19,73438;100
100;3;15;19,73438;100
100;2;2;19,73438;100
100;2;2;19,73438;100
100;3;15;19,73438;100
100;2;2;19,73438;100
100;3;15;19,73438;100
100;3;15;19,73438;100
100;3;15;20,06763;100
100;2;2;20,06763;100
100;2;2;20,06763;100
100;3;15;20,06763;100
100;2;2;20,06763;100
100;3;15;20,06763;100
100;2;2;20,06763;100
100;3;15;20,06763;100
100;2;2;20,06763;100
100;3;15;20,40088;85
100;3;15;20,40088;70
100;3;15;20,40088;55
100;2;2;20,40088;55
100;3;15;20,40088;40
100;3;15;20,40088;25
100;3;15;20,40088;10
100;3;15;20,40088;-5
Player