100;3;15;37,42676;100
100;3;15;37,42676;100
100;3;15;37,42676;100
100;3;15;37,42676;100
100;3;15;37,75977;100
100;3;15;37,75977;100
100;3;15;37,75977;100
100;3;15;37,75977;100
100;3;15;37,75977;100
100;2;2;37,75977;100
100;3;15;37,75977;100
100;3;15;37,75977;100
100;3;15;37,75977;100
100;3;15;37,75977;100
100;3;15;37,75977;100
100;3;15;37,75977;100
100;3;15;38,09277;100
100;2;2;38,09277;100
100;3;15;38,09277;100
100;2;2;38,09277;100
100;2;2;38,09277;100
100;3;15;38,09277;100
100;3;15;38,09277;100
100;2;2;38,09277;100
100;3;15;38,09277;100
100;3;15;38,09277;100
100;3;15;38,09277;100
100;3;15;38,42578;100
100;3;15;38,42578;100
100;3;15;38,42578;100
100;3;15;38,42578;100
100;2;2;38,42578;100
100;3;15;38,42578;100
100;3;15;38,42578;100
100;3;15;38,42578;100
100;3;15;38,42578;100
100;3;15;38,75879;100
100;3;15;38,75879;100
100;3;15;38,75879;100
100;3;15;38,75879;100
100;3;15;38,75879;100
100;3;15;38,75879;100
100;3;15;38,75879;100
100;3;15;38,75879;100
100;3;15;38,75879;100
100;2;2;39,0918;100
100;3;15;39,0918;100
100;3;15;39,0918;100
100;2;2;39,0918;100
100;2;2;39,0918;100
100;3;15;39,0918;100
100;3;15;39,0918;100
100;3;15;39,0918;100
100;3;15;39,0918;100
100;3;15;39,0918;100
100;3;15;39,4248;100
100;2;2;39,4248;100
100;3;15;39,4248;100
100;2;2;39,4248;100
100;3;15;39,4248;100
100;3;15;39,4248;100
100;3;15;39,4248;100
100;3;15;39,4248;100
100;3;15;39,4248;100
100;3;15;39,4248;100
100;3;15;39,75781;100
100;3;15;39,75781;100
100;2;2;39,75781;100
100;3;15;39,75781;100
100;3;15;39,75781;100
100;3;15;39,75781;100
100;3;15;39,75781;100
100;3;15;39,75781;100
100;3;15;39,75781;100
100;3;15;39,75781;100
100;3;15;40,09082;100
100;3;15;40,09082;100
100;2;2;40,09082;100
100;3;15;40,09082;100
100;3;15;40,09082;100
100;3;15;40,09082;100
100;2;2;40,09082;100
100;3;15;40,09082;100
100;3;15;40,09082;100
100;3;15;40,09082;100
100;3;15;40,09082;100
100;3;15;40,09082;100
100;2;2;40,42383;100
100;3;15;40,42383;100
100;3;15;40,42383;100
100;3;15;40,42383;100
100;3;15;40,42383;100
100;3;15;40,42383;100
100;2;2;40,42383;100
100;3;15;40,42383;100
100;3;15;40,42383;100
100;3;15;40,42383;100
100;3;15;40,75684;100
100;3;15;40,75684;100
100;3;15;40,75684;100
100;2;2;40,75684;100
100;3;15;40,75684;100
100;3;15;40,75684;100
100;3;15;40,75684;100
100;3;15;40,75684;100
100;3;15;40,75684;100
100;3;15;40,75684;100
100;3;15;40,75684;100
100;3;15;41,08984;100
100;3;15;41,08984;100
100;3;15;41,08984;100
100;3;15;41,08984;100
100;3;15;41,08984;100
100;2;2;41,08984;100
100;2;2;41,08984;100
100;3;15;41,08984;100
100;3;15;41,08984;100
100;3;15;41,08984;100
100;3;15;41,08984;100
100;2;2;41,08984;100
100;3;15;41,08984;100
100;3;15;41,42285;100
100;2;2;41,42285;100
100;3;15;41,42285;100
100;2;2;41,42285;100
100;3;15;41,42285;100
100;2;2;41,42285;100
100;3;15;41,42285;100
100;3;15;41,42285;100
100;3;15;41,42285;100
100;3;15;41,42285;100
100;2;2;41,42285;100
100;2;2;41,42285;100
100;3;15;41,75586;100
100;3;15;41,75586;100
100;3;15;41,75586;100
100;3;15;41,75586;100
100;3;15;41,75586;100
100;3;15;41,75586;100
100;2;2;41,75586;100
100;3;15;41,75586;100
100;3;15;41,75586;100
100;3;15;41,75586;100
100;2;2;41,75586;100
100;3;15;42,08887;100
100;2;2;42,08887;100
100;3;15;42,08887;100
100;3;15;42,08887;100
100;3;15;42,08887;100
100;3;15;42,08887;100
100;3;15;42,08887;100
100;3;15;42,08887;100
100;3;15;42,08887;100
100;3;15;42,08887;100
100;3;15;42,08887;100
100;3;15;42,08887;100
100;3;15;42,08887;100
100;2;2;42,08887;100
100;3;15;42,42188;100
100;3;15;42,42188;100
100;3;15;42,42188;100
100;2;2;42,42188;100
100;2;2;42,42188;100
100;3;15;42,42188;100
100;3;15;42,42188;100
100;3;15;42,42188;100
100;3;15;42,42188;100
100;3;15;42,42188;100
100;2;2;42,42188;100
100;3;15;42,42188;100
100;3;15;42,75488;100
100;3;15;42,75488;100
100;3;15;42,75488;100
100;2;2;42,75488;100
100;3;15;42,75488;100
100;3;15;42,75488;100
100;2;2;42,75488;100
100;3;15;42,75488;100
100;3;15;42,75488;100
100;2;2;42,75488;100
100;3;15;43,08789;100
100;3;15;43,08789;100
100;3;15;43,08789;100
100;3;15;43,08789;100
100;3;15;43,08789;100
100;3;15;43,08789;100
100;2;2;43,08789;100
100;3;15;43,08789;100
100;3;15;43,08789;100
100;3;15;43,08789;100
100;3;15;43,08789;100
100;3;15;43,08789;100
100;3;15;43,4209;100
100;3;15;43,4209;100
100;2;2;43,4209;100
100;3;15;43,4209;100
100;2;2;43,4209;100
100;2;2;43,4209;100
100;2;2;43,4209;100
100;3;15;43,4209;100
100;3;15;43,4209;100
100;3;15;43,4209;100
100;3;15;43,75391;100
100;3;15;43,75391;100
100;2;2;43,75391;100
100;2;2;43,75391;100
100;3;15;43,75391;100
100;3;15;43,75391;100
100;2;2;43,75391;100
100;3;15;43,75391;100
100;3;15;43,75391;100
100;3;15;43,75391;100
100;2;2;43,75391;100
100;3;15;43,75391;100
100;3;15;43,75391;100
100;3;15;44,08691;100
100;3;15;44,08691;100
100;2;2;44,08691;100
100;3;15;44,08691;100
100;3;15;44,08691;100
100;3;15;44,08691;100
100;3;15;44,08691;100
100;3;15;44,08691;100
100;3;15;44,08691;100
100;3;15;44,08691;100
100;3;15;44,08691;100
100;3;15;44,08691;100
100;3;15;44,08691;100
100;3;15;44,08691;100
100;2;2;44,08691;100
100;2;2;44,41992;100
100;3;15;44,41992;100
100;3;15;44,41992;100
100;3;15;44,41992;100
100;3;15;44,41992;100
100;2;2;44,41992;100
100;3;15;44,41992;100
100;3;15;44,41992;100
100;3;15;44,75293;100
100;2;2;44,75293;100
100;3;15;44,75293;100
100;3;15;44,75293;100
100;2;2;44,75293;100
100;2;2;44,75293;100
100;3;15;44,75293;100
100;2;2;44,75293;100
100;3;15;44,75293;100
100;3;15;44,75293;100
100;3;15;44,75293;100
100;3;15;44,75293;100
100;3;15;44,75293;100
100;3;15;44,75293;100
100;3;15;45,08594;100
100;2;2;45,08594;100
100;3;15;45,08594;100
100;3;15;45,08594;100
100;2;2;45,08594;100
100;3;15;45,08594;100
100;3;15;45,08594;100
100;3;15;45,08594;100
100;3;15;45,08594;100
100;3;15;45,08594;100
100;3;15;45,08594;100
100;2;2;45,08594;100
100;3;15;45,08594;100
100;3;15;45,41895;100
100;3;15;45,41895;85
100;2;2;45,41895;85
100;3;15;45,41895;70
100;3;15;45,41895;55
100;3;15;45,41895;40
100;3;15;45,41895;25
100;3;15;45,41895;10
100;3;15;45,41895;-5
Player