100;2;2;32,31445;100
100;2;2;32,31445;100
100;3;15;32,64746;100
100;3;15;32,64746;100
100;3;15;32,64746;100
100;2;2;32,64746;100
100;3;15;32,64746;100
100;3;15;32,64746;100
100;2;2;32,64746;100
100;3;15;32,64746;100
100;3;15;32,64746;100
100;3;15;32,64746;100
100;2;2;32,64746;100
100;3;15;32,64746;100
100;3;15;32,64746;100
100;3;15;32,64746;100
100;3;15;32,98047;100
100;3;15;32,98047;100
100;3;15;32,98047;100
100;3;15;32,98047;100
100;2;2;32,98047;100
100;3;15;32,98047;100
100;2;2;32,98047;100
100;3;15;32,98047;100
100;2;2;32,98047;100
100;3;15;32,98047;100
100;3;15;32,98047;100
100;2;2;33,31348;100
100;3;15;33,31348;100
100;3;15;33,31348;100
100;3;15;33,31348;100
100;3;15;33,31348;100
100;3;15;33,31348;100
100;3;15;33,31348;100
100;3;15;33,31348;100
100;2;2;33,64648;100
100;3;15;33,64648;100
100;2;2;33,64648;100
100;3;15;33,64648;100
100;3;15;33,64648;100
100;3;15;33,64648;100
100;3;15;33,64648;100
100;3;15;33,64648;100
100;3;15;33,64648;100
100;2;2;33,64648;100
100;2;2;33,97949;100
100;3;15;33,97949;100
100;3;15;33,97949;100
100;3;15;33,97949;100
100;3;15;33,97949;100
100;3;15;33,97949;100
100;3;15;33,97949;100
100;3;15;33,97949;100
100;2;2;33,97949;100
100;3;15;33,97949;100
100;3;15;33,97949;100
100;3;15;33,97949;100
100;3;15;33,97949;100
100;3;15;33,97949;100
100;3;15;34,3125;100
100;3;15;34,3125;100
100;3;15;34,3125;100
100;3;15;34,3125;100
100;2;2;34,3125;100
100;3;15;34,3125;100
100;3;15;34,3125;100
100;3;15;34,64551;100
100;3;15;34,64551;100
100;2;2;34,64551;100
100;3;15;34,64551;100
100;3;15;34,64551;100
100;3;15;34,64551;100
100;3;15;34,64551;100
100;3;15;34,64551;100
100;2;2;34,64551;100
100;3;15;34,64551;100
100;3;15;34,64551;100
100;3;15;34,64551;100
100;3;15;34,64551;100
100;3;15;34,97852;100
100;3;15;34,97852;100
100;3;15;34,97852;100
100;3;15;34,97852;100
100;3;15;34,97852;100
100;3;15;34,97852;100
100;3;15;34,97852;100
100;3;15;34,97852;100
100;2;2;34,97852;100
100;3;15;34,97852;100
100;3;15;34,97852;100
100;2;2;34,97852;100
100;2;2;34,97852;100
100;3;15;35,31152;100
100;3;15;35,31152;100
100;3;15;35,31152;100
100;3;15;35,31152;100
100;2;2;35,31152;100
100;3;15;35,31152;100
100;3;15;35,31152;100
100;3;15;35,31152;100
100;3;15;35,64453;100
100;3;15;35,64453;100
100;3;15;35,64453;100
100;2;2;35,64453;100
100;3;15;35,64453;100
100;3;15;35,64453;100
100;3;15;35,64453;100
100;3;15;35,64453;100
100;3;15;35,64453;100
100;2;2;35,64453;100
100;3;15;35,64453;100
100;3;15;35,97754;100
100;3;15;35,97754;100
100;3;15;35,97754;100
100;3;15;35,97754;100
100;3;15;35,97754;100
100;3;15;35,97754;100
100;3;15;35,97754;100
100;3;15;35,97754;100
100;3;15;35,97754;100
100;3;15;35,97754;100
100;2;2;35,97754;100
100;2;2;36,31055;100
100;3;15;36,31055;100
100;3;15;36,31055;100
100;3;15;36,31055;100
100;3;15;36,31055;100
100;3;15;36,31055;100
100;3;15;36,31055;100
100;3;15;36,31055;100
100;3;15;36,31055;100
100;3;15;36,31055;100
100;3;15;36,31055;100
100;3;15;36,31055;100
100;3;15;36,64355;100
100;3;15;36,64355;100
100;3;15;36,64355;100
100;3;15;36,64355;100
100;3;15;36,64355;100
100;3;15;36,64355;100
100;3;15;36,64355;100
100;3;15;36,64355;100
100;3;15;36,64355;100
100;3;15;36,64355;100
100;2;2;36,64355;100
100;2;2;36,64355;100
100;2;2;36,64355;100
100;2;2;36,97656;100
100;3;15;36,97656;100
100;3;15;36,97656;100
100;3;15;36,97656;100
100;3;15;36,97656;100
100;3;15;36,97656;100
100;3;15;36,97656;100
100;3;15;36,97656;100
100;2;2;36,97656;100
100;3;15;36,97656;100
100;3;15;36,97656;100
100;3;15;37,30957;100
100;3;15;37,30957;100
100;3;15;37,30957;100
100;3;15;37,30957;100
100;3;15;37,30957;100
100;3;15;37,30957;100
100;2;2;37,30957;100
100;3;15;37,30957;100
100;3;15;37,30957;100
100;3;15;37,64258;100
100;3;15;37,64258;100
100;3;15;37,64258;100
100;2;2;37,64258;100
100;3;15;37,64258;100
100;3;15;37,64258;100
100;3;15;37,64258;100
100;2;2;37,64258;100
100;3;15;37,64258;100
100;3;15;37,64258;100
100;2;2;37,64258;100
100;3;15;37,64258;100
100;3;15;37,64258;100
100;3;15;37,97559;100
100;3;15;37,97559;100
100;3;15;37,97559;100
100;2;2;37,97559;100
100;3;15;37,97559;100
100;3;15;37,97559;100
100;3;15;37,97559;100
100;3;15;37,97559;100
100;3;15;37,97559;100
100;3;15;37,97559;100
100;3;15;37,97559;100
100;3;15;38,30859;100
100;3;15;38,30859;100
100;3;15;38,30859;100
100;3;15;38,30859;100
100;3;15;38,30859;100
100;3;15;38,30859;100
100;3;15;38,30859;100
100;2;2;38,30859;100
100;3;15;38,30859;100
100;3;15;38,30859;100
100;3;15;38,6416;100
100;3;15;38,6416;100
100;3;15;38,6416;100
100;3;15;38,6416;100
100;3;15;38,6416;100
100;3;15;38,6416;100
100;3;15;38,6416;100
100;3;15;38,6416;100
100;3;15;38,6416;100
100;3;15;38,6416;100
100;2;2;38,6416;100
100;3;15;38,6416;100
100;3;15;38,97461;100
100;2;2;38,97461;100
100;3;15;38,97461;100
100;3;15;38,97461;100
100;2;2;38,97461;100
100;3;15;38,97461;100
100;3;15;38,97461;100
100;3;15;38,97461;100
100;3;15;38,97461;100
100;3;15;38,97461;100
100;3;15;38,97461;100
100;2;2;38,97461;100
100;2;2;39,30762;100
100;2;2;39,30762;100
100;3;15;39,30762;100
100;3;15;39,30762;100
100;3;15;39,30762;100
100;3;15;39,30762;100
100;2;2;39,30762;100
100;3;15;39,30762;100
100;3;15;39,30762;100
100;3;15;39,30762;100
100;3;15;39,30762;100
100;3;15;39,64063;100
100;2;2;39,64063;100
100;3;15;39,64063;100
100;3;15;39,64063;100
100;2;2;39,64063;100
100;3;15;39,64063;100
100;2;2;39,64063;100
100;3;15;39,64063;100
100;3;15;39,64063;100
100;3;15;39,64063;100
100;2;2;39,64063;100
100;3;15;39,64063;100
100;3;15;39,64063;100
100;3;15;39,64063;100
100;2;2;39,97363;100
100;3;15;39,97363;85
100;3;15;39,97363;70
100;2;2;39,97363;70
100;3;15;39,97363;55
100;3;15;39,97363;40
100;2;2;39,97363;40
100;3;15;39,97363;25
100;3;15;39,97363;10
100;3;15;39,97363;-5
Player