92;2;2;55,7334;100
92;3;15;55,7334;100
92;3;15;55,7334;100
92;3;15;55,7334;100
92;2;2;55,7334;100
92;2;2;55,7334;100
92;3;15;55,7334;100
92;3;15;55,7334;100
92;3;15;55,7334;100
92;2;2;55,7334;100
92;3;15;55,7334;100
92;2;2;56,06641;100
92;3;15;56,06641;100
92;2;2;56,06641;100
92;2;2;56,06641;100
92;3;15;56,06641;100
92;3;15;56,06641;100
92;3;15;56,06641;100
92;3;15;56,06641;100
92;3;15;56,06641;100
92;2;2;56,06641;100
92;3;15;56,06641;100
92;2;2;56,06641;100
92;3;15;56,06641;100
92;3;15;56,39941;100
92;2;2;56,39941;100
92;3;15;56,39941;100
92;2;2;56,39941;100
92;3;15;56,39941;100
92;2;2;56,39941;100
92;2;2;56,39941;100
92;3;15;56,39941;100
92;3;15;56,39941;100
92;2;2;56,39941;100
92;2;2;56,73242;100
92;2;2;56,73242;100
92;3;15;56,73242;100
92;2;2;56,73242;100
92;3;15;56,73242;100
92;2;2;56,73242;100
92;3;15;56,73242;100
92;3;15;56,73242;100
92;3;15;57,06543;100
92;3;15;57,06543;100
92;3;15;57,06543;100
92;2;2;57,06543;100
92;2;2;57,06543;100
92;3;15;57,06543;100
92;2;2;57,06543;100
92;3;15;57,06543;100
92;3;15;57,06543;100
92;3;15;57,39844;100
92;3;15;57,39844;100
92;3;15;57,39844;100
92;2;2;57,39844;100
92;3;15;57,39844;100
92;3;15;57,39844;100
92;3;15;57,39844;100
92;3;15;57,39844;100
92;3;15;57,39844;100
92;2;2;57,73145;100
92;3;15;57,73145;100
92;2;2;57,73145;100
92;2;2;57,73145;100
92;2;2;57,73145;100
92;2;2;57,73145;100
92;3;15;57,73145;100
92;2;2;57,73145;100
92;3;15;58,06445;100
92;3;15;58,06445;100
92;3;15;58,06445;100
92;3;15;58,06445;100
92;3;15;58,06445;100
92;3;15;58,06445;100
92;3;15;58,06445;100
92;2;2;58,06445;100
92;3;15;58,06445;100
92;3;15;58,06445;100
92;3;15;58,39746;100
92;3;15;58,39746;100
92;3;15;58,39746;100
92;3;15;58,39746;100
92;2;2;58,39746;100
92;2;2;58,39746;100
92;3;15;58,39746;100
92;3;15;58,39746;100
92;3;15;58,39746;100
92;2;2;58,39746;100
92;3;15;58,39746;100
92;3;15;58,39746;100
92;3;15;58,73047;100
92;3;15;58,73047;100
92;3;15;58,73047;100
92;2;2;58,73047;100
92;3;15;58,73047;100
92;3;15;58,73047;100
92;2;2;58,73047;100
92;3;15;58,73047;100
92;3;15;58,73047;100
92;2;2;58,73047;100
92;3;15;58,73047;100
92;3;15;59,06348;100
92;2;2;59,06348;100
92;3;15;59,06348;100
92;2;2;59,06348;100
92;3;15;59,06348;100
92;3;15;59,06348;100
92;3;15;59,06348;100
92;2;2;59,06348;100
92;2;2;59,06348;100
92;2;2;59,06348;100
92;3;15;59,39648;100
92;2;2;59,39648;100
92;3;15;59,39648;100
92;3;15;59,39648;100
92;3;15;59,39648;100
92;3;15;59,39648;100
92;3;15;59,39648;100
92;3;15;59,39648;100
92;2;2;59,39648;100
92;2;2;59,39648;100
92;2;2;59,72949;100
92;2;2;59,72949;100
92;2;2;59,72949;100
92;3;15;59,72949;100
92;3;15;59,72949;100
92;3;15;59,72949;100
92;3;15;59,72949;100
92;2;2;59,72949;100
92;3;15;59,72949;100
92;3;15;59,72949;100
92;3;15;59,72949;100
92;3;15;59,72949;100
92;3;15;0,0625;100
92;3;15;0,0625;100
92;3;15;0,0625;100
92;3;15;0,0625;100
92;3;15;0,0625;100
92;3;15;0,0625;100
92;2;2;0,0625;100
92;3;15;0,0625;100
92;3;15;0,3955078;100
92;3;15;0,3955078;100
92;3;15;0,3955078;100
92;3;15;0,3955078;100
92;3;15;0,3955078;100
92;3;15;0,3955078;100
92;3;15;0,3955078;100
92;3;15;0,3955078;100
92;3;15;0,7285156;100
92;3;15;0,7285156;100
92;2;2;0,7285156;100
92;3;15;0,7285156;100
92;2;2;0,7285156;100
92;3;15;0,7285156;100
92;3;15;0,7285156;100
92;2;2;0,7285156;100
92;3;15;0,7285156;100
92;3;15;1,061523;100
92;3;15;1,061523;100
92;3;15;1,061523;100
92;3;15;1,061523;100
92;3;15;1,061523;100
92;3;15;1,061523;100
92;3;15;1,061523;100
92;3;15;1,394531;100
92;3;15;1,394531;100
92;3;15;1,394531;100
92;3;15;1,394531;100
92;3;15;1,394531;100
92;3;15;1,394531;100
92;2;2;1,394531;100
92;2;2;1,394531;100
92;3;15;1,727539;100
92;3;15;1,727539;100
92;3;15;1,727539;100
92;3;15;1,727539;100
92;3;15;1,727539;100
92;3;15;1,727539;100
92;3;15;1,727539;100
92;3;15;1,727539;100
92;3;15;2,060547;100
92;3;15;2,060547;100
92;3;15;2,060547;100
92;3;15;2,060547;100
92;2;2;2,060547;100
92;2;2;2,060547;100
92;3;15;2,060547;100
92;3;15;2,060547;100
92;3;15;2,060547;100
92;3;15;2,060547;100
92;3;15;2,060547;100
92;3;15;2,393555;100
92;3;15;2,393555;100
92;3;15;2,393555;100
92;3;15;2,393555;100
92;3;15;2,393555;100
92;2;2;2,393555;100
92;3;15;2,726563;100
92;2;2;2,726563;100
92;3;15;2,726563;100
92;3;15;2,726563;100
92;3;15;2,726563;100
92;2;2;2,726563;100
92;3;15;2,726563;100
92;3;15;2,726563;100
92;3;15;2,726563;100
92;3;15;2,726563;100
92;2;2;2,726563;100
92;3;15;2,726563;100
92;2;2;3,05957;100
92;2;2;3,05957;100
92;3;15;3,05957;100
92;3;15;3,05957;100
92;3;15;3,05957;100
92;2;2;3,05957;100
92;2;2;3,392578;100
92;3;15;3,392578;100
92;2;2;3,392578;100
92;3;15;3,392578;100
92;3;15;3,392578;100
92;3;15;3,392578;100
92;2;2;3,392578;100
92;3;15;3,392578;100
92;2;2;3,392578;100
92;3;15;3,392578;100
92;3;15;3,392578;100
92;3;15;3,725586;100
92;3;15;3,725586;100
92;2;2;3,725586;100
92;3;15;3,725586;100
92;2;2;3,725586;100
92;3;15;3,725586;100
92;3;15;3,725586;100
92;3;15;3,725586;100
92;3;15;3,725586;100
92;2;2;4,058594;100
92;2;2;4,058594;100
92;3;15;4,058594;100
92;3;15;4,058594;100
92;3;15;4,058594;100
92;3;15;4,058594;100
92;3;15;4,058594;100
92;3;15;4,058594;100
92;2;2;4,058594;100
92;3;15;4,058594;100
92;3;15;4,058594;100
92;2;2;4,391602;100
92;3;15;4,391602;100
92;3;15;4,391602;100
92;3;15;4,391602;100
92;2;2;4,391602;100
92;2;2;4,391602;100
92;3;15;4,391602;100
92;3;15;4,391602;100
92;3;15;4,391602;100
92;3;15;4,391602;100
92;2;2;4,391602;100
92;3;15;4,724609;100
92;2;2;4,724609;100
92;3;15;4,724609;100
92;3;15;4,724609;100
92;2;2;4,724609;100
92;2;2;4,724609;100
92;2;2;4,724609;100
92;3;15;4,724609;100
92;3;15;4,724609;100
92;3;15;5,057617;100
92;3;15;5,057617;100
92;3;15;5,057617;100
92;3;15;5,057617;100
92;3;15;5,057617;100
92;3;15;5,057617;100
92;2;2;5,057617;100
92;3;15;5,057617;100
92;3;15;5,057617;100
92;3;15;5,390625;100
92;2;2;5,390625;100
92;3;15;5,390625;100
92;2;2;5,390625;100
92;3;15;5,390625;100
92;2;2;5,390625;100
92;3;15;5,390625;100
92;2;2;5,390625;100
92;2;2;5,390625;100
92;2;2;5,723633;100
92;2;2;5,723633;100
92;3;15;5,723633;85
92;3;15;5,723633;70
92;3;15;5,723633;55
92;2;2;5,723633;55
92;2;2;5,723633;55
92;3;15;5,723633;40
92;3;15;5,723633;25
92;3;15;5,723633;10
92;3;15;5,723633;-5
Player