100;2;2;46,26367;100
100;3;15;46,26367;100
100;2;2;46,26367;100
100;3;15;46,59668;100
100;3;15;46,59668;100
100;3;15;46,59668;100
100;3;15;46,59668;100
100;3;15;46,59668;100
100;3;15;46,59668;100
100;3;15;46,59668;100
100;3;15;46,59668;100
100;3;15;46,59668;100
100;3;15;46,59668;100
100;2;2;46,59668;100
100;3;15;46,59668;100
100;3;15;46,59668;100
100;3;15;46,59668;100
100;3;15;46,92969;100
100;3;15;46,92969;100
100;3;15;46,92969;100
100;2;2;46,92969;100
100;2;2;46,92969;100
100;2;2;46,92969;100
100;2;2;46,92969;100
100;2;2;46,92969;100
100;3;15;46,92969;100
100;3;15;46,92969;100
100;3;15;46,92969;100
100;3;15;46,92969;100
100;3;15;46,92969;100
100;3;15;47,2627;100
100;3;15;47,2627;100
100;2;2;47,2627;100
100;3;15;47,2627;100
100;3;15;47,2627;100
100;3;15;47,2627;100
100;3;15;47,2627;100
100;3;15;47,2627;100
100;2;2;47,2627;100
100;3;15;47,2627;100
100;3;15;47,2627;100
100;2;2;47,2627;100
100;2;2;47,2627;100
100;3;15;47,2627;100
100;3;15;47,5957;100
100;3;15;47,5957;100
100;3;15;47,5957;100
100;3;15;47,5957;100
100;2;2;47,5957;100
100;3;15;47,5957;100
100;3;15;47,5957;100
100;3;15;47,5957;100
100;2;2;47,92871;100
100;3;15;47,92871;100
100;3;15;47,92871;100
100;3;15;47,92871;100
100;3;15;47,92871;100
100;3;15;47,92871;100
100;3;15;47,92871;100
100;3;15;47,92871;100
100;3;15;48,26172;100
100;3;15;48,26172;100
100;3;15;48,26172;100
100;3;15;48,26172;100
100;3;15;48,26172;100
100;3;15;48,26172;100
100;3;15;48,26172;100
100;3;15;48,26172;100
100;3;15;48,26172;100
100;3;15;48,26172;100
100;3;15;48,26172;100
100;3;15;48,26172;100
100;3;15;48,26172;100
100;3;15;48,26172;100
100;3;15;48,59473;100
100;3;15;48,59473;100
100;3;15;48,59473;100
100;2;2;48,59473;100
100;2;2;48,59473;100
100;3;15;48,59473;100
100;3;15;48,59473;100
100;3;15;48,59473;100
100;3;15;48,59473;100
100;3;15;48,59473;100
100;3;15;48,92773;100
100;3;15;48,92773;100
100;3;15;48,92773;100
100;3;15;48,92773;100
100;3;15;48,92773;100
100;2;2;48,92773;100
100;3;15;48,92773;100
100;3;15;48,92773;100
100;3;15;48,92773;100
100;3;15;48,92773;100
100;3;15;49,26074;100
100;3;15;49,26074;100
100;3;15;49,26074;100
100;3;15;49,26074;100
100;2;2;49,26074;100
100;3;15;49,26074;100
100;3;15;49,26074;100
100;2;2;49,26074;100
100;2;2;49,26074;100
100;3;15;49,26074;100
100;3;15;49,26074;100
100;3;15;49,26074;100
100;3;15;49,59375;100
100;3;15;49,59375;100
100;3;15;49,59375;100
100;2;2;49,59375;100
100;3;15;49,59375;100
100;3;15;49,59375;100
100;3;15;49,59375;100
100;2;2;49,59375;100
100;3;15;49,59375;100
100;3;15;49,59375;100
100;3;15;49,59375;100
100;3;15;49,59375;100
100;3;15;49,59375;100
100;3;15;49,92676;100
100;3;15;49,92676;100
100;2;2;49,92676;100
100;3;15;49,92676;100
100;2;2;49,92676;100
100;3;15;49,92676;100
100;3;15;49,92676;100
100;3;15;49,92676;100
100;2;2;49,92676;100
100;3;15;49,92676;100
100;3;15;49,92676;100
100;3;15;49,92676;100
100;3;15;49,92676;100
100;3;15;49,92676;100
100;3;15;49,92676;100
100;2;2;50,25977;100
100;3;15;50,25977;100
100;3;15;50,25977;100
100;2;2;50,25977;100
100;3;15;50,25977;100
100;3;15;50,25977;100
100;2;2;50,25977;100
100;3;15;50,25977;100
100;3;15;50,25977;100
100;3;15;50,25977;100
100;3;15;50,25977;100
100;3;15;50,25977;100
100;3;15;50,25977;100
100;2;2;50,25977;100
100;3;15;50,25977;100
100;3;15;50,59277;100
100;2;2;50,59277;100
100;3;15;50,59277;100
100;2;2;50,59277;100
100;3;15;50,59277;100
100;3;15;50,59277;100
100;2;2;50,59277;100
100;2;2;50,59277;100
100;2;2;50,59277;100
100;3;15;50,59277;100
100;3;15;50,92578;100
100;3;15;50,92578;100
100;3;15;50,92578;100
100;3;15;50,92578;100
100;3;15;50,92578;100
100;3;15;50,92578;100
100;3;15;50,92578;100
100;3;15;50,92578;100
100;3;15;50,92578;100
100;2;2;51,25879;100
100;2;2;51,25879;100
100;2;2;51,25879;100
100;3;15;51,25879;100
100;3;15;51,25879;100
100;2;2;51,25879;100
100;3;15;51,25879;100
100;3;15;51,25879;100
100;3;15;51,5918;100
100;3;15;51,5918;100
100;3;15;51,5918;100
100;3;15;51,5918;100
100;3;15;51,5918;100
100;3;15;51,5918;100
100;3;15;51,5918;100
100;3;15;51,5918;100
100;3;15;51,5918;100
100;3;15;51,5918;100
100;2;2;51,5918;100
100;3;15;51,9248;100
100;3;15;51,9248;100
100;2;2;51,9248;100
100;3;15;51,9248;100
100;3;15;51,9248;100
100;3;15;51,9248;100
100;3;15;51,9248;100
100;3;15;51,9248;100
100;3;15;51,9248;100
100;3;15;51,9248;100
100;3;15;51,9248;100
100;2;2;51,9248;100
100;3;15;52,25781;100
100;3;15;52,25781;100
100;3;15;52,25781;100
100;3;15;52,25781;100
100;3;15;52,25781;100
100;3;15;52,25781;100
100;3;15;52,25781;100
100;3;15;52,25781;100
100;3;15;52,25781;100
100;2;2;52,25781;100
100;2;2;52,59082;100
100;3;15;52,59082;100
100;3;15;52,59082;100
100;3;15;52,59082;100
100;3;15;52,59082;100
100;2;2;52,59082;100
100;3;15;52,59082;100
100;3;15;52,59082;100
100;3;15;52,59082;100
100;3;15;52,59082;100
100;3;15;52,59082;100
100;3;15;52,59082;100
100;2;2;52,59082;100
100;3;15;52,92383;100
100;3;15;52,92383;100
100;3;15;52,92383;100
100;2;2;52,92383;100
100;3;15;52,92383;100
100;2;2;52,92383;100
100;3;15;52,92383;100
100;3;15;52,92383;100
100;3;15;52,92383;100
100;2;2;52,92383;100
100;3;15;52,92383;100
100;2;2;52,92383;100
100;3;15;53,25684;100
100;3;15;53,25684;100
100;3;15;53,25684;100
100;3;15;53,25684;100
100;3;15;53,25684;100
100;2;2;53,25684;100
100;3;15;53,25684;100
100;3;15;53,25684;100
100;3;15;53,25684;100
100;3;15;53,25684;100
100;3;15;53,58984;100
100;3;15;53,58984;100
100;3;15;53,58984;100
100;3;15;53,58984;100
100;3;15;53,58984;100
100;3;15;53,58984;100
100;3;15;53,58984;100
100;2;2;53,58984;100
100;3;15;53,58984;100
100;3;15;53,58984;100
100;3;15;53,58984;100
100;3;15;53,58984;100
100;3;15;53,92285;100
100;2;2;53,92285;100
100;3;15;53,92285;100
100;3;15;53,92285;100
100;3;15;53,92285;100
100;2;2;53,92285;100
100;3;15;53,92285;100
100;3;15;53,92285;100
100;3;15;53,92285;100
100;3;15;53,92285;100
100;2;2;53,92285;100
100;3;15;53,92285;100
100;3;15;54,25586;85
100;3;15;54,25586;70
100;3;15;54,25586;55
100;3;15;54,25586;40
100;2;2;54,25586;40
100;2;2;54,25586;40
100;3;15;54,25586;25
100;3;15;54,25586;10
100;3;15;54,25586;-5
Player