100;2;2;40,85547;100
100;3;15;40,85547;100
100;3;15;40,85547;100
100;3;15;41,18848;100
100;2;2;41,18848;100
100;2;2;41,18848;100
100;3;15;41,18848;100
100;3;15;41,18848;100
100;2;2;41,18848;100
100;3;15;41,18848;100
100;3;15;41,18848;100
100;3;15;41,18848;100
100;3;15;41,52148;100
100;3;15;41,52148;100
100;3;15;41,52148;100
100;2;2;41,52148;100
100;3;15;41,52148;100
100;3;15;41,52148;100
100;3;15;41,52148;100
100;3;15;41,52148;100
100;3;15;41,52148;100
100;3;15;41,52148;100
100;2;2;41,85449;100
100;2;2;41,85449;100
100;2;2;41,85449;100
100;3;15;41,85449;100
100;3;15;41,85449;100
100;2;2;41,85449;100
100;3;15;41,85449;100
100;3;15;41,85449;100
100;3;15;41,85449;100
100;3;15;41,85449;100
100;3;15;41,85449;100
100;3;15;41,85449;100
100;3;15;41,85449;100
100;3;15;41,85449;100
100;3;15;41,85449;100
100;3;15;42,1875;100
100;3;15;42,1875;100
100;3;15;42,1875;100
100;3;15;42,1875;100
100;3;15;42,1875;100
100;3;15;42,1875;100
100;3;15;42,1875;100
100;3;15;42,1875;100
100;3;15;42,1875;100
100;3;15;42,1875;100
100;3;15;42,1875;100
100;3;15;42,1875;100
100;3;15;42,1875;100
100;3;15;42,52051;100
100;2;2;42,52051;100
100;3;15;42,52051;100
100;3;15;42,52051;100
100;3;15;42,52051;100
100;3;15;42,52051;100
100;2;2;42,52051;100
100;3;15;42,52051;100
100;3;15;42,52051;100
100;3;15;42,52051;100
100;3;15;42,52051;100
100;3;15;42,85352;100
100;3;15;42,85352;100
100;3;15;42,85352;100
100;3;15;42,85352;100
100;3;15;42,85352;100
100;3;15;42,85352;100
100;2;2;42,85352;100
100;3;15;42,85352;100
100;2;2;43,18652;100
100;3;15;43,18652;100
100;3;15;43,18652;100
100;3;15;43,18652;100
100;3;15;43,18652;100
100;3;15;43,18652;100
100;3;15;43,18652;100
100;3;15;43,18652;100
100;3;15;43,18652;100
100;3;15;43,18652;100
100;3;15;43,51953;100
100;2;2;43,51953;100
100;3;15;43,51953;100
100;3;15;43,51953;100
100;3;15;43,51953;100
100;3;15;43,51953;100
100;3;15;43,51953;100
100;3;15;43,51953;100
100;3;15;43,51953;100
100;2;2;43,51953;100
100;3;15;43,51953;100
100;3;15;43,51953;100
100;3;15;43,85254;100
100;3;15;43,85254;100
100;2;2;43,85254;100
100;3;15;43,85254;100
100;2;2;43,85254;100
100;3;15;43,85254;100
100;2;2;43,85254;100
100;2;2;43,85254;100
100;3;15;43,85254;100
100;3;15;43,85254;100
100;3;15;43,85254;100
100;3;15;43,85254;100
100;3;15;43,85254;100
100;3;15;44,18555;100
100;3;15;44,18555;100
100;3;15;44,18555;100
100;3;15;44,18555;100
100;3;15;44,18555;100
100;3;15;44,18555;100
100;3;15;44,18555;100
100;2;2;44,18555;100
100;3;15;44,18555;100
100;3;15;44,18555;100
100;3;15;44,51855;100
100;3;15;44,51855;100
100;2;2;44,51855;100
100;3;15;44,51855;100
100;3;15;44,51855;100
100;3;15;44,51855;100
100;3;15;44,51855;100
100;3;15;44,51855;100
100;3;15;44,51855;100
100;2;2;44,51855;100
100;3;15;44,51855;100
100;3;15;44,85156;100
100;3;15;44,85156;100
100;3;15;44,85156;100
100;3;15;44,85156;100
100;3;15;44,85156;100
100;3;15;44,85156;100
100;2;2;44,85156;100
100;3;15;44,85156;100
100;3;15;44,85156;100
100;3;15;44,85156;100
100;3;15;44,85156;100
100;3;15;44,85156;100
100;3;15;45,18457;100
100;2;2;45,18457;100
100;3;15;45,18457;100
100;3;15;45,18457;100
100;3;15;45,18457;100
100;3;15;45,18457;100
100;3;15;45,18457;100
100;2;2;45,18457;100
100;3;15;45,18457;100
100;3;15;45,18457;100
100;2;2;45,51758;100
100;3;15;45,51758;100
100;3;15;45,51758;100
100;3;15;45,51758;100
100;2;2;45,51758;100
100;3;15;45,51758;100
100;3;15;45,51758;100
100;2;2;45,51758;100
100;3;15;45,51758;100
100;3;15;45,51758;100
100;3;15;45,51758;100
100;3;15;45,85059;100
100;3;15;45,85059;100
100;3;15;45,85059;100
100;2;2;45,85059;100
100;3;15;45,85059;100
100;3;15;45,85059;100
100;3;15;45,85059;100
100;3;15;45,85059;100
100;3;15;45,85059;100
100;3;15;45,85059;100
100;3;15;45,85059;100
100;3;15;45,85059;100
100;3;15;45,85059;100
100;3;15;45,85059;100
100;3;15;46,18359;100
100;3;15;46,18359;100
100;3;15;46,18359;100
100;3;15;46,18359;100
100;3;15;46,18359;100
100;3;15;46,18359;100
100;3;15;46,18359;100
100;3;15;46,18359;100
100;3;15;46,18359;100
100;3;15;46,18359;100
100;3;15;46,18359;100
100;3;15;46,18359;100
100;3;15;46,18359;100
100;2;2;46,5166;100
100;3;15;46,5166;100
100;2;2;46,5166;100
100;3;15;46,5166;100
100;3;15;46,5166;100
100;2;2;46,5166;100
100;3;15;46,5166;100
100;3;15;46,5166;100
100;3;15;46,5166;100
100;3;15;46,5166;100
100;3;15;46,5166;100
100;3;15;46,84961;100
100;3;15;46,84961;100
100;3;15;46,84961;100
100;3;15;46,84961;100
100;3;15;46,84961;100
100;3;15;46,84961;100
100;3;15;46,84961;100
100;3;15;46,84961;100
100;3;15;46,84961;100
100;3;15;46,84961;100
100;3;15;46,84961;100
100;3;15;46,84961;100
100;3;15;46,84961;100
100;3;15;47,18262;100
100;3;15;47,18262;100
100;2;2;47,18262;100
100;2;2;47,18262;100
100;3;15;47,18262;100
100;3;15;47,18262;100
100;3;15;47,18262;100
100;3;15;47,18262;100
100;2;2;47,18262;100
100;3;15;47,18262;100
100;3;15;47,18262;100
100;3;15;47,51563;100
100;3;15;47,51563;100
100;3;15;47,51563;100
100;3;15;47,51563;100
100;3;15;47,51563;100
100;3;15;47,51563;100
100;3;15;47,51563;100
100;3;15;47,51563;100
100;3;15;47,51563;100
100;3;15;47,51563;100
100;2;2;47,51563;100
100;3;15;47,51563;100
100;3;15;47,51563;100
100;2;2;47,51563;100
100;3;15;47,84863;100
100;3;15;47,84863;85
100;3;15;47,84863;70
100;3;15;47,84863;55
100;3;15;47,84863;40
100;2;2;47,84863;40
100;3;15;47,84863;25
100;3;15;47,84863;10
100;2;2;47,84863;10
100;3;15;47,84863;-5
Player