100;2;2;4,024414;100
100;2;2;4,024414;100
100;2;2;4,024414;100
100;3;15;4,024414;100
100;3;15;4,024414;100
100;3;15;4,024414;100
100;3;15;4,024414;100
100;3;15;4,024414;100
100;3;15;4,024414;100
100;3;15;4,357422;100
100;3;15;4,357422;100
100;3;15;4,357422;100
100;3;15;4,357422;100
100;3;15;4,357422;100
100;3;15;4,357422;100
100;3;15;4,357422;100
100;3;15;4,357422;100
100;3;15;4,357422;100
100;3;15;4,357422;100
100;2;2;4,357422;100
100;2;2;4,69043;100
100;3;15;4,69043;100
100;3;15;4,69043;100
100;3;15;4,69043;100
100;2;2;4,69043;100
100;3;15;4,69043;100
100;3;15;4,69043;100
100;3;15;4,69043;100
100;2;2;5,023438;100
100;3;15;5,023438;100
100;3;15;5,023438;100
100;3;15;5,023438;100
100;3;15;5,023438;100
100;3;15;5,023438;100
100;3;15;5,023438;100
100;3;15;5,023438;100
100;3;15;5,023438;100
100;3;15;5,023438;100
100;2;2;5,023438;100
100;2;2;5,023438;100
100;3;15;5,023438;100
100;3;15;5,356445;100
100;3;15;5,356445;100
100;3;15;5,356445;100
100;3;15;5,356445;100
100;3;15;5,356445;100
100;3;15;5,356445;100
100;3;15;5,356445;100
100;3;15;5,356445;100
100;3;15;5,356445;100
100;2;2;5,689453;100
100;2;2;5,689453;100
100;2;2;5,689453;100
100;2;2;5,689453;100
100;3;15;5,689453;100
100;2;2;5,689453;100
100;3;15;5,689453;100
100;3;15;5,689453;100
100;2;2;5,689453;100
100;3;15;6,022461;100
100;3;15;6,022461;100
100;3;15;6,022461;100
100;2;2;6,022461;100
100;3;15;6,022461;100
100;3;15;6,022461;100
100;3;15;6,022461;100
100;3;15;6,022461;100
100;2;2;6,022461;100
100;3;15;6,022461;100
100;3;15;6,022461;100
100;3;15;6,355469;100
100;2;2;6,355469;100
100;3;15;6,355469;100
100;3;15;6,355469;100
100;3;15;6,355469;100
100;3;15;6,355469;100
100;3;15;6,355469;100
100;3;15;6,355469;100
100;3;15;6,355469;100
100;2;2;6,355469;100
100;2;2;6,688477;100
100;2;2;6,688477;100
100;2;2;6,688477;100
100;3;15;6,688477;100
100;2;2;6,688477;100
100;2;2;6,688477;100
100;3;15;6,688477;100
100;3;15;6,688477;100
100;2;2;6,688477;100
100;3;15;6,688477;100
100;3;15;6,688477;100
100;3;15;7,021484;100
100;2;2;7,021484;100
100;2;2;7,021484;100
100;3;15;7,021484;100
100;3;15;7,021484;100
100;3;15;7,021484;100
100;2;2;7,021484;100
100;3;15;7,021484;100
100;3;15;7,021484;100
100;2;2;7,354492;100
100;3;15;7,354492;100
100;3;15;7,354492;100
100;3;15;7,354492;100
100;3;15;7,354492;100
100;2;2;7,354492;100
100;3;15;7,354492;100
100;3;15;7,354492;100
100;3;15;7,354492;100
100;3;15;7,354492;100
100;3;15;7,354492;100
100;2;2;7,354492;100
100;2;2;7,6875;100
100;3;15;7,6875;100
100;3;15;7,6875;100
100;3;15;7,6875;100
100;3;15;7,6875;100
100;2;2;7,6875;100
100;3;15;7,6875;100
100;3;15;7,6875;100
100;3;15;7,6875;100
100;3;15;7,6875;100
100;3;15;7,6875;100
100;3;15;8,020508;100
100;3;15;8,020508;100
100;3;15;8,020508;100
100;3;15;8,020508;100
100;3;15;8,020508;100
100;3;15;8,020508;100
100;3;15;8,020508;100
100;2;2;8,020508;100
100;3;15;8,020508;100
100;3;15;8,020508;100
100;3;15;8,353516;100
100;3;15;8,353516;100
100;2;2;8,353516;100
100;2;2;8,353516;100
100;3;15;8,353516;100
100;2;2;8,353516;100
100;3;15;8,353516;100
100;3;15;8,353516;100
100;2;2;8,353516;100
100;2;2;8,353516;100
100;3;15;8,686523;100
100;3;15;8,686523;100
100;3;15;8,686523;100
100;2;2;8,686523;100
100;3;15;8,686523;100
100;3;15;8,686523;100
100;3;15;8,686523;100
100;2;2;8,686523;100
100;3;15;8,686523;100
100;3;15;8,686523;100
100;2;2;8,686523;100
100;3;15;8,686523;100
100;3;15;8,686523;100
100;3;15;9,019531;100
100;3;15;9,019531;100
100;3;15;9,019531;100
100;3;15;9,019531;100
100;3;15;9,019531;100
100;3;15;9,019531;100
100;3;15;9,019531;100
100;3;15;9,019531;100
100;3;15;9,019531;100
100;3;15;9,019531;100
100;3;15;9,352539;100
100;2;2;9,352539;100
100;3;15;9,352539;100
100;2;2;9,352539;100
100;2;2;9,352539;100
100;3;15;9,352539;100
100;3;15;9,352539;100
100;3;15;9,352539;100
100;3;15;9,352539;100
100;3;15;9,352539;100
100;3;15;9,352539;100
100;3;15;9,685547;100
100;3;15;9,685547;100
100;2;2;9,685547;100
100;2;2;9,685547;100
100;3;15;9,685547;100
100;3;15;9,685547;100
100;2;2;9,685547;100
100;3;15;9,685547;100
100;2;2;9,685547;100
100;3;15;9,685547;100
100;3;15;9,685547;100
100;2;2;9,685547;100
100;3;15;9,685547;100
100;3;15;10,01855;100
100;3;15;10,01855;100
100;3;15;10,01855;100
100;3;15;10,01855;100
100;3;15;10,01855;100
100;3;15;10,01855;100
100;3;15;10,01855;100
100;3;15;10,01855;100
100;3;15;10,01855;100
100;3;15;10,01855;100
100;2;2;10,01855;100
100;3;15;10,01855;100
100;3;15;10,01855;100
100;3;15;10,35156;100
100;2;2;10,35156;100
100;2;2;10,35156;100
100;3;15;10,35156;100
100;3;15;10,35156;100
100;2;2;10,35156;100
100;3;15;10,35156;100
100;2;2;10,35156;100
100;2;2;10,35156;100
100;3;15;10,35156;100
100;2;2;10,35156;100
100;3;15;10,35156;100
100;3;15;10,68457;100
100;3;15;10,68457;100
100;3;15;10,68457;100
100;3;15;10,68457;100
100;3;15;10,68457;100
100;3;15;10,68457;100
100;3;15;10,68457;100
100;3;15;10,68457;100
100;3;15;10,68457;100
100;3;15;11,01758;100
100;3;15;11,01758;100
100;3;15;11,01758;100
100;3;15;11,01758;100
100;3;15;11,01758;100
100;2;2;11,01758;100
100;3;15;11,01758;100
100;3;15;11,01758;100
100;3;15;11,01758;100
100;3;15;11,01758;100
100;3;15;11,01758;100
100;3;15;11,01758;100
100;2;2;11,01758;100
100;3;15;11,01758;100
100;2;2;11,01758;100
100;3;15;11,35059;100
100;3;15;11,35059;85
100;3;15;11,35059;70
100;2;2;11,35059;70
100;2;2;11,35059;70
100;3;15;11,35059;55
100;3;15;11,35059;40
100;2;2;11,35059;40
100;3;15;11,35059;25
100;3;15;11,35059;10
100;3;15;11,68359;-5
Player