100;2;2;35,7854;100
100;2;2;36,11865;100
100;3;15;36,11865;100
100;3;15;36,11865;100
100;2;2;36,11865;100
100;3;15;36,11865;100
100;2;2;36,11865;100
100;3;15;36,11865;100
100;3;15;36,11865;100
100;3;15;36,11865;100
100;3;15;36,4519;100
100;3;15;36,4519;100
100;3;15;36,4519;100
100;2;2;36,4519;100
100;2;2;36,4519;100
100;3;15;36,4519;100
100;2;2;36,4519;100
100;3;15;36,4519;100
100;2;2;36,4519;100
100;3;15;36,4519;100
100;3;15;36,4519;100
100;3;15;36,78516;100
100;3;15;36,78516;100
100;3;15;36,78516;100
100;2;2;36,78516;100
100;2;2;36,78516;100
100;2;2;36,78516;100
100;3;15;36,78516;100
100;3;15;36,78516;100
100;2;2;36,78516;100
100;3;15;37,11841;100
100;3;15;37,11841;100
100;2;2;37,11841;100
100;3;15;37,11841;100
100;3;15;37,11841;100
100;3;15;37,11841;100
100;2;2;37,11841;100
100;3;15;37,11841;100
100;2;2;37,11841;100
100;3;15;37,11841;100
100;3;15;37,45166;100
100;3;15;37,45166;100
100;3;15;37,45166;100
100;3;15;37,45166;100
100;2;2;37,45166;100
100;3;15;37,45166;100
100;2;2;37,45166;100
100;3;15;37,45166;100
100;3;15;37,45166;100
100;3;15;37,78491;100
100;3;15;37,78491;100
100;3;15;37,78491;100
100;2;2;37,78491;100
100;2;2;37,78491;100
100;2;2;37,78491;100
100;3;15;38,11816;100
100;3;15;38,11816;100
100;3;15;38,11816;100
100;2;2;38,11816;100
100;3;15;38,11816;100
100;3;15;38,11816;100
100;3;15;38,11816;100
100;3;15;38,11816;100
100;3;15;38,11816;100
100;3;15;38,45142;100
100;2;2;38,45142;100
100;2;2;38,45142;100
100;3;15;38,45142;100
100;2;2;38,45142;100
100;3;15;38,45142;100
100;2;2;38,45142;100
100;2;2;38,45142;100
100;3;15;38,78467;100
100;2;2;38,78467;100
100;3;15;38,78467;100
100;3;15;38,78467;100
100;3;15;38,78467;100
100;3;15;38,78467;100
100;3;15;38,78467;100
100;3;15;38,78467;100
100;2;2;38,78467;100
100;3;15;38,78467;100
100;3;15;39,11792;100
100;2;2;39,11792;100
100;2;2;39,11792;100
100;2;2;39,11792;100
100;2;2;39,11792;100
100;3;15;39,11792;100
100;3;15;39,11792;100
100;3;15;39,11792;100
100;3;15;39,11792;100
100;2;2;39,11792;100
100;2;2;39,45117;100
100;2;2;39,45117;100
100;2;2;39,45117;100
100;3;15;39,45117;100
100;3;15;39,45117;100
100;2;2;39,45117;100
100;3;15;39,45117;100
100;3;15;39,45117;100
100;3;15;39,45117;100
100;2;2;39,45117;100
100;2;2;39,45117;100
100;3;15;39,78442;100
100;3;15;39,78442;100
100;3;15;39,78442;100
100;2;2;39,78442;100
100;3;15;39,78442;100
100;3;15;39,78442;100
100;3;15;39,78442;100
100;3;15;39,78442;100
100;2;2;39,78442;100
100;2;2;39,78442;100
100;3;15;40,11768;100
100;2;2;40,11768;100
100;3;15;40,11768;100
100;3;15;40,11768;100
100;3;15;40,11768;100
100;3;15;40,11768;100
100;3;15;40,11768;100
100;3;15;40,45093;100
100;3;15;40,45093;100
100;2;2;40,45093;100
100;3;15;40,45093;100
100;2;2;40,45093;100
100;3;15;40,45093;100
100;3;15;40,45093;100
100;2;2;40,78418;100
100;3;15;40,78418;100
100;2;2;40,78418;100
100;3;15;40,78418;100
100;3;15;40,78418;100
100;3;15;40,78418;100
100;3;15;40,78418;100
100;3;15;41,11743;100
100;3;15;41,11743;100
100;3;15;41,11743;100
100;3;15;41,11743;100
100;3;15;41,11743;100
100;3;15;41,11743;100
100;2;2;41,11743;100
100;3;15;41,11743;100
100;2;2;41,11743;100
100;3;15;41,45068;100
100;2;2;41,45068;100
100;3;15;41,45068;100
100;2;2;41,45068;100
100;3;15;41,45068;100
100;2;2;41,45068;100
100;3;15;41,45068;100
100;3;15;41,45068;100
100;2;2;41,78394;100
100;2;2;41,78394;100
100;2;2;41,78394;100
100;3;15;41,78394;100
100;3;15;41,78394;100
100;3;15;41,78394;100
100;2;2;41,78394;100
100;3;15;41,78394;100
100;3;15;41,78394;100
100;3;15;41,78394;100
100;3;15;41,78394;100
100;3;15;41,78394;100
100;2;2;41,78394;100
100;3;15;42,11719;100
100;3;15;42,11719;100
100;3;15;42,11719;100
100;3;15;42,11719;100
100;3;15;42,11719;100
100;3;15;42,11719;100
100;2;2;42,45044;100
100;3;15;42,45044;100
100;3;15;42,45044;100
100;3;15;42,45044;100
100;3;15;42,45044;100
100;3;15;42,45044;100
100;2;2;42,45044;100
100;3;15;42,45044;100
100;2;2;42,45044;100
100;3;15;42,45044;100
100;3;15;42,45044;100
100;2;2;42,78369;100
100;3;15;42,78369;100
100;2;2;42,78369;100
100;3;15;42,78369;100
100;2;2;42,78369;100
100;3;15;42,78369;100
100;2;2;42,78369;100
100;3;15;42,78369;100
100;2;2;42,78369;100
100;3;15;42,78369;100
100;2;2;42,78369;100
100;3;15;43,11694;100
100;3;15;43,11694;100
100;3;15;43,11694;100
100;2;2;43,11694;100
100;3;15;43,11694;100
100;2;2;43,11694;100
100;3;15;43,11694;100
100;3;15;43,11694;100
100;3;15;43,11694;100
100;3;15;43,11694;100
100;2;2;43,11694;100
100;2;2;43,11694;100
100;2;2;43,11694;100
100;3;15;43,11694;100
100;3;15;43,11694;100
100;3;15;43,4502;100
100;2;2;43,4502;100
100;3;15;43,4502;100
100;3;15;43,4502;100
100;3;15;43,4502;100
100;2;2;43,4502;100
100;3;15;43,4502;100
100;3;15;43,4502;100
100;3;15;43,4502;100
100;3;15;43,78345;100
100;2;2;43,78345;100
100;3;15;43,78345;100
100;3;15;43,78345;100
100;2;2;43,78345;100
100;3;15;43,78345;100
100;3;15;43,78345;100
100;3;15;43,78345;100
100;3;15;43,78345;100
100;2;2;44,1167;100
100;2;2;44,1167;100
100;3;15;44,1167;100
100;3;15;44,1167;100
100;3;15;44,1167;100
100;2;2;44,1167;100
100;3;15;44,1167;100
100;3;15;44,1167;100
100;3;15;44,1167;100
100;3;15;44,1167;100
100;3;15;44,44995;100
100;3;15;44,44995;100
100;3;15;44,44995;100
100;3;15;44,44995;100
100;3;15;44,44995;100
100;3;15;44,44995;100
100;3;15;44,44995;100
100;3;15;44,44995;100
100;2;2;44,44995;100
100;3;15;44,7832;100
100;3;15;44,7832;100
100;3;15;44,7832;100
100;3;15;44,7832;100
100;2;2;44,7832;100
100;3;15;44,7832;100
100;3;15;44,7832;100
100;3;15;44,7832;100
100;3;15;44,7832;100
100;2;2;45,11646;100
100;3;15;45,11646;100
100;3;15;45,11646;100
100;3;15;45,11646;100
100;3;15;45,11646;100
100;3;15;45,11646;100
100;2;2;45,11646;100
100;2;2;45,11646;100
100;3;15;45,11646;100
100;3;15;45,11646;100
100;3;15;45,11646;100
100;3;15;45,11646;100
100;3;15;45,44971;100
100;3;15;45,44971;100
100;2;2;45,44971;100
100;3;15;45,44971;100
100;3;15;45,44971;100
100;3;15;45,44971;100
100;3;15;45,44971;100
100;2;2;45,44971;100
100;2;2;45,44971;100
100;3;15;45,44971;100
100;2;2;45,44971;100
100;3;15;45,44971;100
100;3;15;45,44971;100
100;2;2;45,78296;100
100;3;15;45,78296;85
100;3;15;45,78296;70
100;2;2;45,78296;70
100;2;2;45,78296;70
100;3;15;45,78296;55
100;3;15;46,11621;40
100;2;2;46,11621;40
100;2;2;46,11621;40
100;2;2;46,11621;40
100;3;15;46,11621;40
100;2;2;46,11621;40
100;3;15;46,11621;40
100;3;15;46,11621;40
100;3;15;46,44946;40
100;2;2;46,44946;40
100;3;15;46,44946;40
100;2;2;46,44946;40
100;2;2;46,78271;40
100;3;15;46,78271;40
100;3;15;46,78271;40
100;3;15;46,78271;40
100;3;15;46,78271;40
100;2;2;46,78271;40
100;2;2;47,11597;40
100;2;2;47,11597;40
100;3;15;47,11597;40
100;3;15;47,11597;40
100;3;15;47,11597;40
100;3;15;47,11597;40
100;2;2;47,44922;40
100;3;15;47,44922;40
100;3;15;47,44922;40
100;2;2;47,44922;40
100;2;2;47,44922;40
100;3;15;47,44922;40
100;3;15;47,78247;40
100;3;15;47,78247;40
100;2;2;47,78247;40
100;2;2;48,11572;40
100;3;15;48,11572;40
100;2;2;48,11572;40
100;2;2;48,11572;40
100;2;2;48,11572;40
100;3;15;48,11572;40
100;2;2;48,11572;40
100;2;2;48,11572;40
100;2;2;48,11572;40
100;2;2;48,44897;40
100;3;15;48,44897;40
100;2;2;48,44897;40
100;2;2;48,44897;40
100;3;15;48,44897;40
100;3;15;48,44897;40
100;2;2;48,44897;40
100;3;15;48,44897;40
100;2;2;48,44897;40
100;2;2;48,78223;40
100;2;2;48,78223;40
100;2;2;48,78223;40
100;2;2;48,78223;40
100;3;15;48,78223;40
100;3;15;48,78223;40
100;2;2;48,78223;40
100;3;15;49,11548;40
100;2;2;49,11548;40
100;3;15;49,11548;40
100;2;2;49,11548;40
100;2;2;49,11548;40
100;2;2;49,11548;40
100;3;15;49,44873;40
100;2;2;49,44873;40
100;2;2;49,44873;40
100;2;2;49,44873;40
100;3;15;49,44873;40
100;3;15;49,44873;40
100;3;15;49,78198;40
100;2;2;49,78198;40
100;3;15;49,78198;40
100;2;2;49,78198;40
100;2;2;50,11523;40
100;3;15;50,11523;40
100;3;15;50,11523;40
100;2;2;50,11523;40
100;2;2;50,44849;40
100;3;15;50,44849;40
100;2;2;50,44849;40
100;2;2;50,44849;40
100;3;15;50,44849;40
100;2;2;50,44849;40
100;2;2;50,78174;40
100;3;15;50,78174;40
100;2;2;50,78174;40
100;3;15;50,78174;40
100;3;15;50,78174;40
100;3;15;50,78174;40
100;2;2;50,78174;40
100;3;15;50,78174;40
100;3;15;50,78174;40
100;2;2;51,11499;40
100;2;2;51,11499;40
100;2;2;51,11499;40
100;2;2;51,44824;40
100;3;15;51,44824;40
100;2;2;51,44824;40
100;3;15;51,44824;40
100;3;15;51,44824;40
100;3;15;51,44824;40
100;2;2;51,44824;40
100;3;15;51,44824;40
100;2;2;51,44824;40
100;2;2;51,78149;40
100;3;15;51,78149;40
100;3;15;51,78149;40
100;3;15;51,78149;40
100;2;2;51,78149;40
100;3;15;52,11475;40
100;3;15;52,11475;40
100;3;15;52,11475;40
100;2;2;52,11475;40
100;3;15;52,11475;40
100;3;15;52,11475;40
100;2;2;52,11475;40
100;3;15;52,11475;40
100;3;15;52,448;40
100;2;2;52,448;40
100;3;15;52,448;40
100;3;15;52,448;40
100;2;2;52,448;40
100;3;15;52,448;40
100;2;2;52,448;40
100;3;15;52,448;40
100;3;15;52,78125;40
100;2;2;52,78125;40
100;2;2;52,78125;40
100;3;15;52,78125;40
100;3;15;52,78125;40
100;3;15;53,1145;25
100;3;15;53,1145;10
100;3;15;53,1145;-5
Player