100;2;2;46,91455;100
100;3;15;46,91455;100
100;3;15;46,91455;100
100;3;15;47,24805;100
100;3;15;47,24805;100
100;2;2;47,24805;100
100;2;2;47,24805;100
100;2;2;47,24805;100
100;3;15;47,24805;100
100;2;2;47,24805;100
100;2;2;47,24805;100
100;3;15;47,24805;100
100;3;15;47,24805;100
100;3;15;47,24805;100
100;2;2;47,58154;100
100;2;2;47,58154;100
100;3;15;47,58154;100
100;2;2;47,58154;100
100;3;15;47,58154;100
100;3;15;47,58154;100
100;2;2;47,58154;100
100;3;15;47,58154;100
100;3;15;47,58154;100
100;3;15;47,91504;100
100;3;15;47,91504;100
100;2;2;47,91504;100
100;3;15;47,91504;100
100;2;2;47,91504;100
100;3;15;47,91504;100
100;2;2;47,91504;100
100;3;15;47,91504;100
100;3;15;47,91504;100
100;2;2;47,91504;100
100;3;15;47,91504;100
100;3;15;47,91504;100
100;3;15;48,24854;100
100;2;2;48,24854;100
100;3;15;48,24854;100
100;2;2;48,24854;100
100;2;2;48,24854;100
100;2;2;48,24854;100
100;3;15;48,24854;100
100;2;2;48,24854;100
100;2;2;48,24854;100
100;3;15;48,24854;100
100;3;15;48,24854;100
100;2;2;48,24854;100
100;3;15;48,58203;100
100;3;15;48,58203;100
100;3;15;48,58203;100
100;3;15;48,58203;100
100;3;15;48,58203;100
100;2;2;48,58203;100
100;3;15;48,58203;100
100;3;15;48,58203;100
100;3;15;48,58203;100
100;3;15;48,58203;100
100;2;2;48,58203;100
100;3;15;48,58203;100
100;3;15;48,58203;100
100;3;15;48,58203;100
100;3;15;48,91553;100
100;2;2;48,91553;100
100;3;15;48,91553;100
100;3;15;48,91553;100
100;2;2;48,91553;100
100;3;15;48,91553;100
100;3;15;48,91553;100
100;3;15;48,91553;100
100;3;15;48,91553;100
100;2;2;48,91553;100
100;3;15;49,24902;100
100;3;15;49,24902;100
100;3;15;49,24902;100
100;3;15;49,24902;100
100;3;15;49,24902;100
100;2;2;49,24902;100
100;2;2;49,24902;100
100;3;15;49,24902;100
100;3;15;49,24902;100
100;2;2;49,24902;100
100;3;15;49,24902;100
100;3;15;49,58252;100
100;3;15;49,58252;100
100;3;15;49,58252;100
100;3;15;49,58252;100
100;3;15;49,58252;100
100;3;15;49,58252;100
100;2;2;49,58252;100
100;2;2;49,58252;100
100;3;15;49,58252;100
100;3;15;49,58252;100
100;3;15;49,58252;100
100;3;15;49,91602;100
100;3;15;49,91602;100
100;3;15;49,91602;100
100;3;15;49,91602;100
100;3;15;49,91602;100
100;3;15;49,91602;100
100;3;15;49,91602;100
100;3;15;49,91602;100
100;3;15;49,91602;100
100;3;15;49,91602;100
100;3;15;49,91602;100
100;2;2;49,91602;100
100;2;2;50,24951;100
100;3;15;50,24951;100
100;3;15;50,24951;100
100;3;15;50,24951;100
100;3;15;50,24951;100
100;3;15;50,24951;100
100;2;2;50,24951;100
100;3;15;50,24951;100
100;3;15;50,24951;100
100;3;15;50,58301;100
100;3;15;50,58301;100
100;3;15;50,58301;100
100;3;15;50,58301;100
100;3;15;50,58301;100
100;3;15;50,58301;100
100;2;2;50,58301;100
100;2;2;50,58301;100
100;3;15;50,58301;100
100;3;15;50,9165;100
100;3;15;50,9165;100
100;3;15;50,9165;100
100;3;15;50,9165;100
100;3;15;50,9165;100
100;3;15;50,9165;100
100;3;15;50,9165;100
100;3;15;50,9165;100
100;3;15;50,9165;100
100;3;15;50,9165;100
100;3;15;50,9165;100
100;3;15;50,9165;100
100;3;15;50,9165;100
100;3;15;51,25;100
100;3;15;51,25;100
100;2;2;51,25;100
100;3;15;51,25;100
100;3;15;51,25;100
100;2;2;51,25;100
100;3;15;51,25;100
100;3;15;51,25;100
100;3;15;51,25;100
100;2;2;51,25;100
100;2;2;51,5835;100
100;2;2;51,5835;100
100;3;15;51,5835;100
100;3;15;51,5835;100
100;3;15;51,5835;100
100;2;2;51,5835;100
100;2;2;51,5835;100
100;2;2;51,5835;100
100;3;15;51,5835;100
100;2;2;51,5835;100
100;3;15;51,5835;100
100;3;15;51,5835;100
100;3;15;51,5835;100
100;2;2;51,91699;100
100;2;2;51,91699;100
100;3;15;51,91699;100
100;3;15;51,91699;100
100;3;15;51,91699;100
100;2;2;51,91699;100
100;3;15;51,91699;100
100;3;15;51,91699;100
100;2;2;51,91699;100
100;2;2;51,91699;100
100;3;15;51,91699;100
100;3;15;52,25049;100
100;3;15;52,25049;100
100;3;15;52,25049;100
100;3;15;52,25049;100
100;2;2;52,25049;100
100;3;15;52,25049;100
100;2;2;52,25049;100
100;3;15;52,25049;100
100;2;2;52,25049;100
100;3;15;52,58398;100
100;3;15;52,58398;100
100;3;15;52,58398;100
100;3;15;52,58398;100
100;2;2;52,58398;100
100;2;2;52,58398;100
100;3;15;52,58398;100
100;3;15;52,58398;100
100;2;2;52,58398;100
100;2;2;52,58398;100
100;3;15;52,91748;100
100;3;15;52,91748;100
100;2;2;52,91748;100
100;3;15;52,91748;100
100;3;15;52,91748;100
100;3;15;52,91748;100
100;3;15;52,91748;100
100;3;15;52,91748;100
100;3;15;52,91748;100
100;2;2;52,91748;100
100;3;15;53,25098;100
100;3;15;53,25098;100
100;3;15;53,25098;100
100;3;15;53,25098;100
100;3;15;53,25098;100
100;3;15;53,25098;100
100;3;15;53,25098;100
100;3;15;53,25098;100
100;3;15;53,25098;100
100;3;15;53,25098;100
100;3;15;53,25098;100
100;2;2;53,25098;100
100;3;15;53,58447;100
100;3;15;53,58447;100
100;2;2;53,58447;100
100;2;2;53,58447;100
100;2;2;53,58447;100
100;2;2;53,58447;100
100;3;15;53,58447;100
100;3;15;53,58447;100
100;2;2;53,58447;100
100;2;2;53,58447;100
100;2;2;53,91797;100
100;3;15;53,91797;100
100;3;15;53,91797;100
100;3;15;53,91797;100
100;3;15;53,91797;100
100;3;15;53,91797;100
100;3;15;53,91797;100
100;3;15;53,91797;100
100;3;15;53,91797;100
100;3;15;53,91797;100
100;2;2;54,25146;100
100;3;15;54,25146;100
100;3;15;54,25146;100
100;3;15;54,25146;100
100;3;15;54,25146;100
100;3;15;54,25146;100
100;3;15;54,25146;100
100;3;15;54,25146;100
100;3;15;54,25146;100
100;3;15;54,25146;100
100;3;15;54,25146;100
100;3;15;54,25146;100
100;2;2;54,25146;100
100;3;15;54,58496;85
100;2;2;54,58496;85
100;3;15;54,58496;70
100;2;2;54,58496;70
100;3;15;54,58496;55
100;3;15;54,58496;40
100;3;15;54,58496;25
100;3;15;54,58496;10
100;2;2;54,58496;10
100;3;15;54,58496;-5
Player