92;3;15;41,29688;100
92;2;2;41,29688;100
92;3;15;41,63037;100
92;2;2;41,63037;100
92;3;15;41,63037;100
92;3;15;41,63037;100
92;3;15;41,63037;100
92;3;15;41,63037;100
92;3;15;41,63037;100
92;3;15;41,63037;100
92;2;2;41,96387;100
92;3;15;41,96387;100
92;3;15;41,96387;100
92;3;15;41,96387;100
92;2;2;41,96387;100
92;3;15;41,96387;100
92;3;15;41,96387;100
92;3;15;41,96387;100
92;2;2;41,96387;100
92;3;15;41,96387;100
92;3;15;41,96387;100
92;3;15;41,96387;100
92;2;2;42,29736;100
92;3;15;42,29736;100
92;3;15;42,29736;100
92;2;2;42,29736;100
92;2;2;42,29736;100
92;3;15;42,29736;100
92;2;2;42,29736;100
92;2;2;42,63086;100
92;3;15;42,63086;100
92;2;2;42,63086;100
92;2;2;42,63086;100
92;3;15;42,63086;100
92;3;15;42,63086;100
92;3;15;42,63086;100
92;2;2;42,63086;100
92;2;2;42,63086;100
92;3;15;42,63086;100
92;2;2;42,63086;100
92;3;15;42,63086;100
92;2;2;42,63086;100
92;3;15;42,96436;100
92;3;15;42,96436;100
92;2;2;42,96436;100
92;2;2;42,96436;100
92;3;15;42,96436;100
92;2;2;42,96436;100
92;3;15;42,96436;100
92;2;2;42,96436;100
92;2;2;42,96436;100
92;3;15;43,29785;100
92;2;2;43,29785;100
92;3;15;43,29785;100
92;3;15;43,29785;100
92;3;15;43,29785;100
92;2;2;43,29785;100
92;2;2;43,29785;100
92;2;2;43,29785;100
92;3;15;43,29785;100
92;2;2;43,29785;100
92;2;2;43,29785;100
92;3;15;43,29785;100
92;2;2;43,29785;100
92;2;2;43,63135;100
92;3;15;43,63135;100
92;3;15;43,63135;100
92;3;15;43,63135;100
92;2;2;43,63135;100
92;3;15;43,63135;100
92;3;15;43,63135;100
92;2;2;43,63135;100
92;2;2;43,96484;100
92;2;2;43,96484;100
92;3;15;43,96484;100
92;2;2;43,96484;100
92;3;15;43,96484;100
92;2;2;43,96484;100
92;3;15;43,96484;100
92;3;15;44,29834;100
92;3;15;44,29834;100
92;2;2;44,29834;100
92;3;15;44,29834;100
92;3;15;44,29834;100
92;3;15;44,29834;100
92;3;15;44,29834;100
92;3;15;44,29834;100
92;2;2;44,63184;100
92;2;2;44,63184;100
92;2;2;44,63184;100
92;2;2;44,63184;100
92;3;15;44,63184;100
92;2;2;44,63184;100
92;3;15;44,63184;100
92;3;15;44,63184;100
92;2;2;44,96533;100
92;3;15;44,96533;100
92;3;15;44,96533;100
92;2;2;44,96533;100
92;2;2;44,96533;100
92;3;15;44,96533;100
92;2;2;44,96533;100
92;2;2;44,96533;100
92;3;15;45,29883;100
92;2;2;45,29883;100
92;3;15;45,29883;100
92;2;2;45,29883;100
92;2;2;45,29883;100
92;2;2;45,29883;100
92;3;15;45,29883;100
92;2;2;45,29883;100
92;3;15;45,29883;100
92;3;15;45,29883;100
92;3;15;45,63232;100
92;2;2;45,63232;100
92;3;15;45,63232;100
92;2;2;45,63232;100
92;2;2;45,63232;100
92;3;15;45,63232;100
92;3;15;45,63232;100
92;3;15;45,63232;100
92;2;2;45,63232;100
92;2;2;45,96582;100
92;2;2;45,96582;100
92;3;15;45,96582;100
92;3;15;45,96582;100
92;3;15;45,96582;100
92;3;15;45,96582;100
92;3;15;45,96582;100
92;3;15;45,96582;100
92;3;15;46,29932;100
92;3;15;46,29932;100
92;3;15;46,29932;100
92;3;15;46,29932;100
92;2;2;46,29932;100
92;2;2;46,29932;100
92;3;15;46,29932;100
92;3;15;46,29932;100
92;3;15;46,29932;100
92;2;2;46,29932;100
92;3;15;46,29932;100
92;3;15;46,63281;100
92;3;15;46,63281;100
92;3;15;46,63281;100
92;3;15;46,63281;100
92;3;15;46,63281;100
92;3;15;46,63281;100
92;3;15;46,63281;100
92;2;2;46,63281;100
92;3;15;46,63281;100
92;2;2;46,63281;100
92;3;15;46,63281;100
92;3;15;46,63281;100
92;3;15;46,63281;100
92;3;15;46,96631;100
92;2;2;46,96631;100
92;3;15;46,96631;100
92;3;15;46,96631;100
92;3;15;46,96631;100
92;3;15;46,96631;100
92;3;15;46,96631;100
92;2;2;46,96631;100
92;3;15;46,96631;100
92;3;15;46,96631;100
92;3;15;47,2998;100
92;3;15;47,2998;100
92;2;2;47,2998;100
92;2;2;47,2998;100
92;2;2;47,2998;100
92;2;2;47,2998;100
92;2;2;47,2998;100
92;3;15;47,2998;100
92;3;15;47,2998;100
92;3;15;47,2998;100
92;2;2;47,2998;100
92;3;15;47,6333;100
92;3;15;47,6333;100
92;3;15;47,6333;100
92;3;15;47,6333;100
92;2;2;47,6333;100
92;3;15;47,6333;100
92;3;15;47,6333;100
92;3;15;47,6333;100
92;2;2;47,9668;100
92;3;15;47,9668;100
92;2;2;47,9668;100
92;3;15;47,9668;100
92;2;2;47,9668;100
92;3;15;47,9668;100
92;3;15;47,9668;100
92;2;2;48,30029;100
92;3;15;48,30029;100
92;3;15;48,30029;100
92;3;15;48,30029;100
92;2;2;48,30029;100
92;3;15;48,30029;100
92;3;15;48,30029;100
92;3;15;48,30029;100
92;3;15;48,63379;100
92;2;2;48,63379;100
92;3;15;48,63379;100
92;2;2;48,63379;100
92;2;2;48,63379;100
92;3;15;48,63379;100
92;3;15;48,63379;100
92;3;15;48,63379;100
92;2;2;48,96729;100
92;3;15;48,96729;100
92;2;2;48,96729;100
92;2;2;48,96729;100
92;3;15;48,96729;100
92;3;15;48,96729;100
92;3;15;48,96729;100
92;3;15;48,96729;100
92;2;2;48,96729;100
92;3;15;49,30078;100
92;2;2;49,30078;100
92;3;15;49,30078;100
92;3;15;49,30078;100
92;3;15;49,30078;100
92;2;2;49,30078;100
92;2;2;49,30078;100
92;3;15;49,30078;100
92;2;2;49,30078;100
92;2;2;49,30078;100
92;3;15;49,30078;100
92;2;2;49,30078;100
92;3;15;49,63428;100
92;3;15;49,63428;100
92;3;15;49,63428;100
92;2;2;49,63428;100
92;2;2;49,63428;100
92;3;15;49,63428;100
92;3;15;49,63428;100
92;3;15;49,63428;100
92;2;2;49,96777;100
92;2;2;49,96777;100
92;3;15;49,96777;100
92;2;2;49,96777;100
92;3;15;49,96777;100
92;2;2;49,96777;100
92;3;15;49,96777;100
92;2;2;49,96777;100
92;3;15;49,96777;100
92;2;2;50,30127;100
92;3;15;50,30127;100
92;3;15;50,30127;100
92;3;15;50,30127;100
92;2;2;50,30127;100
92;3;15;50,30127;100
92;3;15;50,30127;100
92;3;15;50,30127;100
92;2;2;50,30127;100
92;3;15;50,63477;100
92;2;2;50,63477;100
92;2;2;50,63477;100
92;2;2;50,63477;100
92;2;2;50,63477;100
92;3;15;50,63477;100
92;3;15;50,63477;100
92;3;15;50,63477;100
92;3;15;50,63477;100
92;3;15;50,63477;100
92;3;15;50,96826;100
92;3;15;50,96826;100
92;3;15;50,96826;100
92;3;15;50,96826;100
92;3;15;50,96826;100
92;3;15;50,96826;100
92;3;15;50,96826;100
92;3;15;50,96826;100
92;3;15;50,96826;100
92;2;2;50,96826;100
92;3;15;50,96826;100
92;2;2;50,96826;100
92;2;2;51,30176;100
92;2;2;51,30176;100
92;2;2;51,30176;100
92;2;2;51,30176;100
92;3;15;51,30176;100
92;3;15;51,30176;100
92;2;2;51,30176;100
92;2;2;51,63525;100
92;3;15;51,63525;100
92;3;15;51,63525;100
92;3;15;51,63525;100
92;3;15;51,63525;100
92;3;15;51,63525;100
92;2;2;51,63525;100
92;2;2;51,63525;100
92;2;2;51,63525;100
92;2;2;51,63525;100
92;3;15;51,96875;100
92;3;15;51,96875;100
92;2;2;51,96875;100
92;3;15;51,96875;100
92;2;2;51,96875;100
92;3;15;51,96875;100
92;2;2;51,96875;100
92;3;15;51,96875;100
92;3;15;51,96875;100
92;3;15;52,30225;100
92;2;2;52,30225;100
92;3;15;52,30225;100
92;3;15;52,30225;100
92;3;15;52,30225;100
92;2;2;52,30225;100
92;3;15;52,30225;100
92;3;15;52,30225;100
92;3;15;52,30225;100
92;3;15;52,63574;100
92;2;2;52,63574;100
92;3;15;52,63574;100
92;2;2;52,63574;100
92;2;2;52,63574;100
92;3;15;52,63574;100
92;2;2;52,63574;100
92;3;15;52,96924;100
92;3;15;52,96924;100
92;3;15;52,96924;100
92;3;15;52,96924;100
92;2;2;52,96924;100
92;3;15;52,96924;100
92;3;15;52,96924;100
92;3;15;52,96924;100
92;3;15;52,96924;100
92;2;2;52,96924;100
92;3;15;52,96924;100
92;2;2;53,30273;100
92;3;15;53,30273;100
92;2;2;53,30273;100
92;3;15;53,30273;100
92;3;15;53,30273;100
92;2;2;53,30273;100
92;2;2;53,30273;100
92;2;2;53,30273;100
92;3;15;53,30273;100
92;2;2;53,63623;100
92;3;15;53,63623;100
92;3;15;53,63623;100
92;2;2;53,63623;100
92;3;15;53,63623;100
92;3;15;53,63623;100
92;3;15;53,63623;100
92;3;15;53,63623;100
92;2;2;53,63623;100
92;2;2;53,96973;100
92;2;2;53,96973;100
92;3;15;53,96973;100
92;2;2;53,96973;100
92;3;15;53,96973;100
92;2;2;53,96973;100
92;2;2;53,96973;100
92;3;15;53,96973;100
92;3;15;54,30322;100
92;3;15;54,30322;100
92;3;15;54,30322;100
92;3;15;54,30322;100
92;3;15;54,30322;100
92;2;2;54,30322;100
92;3;15;54,30322;100
92;2;2;54,30322;100
92;3;15;54,30322;100
92;3;15;54,30322;100
92;2;2;54,30322;100
92;3;15;54,63672;100
92;3;15;54,63672;85
92;2;2;54,63672;85
92;3;15;54,63672;70
92;2;2;54,63672;70
92;3;15;54,63672;55
92;2;2;54,63672;55
92;2;2;54,63672;55
92;3;15;54,63672;40
92;3;15;54,63672;25
92;3;15;54,63672;10
92;2;2;54,97021;10
76;2;2;54,97021;8
60;3;15;54,97021;-7
Player