100;2;2;58,82373;100
100;3;15;58,82373;100
100;3;15;58,82373;100
100;3;15;58,82373;100
100;3;15;59,15698;100
100;3;15;59,15698;100
100;3;15;59,15698;100
100;3;15;59,15698;100
100;3;15;59,15698;100
100;3;15;59,15698;100
100;3;15;59,15698;100
100;3;15;59,15698;100
100;2;2;59,15698;100
100;3;15;59,15698;100
100;2;2;59,49023;100
100;3;15;59,49023;100
100;3;15;59,49023;100
100;3;15;59,49023;100
100;2;2;59,49023;100
100;3;15;59,49023;100
100;3;15;59,49023;100
100;3;15;59,49023;100
100;2;2;59,82349;100
100;3;15;59,82349;100
100;3;15;59,82349;100
100;2;2;59,82349;100
100;2;2;59,82349;100
100;2;2;59,82349;100
100;3;15;59,82349;100
100;3;15;0,1567383;100
100;3;15;0,1567383;100
100;3;15;0,1567383;100
100;3;15;0,4899902;100
100;2;2;0,4899902;100
100;2;2;0,4899902;100
100;3;15;0,4899902;100
100;2;2;0,4899902;100
100;3;15;0,4899902;100
100;2;2;0,4899902;100
100;2;2;0,4899902;100
100;3;15;0,4899902;100
100;2;2;0,4899902;100
100;3;15;0,4899902;100
100;3;15;0,8232422;100
100;3;15;0,8232422;100
100;3;15;0,8232422;100
100;2;2;0,8232422;100
100;2;2;0,8232422;100
100;3;15;0,8232422;100
100;2;2;0,8232422;100
100;3;15;0,8232422;100
100;2;2;0,8232422;100
100;3;15;0,8232422;100
100;2;2;0,8232422;100
100;3;15;0,8232422;100
100;3;15;1,156494;100
100;3;15;1,156494;100
100;3;15;1,156494;100
100;3;15;1,156494;100
100;3;15;1,156494;100
100;2;2;1,156494;100
100;3;15;1,156494;100
100;3;15;1,156494;100
100;2;2;1,489746;100
100;2;2;1,489746;100
100;3;15;1,489746;100
100;3;15;1,489746;100
100;2;2;1,489746;100
100;2;2;1,489746;100
100;3;15;1,489746;100
100;3;15;1,489746;100
100;3;15;1,489746;100
100;2;2;1,489746;100
100;2;2;1,822998;100
100;3;15;1,822998;100
100;3;15;1,822998;100
100;3;15;1,822998;100
100;2;2;1,822998;100
100;3;15;1,822998;100
100;3;15;2,15625;100
100;3;15;2,15625;100
100;3;15;2,15625;100
100;2;2;2,15625;100
100;3;15;2,15625;100
100;3;15;2,15625;100
100;3;15;2,489502;100
100;2;2;2,489502;100
100;3;15;2,489502;100
100;3;15;2,489502;100
100;3;15;2,489502;100
100;2;2;2,489502;100
100;3;15;2,489502;100
100;2;2;2,489502;100
100;3;15;2,489502;100
100;3;15;2,822754;100
100;2;2;2,822754;100
100;2;2;2,822754;100
100;3;15;2,822754;100
100;3;15;2,822754;100
100;3;15;2,822754;100
100;2;2;2,822754;100
100;3;15;3,156006;100
100;3;15;3,156006;100
100;2;2;3,156006;100
100;2;2;3,156006;100
100;3;15;3,156006;100
100;3;15;3,489258;100
100;2;2;3,489258;100
100;2;2;3,489258;100
100;3;15;3,489258;100
100;3;15;3,489258;100
100;3;15;3,82251;100
100;3;15;3,82251;100
100;3;15;3,82251;100
100;3;15;3,82251;100
100;3;15;3,82251;100
100;3;15;3,82251;100
100;3;15;3,82251;100
100;2;2;3,82251;100
100;3;15;3,82251;100
100;3;15;3,82251;100
100;3;15;4,155762;100
100;2;2;4,155762;100
100;3;15;4,155762;100
100;2;2;4,155762;100
100;3;15;4,155762;100
100;2;2;4,155762;100
100;3;15;4,155762;100
100;2;2;4,155762;100
100;2;2;4,155762;100
100;3;15;4,155762;100
100;3;15;4,155762;100
100;2;2;4,489014;100
100;3;15;4,489014;100
100;3;15;4,489014;100
100;3;15;4,489014;100
100;3;15;4,489014;100
100;3;15;4,489014;100
100;2;2;4,489014;100
100;2;2;4,489014;100
100;3;15;4,489014;100
100;3;15;4,489014;100
100;2;2;4,489014;100
100;3;15;4,489014;100
100;3;15;4,822266;100
100;3;15;4,822266;100
100;2;2;4,822266;100
100;3;15;4,822266;100
100;3;15;4,822266;100
100;3;15;4,822266;100
100;2;2;4,822266;100
100;3;15;4,822266;100
100;2;2;4,822266;100
100;2;2;4,822266;100
100;2;2;5,155518;100
100;3;15;5,155518;100
100;2;2;5,155518;100
100;3;15;5,155518;100
100;2;2;5,155518;100
100;3;15;5,48877;100
100;2;2;5,48877;100
100;2;2;5,48877;100
100;2;2;5,48877;100
100;3;15;5,48877;100
100;2;2;5,48877;100
100;3;15;5,48877;100
100;2;2;5,822021;100
100;2;2;5,822021;100
100;3;15;5,822021;100
100;2;2;5,822021;100
100;3;15;5,822021;100
100;3;15;5,822021;100
100;3;15;6,155273;100
100;3;15;6,155273;100
100;3;15;6,155273;100
100;2;2;6,155273;100
100;3;15;6,155273;100
100;3;15;6,155273;100
100;3;15;6,155273;100
100;3;15;6,155273;100
100;3;15;6,155273;100
100;3;15;6,155273;100
100;3;15;6,488525;100
100;3;15;6,488525;100
100;3;15;6,488525;100
100;2;2;6,488525;100
100;3;15;6,488525;100
100;3;15;6,488525;100
100;3;15;6,488525;100
100;3;15;6,488525;100
100;2;2;6,488525;100
100;3;15;6,821777;100
100;3;15;6,821777;100
100;3;15;6,821777;100
100;2;2;6,821777;100
100;3;15;6,821777;100
100;3;15;6,821777;100
100;2;2;6,821777;100
100;3;15;7,155029;100
100;3;15;7,155029;100
100;2;2;7,155029;100
100;3;15;7,155029;100
100;2;2;7,155029;100
100;3;15;7,155029;100
100;2;2;7,155029;100
100;2;2;7,155029;100
100;2;2;7,155029;100
100;3;15;7,155029;100
100;3;15;7,488281;100
100;3;15;7,488281;100
100;3;15;7,488281;100
100;2;2;7,488281;100
100;2;2;7,488281;100
100;2;2;7,488281;100
100;2;2;7,488281;100
100;2;2;7,488281;100
100;3;15;7,488281;100
100;3;15;7,488281;100
100;2;2;7,821533;100
100;3;15;7,821533;100
100;3;15;7,821533;100
100;2;2;7,821533;100
100;3;15;7,821533;100
100;3;15;7,821533;100
100;2;2;7,821533;100
100;3;15;8,154785;100
100;3;15;8,154785;100
100;3;15;8,154785;100
100;2;2;8,154785;100
100;3;15;8,154785;100
100;3;15;8,154785;100
100;2;2;8,154785;100
100;2;2;8,154785;100
100;2;2;8,154785;100
100;2;2;8,488037;100
100;3;15;8,488037;100
100;2;2;8,488037;100
100;3;15;8,488037;100
100;3;15;8,488037;100
100;3;15;8,488037;100
100;3;15;8,488037;100
100;3;15;8,488037;100
100;3;15;8,488037;100
100;3;15;8,488037;100
100;2;2;8,821289;100
100;3;15;8,821289;100
100;3;15;8,821289;100
100;2;2;8,821289;100
100;3;15;8,821289;100
100;3;15;8,821289;100
100;3;15;8,821289;100
100;3;15;8,821289;100
100;2;2;8,821289;100
100;3;15;9,154541;100
100;2;2;9,154541;100
100;2;2;9,154541;100
100;3;15;9,154541;100
100;3;15;9,154541;100
100;3;15;9,154541;100
100;3;15;9,154541;100
100;2;2;9,154541;100
100;2;2;9,154541;100
100;3;15;9,154541;100
100;3;15;9,154541;100
100;2;2;9,154541;100
100;3;15;9,487793;100
100;3;15;9,487793;100
100;3;15;9,487793;100
100;2;2;9,487793;100
100;2;2;9,487793;100
100;2;2;9,487793;100
100;2;2;9,487793;100
100;3;15;9,487793;100
100;3;15;9,487793;100
100;3;15;9,487793;100
100;3;15;9,487793;100
100;2;2;9,821045;100
100;2;2;9,821045;100
100;3;15;9,821045;100
100;2;2;9,821045;100
100;3;15;9,821045;100
100;3;15;9,821045;100
100;2;2;9,821045;100
100;3;15;9,821045;100
100;3;15;9,821045;100
100;3;15;9,821045;100
100;3;15;9,821045;100
100;3;15;10,1543;100
100;2;2;10,1543;100
100;2;2;10,1543;100
100;3;15;10,1543;100
100;3;15;10,1543;100
100;2;2;10,1543;100
100;3;15;10,1543;100
100;2;2;10,1543;100
100;3;15;10,48755;100
100;3;15;10,48755;100
100;3;15;10,48755;100
100;2;2;10,48755;100
100;3;15;10,48755;100
100;3;15;10,48755;100
100;2;2;10,48755;100
100;3;15;10,48755;100
100;3;15;10,8208;100
100;3;15;10,8208;100
100;2;2;10,8208;100
100;3;15;10,8208;100
100;2;2;10,8208;100
100;3;15;10,8208;100
100;3;15;10,8208;100
100;3;15;11,15405;100
100;3;15;11,15405;100
100;3;15;11,15405;100
100;3;15;11,15405;100
100;3;15;11,15405;100
100;2;2;11,15405;100
100;3;15;11,15405;100
100;2;2;11,15405;100
100;3;15;11,4873;85
100;3;15;11,4873;70
100;2;2;11,4873;70
100;3;15;11,4873;55
100;3;15;11,4873;40
100;3;15;11,4873;25
100;2;2;11,4873;25
100;3;15;11,4873;10
100;3;15;11,4873;-5
Player