100;3;15;34,30957;100
100;2;2;34,30957;100
100;3;15;34,30957;100
100;2;2;34,64258;100
100;3;15;34,64258;100
100;3;15;34,64258;100
100;2;2;34,64258;100
100;3;15;34,64258;100
100;3;15;34,64258;100
100;3;15;34,64258;100
100;3;15;34,64258;100
100;3;15;34,64258;100
100;3;15;34,64258;100
100;3;15;34,97559;100
100;3;15;34,97559;100
100;3;15;34,97559;100
100;3;15;34,97559;100
100;3;15;34,97559;100
100;3;15;34,97559;100
100;3;15;34,97559;100
100;2;2;34,97559;100
100;2;2;34,97559;100
100;2;2;34,97559;100
100;3;15;34,97559;100
100;3;15;35,30859;100
100;3;15;35,30859;100
100;2;2;35,30859;100
100;2;2;35,30859;100
100;3;15;35,30859;100
100;2;2;35,30859;100
100;3;15;35,30859;100
100;2;2;35,30859;100
100;3;15;35,30859;100
100;3;15;35,30859;100
100;3;15;35,30859;100
100;3;15;35,30859;100
100;3;15;35,6416;100
100;3;15;35,6416;100
100;2;2;35,6416;100
100;3;15;35,6416;100
100;3;15;35,6416;100
100;2;2;35,6416;100
100;3;15;35,6416;100
100;3;15;35,6416;100
100;3;15;35,6416;100
100;3;15;35,6416;100
100;3;15;35,97461;100
100;2;2;35,97461;100
100;2;2;35,97461;100
100;2;2;35,97461;100
100;3;15;35,97461;100
100;2;2;35,97461;100
100;3;15;35,97461;100
100;2;2;35,97461;100
100;3;15;35,97461;100
100;2;2;35,97461;100
100;2;2;35,97461;100
100;3;15;36,30762;100
100;2;2;36,30762;100
100;2;2;36,30762;100
100;3;15;36,30762;100
100;3;15;36,30762;100
100;2;2;36,30762;100
100;2;2;36,30762;100
100;3;15;36,30762;100
100;3;15;36,30762;100
100;3;15;36,30762;100
100;3;15;36,30762;100
100;3;15;36,64063;100
100;3;15;36,64063;100
100;3;15;36,64063;100
100;2;2;36,64063;100
100;3;15;36,64063;100
100;2;2;36,64063;100
100;3;15;36,64063;100
100;2;2;36,64063;100
100;3;15;36,97363;100
100;2;2;36,97363;100
100;3;15;36,97363;100
100;2;2;36,97363;100
100;3;15;36,97363;100
100;3;15;36,97363;100
100;3;15;36,97363;100
100;3;15;36,97363;100
100;3;15;36,97363;100
100;3;15;37,30664;100
100;3;15;37,30664;100
100;3;15;37,30664;100
100;3;15;37,30664;100
100;3;15;37,30664;100
100;2;2;37,30664;100
100;3;15;37,30664;100
100;3;15;37,30664;100
100;3;15;37,30664;100
100;3;15;37,30664;100
100;2;2;37,30664;100
100;3;15;37,63965;100
100;3;15;37,63965;100
100;2;2;37,63965;100
100;3;15;37,63965;100
100;2;2;37,63965;100
100;3;15;37,63965;100
100;3;15;37,63965;100
100;2;2;37,63965;100
100;2;2;37,63965;100
100;3;15;37,63965;100
100;3;15;37,63965;100
100;2;2;37,63965;100
100;3;15;37,63965;100
100;3;15;37,97266;100
100;3;15;37,97266;100
100;3;15;37,97266;100
100;2;2;37,97266;100
100;3;15;37,97266;100
100;2;2;37,97266;100
100;2;2;37,97266;100
100;3;15;37,97266;100
100;3;15;37,97266;100
100;2;2;37,97266;100
100;3;15;37,97266;100
100;3;15;38,30566;100
100;2;2;38,30566;100
100;3;15;38,30566;100
100;3;15;38,30566;100
100;2;2;38,30566;100
100;3;15;38,30566;100
100;3;15;38,30566;100
100;3;15;38,30566;100
100;3;15;38,30566;100
100;3;15;38,30566;100
100;3;15;38,63867;100
100;3;15;38,63867;100
100;2;2;38,63867;100
100;2;2;38,63867;100
100;3;15;38,63867;100
100;3;15;38,63867;100
100;3;15;38,63867;100
100;3;15;38,63867;100
100;3;15;38,63867;100
100;2;2;38,63867;100
100;3;15;38,63867;100
100;3;15;38,63867;100
100;3;15;38,63867;100
100;3;15;38,97168;100
100;3;15;38,97168;100
100;3;15;38,97168;100
100;3;15;38,97168;100
100;3;15;38,97168;100
100;3;15;38,97168;100
100;3;15;38,97168;100
100;3;15;38,97168;100
100;2;2;38,97168;100
100;2;2;38,97168;100
100;2;2;38,97168;100
100;3;15;38,97168;100
100;3;15;39,30469;100
100;3;15;39,30469;100
100;2;2;39,30469;100
100;3;15;39,30469;100
100;3;15;39,30469;100
100;2;2;39,30469;100
100;3;15;39,30469;100
100;3;15;39,30469;100
100;2;2;39,30469;100
100;2;2;39,30469;100
100;3;15;39,6377;100
100;2;2;39,6377;100
100;3;15;39,6377;100
100;2;2;39,6377;100
100;3;15;39,6377;100
100;3;15;39,6377;100
100;3;15;39,6377;100
100;3;15;39,6377;100
100;3;15;39,6377;100
100;2;2;39,9707;100
100;3;15;39,9707;100
100;3;15;39,9707;100
100;3;15;39,9707;100
100;3;15;39,9707;100
100;2;2;39,9707;100
100;2;2;39,9707;100
100;3;15;39,9707;100
100;3;15;39,9707;100
100;3;15;39,9707;100
100;3;15;39,9707;100
100;3;15;39,9707;100
100;3;15;39,9707;100
100;2;2;40,30371;100
100;3;15;40,30371;100
100;3;15;40,30371;100
100;3;15;40,30371;100
100;3;15;40,30371;100
100;3;15;40,30371;100
100;3;15;40,30371;100
100;3;15;40,30371;100
100;2;2;40,30371;100
100;3;15;40,30371;100
100;3;15;40,30371;100
100;3;15;40,30371;100
100;2;2;40,63672;100
100;3;15;40,63672;100
100;3;15;40,63672;100
100;3;15;40,63672;100
100;3;15;40,63672;100
100;3;15;40,63672;100
100;3;15;40,63672;100
100;3;15;40,63672;100
100;3;15;40,63672;100
100;3;15;40,96973;100
100;2;2;40,96973;100
100;3;15;40,96973;100
100;2;2;40,96973;100
100;2;2;40,96973;100
100;3;15;40,96973;100
100;3;15;40,96973;100
100;3;15;40,96973;100
100;3;15;40,96973;100
100;2;2;40,96973;100
100;3;15;40,96973;100
100;3;15;40,96973;100
100;2;2;41,30273;100
100;3;15;41,30273;100
100;3;15;41,30273;100
100;3;15;41,30273;100
100;3;15;41,30273;100
100;3;15;41,30273;100
100;3;15;41,30273;100
100;3;15;41,30273;100
100;3;15;41,30273;100
100;2;2;41,30273;100
100;3;15;41,63574;100
100;2;2;41,63574;100
100;3;15;41,63574;100
100;3;15;41,63574;100
100;3;15;41,63574;100
100;2;2;41,63574;100
100;2;2;41,63574;100
100;2;2;41,63574;100
100;2;2;41,63574;100
100;3;15;41,63574;100
100;2;2;41,63574;100
100;2;2;41,63574;100
100;3;15;41,96875;100
100;3;15;41,96875;100
100;3;15;41,96875;100
100;3;15;41,96875;100
100;3;15;41,96875;100
100;3;15;41,96875;100
100;2;2;41,96875;100
100;3;15;41,96875;100
100;3;15;41,96875;100
100;2;2;41,96875;100
100;3;15;41,96875;100
100;3;15;42,30176;100
100;3;15;42,30176;100
100;3;15;42,30176;100
100;3;15;42,30176;100
100;3;15;42,30176;100
100;3;15;42,30176;100
100;3;15;42,30176;100
100;3;15;42,30176;100
100;3;15;42,30176;100
100;3;15;42,30176;100
100;3;15;42,63477;100
100;2;2;42,63477;100
100;3;15;42,63477;100
100;2;2;42,63477;100
100;3;15;42,63477;100
100;3;15;42,63477;100
100;3;15;42,63477;100
100;3;15;42,63477;100
100;3;15;42,96777;100
100;3;15;42,96777;100
100;2;2;42,96777;100
100;2;2;42,96777;100
100;2;2;42,96777;100
100;2;2;42,96777;100
100;2;2;42,96777;100
100;3;15;42,96777;100
100;3;15;42,96777;100
100;3;15;42,96777;100
100;2;2;42,96777;100
100;3;15;42,96777;100
100;3;15;43,30078;100
100;2;2;43,30078;100
100;3;15;43,30078;100
100;3;15;43,30078;100
100;3;15;43,30078;100
100;3;15;43,30078;100
100;2;2;43,30078;100
100;3;15;43,30078;100
100;3;15;43,30078;100
100;3;15;43,30078;100
100;2;2;43,63379;100
100;3;15;43,63379;100
100;2;2;43,63379;100
100;2;2;43,63379;100
100;3;15;43,63379;100
100;3;15;43,63379;100
100;3;15;43,63379;100
100;3;15;43,63379;100
100;2;2;43,63379;100
100;3;15;43,63379;100
100;2;2;43,63379;100
100;2;2;43,9668;100
100;2;2;43,9668;100
100;2;2;43,9668;100
100;3;15;43,9668;100
100;3;15;43,9668;100
100;2;2;43,9668;100
100;3;15;43,9668;100
100;3;15;43,9668;100
100;3;15;44,2998;100
100;3;15;44,2998;100
100;3;15;44,2998;100
100;2;2;44,2998;100
100;3;15;44,2998;100
100;3;15;44,2998;100
100;3;15;44,2998;100
100;3;15;44,2998;100
100;3;15;44,2998;100
100;2;2;44,2998;100
100;2;2;44,2998;100
100;3;15;44,2998;100
100;3;15;44,63281;100
100;3;15;44,63281;100
100;3;15;44,63281;100
100;3;15;44,63281;100
100;3;15;44,63281;100
100;3;15;44,63281;100
100;3;15;44,63281;100
100;3;15;44,63281;100
100;3;15;44,63281;100
100;3;15;44,63281;100
100;3;15;44,63281;100
100;2;2;44,96582;100
100;3;15;44,96582;100
100;2;2;44,96582;100
100;3;15;44,96582;100
100;2;2;44,96582;100
100;3;15;44,96582;100
100;3;15;44,96582;100
100;3;15;44,96582;100
100;3;15;44,96582;100
100;3;15;44,96582;100
100;3;15;44,96582;100
100;3;15;44,96582;100
100;2;2;44,96582;100
100;2;2;45,29883;100
100;3;15;45,29883;100
100;2;2;45,29883;100
100;3;15;45,29883;100
100;3;15;45,29883;100
100;2;2;45,29883;100
100;3;15;45,29883;100
100;3;15;45,29883;100
100;3;15;45,29883;100
100;3;15;45,29883;100
100;3;15;45,63184;100
100;3;15;45,63184;100
100;3;15;45,63184;100
100;3;15;45,63184;100
100;3;15;45,63184;100
100;3;15;45,63184;100
100;3;15;45,63184;100
100;3;15;45,63184;100
100;2;2;45,63184;100
100;3;15;45,96484;100
100;3;15;45,96484;100
100;2;2;45,96484;100
100;3;15;45,96484;100
100;3;15;45,96484;100
100;2;2;45,96484;100
100;2;2;45,96484;100
100;3;15;45,96484;100
100;2;2;46,29785;100
100;3;15;46,29785;100
100;2;2;46,29785;100
100;3;15;46,29785;100
100;2;2;46,29785;100
100;3;15;46,29785;100
100;3;15;46,29785;100
100;2;2;46,29785;100
100;3;15;46,63086;100
100;3;15;46,63086;100
100;3;15;46,63086;100
100;3;15;46,63086;100
100;3;15;46,63086;100
100;2;2;46,63086;100
100;3;15;46,63086;100
100;3;15;46,63086;100
100;2;2;46,63086;100
100;3;15;46,63086;100
100;2;2;46,63086;100
100;3;15;46,63086;100
100;2;2;46,63086;100
100;3;15;46,63086;100
100;3;15;46,96387;100
100;2;2;46,96387;100
100;3;15;46,96387;100
100;3;15;46,96387;100
100;3;15;46,96387;100
100;3;15;46,96387;100
100;2;2;46,96387;100
100;2;2;46,96387;100
100;3;15;46,96387;100
100;3;15;46,96387;100
100;3;15;46,96387;100
100;3;15;46,96387;100
100;3;15;47,29688;100
100;3;15;47,29688;85
100;2;2;47,29688;85
100;3;15;47,29688;70
100;3;15;47,29688;55
100;3;15;47,29688;40
100;3;15;47,29688;25
100;3;15;47,29688;10
100;3;15;47,29688;-5
Player