100;3;15;17,32617;100
100;3;15;17,32617;100
100;3;15;17,32617;100
100;2;2;17,32617;100
100;3;15;17,65918;100
100;2;2;17,65918;100
100;2;2;17,65918;100
100;3;15;17,65918;100
100;3;15;17,65918;100
100;3;15;17,65918;100
100;3;15;17,65918;100
100;3;15;17,65918;100
100;2;2;17,65918;100
100;3;15;17,65918;100
100;3;15;17,65918;100
100;3;15;17,99219;100
100;3;15;17,99219;100
100;3;15;17,99219;100
100;3;15;17,99219;100
100;3;15;17,99219;100
100;3;15;17,99219;100
100;3;15;17,99219;100
100;2;2;17,99219;100
100;2;2;17,99219;100
100;2;2;17,99219;100
100;3;15;17,99219;100
100;3;15;17,99219;100
100;3;15;18,3252;100
100;3;15;18,3252;100
100;3;15;18,3252;100
100;3;15;18,3252;100
100;3;15;18,3252;100
100;3;15;18,3252;100
100;3;15;18,3252;100
100;3;15;18,3252;100
100;3;15;18,6582;100
100;3;15;18,6582;100
100;2;2;18,6582;100
100;3;15;18,6582;100
100;2;2;18,6582;100
100;2;2;18,6582;100
100;3;15;18,6582;100
100;3;15;18,6582;100
100;3;15;18,6582;100
100;3;15;18,6582;100
100;3;15;18,6582;100
100;2;2;18,99121;100
100;3;15;18,99121;100
100;3;15;18,99121;100
100;3;15;18,99121;100
100;2;2;18,99121;100
100;3;15;18,99121;100
100;2;2;18,99121;100
100;3;15;18,99121;100
100;3;15;18,99121;100
100;2;2;19,32422;100
100;2;2;19,32422;100
100;3;15;19,32422;100
100;3;15;19,32422;100
100;2;2;19,32422;100
100;2;2;19,32422;100
100;2;2;19,32422;100
100;3;15;19,32422;100
100;2;2;19,32422;100
100;3;15;19,32422;100
100;3;15;19,32422;100
100;3;15;19,65723;100
100;3;15;19,65723;100
100;2;2;19,65723;100
100;3;15;19,65723;100
100;3;15;19,65723;100
100;3;15;19,65723;100
100;2;2;19,65723;100
100;3;15;19,65723;100
100;3;15;19,65723;100
100;2;2;19,65723;100
100;2;2;19,65723;100
100;3;15;19,99023;100
100;2;2;19,99023;100
100;3;15;19,99023;100
100;3;15;19,99023;100
100;3;15;19,99023;100
100;2;2;19,99023;100
100;2;2;19,99023;100
100;3;15;19,99023;100
100;3;15;19,99023;100
100;3;15;19,99023;100
100;3;15;20,32324;100
100;3;15;20,32324;100
100;2;2;20,32324;100
100;3;15;20,32324;100
100;3;15;20,32324;100
100;3;15;20,32324;100
100;3;15;20,32324;100
100;3;15;20,32324;100
100;2;2;20,32324;100
100;2;2;20,65625;100
100;2;2;20,65625;100
100;3;15;20,65625;100
100;2;2;20,65625;100
100;3;15;20,65625;100
100;2;2;20,65625;100
100;3;15;20,65625;100
100;3;15;20,65625;100
100;2;2;20,65625;100
100;3;15;20,98926;100
100;3;15;20,98926;100
100;2;2;20,98926;100
100;3;15;20,98926;100
100;2;2;20,98926;100
100;3;15;20,98926;100
100;3;15;20,98926;100
100;2;2;20,98926;100
100;2;2;20,98926;100
100;3;15;20,98926;100
100;3;15;20,98926;100
100;3;15;20,98926;100
100;3;15;20,98926;100
100;3;15;21,32227;100
100;3;15;21,32227;100
100;2;2;21,32227;100
100;2;2;21,32227;100
100;2;2;21,32227;100
100;2;2;21,32227;100
100;3;15;21,32227;100
100;3;15;21,32227;100
100;2;2;21,32227;100
100;3;15;21,32227;100
100;3;15;21,65527;100
100;2;2;21,65527;100
100;2;2;21,65527;100
100;3;15;21,65527;100
100;2;2;21,65527;100
100;3;15;21,65527;100
100;3;15;21,65527;100
100;2;2;21,65527;100
100;3;15;21,65527;100
100;3;15;21,65527;100
100;3;15;21,65527;100
100;2;2;21,65527;100
100;2;2;21,98828;100
100;3;15;21,98828;100
100;3;15;21,98828;100
100;3;15;21,98828;100
100;2;2;21,98828;100
100;3;15;21,98828;100
100;3;15;21,98828;100
100;3;15;21,98828;100
100;3;15;21,98828;100
100;3;15;22,32129;100
100;3;15;22,32129;100
100;3;15;22,32129;100
100;3;15;22,32129;100
100;3;15;22,32129;100
100;3;15;22,32129;100
100;3;15;22,32129;100
100;3;15;22,32129;100
100;3;15;22,32129;100
100;3;15;22,32129;100
100;3;15;22,32129;100
100;3;15;22,6543;100
100;3;15;22,6543;100
100;3;15;22,6543;100
100;3;15;22,6543;100
100;3;15;22,6543;100
100;2;2;22,6543;100
100;2;2;22,6543;100
100;3;15;22,6543;100
100;3;15;22,6543;100
100;3;15;22,6543;100
100;3;15;22,6543;100
100;3;15;22,6543;100
100;3;15;22,9873;100
100;2;2;22,9873;100
100;3;15;22,9873;100
100;3;15;22,9873;100
100;2;2;22,9873;100
100;3;15;22,9873;100
100;3;15;22,9873;100
100;3;15;22,9873;100
100;3;15;22,9873;100
100;2;2;22,9873;100
100;3;15;22,9873;100
100;3;15;22,9873;100
100;3;15;23,32031;100
100;2;2;23,32031;100
100;3;15;23,32031;100
100;3;15;23,32031;100
100;2;2;23,32031;100
100;2;2;23,32031;100
100;3;15;23,32031;100
100;2;2;23,32031;100
100;3;15;23,32031;100
100;3;15;23,32031;100
100;2;2;23,32031;100
100;3;15;23,32031;100
100;2;2;23,65332;100
100;3;15;23,65332;100
100;3;15;23,65332;100
100;3;15;23,65332;100
100;3;15;23,65332;100
100;3;15;23,65332;100
100;3;15;23,65332;100
100;3;15;23,65332;100
100;3;15;23,65332;100
100;3;15;23,65332;100
100;3;15;23,65332;100
100;3;15;23,65332;100
100;3;15;23,65332;100
100;3;15;23,98633;100
100;3;15;23,98633;100
100;3;15;23,98633;100
100;2;2;23,98633;100
100;3;15;23,98633;100
100;3;15;23,98633;100
100;2;2;23,98633;100
100;3;15;23,98633;100
100;3;15;23,98633;100
100;3;15;23,98633;100
100;3;15;24,31934;100
100;3;15;24,31934;100
100;3;15;24,31934;100
100;3;15;24,31934;100
100;2;2;24,31934;100
100;3;15;24,31934;100
100;3;15;24,31934;100
100;2;2;24,31934;100
100;3;15;24,31934;100
100;3;15;24,31934;100
100;3;15;24,65234;100
100;3;15;24,65234;100
100;3;15;24,65234;100
100;3;15;24,65234;100
100;2;2;24,65234;100
100;3;15;24,65234;100
100;3;15;24,65234;100
100;3;15;24,65234;100
100;3;15;24,65234;100
100;3;15;24,65234;100
100;3;15;24,65234;100
100;2;2;24,65234;100
100;3;15;24,98535;100
100;2;2;24,98535;100
100;3;15;24,98535;100
100;3;15;24,98535;100
100;3;15;24,98535;100
100;3;15;24,98535;100
100;3;15;24,98535;100
100;3;15;24,98535;100
100;3;15;24,98535;100
100;2;2;24,98535;100
100;3;15;24,98535;100
100;3;15;24,98535;100
100;3;15;24,98535;100
100;3;15;24,98535;100
100;2;2;25,31836;100
100;2;2;25,31836;100
100;3;15;25,31836;100
100;3;15;25,31836;100
100;3;15;25,31836;100
100;3;15;25,31836;100
100;3;15;25,31836;100
100;3;15;25,31836;100
100;3;15;25,31836;100
100;3;15;25,31836;100
100;3;15;25,31836;100
100;3;15;25,31836;100
100;2;2;25,31836;100
100;3;15;25,65137;100
100;3;15;25,65137;100
100;3;15;25,65137;100
100;2;2;25,65137;100
100;3;15;25,65137;100
100;3;15;25,65137;100
100;3;15;25,65137;100
100;3;15;25,65137;100
100;3;15;25,65137;100
100;2;2;25,65137;100
100;3;15;25,65137;100
100;3;15;25,65137;100
100;3;15;25,98438;100
100;2;2;25,98438;100
100;3;15;25,98438;85
100;3;15;25,98438;70
100;3;15;25,98438;55
100;3;15;25,98438;40
100;2;2;25,98438;40
100;3;15;25,98438;25
100;3;15;25,98438;10
100;3;15;25,98438;-5
Player