100;2;2;10,66895;100
100;3;15;11,00195;100
100;3;15;11,00195;100
100;2;2;11,00195;100
100;2;2;11,00195;100
100;2;2;11,00195;100
100;3;15;11,00195;100
100;3;15;11,00195;100
100;3;15;11,00195;100
100;3;15;11,00195;100
100;2;2;11,00195;100
100;3;15;11,33496;100
100;2;2;11,33496;100
100;3;15;11,33496;100
100;2;2;11,33496;100
100;3;15;11,33496;100
100;3;15;11,33496;100
100;3;15;11,33496;100
100;3;15;11,33496;100
100;3;15;11,33496;100
100;3;15;11,33496;100
100;3;15;11,66797;100
100;3;15;11,66797;100
100;3;15;11,66797;100
100;3;15;11,66797;100
100;3;15;11,66797;100
100;3;15;11,66797;100
100;3;15;11,66797;100
100;2;2;11,66797;100
100;3;15;11,66797;100
100;3;15;11,66797;100
100;3;15;11,66797;100
100;3;15;11,66797;100
100;3;15;12,00098;100
100;3;15;12,00098;100
100;2;2;12,00098;100
100;3;15;12,00098;100
100;3;15;12,00098;100
100;3;15;12,00098;100
100;2;2;12,00098;100
100;3;15;12,00098;100
100;3;15;12,00098;100
100;2;2;12,00098;100
100;2;2;12,00098;100
100;3;15;12,00098;100
100;3;15;12,00098;100
100;3;15;12,33398;100
100;3;15;12,33398;100
100;3;15;12,33398;100
100;3;15;12,33398;100
100;2;2;12,33398;100
100;3;15;12,33398;100
100;3;15;12,33398;100
100;3;15;12,33398;100
100;3;15;12,33398;100
100;3;15;12,33398;100
100;2;2;12,66699;100
100;3;15;12,66699;100
100;3;15;12,66699;100
100;3;15;12,66699;100
100;3;15;12,66699;100
100;3;15;12,66699;100
100;3;15;12,66699;100
100;3;15;12,66699;100
100;3;15;12,66699;100
100;3;15;12,66699;100
100;3;15;12,66699;100
100;3;15;12,66699;100
100;3;15;12,66699;100
100;2;2;13;100
100;3;15;13;100
100;3;15;13;100
100;3;15;13;100
100;3;15;13;100
100;3;15;13;100
100;3;15;13;100
100;3;15;13;100
100;3;15;13;100
100;3;15;13;100
100;3;15;13;100
100;3;15;13;100
100;3;15;13,33301;100
100;3;15;13,33301;100
100;2;2;13,33301;100
100;3;15;13,33301;100
100;3;15;13,33301;100
100;3;15;13,33301;100
100;3;15;13,33301;100
100;3;15;13,33301;100
100;3;15;13,33301;100
100;3;15;13,33301;100
100;2;2;13,33301;100
100;3;15;13,66602;100
100;3;15;13,66602;100
100;3;15;13,66602;100
100;2;2;13,66602;100
100;2;2;13,66602;100
100;3;15;13,66602;100
100;3;15;13,66602;100
100;3;15;13,66602;100
100;3;15;13,66602;100
100;3;15;13,66602;100
100;2;2;13,66602;100
100;3;15;13,66602;100
100;3;15;13,66602;100
100;3;15;13,66602;100
100;3;15;13,99902;100
100;2;2;13,99902;100
100;3;15;13,99902;100
100;3;15;13,99902;100
100;3;15;13,99902;100
100;3;15;13,99902;100
100;3;15;13,99902;100
100;3;15;13,99902;100
100;3;15;13,99902;100
100;3;15;13,99902;100
100;3;15;13,99902;100
100;3;15;14,33203;100
100;2;2;14,33203;100
100;2;2;14,33203;100
100;3;15;14,33203;100
100;3;15;14,33203;100
100;3;15;14,33203;100
100;3;15;14,33203;100
100;3;15;14,33203;100
100;3;15;14,33203;100
100;2;2;14,33203;100
100;3;15;14,33203;100
100;3;15;14,66504;100
100;3;15;14,66504;100
100;3;15;14,66504;100
100;3;15;14,66504;100
100;3;15;14,66504;100
100;3;15;14,66504;100
100;3;15;14,66504;100
100;3;15;14,66504;100
100;3;15;14,66504;100
100;3;15;14,66504;100
100;3;15;14,66504;100
100;3;15;14,99805;100
100;3;15;14,99805;100
100;3;15;14,99805;100
100;3;15;14,99805;100
100;3;15;14,99805;100
100;3;15;14,99805;100
100;3;15;14,99805;100
100;3;15;14,99805;100
100;3;15;14,99805;100
100;3;15;14,99805;100
100;3;15;14,99805;100
100;3;15;14,99805;100
100;3;15;14,99805;100
100;3;15;14,99805;100
100;3;15;15,33105;100
100;3;15;15,33105;100
100;3;15;15,33105;100
100;3;15;15,33105;100
100;3;15;15,33105;100
100;3;15;15,33105;100
100;3;15;15,33105;100
100;2;2;15,33105;100
100;3;15;15,33105;100
100;3;15;15,66406;100
100;3;15;15,66406;100
100;3;15;15,66406;100
100;3;15;15,66406;100
100;3;15;15,66406;100
100;2;2;15,66406;100
100;2;2;15,66406;100
100;3;15;15,66406;100
100;2;2;15,66406;100
100;3;15;15,66406;100
100;3;15;15,66406;100
100;3;15;15,99707;100
100;2;2;15,99707;100
100;3;15;15,99707;100
100;3;15;15,99707;100
100;2;2;15,99707;100
100;3;15;15,99707;100
100;3;15;15,99707;100
100;3;15;15,99707;100
100;3;15;15,99707;100
100;2;2;15,99707;100
100;2;2;15,99707;100
100;3;15;15,99707;100
100;3;15;16,33008;100
100;3;15;16,33008;100
100;3;15;16,33008;100
100;2;2;16,33008;100
100;3;15;16,33008;100
100;3;15;16,33008;100
100;2;2;16,33008;100
100;3;15;16,33008;100
100;3;15;16,33008;100
100;3;15;16,33008;100
100;3;15;16,33008;100
100;3;15;16,33008;100
100;3;15;16,33008;100
100;2;2;16,66309;100
100;3;15;16,66309;100
100;3;15;16,66309;100
100;3;15;16,66309;100
100;3;15;16,66309;100
100;3;15;16,66309;100
100;3;15;16,66309;100
100;3;15;16,66309;100
100;3;15;16,66309;100
100;3;15;16,66309;100
100;3;15;16,66309;100
100;2;2;16,66309;100
100;3;15;16,66309;100
100;3;15;16,99609;100
100;3;15;16,99609;100
100;3;15;16,99609;100
100;3;15;16,99609;100
100;2;2;16,99609;100
100;2;2;16,99609;100
100;3;15;16,99609;100
100;2;2;16,99609;100
100;3;15;16,99609;100
100;3;15;16,99609;100
100;3;15;17,3291;100
100;3;15;17,3291;100
100;3;15;17,3291;100
100;3;15;17,3291;100
100;2;2;17,3291;100
100;2;2;17,3291;100
100;3;15;17,3291;100
100;3;15;17,66211;85
100;3;15;17,66211;70
100;3;15;17,66211;55
100;3;15;17,66211;40
100;2;2;17,66211;40
100;3;15;17,66211;25
100;2;2;17,66211;25
100;3;15;17,66211;10
100;3;15;17,66211;-5
Player