100;2;2;24,49219;100
100;3;15;24,49219;100
100;3;15;24,8252;100
100;3;15;24,8252;100
100;2;2;24,8252;100
100;2;2;24,8252;100
100;3;15;24,8252;100
100;2;2;24,8252;100
100;2;2;24,8252;100
100;3;15;24,8252;100
100;2;2;24,8252;100
100;3;15;24,8252;100
100;3;15;24,8252;100
100;2;2;25,1582;100
100;3;15;25,1582;100
100;3;15;25,1582;100
100;3;15;25,1582;100
100;3;15;25,1582;100
100;3;15;25,1582;100
100;3;15;25,1582;100
100;3;15;25,1582;100
100;3;15;25,1582;100
100;3;15;25,1582;100
100;2;2;25,1582;100
100;3;15;25,49121;100
100;2;2;25,49121;100
100;2;2;25,49121;100
100;3;15;25,49121;100
100;3;15;25,49121;100
100;3;15;25,49121;100
100;3;15;25,49121;100
100;3;15;25,49121;100
100;2;2;25,49121;100
100;3;15;25,49121;100
100;2;2;25,49121;100
100;3;15;25,82422;100
100;2;2;25,82422;100
100;3;15;25,82422;100
100;3;15;25,82422;100
100;3;15;25,82422;100
100;3;15;25,82422;100
100;3;15;25,82422;100
100;3;15;25,82422;100
100;3;15;25,82422;100
100;2;2;25,82422;100
100;3;15;25,82422;100
100;2;2;25,82422;100
100;2;2;25,82422;100
100;3;15;26,15723;100
100;3;15;26,15723;100
100;3;15;26,15723;100
100;3;15;26,15723;100
100;3;15;26,15723;100
100;3;15;26,15723;100
100;2;2;26,15723;100
100;2;2;26,15723;100
100;2;2;26,15723;100
100;3;15;26,15723;100
100;3;15;26,49023;100
100;2;2;26,49023;100
100;3;15;26,49023;100
100;3;15;26,49023;100
100;3;15;26,49023;100
100;3;15;26,49023;100
100;3;15;26,49023;100
100;3;15;26,49023;100
100;2;2;26,49023;100
100;3;15;26,49023;100
100;3;15;26,49023;100
100;3;15;26,49023;100
100;3;15;26,49023;100
100;3;15;26,49023;100
100;3;15;26,82324;100
100;3;15;26,82324;100
100;3;15;26,82324;100
100;3;15;26,82324;100
100;3;15;26,82324;100
100;3;15;26,82324;100
100;3;15;26,82324;100
100;3;15;26,82324;100
100;3;15;26,82324;100
100;3;15;26,82324;100
100;2;2;26,82324;100
100;2;2;26,82324;100
100;3;15;27,15625;100
100;2;2;27,15625;100
100;3;15;27,15625;100
100;3;15;27,15625;100
100;3;15;27,15625;100
100;2;2;27,15625;100
100;2;2;27,15625;100
100;2;2;27,15625;100
100;3;15;27,15625;100
100;3;15;27,15625;100
100;3;15;27,48926;100
100;3;15;27,48926;100
100;3;15;27,48926;100
100;3;15;27,48926;100
100;3;15;27,48926;100
100;3;15;27,48926;100
100;3;15;27,48926;100
100;3;15;27,48926;100
100;3;15;27,48926;100
100;3;15;27,48926;100
100;2;2;27,82227;100
100;3;15;27,82227;100
100;3;15;27,82227;100
100;2;2;27,82227;100
100;3;15;27,82227;100
100;3;15;27,82227;100
100;2;2;27,82227;100
100;3;15;27,82227;100
100;3;15;27,82227;100
100;3;15;28,15527;100
100;3;15;28,15527;100
100;3;15;28,15527;100
100;2;2;28,15527;100
100;3;15;28,15527;100
100;3;15;28,15527;100
100;3;15;28,15527;100
100;3;15;28,15527;100
100;3;15;28,15527;100
100;3;15;28,15527;100
100;2;2;28,15527;100
100;3;15;28,15527;100
100;3;15;28,48828;100
100;3;15;28,48828;100
100;3;15;28,48828;100
100;3;15;28,48828;100
100;3;15;28,48828;100
100;3;15;28,48828;100
100;3;15;28,48828;100
100;2;2;28,48828;100
100;3;15;28,48828;100
100;3;15;28,48828;100
100;2;2;28,82129;100
100;2;2;28,82129;100
100;3;15;28,82129;100
100;2;2;28,82129;100
100;2;2;28,82129;100
100;3;15;28,82129;100
100;3;15;28,82129;100
100;2;2;28,82129;100
100;2;2;28,82129;100
100;3;15;28,82129;100
100;3;15;29,1543;100
100;3;15;29,1543;100
100;3;15;29,1543;100
100;3;15;29,1543;100
100;3;15;29,1543;100
100;3;15;29,1543;100
100;3;15;29,1543;100
100;3;15;29,1543;100
100;3;15;29,1543;100
100;3;15;29,4873;100
100;3;15;29,4873;100
100;3;15;29,4873;100
100;3;15;29,4873;100
100;2;2;29,4873;100
100;3;15;29,4873;100
100;3;15;29,4873;100
100;3;15;29,4873;100
100;3;15;29,4873;100
100;2;2;29,4873;100
100;3;15;29,4873;100
100;3;15;29,82031;100
100;3;15;29,82031;100
100;3;15;29,82031;100
100;3;15;29,82031;100
100;3;15;29,82031;100
100;3;15;29,82031;100
100;3;15;29,82031;100
100;3;15;29,82031;100
100;3;15;29,82031;100
100;3;15;29,82031;100
100;3;15;29,82031;100
100;3;15;30,15332;100
100;2;2;30,15332;100
100;3;15;30,15332;100
100;3;15;30,15332;100
100;3;15;30,15332;100
100;3;15;30,15332;100
100;2;2;30,15332;100
100;3;15;30,15332;100
100;3;15;30,15332;100
100;3;15;30,48633;100
100;3;15;30,48633;100
100;3;15;30,48633;100
100;3;15;30,48633;100
100;2;2;30,48633;100
100;2;2;30,48633;100
100;2;2;30,48633;100
100;3;15;30,48633;100
100;2;2;30,48633;100
100;3;15;30,81934;100
100;3;15;30,81934;100
100;2;2;30,81934;100
100;2;2;30,81934;100
100;2;2;30,81934;100
100;3;15;30,81934;100
100;3;15;30,81934;100
100;2;2;30,81934;100
100;3;15;30,81934;100
100;3;15;30,81934;100
100;2;2;31,15234;100
100;3;15;31,15234;100
100;3;15;31,15234;100
100;3;15;31,15234;100
100;3;15;31,15234;100
100;3;15;31,15234;100
100;2;2;31,15234;100
100;2;2;31,15234;100
100;3;15;31,15234;100
100;3;15;31,15234;100
100;3;15;31,48535;100
100;3;15;31,48535;100
100;3;15;31,48535;100
100;3;15;31,48535;100
100;3;15;31,48535;100
100;3;15;31,48535;100
100;3;15;31,48535;100
100;3;15;31,48535;100
100;3;15;31,48535;100
100;3;15;31,48535;100
100;2;2;31,48535;100
100;3;15;31,81836;100
100;3;15;31,81836;100
100;2;2;31,81836;100
100;3;15;31,81836;100
100;2;2;31,81836;100
100;3;15;31,81836;100
100;2;2;31,81836;100
100;3;15;31,81836;100
100;2;2;31,81836;100
100;3;15;31,81836;100
100;3;15;31,81836;100
100;2;2;31,81836;100
100;3;15;31,81836;100
100;2;2;31,81836;100
100;2;2;31,81836;100
100;2;2;32,15137;100
100;3;15;32,15137;100
100;2;2;32,15137;100
100;2;2;32,15137;100
100;3;15;32,15137;100
100;2;2;32,15137;100
100;3;15;32,15137;100
100;3;15;32,15137;100
100;3;15;32,15137;100
100;3;15;32,15137;100
100;2;2;32,15137;100
100;3;15;32,48438;100
100;3;15;32,48438;85
100;3;15;32,48438;70
100;2;2;32,48438;70
100;3;15;32,48438;55
100;3;15;32,48438;40
100;3;15;32,48438;25
100;3;15;32,48438;10
100;3;15;32,48438;-5
Player