100;3;15;41,74707;100
100;3;15;41,74707;100
100;3;15;41,74707;100
100;2;2;41,74707;100
100;3;15;41,74707;100
100;3;15;41,74707;100
100;3;15;41,74707;100
100;3;15;41,74707;100
100;3;15;42,08008;100
100;2;2;42,08008;100
100;2;2;42,08008;100
100;3;15;42,08008;100
100;3;15;42,08008;100
100;3;15;42,08008;100
100;3;15;42,08008;100
100;3;15;42,08008;100
100;3;15;42,08008;100
100;2;2;42,08008;100
100;3;15;42,08008;100
100;3;15;42,41309;100
100;3;15;42,41309;100
100;3;15;42,41309;100
100;2;2;42,41309;100
100;3;15;42,41309;100
100;3;15;42,41309;100
100;3;15;42,41309;100
100;3;15;42,41309;100
100;3;15;42,41309;100
100;3;15;42,41309;100
100;2;2;42,74609;100
100;3;15;42,74609;100
100;2;2;42,74609;100
100;3;15;42,74609;100
100;3;15;42,74609;100
100;2;2;42,74609;100
100;2;2;42,74609;100
100;3;15;42,74609;100
100;3;15;42,74609;100
100;3;15;42,74609;100
100;3;15;43,0791;100
100;3;15;43,0791;100
100;2;2;43,0791;100
100;3;15;43,0791;100
100;2;2;43,0791;100
100;3;15;43,0791;100
100;2;2;43,0791;100
100;3;15;43,0791;100
100;3;15;43,41211;100
100;3;15;43,41211;100
100;3;15;43,41211;100
100;3;15;43,41211;100
100;2;2;43,41211;100
100;3;15;43,41211;100
100;3;15;43,41211;100
100;2;2;43,41211;100
100;3;15;43,41211;100
100;3;15;43,41211;100
100;3;15;43,74512;100
100;3;15;43,74512;100
100;3;15;43,74512;100
100;2;2;43,74512;100
100;3;15;43,74512;100
100;3;15;43,74512;100
100;2;2;43,74512;100
100;3;15;43,74512;100
100;2;2;43,74512;100
100;3;15;43,74512;100
100;3;15;44,07813;100
100;3;15;44,07813;100
100;3;15;44,07813;100
100;3;15;44,07813;100
100;3;15;44,07813;100
100;3;15;44,07813;100
100;2;2;44,07813;100
100;3;15;44,07813;100
100;3;15;44,07813;100
100;3;15;44,07813;100
100;3;15;44,41113;100
100;3;15;44,41113;100
100;3;15;44,41113;100
100;3;15;44,41113;100
100;2;2;44,41113;100
100;3;15;44,41113;100
100;3;15;44,41113;100
100;2;2;44,41113;100
100;2;2;44,74414;100
100;2;2;44,74414;100
100;3;15;44,74414;100
100;3;15;44,74414;100
100;2;2;44,74414;100
100;2;2;44,74414;100
100;3;15;44,74414;100
100;3;15;44,74414;100
100;3;15;44,74414;100
100;2;2;44,74414;100
100;2;2;45,07715;100
100;3;15;45,07715;100
100;3;15;45,07715;100
100;2;2;45,07715;100
100;2;2;45,07715;100
100;3;15;45,07715;100
100;3;15;45,07715;100
100;2;2;45,07715;100
100;2;2;45,07715;100
100;3;15;45,07715;100
100;3;15;45,07715;100
100;2;2;45,41016;100
100;3;15;45,41016;100
100;2;2;45,41016;100
100;3;15;45,41016;100
100;2;2;45,41016;100
100;3;15;45,41016;100
100;3;15;45,41016;100
100;3;15;45,74316;100
100;3;15;45,74316;100
100;2;2;45,74316;100
100;3;15;45,74316;100
100;3;15;45,74316;100
100;2;2;45,74316;100
100;3;15;45,74316;100
100;3;15;45,74316;100
100;3;15;45,74316;100
100;3;15;45,74316;100
100;3;15;46,07617;100
100;3;15;46,07617;100
100;3;15;46,07617;100
100;2;2;46,07617;100
100;3;15;46,07617;100
100;3;15;46,07617;100
100;3;15;46,07617;100
100;3;15;46,07617;100
100;3;15;46,07617;100
100;3;15;46,07617;100
100;2;2;46,07617;100
100;2;2;46,40918;100
100;2;2;46,40918;100
100;2;2;46,40918;100
100;3;15;46,40918;100
100;3;15;46,40918;100
100;3;15;46,40918;100
100;2;2;46,40918;100
100;2;2;46,40918;100
100;3;15;46,74219;100
100;3;15;46,74219;100
100;3;15;46,74219;100
100;3;15;46,74219;100
100;3;15;46,74219;100
100;3;15;46,74219;100
100;3;15;46,74219;100
100;3;15;46,74219;100
100;2;2;46,74219;100
100;3;15;46,74219;100
100;3;15;46,74219;100
100;3;15;46,74219;100
100;2;2;47,0752;100
100;2;2;47,0752;100
100;3;15;47,0752;100
100;3;15;47,0752;100
100;3;15;47,0752;100
100;3;15;47,0752;100
100;3;15;47,4082;100
100;2;2;47,4082;100
100;3;15;47,4082;100
100;3;15;47,4082;100
100;2;2;47,4082;100
100;3;15;47,4082;100
100;2;2;47,4082;100
100;2;2;47,4082;100
100;2;2;47,4082;100
100;2;2;47,4082;100
100;3;15;47,4082;100
100;2;2;47,4082;100
100;3;15;47,4082;100
100;3;15;47,4082;100
100;2;2;47,74121;100
100;2;2;47,74121;100
100;3;15;47,74121;100
100;3;15;47,74121;100
100;3;15;47,74121;100
100;3;15;47,74121;100
100;3;15;48,07422;100
100;3;15;48,07422;100
100;3;15;48,07422;100
100;3;15;48,07422;100
100;3;15;48,07422;100
100;3;15;48,07422;100
100;2;2;48,07422;100
100;3;15;48,07422;100
100;3;15;48,07422;100
100;2;2;48,07422;100
100;2;2;48,07422;100
100;2;2;48,07422;100
100;3;15;48,40723;85
100;2;2;48,40723;85
100;3;15;48,40723;70
100;2;2;48,40723;70
100;2;2;48,40723;70
100;3;15;48,40723;55
100;3;15;48,40723;40
100;3;15;48,40723;25
100;3;15;48,40723;10
100;3;15;48,40723;-5
Player