100;2;2;40,48242;100
100;2;2;40,48242;100
100;3;15;40,48242;100
100;2;2;40,81543;100
100;3;15;40,81543;100
100;3;15;40,81543;100
100;3;15;40,81543;100
100;3;15;40,81543;100
100;3;15;40,81543;100
100;3;15;40,81543;100
100;3;15;40,81543;100
100;3;15;40,81543;100
100;2;2;40,81543;100
100;3;15;40,81543;100
100;2;2;40,81543;100
100;2;2;40,81543;100
100;2;2;41,14844;100
100;3;15;41,14844;100
100;2;2;41,14844;100
100;3;15;41,14844;100
100;3;15;41,14844;100
100;3;15;41,48145;100
100;3;15;41,48145;100
100;3;15;41,48145;100
100;3;15;41,48145;100
100;3;15;41,48145;100
100;3;15;41,48145;100
100;3;15;41,48145;100
100;3;15;41,48145;100
100;2;2;41,48145;100
100;3;15;41,48145;100
100;3;15;41,48145;100
100;3;15;41,48145;100
100;3;15;41,48145;100
100;3;15;41,81445;100
100;2;2;41,81445;100
100;3;15;41,81445;100
100;3;15;41,81445;100
100;3;15;41,81445;100
100;2;2;41,81445;100
100;3;15;41,81445;100
100;3;15;41,81445;100
100;3;15;41,81445;100
100;3;15;41,81445;100
100;3;15;42,14746;100
100;3;15;42,14746;100
100;3;15;42,14746;100
100;3;15;42,14746;100
100;2;2;42,14746;100
100;3;15;42,14746;100
100;2;2;42,14746;100
100;3;15;42,14746;100
100;3;15;42,14746;100
100;3;15;42,14746;100
100;3;15;42,14746;100
100;3;15;42,14746;100
100;3;15;42,14746;100
100;3;15;42,14746;100
100;3;15;42,14746;100
100;3;15;42,48047;100
100;3;15;42,48047;100
100;2;2;42,48047;100
100;3;15;42,48047;100
100;3;15;42,48047;100
100;3;15;42,48047;100
100;2;2;42,48047;100
100;3;15;42,48047;100
100;2;2;42,48047;100
100;2;2;42,48047;100
100;3;15;42,48047;100
100;3;15;42,48047;100
100;3;15;42,81348;100
100;3;15;42,81348;100
100;3;15;42,81348;100
100;3;15;42,81348;100
100;3;15;42,81348;100
100;3;15;42,81348;100
100;2;2;42,81348;100
100;2;2;42,81348;100
100;3;15;42,81348;100
100;3;15;42,81348;100
100;3;15;42,81348;100
100;3;15;42,81348;100
100;3;15;42,81348;100
100;3;15;43,14648;100
100;3;15;43,14648;100
100;3;15;43,14648;100
100;3;15;43,14648;100
100;3;15;43,14648;100
100;3;15;43,14648;100
100;3;15;43,14648;100
100;3;15;43,14648;100
100;3;15;43,14648;100
100;3;15;43,14648;100
100;2;2;43,14648;100
100;2;2;43,14648;100
100;3;15;43,14648;100
100;3;15;43,47949;100
100;2;2;43,47949;100
100;3;15;43,47949;100
100;2;2;43,47949;100
100;3;15;43,47949;100
100;3;15;43,47949;100
100;3;15;43,47949;100
100;3;15;43,47949;100
100;3;15;43,47949;100
100;3;15;43,47949;100
100;3;15;43,47949;100
100;3;15;43,47949;100
100;3;15;43,8125;100
100;3;15;43,8125;100
100;3;15;43,8125;100
100;3;15;43,8125;100
100;3;15;43,8125;100
100;3;15;43,8125;100
100;2;2;43,8125;100
100;2;2;43,8125;100
100;3;15;43,8125;100
100;3;15;43,8125;100
100;3;15;43,8125;100
100;3;15;44,14551;100
100;3;15;44,14551;100
100;3;15;44,14551;100
100;3;15;44,14551;100
100;3;15;44,14551;100
100;2;2;44,14551;100
100;3;15;44,14551;100
100;3;15;44,14551;100
100;2;2;44,14551;100
100;2;2;44,14551;100
100;3;15;44,14551;100
100;3;15;44,47852;100
100;3;15;44,47852;100
100;3;15;44,47852;100
100;3;15;44,47852;100
100;3;15;44,47852;100
100;3;15;44,47852;100
100;3;15;44,47852;100
100;3;15;44,47852;100
100;3;15;44,47852;100
100;3;15;44,47852;100
100;2;2;44,47852;100
100;3;15;44,47852;100
100;3;15;44,47852;100
100;3;15;44,81152;100
100;3;15;44,81152;100
100;3;15;44,81152;100
100;3;15;44,81152;100
100;3;15;44,81152;100
100;2;2;44,81152;100
100;2;2;44,81152;100
100;3;15;44,81152;100
100;2;2;44,81152;100
100;3;15;44,81152;100
100;3;15;44,81152;100
100;2;2;44,81152;100
100;3;15;45,14453;100
100;3;15;45,14453;100
100;3;15;45,14453;100
100;3;15;45,14453;100
100;2;2;45,14453;100
100;3;15;45,14453;100
100;3;15;45,14453;100
100;2;2;45,14453;100
100;3;15;45,14453;100
100;3;15;45,14453;100
100;2;2;45,14453;100
100;3;15;45,14453;100
100;3;15;45,14453;100
100;3;15;45,47754;100
100;2;2;45,47754;100
100;2;2;45,47754;100
100;3;15;45,47754;100
100;3;15;45,47754;100
100;3;15;45,47754;100
100;3;15;45,47754;100
100;3;15;45,47754;100
100;3;15;45,47754;100
100;3;15;45,47754;100
100;2;2;45,47754;100
100;3;15;45,81055;100
100;3;15;45,81055;100
100;3;15;45,81055;100
100;2;2;45,81055;100
100;3;15;45,81055;100
100;2;2;45,81055;100
100;3;15;45,81055;100
100;3;15;45,81055;100
100;3;15;45,81055;100
100;3;15;45,81055;100
100;2;2;45,81055;100
100;3;15;45,81055;100
100;3;15;45,81055;100
100;2;2;45,81055;100
100;3;15;46,14355;100
100;3;15;46,14355;100
100;3;15;46,14355;100
100;3;15;46,14355;100
100;3;15;46,14355;100
100;3;15;46,14355;100
100;3;15;46,14355;100
100;2;2;46,14355;100
100;3;15;46,14355;100
100;3;15;46,14355;100
100;2;2;46,14355;100
100;3;15;46,14355;100
100;3;15;46,14355;100
100;2;2;46,14355;100
100;3;15;46,14355;100
100;3;15;46,47656;100
100;3;15;46,47656;100
100;3;15;46,47656;100
100;3;15;46,47656;100
100;3;15;46,47656;100
100;2;2;46,47656;100
100;3;15;46,47656;100
100;3;15;46,47656;100
100;3;15;46,47656;100
100;3;15;46,80957;100
100;3;15;46,80957;100
100;3;15;46,80957;100
100;2;2;46,80957;100
100;3;15;46,80957;100
100;3;15;46,80957;100
100;2;2;46,80957;100
100;3;15;46,80957;100
100;3;15;46,80957;100
100;2;2;46,80957;100
100;3;15;46,80957;100
100;3;15;46,80957;100
100;3;15;46,80957;100
100;3;15;46,80957;100
100;3;15;46,80957;100
100;3;15;47,14258;100
100;3;15;47,14258;100
100;3;15;47,14258;100
100;2;2;47,14258;100
100;3;15;47,14258;100
100;3;15;47,14258;100
100;3;15;47,14258;100
100;3;15;47,14258;100
100;3;15;47,14258;100
100;3;15;47,14258;100
100;3;15;47,14258;100
100;3;15;47,14258;100
100;3;15;47,14258;100
100;2;2;47,14258;100
100;2;2;47,47559;100
100;3;15;47,47559;100
100;3;15;47,47559;100
100;3;15;47,47559;100
100;2;2;47,47559;100
100;3;15;47,47559;100
100;3;15;47,47559;100
100;3;15;47,47559;100
100;3;15;47,47559;100
100;3;15;47,47559;100
100;3;15;47,47559;100
100;3;15;47,47559;100
100;3;15;47,80859;100
100;3;15;47,80859;100
100;3;15;47,80859;100
100;3;15;47,80859;100
100;3;15;47,80859;100
100;3;15;47,80859;100
100;3;15;47,80859;100
100;3;15;47,80859;100
100;3;15;47,80859;100
100;3;15;47,80859;100
100;3;15;47,80859;100
100;3;15;47,80859;100
100;3;15;47,80859;100
100;3;15;48,1416;100
100;3;15;48,1416;100
100;3;15;48,1416;100
100;3;15;48,1416;100
100;3;15;48,1416;100
100;3;15;48,1416;100
100;3;15;48,1416;100
100;3;15;48,1416;100
100;3;15;48,1416;100
100;3;15;48,1416;100
100;3;15;48,1416;100
100;3;15;48,1416;100
100;2;2;48,1416;100
100;3;15;48,1416;100
100;3;15;48,1416;100
100;3;15;48,47461;100
100;3;15;48,47461;85
100;3;15;48,47461;70
100;3;15;48,47461;55
100;3;15;48,47461;40
100;3;15;48,47461;25
100;2;2;48,47461;25
100;3;15;48,47461;10
100;3;15;48,47461;-5
Player