100;2;2;54,24707;100
100;3;15;54,24707;100
100;3;15;54,24707;100
100;3;15;54,24707;100
100;3;15;54,24707;100
100;3;15;54,24707;100
100;3;15;54,24707;100
100;3;15;54,24707;100
100;2;2;54,24707;100
100;3;15;54,58008;100
100;3;15;54,58008;100
100;2;2;54,58008;100
100;3;15;54,58008;100
100;3;15;54,58008;100
100;3;15;54,58008;100
100;2;2;54,58008;100
100;3;15;54,58008;100
100;3;15;54,58008;100
100;2;2;54,58008;100
100;2;2;54,58008;100
100;3;15;54,58008;100
100;3;15;54,58008;100
100;3;15;54,91309;100
100;2;2;54,91309;100
100;3;15;54,91309;100
100;3;15;54,91309;100
100;2;2;54,91309;100
100;3;15;54,91309;100
100;3;15;54,91309;100
100;2;2;54,91309;100
100;3;15;54,91309;100
100;3;15;54,91309;100
100;3;15;54,91309;100
100;2;2;55,24609;100
100;3;15;55,24609;100
100;3;15;55,24609;100
100;3;15;55,24609;100
100;3;15;55,24609;100
100;3;15;55,24609;100
100;2;2;55,24609;100
100;3;15;55,24609;100
100;3;15;55,24609;100
100;3;15;55,24609;100
100;3;15;55,5791;100
100;3;15;55,5791;100
100;3;15;55,5791;100
100;3;15;55,5791;100
100;3;15;55,5791;100
100;3;15;55,5791;100
100;2;2;55,5791;100
100;2;2;55,5791;100
100;2;2;55,5791;100
100;3;15;55,5791;100
100;3;15;55,91211;100
100;3;15;55,91211;100
100;2;2;55,91211;100
100;3;15;55,91211;100
100;3;15;55,91211;100
100;3;15;55,91211;100
100;3;15;55,91211;100
100;2;2;55,91211;100
100;3;15;55,91211;100
100;2;2;55,91211;100
100;3;15;56,24512;100
100;3;15;56,24512;100
100;2;2;56,24512;100
100;3;15;56,24512;100
100;3;15;56,24512;100
100;2;2;56,24512;100
100;3;15;56,24512;100
100;3;15;56,24512;100
100;2;2;56,24512;100
100;3;15;56,24512;100
100;3;15;56,24512;100
100;3;15;56,57813;100
100;3;15;56,57813;100
100;3;15;56,57813;100
100;3;15;56,57813;100
100;2;2;56,57813;100
100;3;15;56,57813;100
100;3;15;56,57813;100
100;3;15;56,57813;100
100;3;15;56,57813;100
100;3;15;56,57813;100
100;3;15;56,57813;100
100;3;15;56,57813;100
100;2;2;56,91113;100
100;3;15;56,91113;100
100;3;15;56,91113;100
100;3;15;56,91113;100
100;2;2;56,91113;100
100;2;2;56,91113;100
100;3;15;56,91113;100
100;2;2;56,91113;100
100;3;15;56,91113;100
100;2;2;56,91113;100
100;2;2;56,91113;100
100;3;15;56,91113;100
100;3;15;56,91113;100
100;2;2;56,91113;100
100;3;15;57,24414;100
100;3;15;57,24414;100
100;2;2;57,24414;100
100;3;15;57,24414;100
100;3;15;57,24414;100
100;3;15;57,24414;100
100;3;15;57,24414;100
100;3;15;57,24414;100
100;3;15;57,24414;100
100;2;2;57,57715;100
100;3;15;57,57715;100
100;3;15;57,57715;100
100;3;15;57,57715;100
100;3;15;57,57715;100
100;2;2;57,57715;100
100;3;15;57,57715;100
100;3;15;57,57715;100
100;3;15;57,57715;100
100;3;15;57,57715;100
100;3;15;57,57715;100
100;3;15;57,57715;100
100;2;2;57,91016;100
100;3;15;57,91016;100
100;2;2;57,91016;100
100;3;15;57,91016;100
100;3;15;57,91016;100
100;3;15;57,91016;100
100;3;15;57,91016;100
100;2;2;57,91016;100
100;2;2;57,91016;100
100;2;2;57,91016;100
100;2;2;57,91016;100
100;3;15;57,91016;100
100;3;15;58,24316;100
100;3;15;58,24316;100
100;2;2;58,24316;100
100;3;15;58,24316;100
100;2;2;58,24316;100
100;3;15;58,24316;100
100;3;15;58,24316;100
100;3;15;58,24316;100
100;3;15;58,24316;100
100;2;2;58,24316;100
100;3;15;58,57617;100
100;3;15;58,57617;100
100;3;15;58,57617;100
100;3;15;58,57617;100
100;2;2;58,57617;100
100;2;2;58,57617;100
100;3;15;58,57617;100
100;3;15;58,57617;100
100;3;15;58,57617;100
100;2;2;58,57617;100
100;3;15;58,57617;100
100;3;15;58,57617;100
100;3;15;58,90918;100
100;3;15;58,90918;100
100;3;15;58,90918;100
100;3;15;58,90918;100
100;3;15;58,90918;100
100;3;15;58,90918;100
100;3;15;58,90918;100
100;3;15;58,90918;100
100;3;15;59,24219;100
100;3;15;59,24219;100
100;3;15;59,24219;100
100;3;15;59,24219;100
100;2;2;59,24219;100
100;3;15;59,24219;100
100;2;2;59,24219;100
100;3;15;59,24219;100
100;3;15;59,24219;100
100;3;15;59,24219;100
100;3;15;59,24219;100
100;3;15;59,24219;100
100;3;15;59,24219;100
100;3;15;59,24219;100
100;2;2;59,5752;100
100;3;15;59,5752;100
100;3;15;59,5752;100
100;2;2;59,5752;100
100;3;15;59,5752;100
100;3;15;59,5752;100
100;3;15;59,5752;100
100;3;15;59,5752;100
100;3;15;59,5752;100
100;3;15;59,5752;100
100;3;15;59,9082;100
100;3;15;59,9082;100
100;3;15;59,9082;100
100;3;15;59,9082;100
100;3;15;59,9082;100
100;3;15;59,9082;100
100;3;15;59,9082;100
100;3;15;59,9082;100
100;3;15;59,9082;100
100;3;15;59,9082;100
100;3;15;59,9082;100
100;2;2;0,2412109;100
100;3;15;0,2412109;100
100;3;15;0,2412109;100
100;2;2;0,2412109;100
100;3;15;0,2412109;100
100;2;2;0,2412109;100
100;3;15;0,2412109;100
100;3;15;0,2412109;100
100;3;15;0,2412109;100
100;3;15;0,2412109;100
100;3;15;0,5742188;100
100;3;15;0,5742188;100
100;3;15;0,5742188;100
100;3;15;0,5742188;100
100;3;15;0,5742188;100
100;2;2;0,5742188;100
100;3;15;0,5742188;100
100;2;2;0,5742188;100
100;3;15;0,5742188;100
100;2;2;0,5742188;100
100;3;15;0,5742188;100
100;3;15;0,5742188;100
100;2;2;0,5742188;100
100;3;15;0,5742188;100
100;3;15;0,9072266;100
100;2;2;0,9072266;100
100;3;15;0,9072266;100
100;3;15;0,9072266;100
100;3;15;0,9072266;100
100;3;15;0,9072266;100
100;2;2;0,9072266;100
100;3;15;0,9072266;100
100;3;15;0,9072266;100
100;2;2;0,9072266;100
100;3;15;1,240234;100
100;2;2;1,240234;100
100;3;15;1,240234;100
100;3;15;1,240234;100
100;3;15;1,240234;100
100;3;15;1,240234;100
100;3;15;1,240234;100
100;2;2;1,240234;100
100;3;15;1,240234;100
100;3;15;1,240234;100
100;3;15;1,240234;100
100;3;15;1,240234;100
100;3;15;1,573242;100
100;3;15;1,573242;100
100;3;15;1,573242;100
100;3;15;1,573242;100
100;3;15;1,573242;100
100;3;15;1,573242;100
100;2;2;1,573242;100
100;3;15;1,573242;100
100;3;15;1,573242;100
100;3;15;1,573242;100
100;3;15;1,573242;100
100;3;15;1,90625;100
100;3;15;1,90625;85
100;2;2;1,90625;85
100;3;15;1,90625;70
100;3;15;1,90625;55
100;3;15;1,90625;40
100;3;15;1,90625;25
100;3;15;1,90625;10
100;3;15;2,239258;-5
Player