100;3;15;19,69189;100
100;2;2;19,69189;100
100;3;15;19,69189;100
100;3;15;19,69189;100
100;3;15;19,69189;100
100;3;15;19,69189;100
100;2;2;19,69189;100
100;2;2;19,69189;100
100;3;15;19,69189;100
100;2;2;19,69189;100
100;2;2;20,02539;100
100;3;15;20,02539;100
100;2;2;20,02539;100
100;2;2;20,02539;100
100;3;15;20,02539;100
100;2;2;20,02539;100
100;2;2;20,02539;100
100;3;15;20,02539;100
100;2;2;20,02539;100
100;3;15;20,02539;100
100;3;15;20,02539;100
100;3;15;20,02539;100
100;3;15;20,35889;100
100;2;2;20,35889;100
100;2;2;20,35889;100
100;2;2;20,35889;100
100;2;2;20,35889;100
100;2;2;20,35889;100
100;2;2;20,35889;100
100;3;15;20,35889;100
100;3;15;20,35889;100
100;3;15;20,35889;100
100;3;15;20,35889;100
100;3;15;20,35889;100
100;3;15;20,69238;100
100;2;2;20,69238;100
100;2;2;20,69238;100
100;2;2;20,69238;100
100;3;15;20,69238;100
100;3;15;20,69238;100
100;2;2;20,69238;100
100;3;15;20,69238;100
100;2;2;20,69238;100
100;2;2;20,69238;100
100;3;15;20,69238;100
100;2;2;20,69238;100
100;2;2;20,69238;100
100;3;15;21,02588;100
100;3;15;21,02588;100
100;2;2;21,02588;100
100;2;2;21,02588;100
100;3;15;21,02588;100
100;3;15;21,02588;100
100;2;2;21,02588;100
100;3;15;21,02588;100
100;3;15;21,35938;100
100;3;15;21,35938;100
100;3;15;21,35938;100
100;2;2;21,35938;100
100;3;15;21,35938;100
100;3;15;21,35938;100
100;2;2;21,35938;100
100;2;2;21,35938;100
100;2;2;21,35938;100
100;2;2;21,35938;100
100;2;2;21,35938;100
100;3;15;21,35938;100
100;3;15;21,69287;100
100;3;15;21,69287;100
100;2;2;21,69287;100
100;2;2;21,69287;100
100;2;2;21,69287;100
100;2;2;21,69287;100
100;3;15;21,69287;100
100;3;15;21,69287;100
100;3;15;21,69287;100
100;3;15;21,69287;100
100;3;15;22,02637;100
100;2;2;22,02637;100
100;3;15;22,02637;100
100;3;15;22,02637;100
100;2;2;22,02637;100
100;3;15;22,02637;100
100;3;15;22,02637;100
100;3;15;22,02637;100
100;3;15;22,02637;100
100;3;15;22,35986;100
100;3;15;22,35986;100
100;3;15;22,35986;100
100;2;2;22,35986;100
100;2;2;22,35986;100
100;3;15;22,35986;100
100;2;2;22,35986;100
100;2;2;22,69336;100
100;3;15;22,69336;100
100;3;15;22,69336;100
100;3;15;22,69336;100
100;3;15;22,69336;100
100;3;15;22,69336;100
100;3;15;22,69336;100
100;3;15;22,69336;100
100;3;15;22,69336;100
100;3;15;23,02686;100
100;3;15;23,02686;100
100;2;2;23,02686;100
100;3;15;23,02686;100
100;2;2;23,02686;100
100;3;15;23,02686;100
100;2;2;23,02686;100
100;3;15;23,02686;100
100;3;15;23,02686;100
100;2;2;23,36035;100
100;2;2;23,36035;100
100;3;15;23,36035;100
100;2;2;23,36035;100
100;3;15;23,36035;100
100;2;2;23,36035;100
100;3;15;23,36035;100
100;3;15;23,36035;100
100;3;15;23,69385;100
100;2;2;23,69385;100
100;3;15;23,69385;100
100;3;15;23,69385;100
100;3;15;23,69385;100
100;3;15;23,69385;100
100;2;2;24,02734;100
100;3;15;24,02734;100
100;2;2;24,02734;100
100;2;2;24,02734;100
100;2;2;24,02734;100
100;3;15;24,02734;100
100;3;15;24,02734;100
100;2;2;24,02734;100
100;2;2;24,02734;100
100;2;2;24,02734;100
100;2;2;24,02734;100
100;2;2;24,36084;100
100;2;2;24,36084;100
100;3;15;24,36084;100
100;2;2;24,36084;100
100;3;15;24,36084;100
100;2;2;24,36084;100
100;2;2;24,36084;100
100;3;15;24,36084;100
100;3;15;24,69434;100
100;2;2;24,69434;100
100;3;15;24,69434;100
100;2;2;24,69434;100
100;3;15;24,69434;100
100;3;15;24,69434;100
100;3;15;24,69434;100
100;3;15;24,69434;100
100;3;15;24,69434;100
100;3;15;25,02783;100
100;2;2;25,02783;100
100;3;15;25,02783;100
100;2;2;25,02783;100
100;3;15;25,02783;100
100;2;2;25,02783;100
100;3;15;25,02783;100
100;3;15;25,02783;100
100;3;15;25,02783;100
100;3;15;25,02783;100
100;3;15;25,36133;100
100;2;2;25,36133;100
100;3;15;25,36133;100
100;2;2;25,36133;100
100;2;2;25,36133;100
100;2;2;25,36133;100
100;3;15;25,36133;100
100;2;2;25,36133;100
100;3;15;25,69482;100
100;3;15;25,69482;100
100;2;2;25,69482;100
100;2;2;25,69482;100
100;3;15;25,69482;100
100;3;15;25,69482;100
100;2;2;25,69482;100
100;3;15;25,69482;100
100;3;15;25,69482;100
100;3;15;25,69482;100
100;2;2;25,69482;100
100;3;15;25,69482;100
100;2;2;25,69482;100
100;3;15;26,02832;100
100;3;15;26,02832;100
100;3;15;26,02832;100
100;2;2;26,02832;100
100;2;2;26,02832;100
100;3;15;26,02832;100
100;3;15;26,36182;100
100;3;15;26,36182;100
100;3;15;26,36182;100
100;3;15;26,36182;100
100;3;15;26,36182;100
100;3;15;26,36182;100
100;2;2;26,36182;100
100;2;2;26,36182;100
100;2;2;26,36182;100
100;3;15;26,36182;100
100;3;15;26,36182;100
100;3;15;26,69531;100
100;3;15;26,69531;100
100;2;2;26,69531;100
100;3;15;26,69531;100
100;2;2;26,69531;100
100;2;2;26,69531;100
100;2;2;26,69531;100
100;3;15;26,69531;100
100;3;15;26,69531;100
100;2;2;26,69531;100
100;3;15;27,02881;100
100;3;15;27,02881;100
100;3;15;27,02881;100
100;2;2;27,02881;100
100;2;2;27,02881;100
100;3;15;27,02881;100
100;3;15;27,02881;100
100;3;15;27,02881;100
100;3;15;27,3623;100
100;2;2;27,3623;100
100;3;15;27,3623;100
100;3;15;27,3623;100
100;3;15;27,3623;100
100;3;15;27,3623;100
100;2;2;27,3623;100
100;2;2;27,3623;100
100;2;2;27,6958;100
100;2;2;27,6958;100
100;3;15;27,6958;100
100;3;15;27,6958;100
100;3;15;27,6958;100
100;3;15;27,6958;100
100;3;15;28,0293;100
100;3;15;28,0293;100
100;2;2;28,0293;100
100;3;15;28,0293;100
100;2;2;28,0293;100
100;2;2;28,0293;100
100;2;2;28,0293;100
100;2;2;28,0293;100
100;2;2;28,0293;100
100;3;15;28,0293;100
100;3;15;28,36279;100
100;3;15;28,36279;100
100;2;2;28,36279;100
100;3;15;28,36279;100
100;2;2;28,36279;100
100;3;15;28,36279;100
100;2;2;28,69629;100
100;3;15;28,69629;85
100;2;2;28,69629;85
100;3;15;28,69629;70
100;3;15;28,69629;55
100;3;15;28,69629;40
100;3;15;28,69629;25
100;2;2;28,69629;25
100;2;2;28,69629;25
100;3;15;28,69629;10
100;3;15;28,69629;-5
Player