100;3;15;0,4370117;100
100;3;15;0,4370117;100
100;3;15;0,4370117;100
100;3;15;0,4370117;100
100;3;15;0,4370117;100
100;3;15;0,4370117;100
100;2;2;0,4370117;100
100;3;15;0,7705078;100
100;3;15;0,7705078;100
100;3;15;0,7705078;100
100;3;15;0,7705078;100
100;3;15;0,7705078;100
100;3;15;0,7705078;100
100;2;2;0,7705078;100
100;2;2;0,7705078;100
100;3;15;0,7705078;100
100;2;2;0,7705078;100
100;2;2;0,7705078;100
100;3;15;0,7705078;100
100;3;15;1,104004;100
100;2;2;1,104004;100
100;2;2;1,104004;100
100;3;15;1,104004;100
100;2;2;1,104004;100
100;3;15;1,104004;100
100;2;2;1,104004;100
100;3;15;1,104004;100
100;3;15;1,104004;100
100;2;2;1,104004;100
100;2;2;1,104004;100
100;3;15;1,104004;100
100;3;15;1,104004;100
100;2;2;1,104004;100
100;2;2;1,4375;100
100;3;15;1,4375;100
100;2;2;1,4375;100
100;2;2;1,4375;100
100;2;2;1,4375;100
100;3;15;1,4375;100
100;3;15;1,4375;100
100;3;15;1,4375;100
100;3;15;1,770996;100
100;3;15;1,770996;100
100;3;15;1,770996;100
100;3;15;1,770996;100
100;3;15;1,770996;100
100;2;2;1,770996;100
100;2;2;2,104492;100
100;3;15;2,104492;100
100;2;2;2,104492;100
100;3;15;2,104492;100
100;2;2;2,104492;100
100;3;15;2,104492;100
100;3;15;2,104492;100
100;3;15;2,104492;100
100;3;15;2,104492;100
100;2;2;2,437988;100
100;2;2;2,437988;100
100;3;15;2,437988;100
100;3;15;2,437988;100
100;2;2;2,437988;100
100;3;15;2,437988;100
100;3;15;2,437988;100
100;2;2;2,771484;100
100;3;15;2,771484;100
100;2;2;2,771484;100
100;3;15;2,771484;100
100;3;15;2,771484;100
100;3;15;2,771484;100
100;3;15;2,771484;100
100;3;15;2,771484;100
100;2;2;2,771484;100
100;3;15;2,771484;100
100;3;15;2,771484;100
100;3;15;3,10498;100
100;2;2;3,10498;100
100;3;15;3,10498;100
100;3;15;3,10498;100
100;3;15;3,10498;100
100;2;2;3,10498;100
100;2;2;3,10498;100
100;3;15;3,10498;100
100;3;15;3,10498;100
100;2;2;3,10498;100
100;3;15;3,438477;100
100;2;2;3,438477;100
100;2;2;3,438477;100
100;3;15;3,438477;100
100;3;15;3,438477;100
100;2;2;3,438477;100
100;2;2;3,438477;100
100;3;15;3,438477;100
100;3;15;3,771973;100
100;2;2;3,771973;100
100;3;15;3,771973;100
100;3;15;3,771973;100
100;2;2;3,771973;100
100;3;15;3,771973;100
100;2;2;4,105469;100
100;3;15;4,105469;100
100;2;2;4,105469;100
100;2;2;4,105469;100
100;3;15;4,105469;100
100;3;15;4,438965;100
100;3;15;4,438965;100
100;3;15;4,438965;100
100;3;15;4,438965;100
100;2;2;4,438965;100
100;2;2;4,438965;100
100;3;15;4,438965;100
100;3;15;4,438965;100
100;3;15;4,772461;100
100;2;2;4,772461;100
100;2;2;4,772461;100
100;3;15;4,772461;100
100;3;15;4,772461;100
100;3;15;4,772461;100
100;3;15;4,772461;100
100;2;2;4,772461;100
100;3;15;4,772461;100
100;3;15;4,772461;100
100;2;2;4,772461;100
100;3;15;5,105957;100
100;3;15;5,105957;100
100;3;15;5,105957;100
100;2;2;5,105957;100
100;3;15;5,105957;100
100;2;2;5,105957;100
100;2;2;5,105957;100
100;3;15;5,105957;100
100;2;2;5,439453;100
100;3;15;5,439453;100
100;2;2;5,439453;100
100;2;2;5,439453;100
100;2;2;5,439453;100
100;3;15;5,439453;100
100;2;2;5,439453;100
100;2;2;5,439453;100
100;2;2;5,439453;100
100;3;15;5,772949;100
100;2;2;5,772949;100
100;2;2;5,772949;100
100;2;2;5,772949;100
100;3;15;5,772949;100
100;3;15;6,106445;100
100;3;15;6,106445;100
100;3;15;6,106445;100
100;2;2;6,106445;100
100;3;15;6,106445;100
100;2;2;6,106445;100
100;2;2;6,439941;100
100;3;15;6,439941;100
100;3;15;6,439941;100
100;3;15;6,439941;100
100;3;15;6,439941;100
100;3;15;6,439941;100
100;3;15;6,773438;100
100;3;15;6,773438;100
100;3;15;6,773438;100
100;3;15;6,773438;100
100;2;2;6,773438;100
100;3;15;6,773438;100
100;3;15;6,773438;100
100;3;15;6,773438;100
100;2;2;6,773438;100
100;2;2;6,773438;100
100;3;15;7,106934;100
100;2;2;7,106934;100
100;2;2;7,106934;100
100;3;15;7,106934;100
100;3;15;7,106934;100
100;3;15;7,106934;100
100;3;15;7,106934;100
100;3;15;7,106934;100
100;3;15;7,44043;100
100;3;15;7,44043;100
100;2;2;7,44043;100
100;2;2;7,44043;100
100;3;15;7,44043;100
100;3;15;7,44043;100
100;2;2;7,44043;100
100;3;15;7,44043;100
100;2;2;7,773926;100
100;2;2;7,773926;100
100;3;15;7,773926;100
100;3;15;7,773926;100
100;2;2;7,773926;100
100;3;15;8,107422;100
100;2;2;8,107422;100
100;2;2;8,107422;100
100;3;15;8,107422;100
100;3;15;8,107422;100
100;3;15;8,107422;100
100;3;15;8,107422;100
100;2;2;8,107422;100
100;3;15;8,440918;100
100;3;15;8,440918;100
100;3;15;8,440918;100
100;3;15;8,440918;100
100;2;2;8,440918;100
100;3;15;8,440918;100
100;2;2;8,440918;100
100;2;2;8,440918;100
100;2;2;8,440918;100
100;3;15;8,440918;100
100;2;2;8,440918;100
100;3;15;8,440918;100
100;3;15;8,774414;100
100;2;2;8,774414;100
100;3;15;8,774414;100
100;2;2;8,774414;100
100;3;15;8,774414;100
100;3;15;8,774414;100
100;2;2;8,774414;100
100;3;15;8,774414;100
100;3;15;8,774414;100
100;3;15;8,774414;100
100;3;15;9,10791;100
100;3;15;9,10791;100
100;3;15;9,10791;100
100;3;15;9,10791;100
100;3;15;9,10791;100
100;3;15;9,10791;100
100;3;15;9,10791;100
100;2;2;9,10791;100
100;3;15;9,10791;100
100;3;15;9,10791;100
100;3;15;9,10791;100
100;3;15;9,441406;100
100;2;2;9,441406;100
100;3;15;9,441406;100
100;2;2;9,441406;100
100;3;15;9,441406;100
100;3;15;9,441406;100
100;3;15;9,441406;100
100;2;2;9,441406;100
100;2;2;9,441406;100
100;3;15;9,774902;100
100;3;15;9,774902;100
100;2;2;9,774902;100
100;3;15;9,774902;100
100;3;15;9,774902;100
100;2;2;9,774902;100
100;3;15;9,774902;100
100;2;2;9,774902;100
100;2;2;9,774902;100
100;2;2;9,774902;100
100;2;2;9,774902;100
100;3;15;9,774902;100
100;3;15;10,1084;100
100;3;15;10,1084;100
100;3;15;10,1084;100
100;3;15;10,1084;100
100;3;15;10,1084;100
100;3;15;10,1084;100
100;3;15;10,1084;100
100;2;2;10,1084;100
100;3;15;10,1084;100
100;3;15;10,1084;100
100;2;2;10,1084;100
100;3;15;10,1084;100
100;3;15;10,1084;100
100;3;15;10,1084;100
100;3;15;10,44189;100
100;3;15;10,44189;100
100;3;15;10,44189;100
100;3;15;10,44189;100
100;2;2;10,44189;100
100;2;2;10,44189;100
100;2;2;10,44189;100
100;2;2;10,44189;100
100;3;15;10,44189;100
100;2;2;10,44189;100
100;3;15;10,44189;100
100;3;15;10,44189;100
100;2;2;10,44189;100
100;3;15;10,77539;100
100;2;2;10,77539;100
100;2;2;10,77539;100
100;2;2;10,77539;100
100;2;2;10,77539;100
100;3;15;10,77539;85
100;3;15;10,77539;70
100;3;15;11,10889;55
100;3;15;11,10889;40
100;2;2;11,10889;40
100;3;15;11,10889;25
100;2;2;11,10889;25
100;2;2;11,10889;25
100;3;15;11,10889;10
100;3;15;11,10889;-5
Player