100;3;15;56,05078;100
100;2;2;56,38379;100
100;3;15;56,38379;100
100;3;15;56,38379;100
100;2;2;56,38379;100
100;3;15;56,38379;100
100;3;15;56,7168;100
100;2;2;56,7168;100
100;2;2;56,7168;100
100;2;2;56,7168;100
100;3;15;56,7168;100
100;2;2;56,7168;100
100;3;15;56,7168;100
100;3;15;56,7168;100
100;3;15;56,7168;100
100;3;15;57,0498;100
100;3;15;57,0498;100
100;3;15;57,0498;100
100;2;2;57,0498;100
100;3;15;57,0498;100
100;3;15;57,0498;100
100;2;2;57,0498;100
100;3;15;57,0498;100
100;2;2;57,0498;100
100;2;2;57,0498;100
100;3;15;57,38281;100
100;3;15;57,38281;100
100;2;2;57,38281;100
100;3;15;57,38281;100
100;3;15;57,38281;100
100;3;15;57,38281;100
100;2;2;57,38281;100
100;3;15;57,38281;100
100;2;2;57,38281;100
100;3;15;57,38281;100
100;3;15;57,71582;100
100;3;15;57,71582;100
100;3;15;57,71582;100
100;3;15;57,71582;100
100;2;2;57,71582;100
100;2;2;57,71582;100
100;2;2;57,71582;100
100;3;15;58,04883;100
100;3;15;58,04883;100
100;3;15;58,04883;100
100;3;15;58,04883;100
100;3;15;58,04883;100
100;2;2;58,04883;100
100;3;15;58,04883;100
100;3;15;58,04883;100
100;2;2;58,04883;100
100;3;15;58,04883;100
100;3;15;58,04883;100
100;2;2;58,04883;100
100;3;15;58,38184;100
100;3;15;58,38184;100
100;2;2;58,38184;100
100;3;15;58,38184;100
100;3;15;58,38184;100
100;2;2;58,38184;100
100;3;15;58,38184;100
100;2;2;58,38184;100
100;3;15;58,38184;100
100;2;2;58,38184;100
100;2;2;58,38184;100
100;3;15;58,38184;100
100;2;2;58,38184;100
100;2;2;58,71484;100
100;3;15;58,71484;100
100;3;15;58,71484;100
100;3;15;58,71484;100
100;3;15;58,71484;100
100;2;2;58,71484;100
100;3;15;58,71484;100
100;3;15;58,71484;100
100;2;2;58,71484;100
100;3;15;58,71484;100
100;3;15;58,71484;100
100;3;15;59,04785;100
100;3;15;59,04785;100
100;3;15;59,04785;100
100;3;15;59,04785;100
100;3;15;59,04785;100
100;2;2;59,04785;100
100;3;15;59,04785;100
100;3;15;59,04785;100
100;2;2;59,38086;100
100;3;15;59,38086;100
100;3;15;59,38086;100
100;3;15;59,38086;100
100;2;2;59,38086;100
100;2;2;59,38086;100
100;3;15;59,38086;100
100;3;15;59,38086;100
100;3;15;59,38086;100
100;3;15;59,38086;100
100;3;15;59,38086;100
100;3;15;59,38086;100
100;2;2;59,38086;100
100;3;15;59,71387;100
100;3;15;59,71387;100
100;3;15;59,71387;100
100;3;15;59,71387;100
100;3;15;59,71387;100
100;2;2;59,71387;100
100;3;15;59,71387;100
100;3;15;59,71387;100
100;3;15;59,71387;100
100;3;15;59,71387;100
100;3;15;59,71387;100
100;3;15;0,046875;100
100;3;15;0,046875;100
100;3;15;0,046875;100
100;3;15;0,046875;100
100;2;2;0,046875;100
100;3;15;0,046875;100
100;2;2;0,046875;100
100;3;15;0,046875;100
100;3;15;0,046875;100
100;3;15;0,046875;100
100;3;15;0,046875;100
100;3;15;0,046875;100
100;2;2;0,3798828;100
100;2;2;0,3798828;100
100;3;15;0,3798828;100
100;3;15;0,3798828;100
100;3;15;0,3798828;100
100;2;2;0,3798828;100
100;3;15;0,3798828;100
100;2;2;0,3798828;100
100;3;15;0,3798828;100
100;3;15;0,3798828;100
100;3;15;0,3798828;100
100;2;2;0,3798828;100
100;2;2;0,7128906;100
100;3;15;0,7128906;100
100;2;2;0,7128906;100
100;3;15;0,7128906;100
100;2;2;0,7128906;100
100;3;15;0,7128906;100
100;2;2;0,7128906;100
100;3;15;0,7128906;100
100;2;2;0,7128906;100
100;3;15;0,7128906;100
100;3;15;0,7128906;100
100;3;15;0,7128906;100
100;2;2;0,7128906;100
100;3;15;0,7128906;100
100;3;15;0,7128906;100
100;2;2;1,045898;100
100;3;15;1,045898;100
100;2;2;1,045898;100
100;3;15;1,045898;100
100;2;2;1,045898;100
100;3;15;1,045898;100
100;2;2;1,045898;100
100;3;15;1,045898;100
100;3;15;1,045898;100
100;2;2;1,045898;100
100;2;2;1,045898;100
100;2;2;1,378906;100
100;2;2;1,378906;100
100;3;15;1,378906;100
100;2;2;1,378906;100
100;3;15;1,378906;100
100;3;15;1,378906;100
100;2;2;1,378906;100
100;3;15;1,378906;100
100;3;15;1,378906;100
100;3;15;1,378906;100
100;3;15;1,378906;100
100;3;15;1,378906;100
100;3;15;1,378906;100
100;3;15;1,711914;100
100;3;15;1,711914;100
100;3;15;1,711914;100
100;2;2;1,711914;100
100;3;15;1,711914;100
100;3;15;1,711914;100
100;3;15;1,711914;100
100;3;15;1,711914;100
100;2;2;1,711914;100
100;2;2;1,711914;100
100;3;15;1,711914;100
100;3;15;1,711914;100
100;2;2;2,044922;100
100;2;2;2,044922;100
100;3;15;2,044922;100
100;3;15;2,044922;100
100;3;15;2,044922;100
100;3;15;2,044922;100
100;2;2;2,044922;100
100;2;2;2,044922;100
100;3;15;2,044922;100
100;3;15;2,044922;100
100;3;15;2,044922;100
100;2;2;2,37793;100
100;3;15;2,37793;100
100;3;15;2,37793;100
100;3;15;2,37793;100
100;3;15;2,37793;100
100;3;15;2,37793;100
100;3;15;2,37793;100
100;3;15;2,37793;100
100;3;15;2,37793;100
100;3;15;2,710938;100
100;3;15;2,710938;85
100;3;15;2,710938;70
100;2;2;2,710938;70
100;3;15;2,710938;55
100;3;15;2,710938;40
100;2;2;2,710938;40
100;3;15;2,710938;25
100;3;15;2,710938;10
100;2;2;2,710938;10
100;3;15;2,710938;-5
Player