100;3;15;32,23633;100
100;3;15;32,23633;100
100;2;2;32,23633;100
100;2;2;32,23633;100
100;2;2;32,23633;100
100;2;2;32,23633;100
100;3;15;32,23633;100
100;2;2;32,23633;100
100;3;15;32,56982;100
100;3;15;32,56982;100
100;2;2;32,56982;100
100;2;2;32,56982;100
100;3;15;32,56982;100
100;3;15;32,56982;100
100;2;2;32,56982;100
100;3;15;32,56982;100
100;3;15;32,56982;100
100;3;15;32,90332;100
100;3;15;32,90332;100
100;3;15;32,90332;100
100;3;15;32,90332;100
100;3;15;32,90332;100
100;3;15;32,90332;100
100;2;2;32,90332;100
100;2;2;32,90332;100
100;3;15;33,23682;100
100;2;2;33,23682;100
100;2;2;33,23682;100
100;3;15;33,23682;100
100;2;2;33,23682;100
100;3;15;33,23682;100
100;3;15;33,23682;100
100;3;15;33,23682;100
100;3;15;33,23682;100
100;3;15;33,23682;100
100;3;15;33,23682;100
100;3;15;33,23682;100
100;2;2;33,57031;100
100;3;15;33,57031;100
100;3;15;33,57031;100
100;3;15;33,57031;100
100;2;2;33,57031;100
100;2;2;33,57031;100
100;2;2;33,57031;100
100;3;15;33,57031;100
100;3;15;33,57031;100
100;3;15;33,57031;100
100;3;15;33,57031;100
100;3;15;33,57031;100
100;2;2;33,90381;100
100;2;2;33,90381;100
100;2;2;33,90381;100
100;3;15;33,90381;100
100;2;2;33,90381;100
100;3;15;33,90381;100
100;2;2;33,90381;100
100;3;15;33,90381;100
100;3;15;33,90381;100
100;2;2;33,90381;100
100;2;2;33,90381;100
100;3;15;33,90381;100
100;3;15;34,2373;100
100;3;15;34,2373;100
100;3;15;34,2373;100
100;3;15;34,2373;100
100;2;2;34,2373;100
100;2;2;34,2373;100
100;2;2;34,2373;100
100;2;2;34,2373;100
100;2;2;34,2373;100
100;3;15;34,5708;100
100;3;15;34,5708;100
100;2;2;34,5708;100
100;2;2;34,5708;100
100;2;2;34,5708;100
100;3;15;34,5708;100
100;3;15;34,5708;100
100;3;15;34,5708;100
100;2;2;34,5708;100
100;3;15;34,5708;100
100;3;15;34,9043;100
100;3;15;34,9043;100
100;3;15;34,9043;100
100;3;15;34,9043;100
100;3;15;34,9043;100
100;2;2;34,9043;100
100;2;2;34,9043;100
100;2;2;34,9043;100
100;3;15;34,9043;100
100;2;2;35,23779;100
100;3;15;35,23779;100
100;2;2;35,23779;100
100;2;2;35,23779;100
100;2;2;35,23779;100
100;2;2;35,23779;100
100;2;2;35,23779;100
100;3;15;35,23779;100
100;2;2;35,23779;100
100;2;2;35,23779;100
100;2;2;35,57129;100
100;3;15;35,57129;100
100;2;2;35,57129;100
100;2;2;35,57129;100
100;3;15;35,57129;100
100;2;2;35,57129;100
100;3;15;35,57129;100
100;3;15;35,57129;100
100;2;2;35,57129;100
100;3;15;35,90479;100
100;2;2;35,90479;100
100;3;15;35,90479;100
100;3;15;35,90479;100
100;2;2;35,90479;100
100;3;15;35,90479;100
100;2;2;35,90479;100
100;2;2;35,90479;100
100;2;2;36,23828;100
100;3;15;36,23828;100
100;2;2;36,23828;100
100;3;15;36,23828;100
100;3;15;36,23828;100
100;3;15;36,23828;100
100;2;2;36,23828;100
100;2;2;36,23828;100
100;3;15;36,57178;100
100;2;2;36,57178;100
100;2;2;36,57178;100
100;3;15;36,57178;100
100;3;15;36,57178;100
100;3;15;36,90527;100
100;3;15;36,90527;100
100;3;15;36,90527;100
100;3;15;36,90527;100
100;2;2;36,90527;100
100;2;2;36,90527;100
100;3;15;36,90527;100
100;3;15;36,90527;100
100;3;15;36,90527;100
100;2;2;36,90527;100
100;3;15;37,23877;100
100;2;2;37,23877;100
100;3;15;37,23877;100
100;3;15;37,23877;100
100;3;15;37,23877;100
100;2;2;37,23877;100
100;2;2;37,23877;100
100;3;15;37,23877;100
100;2;2;37,23877;100
100;3;15;37,23877;100
100;3;15;37,57227;100
100;3;15;37,57227;100
100;3;15;37,57227;100
100;2;2;37,57227;100
100;3;15;37,57227;100
100;3;15;37,57227;100
100;2;2;37,57227;100
100;3;15;37,57227;100
100;2;2;37,90576;100
100;2;2;37,90576;100
100;2;2;37,90576;100
100;3;15;37,90576;100
100;3;15;37,90576;100
100;3;15;37,90576;100
100;3;15;37,90576;100
100;2;2;37,90576;100
100;2;2;37,90576;100
100;3;15;37,90576;100
100;3;15;37,90576;100
100;3;15;37,90576;100
100;2;2;37,90576;100
100;2;2;38,23926;100
100;3;15;38,23926;100
100;3;15;38,23926;100
100;3;15;38,23926;100
100;2;2;38,23926;100
100;3;15;38,23926;100
100;2;2;38,23926;100
100;2;2;38,23926;100
100;3;15;38,23926;100
100;3;15;38,57275;100
100;3;15;38,57275;100
100;2;2;38,57275;100
100;3;15;38,57275;100
100;2;2;38,57275;100
100;3;15;38,57275;100
100;3;15;38,57275;100
100;3;15;38,57275;100
100;2;2;38,57275;100
100;3;15;38,90625;100
100;3;15;38,90625;100
100;2;2;38,90625;100
100;3;15;38,90625;100
100;3;15;38,90625;100
100;2;2;38,90625;100
100;2;2;38,90625;100
100;3;15;38,90625;100
100;2;2;38,90625;100
100;3;15;39,23975;100
100;3;15;39,23975;100
100;3;15;39,23975;100
100;3;15;39,23975;100
100;3;15;39,23975;100
100;2;2;39,23975;100
100;3;15;39,23975;100
100;3;15;39,23975;100
100;2;2;39,23975;100
100;2;2;39,23975;100
100;3;15;39,23975;100
100;3;15;39,23975;100
100;3;15;39,23975;100
100;3;15;39,57324;100
100;3;15;39,57324;100
100;2;2;39,57324;100
100;3;15;39,57324;100
100;2;2;39,57324;100
100;3;15;39,57324;100
100;3;15;39,57324;100
100;3;15;39,90674;100
100;3;15;39,90674;100
100;3;15;39,90674;100
100;3;15;39,90674;100
100;3;15;39,90674;100
100;3;15;39,90674;100
100;3;15;39,90674;100
100;3;15;39,90674;100
100;3;15;39,90674;100
100;3;15;39,90674;100
100;3;15;40,24023;100
100;3;15;40,24023;100
100;2;2;40,24023;100
100;2;2;40,24023;100
100;3;15;40,24023;100
100;2;2;40,24023;100
100;2;2;40,24023;100
100;3;15;40,24023;100
100;3;15;40,24023;100
100;2;2;40,24023;100
100;3;15;40,24023;100
100;2;2;40,57373;100
100;3;15;40,57373;100
100;3;15;40,57373;100
100;2;2;40,57373;100
100;3;15;40,57373;100
100;3;15;40,57373;100
100;3;15;40,57373;100
100;3;15;40,57373;100
100;3;15;40,90723;100
100;3;15;40,90723;100
100;2;2;40,90723;100
100;2;2;40,90723;100
100;3;15;40,90723;100
100;2;2;40,90723;100
100;2;2;40,90723;100
100;3;15;40,90723;100
100;3;15;40,90723;100
100;2;2;40,90723;100
100;3;15;40,90723;100
100;3;15;41,24072;100
100;3;15;41,24072;100
100;3;15;41,24072;100
100;2;2;41,24072;100
100;2;2;41,24072;100
100;2;2;41,24072;100
100;3;15;41,24072;100
100;2;2;41,57422;100
100;3;15;41,57422;100
100;2;2;41,57422;100
100;3;15;41,57422;100
100;3;15;41,57422;100
100;3;15;41,57422;100
100;3;15;41,57422;100
100;3;15;41,57422;100
100;3;15;41,90771;100
100;2;2;41,90771;100
100;2;2;41,90771;100
100;3;15;41,90771;100
100;2;2;41,90771;100
100;3;15;41,90771;100
100;3;15;41,90771;100
100;3;15;41,90771;100
100;3;15;41,90771;100
100;3;15;41,90771;100
100;2;2;41,90771;100
100;2;2;41,90771;100
100;3;15;41,90771;100
100;3;15;41,90771;100
100;2;2;42,24121;100
100;2;2;42,24121;100
100;3;15;42,24121;100
100;3;15;42,24121;100
100;2;2;42,24121;100
100;2;2;42,24121;100
100;3;15;42,24121;100
100;3;15;42,24121;100
100;2;2;42,24121;100
100;2;2;42,57471;100
100;2;2;42,57471;100
100;3;15;42,57471;100
100;2;2;42,57471;100
100;3;15;42,57471;100
100;2;2;42,57471;100
100;2;2;42,57471;100
100;2;2;42,57471;100
100;3;15;42,57471;100
100;2;2;42,9082;100
100;3;15;42,9082;100
100;3;15;42,9082;100
100;2;2;42,9082;100
100;3;15;42,9082;100
100;2;2;43,2417;100
100;3;15;43,2417;100
100;3;15;43,2417;100
100;3;15;43,2417;100
100;2;2;43,2417;100
100;3;15;43,2417;100
100;2;2;43,2417;100
100;3;15;43,2417;100
100;3;15;43,2417;100
100;2;2;43,2417;100
100;3;15;43,2417;100
100;3;15;43,2417;100
100;3;15;43,2417;100
100;3;15;43,5752;100
100;2;2;43,5752;100
100;3;15;43,5752;100
100;3;15;43,5752;100
100;2;2;43,5752;100
100;2;2;43,5752;100
100;3;15;43,5752;100
100;3;15;43,90869;100
100;3;15;43,90869;100
100;3;15;43,90869;100
100;3;15;43,90869;100
100;3;15;43,90869;100
100;3;15;43,90869;100
100;2;2;43,90869;100
100;2;2;43,90869;100
100;2;2;43,90869;100
100;2;2;44,24219;100
100;2;2;44,24219;100
100;2;2;44,24219;100
100;3;15;44,24219;100
100;2;2;44,24219;100
100;3;15;44,24219;100
100;3;15;44,24219;100
100;3;15;44,24219;100
100;2;2;44,24219;100
100;3;15;44,24219;100
100;3;15;44,24219;100
100;2;2;44,24219;100
100;2;2;44,24219;100
100;3;15;44,57568;100
100;3;15;44,57568;100
100;2;2;44,57568;100
100;2;2;44,57568;100
100;3;15;44,57568;100
100;3;15;44,57568;100
100;3;15;44,57568;100
100;3;15;44,57568;100
100;3;15;44,57568;100
100;3;15;44,90918;100
100;2;2;44,90918;100
100;2;2;44,90918;100
100;2;2;44,90918;100
100;3;15;44,90918;100
100;2;2;44,90918;100
100;2;2;44,90918;100
100;2;2;44,90918;100
100;2;2;44,90918;100
100;2;2;44,90918;100
100;3;15;45,24268;100
100;2;2;45,24268;100
100;2;2;45,24268;100
100;3;15;45,24268;100
100;3;15;45,24268;100
100;3;15;45,57617;100
100;3;15;45,57617;100
100;3;15;45,57617;100
100;2;2;45,57617;100
100;2;2;45,57617;100
100;3;15;45,57617;100
100;2;2;45,57617;100
100;2;2;45,57617;100
100;3;15;45,57617;100
100;3;15;45,57617;100
100;3;15;45,90967;85
100;2;2;45,90967;85
100;2;2;45,90967;85
100;3;15;45,90967;70
100;3;15;45,90967;55
100;2;2;45,90967;55
100;3;15;45,90967;40
100;3;15;45,90967;25
100;3;15;45,90967;10
100;3;15;45,90967;-5
Player