100;3;15;29,05859;100
100;3;15;29,05859;100
100;3;15;29,05859;100
100;3;15;29,05859;100
100;3;15;29,05859;100
100;3;15;29,05859;100
100;3;15;29,05859;100
100;2;2;29,3916;100
100;3;15;29,3916;100
100;3;15;29,3916;100
100;3;15;29,3916;100
100;3;15;29,3916;100
100;3;15;29,3916;100
100;2;2;29,3916;100
100;3;15;29,3916;100
100;3;15;29,3916;100
100;2;2;29,3916;100
100;3;15;29,72461;100
100;2;2;29,72461;100
100;3;15;29,72461;100
100;3;15;29,72461;100
100;3;15;29,72461;100
100;3;15;29,72461;100
100;3;15;29,72461;100
100;3;15;29,72461;100
100;3;15;29,72461;100
100;2;2;29,72461;100
100;2;2;30,05762;100
100;2;2;30,05762;100
100;3;15;30,05762;100
100;3;15;30,05762;100
100;3;15;30,05762;100
100;2;2;30,05762;100
100;3;15;30,05762;100
100;3;15;30,05762;100
100;3;15;30,05762;100
100;3;15;30,05762;100
100;3;15;30,05762;100
100;3;15;30,05762;100
100;2;2;30,39063;100
100;3;15;30,39063;100
100;3;15;30,39063;100
100;3;15;30,39063;100
100;3;15;30,39063;100
100;3;15;30,39063;100
100;2;2;30,39063;100
100;3;15;30,39063;100
100;3;15;30,39063;100
100;3;15;30,39063;100
100;3;15;30,39063;100
100;2;2;30,39063;100
100;3;15;30,72363;100
100;3;15;30,72363;100
100;3;15;30,72363;100
100;3;15;30,72363;100
100;2;2;30,72363;100
100;2;2;30,72363;100
100;3;15;30,72363;100
100;3;15;30,72363;100
100;3;15;31,05664;100
100;3;15;31,05664;100
100;3;15;31,05664;100
100;3;15;31,05664;100
100;3;15;31,05664;100
100;3;15;31,05664;100
100;2;2;31,05664;100
100;3;15;31,05664;100
100;3;15;31,05664;100
100;2;2;31,05664;100
100;3;15;31,38965;100
100;3;15;31,38965;100
100;2;2;31,38965;100
100;3;15;31,38965;100
100;3;15;31,38965;100
100;2;2;31,38965;100
100;3;15;31,38965;100
100;3;15;31,38965;100
100;3;15;31,38965;100
100;3;15;31,38965;100
100;3;15;31,38965;100
100;3;15;31,72266;100
100;2;2;31,72266;100
100;2;2;31,72266;100
100;3;15;31,72266;100
100;2;2;31,72266;100
100;3;15;31,72266;100
100;3;15;31,72266;100
100;3;15;31,72266;100
100;3;15;31,72266;100
100;3;15;31,72266;100
100;3;15;31,72266;100
100;2;2;32,05566;100
100;3;15;32,05566;100
100;3;15;32,05566;100
100;3;15;32,05566;100
100;3;15;32,05566;100
100;3;15;32,05566;100
100;3;15;32,05566;100
100;3;15;32,05566;100
100;3;15;32,05566;100
100;3;15;32,05566;100
100;3;15;32,38867;100
100;2;2;32,38867;100
100;3;15;32,38867;100
100;3;15;32,38867;100
100;3;15;32,38867;100
100;3;15;32,38867;100
100;2;2;32,38867;100
100;2;2;32,38867;100
100;3;15;32,38867;100
100;3;15;32,38867;100
100;3;15;32,38867;100
100;2;2;32,38867;100
100;2;2;32,38867;100
100;3;15;32,72168;100
100;2;2;32,72168;100
100;3;15;32,72168;100
100;3;15;32,72168;100
100;3;15;32,72168;100
100;3;15;32,72168;100
100;2;2;32,72168;100
100;3;15;32,72168;100
100;3;15;32,72168;100
100;3;15;32,72168;100
100;3;15;32,72168;100
100;3;15;32,72168;100
100;2;2;33,05469;100
100;3;15;33,05469;100
100;3;15;33,05469;100
100;3;15;33,05469;100
100;3;15;33,05469;100
100;3;15;33,05469;100
100;2;2;33,05469;100
100;3;15;33,05469;100
100;3;15;33,05469;100
100;2;2;33,05469;100
100;3;15;33,3877;100
100;3;15;33,3877;100
100;3;15;33,3877;100
100;3;15;33,3877;100
100;2;2;33,3877;100
100;3;15;33,3877;100
100;2;2;33,3877;100
100;3;15;33,3877;100
100;3;15;33,3877;100
100;3;15;33,7207;100
100;2;2;33,7207;100
100;3;15;33,7207;100
100;3;15;33,7207;100
100;3;15;33,7207;100
100;3;15;33,7207;100
100;3;15;33,7207;100
100;2;2;33,7207;100
100;3;15;33,7207;100
100;3;15;33,7207;100
100;3;15;33,7207;100
100;3;15;34,05371;100
100;3;15;34,05371;100
100;2;2;34,05371;100
100;3;15;34,05371;100
100;2;2;34,05371;100
100;3;15;34,05371;100
100;3;15;34,05371;100
100;2;2;34,05371;100
100;3;15;34,05371;100
100;3;15;34,05371;100
100;3;15;34,05371;100
100;3;15;34,38672;100
100;3;15;34,38672;100
100;2;2;34,38672;100
100;3;15;34,38672;100
100;2;2;34,38672;100
100;2;2;34,38672;100
100;2;2;34,38672;100
100;2;2;34,38672;100
100;3;15;34,38672;100
100;3;15;34,38672;100
100;3;15;34,38672;100
100;2;2;34,38672;100
100;2;2;34,38672;100
100;3;15;34,71973;100
100;3;15;34,71973;100
100;3;15;34,71973;100
100;3;15;34,71973;100
100;3;15;34,71973;100
100;2;2;34,71973;100
100;2;2;34,71973;100
100;3;15;34,71973;100
100;3;15;34,71973;100
100;3;15;34,71973;100
100;2;2;35,05273;100
100;3;15;35,05273;100
100;2;2;35,05273;100
100;3;15;35,05273;100
100;2;2;35,05273;100
100;3;15;35,05273;100
100;2;2;35,05273;100
100;3;15;35,05273;100
100;2;2;35,05273;100
100;3;15;35,05273;100
100;3;15;35,05273;100
100;2;2;35,05273;100
100;3;15;35,05273;100
100;3;15;35,05273;100
100;2;2;35,38574;100
100;2;2;35,38574;100
100;2;2;35,38574;100
100;3;15;35,38574;100
100;3;15;35,38574;100
100;2;2;35,38574;100
100;2;2;35,38574;100
100;2;2;35,38574;100
100;3;15;35,38574;100
100;3;15;35,38574;100
100;3;15;35,38574;100
100;3;15;35,38574;100
100;3;15;35,38574;100
100;3;15;35,71875;100
100;2;2;35,71875;100
100;3;15;35,71875;100
100;2;2;35,71875;100
100;2;2;35,71875;100
100;3;15;35,71875;100
100;2;2;35,71875;100
100;3;15;35,71875;100
100;2;2;35,71875;100
100;3;15;35,71875;100
100;3;15;35,71875;100
100;2;2;35,71875;100
100;2;2;36,05176;100
100;3;15;36,05176;100
100;2;2;36,05176;100
100;3;15;36,05176;100
100;3;15;36,05176;100
100;3;15;36,05176;100
100;3;15;36,05176;100
100;3;15;36,05176;100
100;3;15;36,05176;100
100;3;15;36,05176;100
100;3;15;36,05176;100
100;3;15;36,05176;100
100;3;15;36,05176;100
100;2;2;36,05176;100
100;3;15;36,38477;100
100;3;15;36,38477;100
100;2;2;36,38477;100
100;3;15;36,38477;100
100;3;15;36,38477;100
100;3;15;36,38477;100
100;3;15;36,38477;100
100;3;15;36,38477;100
100;2;2;36,38477;100
100;3;15;36,38477;100
100;3;15;36,38477;100
100;3;15;36,38477;100
100;3;15;36,38477;100
100;2;2;36,38477;100
100;3;15;36,38477;100
100;3;15;36,71777;100
100;3;15;36,71777;100
100;3;15;36,71777;100
100;3;15;36,71777;100
100;3;15;36,71777;100
100;3;15;36,71777;100
100;3;15;36,71777;100
100;3;15;36,71777;100
100;2;2;36,71777;100
100;3;15;36,71777;100
100;3;15;36,71777;100
100;2;2;36,71777;100
100;3;15;37,05078;100
100;3;15;37,05078;100
100;3;15;37,05078;100
100;3;15;37,05078;100
100;3;15;37,05078;100
100;3;15;37,05078;100
100;3;15;37,05078;100
100;3;15;37,38379;100
100;3;15;37,38379;100
100;3;15;37,38379;100
100;2;2;37,38379;100
100;3;15;37,38379;100
100;2;2;37,38379;100
100;3;15;37,38379;100
100;3;15;37,38379;100
100;2;2;37,38379;100
100;2;2;37,38379;100
100;3;15;37,38379;100
100;3;15;37,38379;100
100;3;15;37,7168;100
100;3;15;37,7168;85
100;3;15;37,7168;70
100;3;15;37,7168;55
100;2;2;37,7168;55
100;3;15;37,7168;40
100;3;15;37,7168;25
100;3;15;37,7168;10
100;3;15;37,7168;-5
Player