100;3;15;50,9541;100
100;3;15;50,9541;100
100;3;15;51,28711;100
100;3;15;51,28711;100
100;3;15;51,28711;100
100;2;2;51,28711;100
100;2;2;51,28711;100
100;3;15;51,28711;100
100;3;15;51,28711;100
100;2;2;51,28711;100
100;3;15;51,28711;100
100;3;15;51,62012;100
100;3;15;51,62012;100
100;3;15;51,62012;100
100;3;15;51,62012;100
100;3;15;51,62012;100
100;2;2;51,62012;100
100;3;15;51,62012;100
100;3;15;51,62012;100
100;2;2;51,62012;100
100;3;15;51,62012;100
100;3;15;51,62012;100
100;3;15;51,95313;100
100;3;15;51,95313;100
100;2;2;51,95313;100
100;3;15;51,95313;100
100;2;2;51,95313;100
100;3;15;51,95313;100
100;3;15;51,95313;100
100;3;15;51,95313;100
100;3;15;51,95313;100
100;2;2;51,95313;100
100;3;15;51,95313;100
100;2;2;52,28613;100
100;3;15;52,28613;100
100;2;2;52,28613;100
100;3;15;52,28613;100
100;3;15;52,28613;100
100;3;15;52,28613;100
100;3;15;52,28613;100
100;3;15;52,28613;100
100;2;2;52,61914;100
100;3;15;52,61914;100
100;3;15;52,61914;100
100;2;2;52,61914;100
100;2;2;52,61914;100
100;3;15;52,61914;100
100;2;2;52,61914;100
100;3;15;52,61914;100
100;3;15;52,61914;100
100;2;2;52,61914;100
100;3;15;52,61914;100
100;3;15;52,61914;100
100;3;15;52,95215;100
100;2;2;52,95215;100
100;3;15;52,95215;100
100;3;15;52,95215;100
100;3;15;52,95215;100
100;3;15;52,95215;100
100;2;2;52,95215;100
100;3;15;52,95215;100
100;3;15;53,28516;100
100;2;2;53,28516;100
100;3;15;53,28516;100
100;3;15;53,28516;100
100;3;15;53,28516;100
100;3;15;53,28516;100
100;3;15;53,61816;100
100;2;2;53,61816;100
100;3;15;53,61816;100
100;2;2;53,61816;100
100;3;15;53,61816;100
100;3;15;53,61816;100
100;3;15;53,61816;100
100;3;15;53,61816;100
100;3;15;53,95117;100
100;3;15;53,95117;100
100;3;15;53,95117;100
100;2;2;53,95117;100
100;2;2;53,95117;100
100;3;15;53,95117;100
100;3;15;53,95117;100
100;2;2;53,95117;100
100;2;2;54,28418;100
100;2;2;54,28418;100
100;3;15;54,28418;100
100;3;15;54,28418;100
100;2;2;54,28418;100
100;3;15;54,28418;100
100;2;2;54,28418;100
100;3;15;54,28418;100
100;2;2;54,28418;100
100;3;15;54,28418;100
100;3;15;54,61719;100
100;3;15;54,61719;100
100;3;15;54,61719;100
100;2;2;54,61719;100
100;3;15;54,61719;100
100;2;2;54,61719;100
100;3;15;54,61719;100
100;3;15;54,61719;100
100;2;2;54,61719;100
100;3;15;54,61719;100
100;3;15;54,61719;100
100;3;15;54,9502;100
100;3;15;54,9502;100
100;3;15;54,9502;100
100;2;2;54,9502;100
100;3;15;54,9502;100
100;3;15;54,9502;100
100;2;2;54,9502;100
100;3;15;55,2832;100
100;3;15;55,2832;100
100;2;2;55,2832;100
100;2;2;55,2832;100
100;3;15;55,2832;100
100;3;15;55,2832;100
100;2;2;55,2832;100
100;3;15;55,2832;100
100;3;15;55,2832;100
100;3;15;55,2832;100
100;2;2;55,2832;100
100;2;2;55,2832;100
100;3;15;55,61621;100
100;2;2;55,61621;100
100;2;2;55,61621;100
100;2;2;55,61621;100
100;3;15;55,61621;100
100;2;2;55,61621;100
100;3;15;55,61621;100
100;3;15;55,61621;100
100;3;15;55,94922;100
100;3;15;55,94922;100
100;3;15;55,94922;100
100;3;15;55,94922;100
100;3;15;55,94922;100
100;2;2;55,94922;100
100;2;2;55,94922;100
100;3;15;55,94922;100
100;3;15;55,94922;100
100;3;15;55,94922;100
100;2;2;56,28223;100
100;3;15;56,28223;100
100;3;15;56,28223;100
100;3;15;56,28223;100
100;3;15;56,28223;100
100;3;15;56,28223;100
100;2;2;56,28223;100
100;3;15;56,28223;100
100;3;15;56,28223;100
100;3;15;56,28223;100
100;3;15;56,28223;100
100;2;2;56,61523;100
100;2;2;56,61523;100
100;3;15;56,61523;100
100;2;2;56,61523;100
100;2;2;56,61523;100
100;3;15;56,61523;100
100;3;15;56,61523;100
100;2;2;56,61523;100
100;2;2;56,61523;100
100;3;15;56,94824;100
100;2;2;56,94824;100
100;3;15;56,94824;100
100;3;15;56,94824;100
100;3;15;56,94824;100
100;2;2;56,94824;100
100;2;2;56,94824;100
100;3;15;56,94824;100
100;3;15;56,94824;100
100;3;15;56,94824;100
100;3;15;57,28125;100
100;3;15;57,28125;100
100;3;15;57,28125;100
100;3;15;57,28125;100
100;3;15;57,28125;100
100;3;15;57,28125;100
100;3;15;57,28125;100
100;3;15;57,28125;100
100;3;15;57,28125;100
100;3;15;57,28125;100
100;2;2;57,28125;100
100;3;15;57,28125;100
100;3;15;57,61426;100
100;2;2;57,61426;100
100;3;15;57,61426;100
100;2;2;57,61426;100
100;3;15;57,61426;100
100;2;2;57,61426;100
100;3;15;57,61426;100
100;2;2;57,61426;100
100;2;2;57,61426;100
100;3;15;57,61426;100
100;3;15;57,61426;100
100;3;15;57,94727;100
100;3;15;57,94727;100
100;3;15;57,94727;100
100;3;15;57,94727;100
100;3;15;57,94727;100
100;3;15;57,94727;100
100;3;15;57,94727;100
100;2;2;57,94727;100
100;3;15;57,94727;100
100;3;15;57,94727;100
100;3;15;57,94727;100
100;3;15;57,94727;100
100;2;2;57,94727;100
100;3;15;57,94727;100
100;3;15;57,94727;100
100;2;2;58,28027;100
100;2;2;58,28027;100
100;3;15;58,28027;100
100;3;15;58,28027;100
100;3;15;58,28027;100
100;2;2;58,28027;100
100;3;15;58,28027;100
100;3;15;58,61328;100
100;3;15;58,61328;85
100;3;15;58,61328;70
100;3;15;58,61328;55
100;2;2;58,61328;55
100;2;2;58,61328;55
100;3;15;58,61328;40
100;3;15;58,61328;25
100;3;15;58,61328;10
100;3;15;58,61328;-5
Player