100;3;15;59,5625;100
100;2;2;59,5625;100
100;3;15;59,5625;100
100;2;2;59,5625;100
100;3;15;59,5625;100
100;3;15;59,5625;100
100;3;15;59,5625;100
100;3;15;59,89551;100
100;3;15;59,89551;100
100;3;15;59,89551;100
100;3;15;59,89551;100
100;3;15;59,89551;100
100;3;15;59,89551;100
100;3;15;59,89551;100
100;3;15;59,89551;100
100;3;15;59,89551;100
100;3;15;0,2285156;100
100;3;15;0,2285156;100
100;3;15;0,2285156;100
100;3;15;0,2285156;100
100;2;2;0,2285156;100
100;2;2;0,2285156;100
100;3;15;0,2285156;100
100;2;2;0,2285156;100
100;3;15;0,2285156;100
100;3;15;0,2285156;100
100;3;15;0,5615234;100
100;3;15;0,5615234;100
100;3;15;0,5615234;100
100;3;15;0,5615234;100
100;3;15;0,5615234;100
100;2;2;0,5615234;100
100;2;2;0,5615234;100
100;3;15;0,5615234;100
100;3;15;0,5615234;100
100;2;2;0,5615234;100
100;3;15;0,5615234;100
100;3;15;0,5615234;100
100;3;15;0,8945313;100
100;3;15;0,8945313;100
100;2;2;0,8945313;100
100;3;15;0,8945313;100
100;2;2;0,8945313;100
100;2;2;0,8945313;100
100;3;15;0,8945313;100
100;3;15;0,8945313;100
100;3;15;0,8945313;100
100;3;15;0,8945313;100
100;3;15;0,8945313;100
100;3;15;0,8945313;100
100;3;15;1,227539;100
100;3;15;1,227539;100
100;3;15;1,227539;100
100;3;15;1,227539;100
100;3;15;1,227539;100
100;3;15;1,227539;100
100;2;2;1,227539;100
100;3;15;1,227539;100
100;2;2;1,227539;100
100;3;15;1,227539;100
100;2;2;1,560547;100
100;3;15;1,560547;100
100;3;15;1,560547;100
100;2;2;1,560547;100
100;2;2;1,560547;100
100;3;15;1,560547;100
100;3;15;1,560547;100
100;3;15;1,560547;100
100;3;15;1,560547;100
100;3;15;1,560547;100
100;3;15;1,560547;100
100;2;2;1,560547;100
100;2;2;1,560547;100
100;3;15;1,560547;100
100;2;2;1,893555;100
100;2;2;1,893555;100
100;3;15;1,893555;100
100;3;15;1,893555;100
100;3;15;1,893555;100
100;3;15;1,893555;100
100;3;15;1,893555;100
100;3;15;1,893555;100
100;3;15;1,893555;100
100;3;15;1,893555;100
100;3;15;1,893555;100
100;3;15;2,226563;100
100;3;15;2,226563;100
100;2;2;2,226563;100
100;3;15;2,226563;100
100;3;15;2,226563;100
100;2;2;2,226563;100
100;3;15;2,226563;100
100;3;15;2,226563;100
100;3;15;2,226563;100
100;3;15;2,226563;100
100;3;15;2,226563;100
100;2;2;2,226563;100
100;3;15;2,226563;100
100;3;15;2,226563;100
100;3;15;2,55957;100
100;2;2;2,55957;100
100;3;15;2,55957;100
100;3;15;2,55957;100
100;3;15;2,55957;100
100;3;15;2,55957;100
100;2;2;2,55957;100
100;3;15;2,55957;100
100;3;15;2,55957;100
100;3;15;2,55957;100
100;3;15;2,55957;100
100;3;15;2,55957;100
100;3;15;2,55957;100
100;2;2;2,892578;100
100;3;15;2,892578;100
100;3;15;2,892578;100
100;3;15;2,892578;100
100;3;15;2,892578;100
100;3;15;2,892578;100
100;3;15;2,892578;100
100;3;15;2,892578;100
100;3;15;2,892578;100
100;3;15;2,892578;100
100;3;15;2,892578;100
100;3;15;2,892578;100
100;3;15;2,892578;100
100;3;15;3,225586;100
100;3;15;3,225586;100
100;3;15;3,225586;100
100;3;15;3,225586;100
100;2;2;3,225586;100
100;3;15;3,225586;100
100;3;15;3,225586;100
100;3;15;3,225586;100
100;3;15;3,558594;100
100;3;15;3,558594;100
100;2;2;3,558594;100
100;2;2;3,558594;100
100;3;15;3,558594;100
100;3;15;3,558594;100
100;3;15;3,558594;100
100;3;15;3,558594;100
100;2;2;3,558594;100
100;3;15;3,558594;100
100;3;15;3,558594;100
100;3;15;3,891602;100
100;3;15;3,891602;100
100;2;2;3,891602;100
100;3;15;3,891602;100
100;3;15;3,891602;100
100;3;15;3,891602;100
100;3;15;3,891602;100
100;2;2;3,891602;100
100;3;15;3,891602;100
100;3;15;3,891602;100
100;3;15;4,224609;100
100;3;15;4,224609;100
100;3;15;4,224609;100
100;3;15;4,224609;100
100;3;15;4,224609;100
100;3;15;4,224609;100
100;2;2;4,224609;100
100;3;15;4,224609;100
100;3;15;4,224609;100
100;3;15;4,224609;100
100;3;15;4,224609;100
100;3;15;4,557617;100
100;3;15;4,557617;100
100;3;15;4,557617;100
100;3;15;4,557617;100
100;2;2;4,557617;100
100;3;15;4,557617;100
100;3;15;4,557617;100
100;3;15;4,557617;100
100;3;15;4,557617;100
100;3;15;4,557617;100
100;3;15;4,557617;100
100;3;15;4,890625;100
100;3;15;4,890625;100
100;3;15;4,890625;100
100;3;15;4,890625;100
100;3;15;4,890625;100
100;3;15;4,890625;100
100;3;15;4,890625;100
100;3;15;4,890625;100
100;3;15;4,890625;100
100;3;15;4,890625;100
100;3;15;4,890625;100
100;3;15;4,890625;100
100;3;15;4,890625;100
100;3;15;4,890625;100
100;3;15;5,223633;100
100;3;15;5,223633;100
100;3;15;5,223633;100
100;3;15;5,223633;100
100;3;15;5,223633;100
100;3;15;5,223633;100
100;3;15;5,223633;100
100;3;15;5,223633;100
100;3;15;5,223633;100
100;3;15;5,223633;100
100;3;15;5,223633;100
100;3;15;5,556641;100
100;3;15;5,556641;100
100;2;2;5,556641;100
100;3;15;5,556641;100
100;3;15;5,556641;100
100;2;2;5,556641;100
100;3;15;5,556641;100
100;3;15;5,556641;100
100;2;2;5,556641;100
100;3;15;5,556641;100
100;3;15;5,556641;100
100;3;15;5,556641;100
100;3;15;5,556641;100
100;3;15;5,556641;100
100;2;2;5,889648;100
100;3;15;5,889648;100
100;3;15;5,889648;100
100;3;15;5,889648;100
100;3;15;5,889648;100
100;2;2;5,889648;100
100;3;15;5,889648;100
100;3;15;5,889648;100
100;3;15;5,889648;100
100;3;15;5,889648;100
100;3;15;5,889648;100
100;3;15;5,889648;100
100;3;15;5,889648;100
100;3;15;5,889648;100
100;3;15;6,222656;100
100;3;15;6,222656;100
100;3;15;6,222656;100
100;3;15;6,222656;100
100;3;15;6,222656;100
100;3;15;6,222656;100
100;3;15;6,222656;100
100;3;15;6,222656;100
100;3;15;6,222656;100
100;3;15;6,222656;100
100;2;2;6,222656;100
100;3;15;6,555664;100
100;3;15;6,555664;100
100;3;15;6,555664;100
100;3;15;6,555664;100
100;3;15;6,555664;100
100;3;15;6,555664;100
100;3;15;6,555664;100
100;3;15;6,555664;100
100;2;2;6,555664;100
100;3;15;6,555664;100
100;3;15;6,555664;100
100;3;15;6,555664;100
100;3;15;6,888672;100
100;2;2;6,888672;100
100;3;15;6,888672;100
100;3;15;6,888672;100
100;3;15;6,888672;100
100;3;15;6,888672;100
100;3;15;6,888672;100
100;3;15;6,888672;100
100;3;15;6,888672;100
100;2;2;6,888672;100
100;3;15;6,888672;100
100;3;15;6,888672;100
100;3;15;7,22168;100
100;3;15;7,22168;100
100;3;15;7,22168;100
100;3;15;7,22168;100
100;3;15;7,22168;100
100;3;15;7,22168;100
100;2;2;7,22168;100
100;3;15;7,22168;100
100;3;15;7,22168;100
100;3;15;7,22168;100
100;3;15;7,22168;100
100;2;2;7,554688;100
100;2;2;7,554688;100
100;3;15;7,554688;85
100;3;15;7,554688;70
100;3;15;7,554688;55
100;3;15;7,554688;40
100;3;15;7,554688;25
100;3;15;7,554688;10
100;3;15;7,554688;-5
Player