92;3;15;16,6001;100
92;2;2;16,6001;100
92;2;2;16,6001;100
92;3;15;16,6001;100
92;2;2;16,6001;100
92;3;15;16,6001;100
92;3;15;16,93359;100
92;3;15;16,93359;100
92;2;2;16,93359;100
92;3;15;16,93359;100
92;3;15;16,93359;100
92;3;15;16,93359;100
92;2;2;16,93359;100
92;3;15;16,93359;100
92;3;15;17,26709;100
92;3;15;17,26709;100
92;2;2;17,26709;100
92;2;2;17,26709;100
92;3;15;17,26709;100
92;2;2;17,26709;100
92;3;15;17,26709;100
92;3;15;17,60059;100
92;3;15;17,60059;100
92;2;2;17,60059;100
92;3;15;17,60059;100
92;2;2;17,60059;100
92;3;15;17,60059;100
92;2;2;17,60059;100
92;3;15;17,93408;100
92;3;15;17,93408;100
92;3;15;17,93408;100
92;2;2;17,93408;100
92;3;15;17,93408;100
92;2;2;17,93408;100
92;3;15;17,93408;100
92;3;15;18,26758;100
92;2;2;18,26758;100
92;2;2;18,26758;100
92;3;15;18,26758;100
92;3;15;18,26758;100
92;2;2;18,26758;100
92;3;15;18,26758;100
92;3;15;18,60107;100
92;3;15;18,60107;100
92;2;2;18,60107;100
92;3;15;18,60107;100
92;2;2;18,60107;100
92;3;15;18,60107;100
92;3;15;18,60107;100
92;2;2;18,60107;100
92;3;15;18,60107;100
92;3;15;18,60107;100
92;3;15;18,93457;100
92;3;15;18,93457;100
92;3;15;18,93457;100
92;3;15;18,93457;100
92;3;15;18,93457;100
92;2;2;18,93457;100
92;2;2;18,93457;100
92;3;15;19,26807;100
92;3;15;19,26807;100
92;3;15;19,26807;100
92;2;2;19,26807;100
92;3;15;19,26807;100
92;3;15;19,26807;100
92;3;15;19,26807;100
92;2;2;19,26807;100
92;3;15;19,26807;100
92;3;15;19,60156;100
92;3;15;19,60156;100
92;2;2;19,60156;100
92;3;15;19,60156;100
92;3;15;19,60156;100
92;3;15;19,60156;100
92;3;15;19,60156;100
92;3;15;19,60156;100
92;2;2;19,60156;100
92;3;15;19,60156;100
92;3;15;19,93506;100
92;3;15;19,93506;100
92;3;15;19,93506;100
92;3;15;19,93506;100
92;3;15;19,93506;100
92;2;2;19,93506;100
92;2;2;19,93506;100
92;3;15;19,93506;100
92;3;15;20,26855;100
92;2;2;20,26855;100
92;2;2;20,26855;100
92;3;15;20,26855;100
92;2;2;20,26855;100
92;3;15;20,26855;100
92;3;15;20,60205;100
92;2;2;20,60205;100
92;3;15;20,60205;100
92;3;15;20,60205;100
92;3;15;20,60205;100
92;2;2;20,60205;100
92;3;15;20,60205;100
92;3;15;20,60205;100
92;3;15;20,60205;100
92;3;15;20,60205;100
92;3;15;20,60205;100
92;2;2;20,93555;100
92;2;2;20,93555;100
92;2;2;20,93555;100
92;3;15;20,93555;100
92;3;15;20,93555;100
92;3;15;20,93555;100
92;2;2;20,93555;100
92;2;2;20,93555;100
92;3;15;21,26904;100
92;2;2;21,26904;100
92;3;15;21,26904;100
92;3;15;21,26904;100
92;2;2;21,26904;100
92;3;15;21,26904;100
92;3;15;21,26904;100
92;3;15;21,26904;100
92;3;15;21,26904;100
92;3;15;21,60254;100
92;3;15;21,60254;100
92;3;15;21,60254;100
92;3;15;21,60254;100
92;3;15;21,60254;100
92;3;15;21,60254;100
92;2;2;21,93604;100
92;2;2;21,93604;100
92;3;15;21,93604;100
92;3;15;21,93604;100
92;3;15;21,93604;100
92;3;15;21,93604;100
92;3;15;21,93604;100
92;3;15;22,26953;100
92;3;15;22,26953;100
92;2;2;22,26953;100
92;3;15;22,26953;100
92;3;15;22,26953;100
92;3;15;22,26953;100
92;3;15;22,26953;100
92;3;15;22,26953;100
92;2;2;22,26953;100
92;3;15;22,26953;100
92;3;15;22,60303;100
92;2;2;22,60303;100
92;3;15;22,60303;100
92;3;15;22,60303;100
92;3;15;22,60303;100
92;3;15;22,60303;100
92;2;2;22,60303;100
92;3;15;22,60303;100
92;3;15;22,60303;100
92;2;2;22,93652;100
92;3;15;22,93652;100
92;3;15;22,93652;100
92;3;15;22,93652;100
92;2;2;22,93652;100
92;3;15;22,93652;100
92;3;15;22,93652;100
92;3;15;22,93652;100
92;3;15;22,93652;100
92;2;2;22,93652;100
92;3;15;23,27002;100
92;3;15;23,27002;100
92;2;2;23,27002;100
92;2;2;23,27002;100
92;2;2;23,27002;100
92;3;15;23,27002;100
92;3;15;23,60352;100
92;3;15;23,60352;100
92;3;15;23,60352;100
92;3;15;23,60352;100
92;3;15;23,60352;100
92;3;15;23,60352;100
92;3;15;23,60352;100
92;3;15;23,60352;100
92;3;15;23,60352;100
92;3;15;23,60352;100
92;3;15;23,93701;100
92;3;15;23,93701;100
92;2;2;23,93701;100
92;2;2;23,93701;100
92;3;15;23,93701;100
92;2;2;23,93701;100
92;3;15;24,27051;100
92;2;2;24,27051;100
92;2;2;24,27051;100
92;2;2;24,27051;100
92;3;15;24,27051;100
92;2;2;24,27051;100
92;3;15;24,27051;100
92;3;15;24,604;100
92;3;15;24,604;100
92;2;2;24,604;100
92;3;15;24,604;100
92;2;2;24,604;100
92;2;2;24,604;100
92;3;15;24,604;100
92;3;15;24,9375;100
92;3;15;24,9375;100
92;3;15;24,9375;100
92;2;2;24,9375;100
92;3;15;24,9375;100
92;3;15;24,9375;100
92;3;15;24,9375;100
92;3;15;24,9375;100
92;3;15;24,9375;100
92;2;2;25,271;100
92;3;15;25,271;100
92;2;2;25,271;100
92;2;2;25,271;100
92;2;2;25,271;100
92;3;15;25,271;100
92;2;2;25,271;100
92;3;15;25,271;100
92;2;2;25,271;100
92;3;15;25,60449;100
92;3;15;25,60449;100
92;3;15;25,60449;100
92;3;15;25,60449;100
92;3;15;25,60449;100
92;2;2;25,93799;100
92;3;15;25,93799;100
92;2;2;25,93799;100
92;2;2;25,93799;100
92;3;15;25,93799;100
92;3;15;25,93799;100
92;2;2;25,93799;100
92;2;2;25,93799;100
92;2;2;25,93799;100
92;3;15;25,93799;100
92;3;15;26,27148;100
92;3;15;26,27148;100
92;3;15;26,27148;100
92;3;15;26,27148;100
92;3;15;26,27148;100
92;3;15;26,27148;100
92;3;15;26,27148;100
92;3;15;26,27148;100
92;2;2;26,27148;100
92;3;15;26,60498;100
92;2;2;26,60498;100
92;2;2;26,60498;100
92;3;15;26,60498;100
92;3;15;26,60498;100
92;2;2;26,60498;100
92;2;2;26,60498;100
92;3;15;26,60498;100
92;3;15;26,60498;100
92;3;15;26,60498;100
92;2;2;26,93848;100
92;3;15;26,93848;100
92;3;15;26,93848;100
92;2;2;26,93848;100
92;3;15;26,93848;100
92;3;15;26,93848;100
92;2;2;26,93848;100
92;3;15;27,27197;100
92;3;15;27,27197;100
92;2;2;27,27197;100
92;3;15;27,27197;100
92;3;15;27,27197;100
92;3;15;27,60547;100
92;2;2;27,60547;100
92;3;15;27,60547;100
92;3;15;27,60547;100
92;3;15;27,60547;100
92;3;15;27,60547;100
92;3;15;27,60547;100
92;2;2;27,60547;100
92;2;2;27,93896;100
92;3;15;27,93896;100
92;2;2;27,93896;100
92;2;2;27,93896;100
92;3;15;27,93896;100
92;2;2;27,93896;100
92;2;2;27,93896;100
92;3;15;27,93896;100
92;3;15;27,93896;100
92;2;2;27,93896;100
92;2;2;27,93896;100
92;3;15;28,27246;100
92;3;15;28,27246;100
92;3;15;28,27246;100
92;3;15;28,27246;100
92;3;15;28,27246;100
92;3;15;28,27246;100
92;3;15;28,27246;100
92;3;15;28,27246;100
92;2;2;28,27246;100
92;2;2;28,27246;100
92;2;2;28,60596;100
92;2;2;28,60596;100
92;3;15;28,60596;100
92;3;15;28,60596;100
92;3;15;28,60596;100
92;3;15;28,60596;100
92;2;2;28,93945;100
92;3;15;28,93945;100
92;3;15;28,93945;100
92;3;15;28,93945;100
92;2;2;28,93945;100
92;3;15;28,93945;100
92;3;15;28,93945;100
92;3;15;28,93945;100
92;3;15;28,93945;100
92;3;15;28,93945;100
92;3;15;28,93945;100
92;3;15;28,93945;100
92;3;15;29,27295;100
92;3;15;29,27295;100
92;2;2;29,27295;100
92;3;15;29,27295;100
92;3;15;29,27295;100
92;3;15;29,27295;100
92;3;15;29,27295;100
92;3;15;29,27295;100
92;3;15;29,27295;100
92;3;15;29,27295;100
92;2;2;29,27295;100
92;3;15;29,60645;100
92;2;2;29,60645;100
92;2;2;29,60645;100
92;3;15;29,60645;100
92;3;15;29,60645;100
92;2;2;29,60645;100
92;2;2;29,60645;100
92;3;15;29,60645;100
92;3;15;29,93994;100
92;3;15;29,93994;100
92;3;15;29,93994;100
92;2;2;29,93994;100
92;3;15;29,93994;100
92;3;15;29,93994;100
92;2;2;29,93994;100
92;3;15;29,93994;100
92;2;2;29,93994;100
92;2;2;29,93994;100
92;3;15;30,27344;100
92;3;15;30,27344;100
92;3;15;30,27344;100
92;2;2;30,27344;100
92;3;15;30,27344;100
92;3;15;30,27344;100
92;2;2;30,27344;100
92;2;2;30,27344;100
92;3;15;30,60693;100
92;2;2;30,60693;100
92;3;15;30,60693;100
92;3;15;30,60693;100
92;3;15;30,60693;100
92;3;15;30,60693;100
92;2;2;30,60693;100
92;3;15;30,60693;100
92;3;15;30,60693;100
92;2;2;30,60693;100
92;3;15;30,94043;100
92;2;2;30,94043;100
92;3;15;30,94043;100
92;3;15;30,94043;100
92;3;15;30,94043;100
92;3;15;30,94043;100
92;2;2;30,94043;100
92;3;15;31,27393;100
92;3;15;31,27393;85
92;3;15;31,27393;70
92;2;2;31,27393;70
92;3;15;31,27393;55
92;2;2;31,27393;55
92;3;15;31,27393;40
92;2;2;31,27393;40
92;3;15;31,27393;25
92;3;15;31,27393;10
92;2;2;31,60742;10
84;2;2;31,60742;8
68;3;15;31,60742;-7
Player