100;1;3;0;100
100;1;3;0;100
100;2;2;0;100
100;2;2;0,3333333;100
100;2;2;0;100
100;2;2;0;100
100;2;2;0;100
100;2;2;0;100
100;2;2;0;100
100;2;2;0;100
100;1;3;0;100
100;2;2;0;100
100;1;3;0;100
100;1;3;0,3333333;100
100;1;3;0;100
100;1;3;0;100
100;2;2;0;100
100;1;3;0,3333333;100
100;1;3;0;100
100;2;2;0;100
100;1;3;0;100
100;2;2;0;100
100;1;3;0,3333333;100
100;1;3;0;100
100;2;2;0;100
100;2;2;0;100
100;1;3;0;100
100;1;3;0;100
100;1;3;0,3333333;100
100;2;2;0;100
100;2;2;0;100
100;2;2;0;100
100;2;2;0;100
100;1;3;0;100
100;2;2;0;100
100;1;3;0,3333333;100
100;2;2;0;100
100;1;3;0;100
100;1;3;0;100
100;1;3;0;100
100;2;2;0;100
100;2;2;0;100
100;1;3;0;100
100;1;3;0,3333333;100
100;2;2;0;100
100;2;2;0;100
100;2;2;0;100
100;2;2;0,3333333;100
100;2;2;0;100
100;2;2;0;100
100;2;2;0;100
100;2;2;0;100
100;2;2;0;100
100;1;3;0;100
100;2;2;0;100
100;2;2;0,3333333;100
100;2;2;0;100
100;2;2;0;100
100;1;3;0;100
100;2;2;0;100
100;1;3;0;100
100;2;2;0,3333333;100
100;1;3;0;100
100;2;2;0;100
100;2;2;0;100
100;1;3;0;100
100;2;2;0;100
100;2;2;0;100
100;1;3;0;100
100;2;2;0;100
100;2;2;0;100
100;2;2;0,3333333;100
100;2;2;0;100
100;2;2;0;100
100;2;2;0;100
100;2;2;0;100
100;1;3;0,3333333;100
100;2;2;0;100
100;2;2;0;100
100;2;2;0;100
100;2;2;0;100
100;1;3;0,3333333;100
100;1;3;0;100
100;1;3;0;100
100;2;2;0;100
100;2;2;0;100
100;1;3;0;100
100;2;2;0;100
100;2;2;0;100
100;1;3;0,3333333;100
100;1;3;0;100
100;1;3;0;100
100;1;3;0;100
100;2;2;0;100
100;2;2;0;100
100;1;3;0;100
100;2;2;0;100
100;1;3;0,3333333;100
100;2;2;0;100
100;1;3;0;100
100;2;2;0;100
100;1;3;0;100
100;1;3;0;100
100;2;2;0,3333333;100
100;2;2;0;100
100;2;2;0;100
100;2;2;0;100
100;1;3;0,3333333;100
100;1;3;0;100
100;2;2;0;100
100;1;3;0;100
100;1;3;0;100
100;1;3;0;100
100;2;2;0;100
100;1;3;0,3333333;100
100;2;2;0;100
100;1;3;0;100
100;1;3;0;100
100;1;3;0;100
100;1;3;0;100
100;1;3;0;100
100;1;3;0,3333333;100
100;1;3;0;100
100;1;3;0;100
100;2;2;0;100
100;2;2;0,3333333;100
100;1;3;0;100
100;2;2;0;100
100;2;2;0;100
100;2;2;0;100
100;2;2;0;100
100;2;2;0;100
100;2;2;0,3333333;100
100;2;2;0;100
100;1;3;0;100
100;1;3;0;100
100;1;3;0;100
100;1;3;0;100
100;2;2;0;100
100;1;3;0;100
100;1;3;0,3333333;100
100;1;3;0;100
100;1;3;0;100
100;2;2;0;100
100;1;3;0;100
100;1;3;0,3333333;100
100;2;2;0;100
100;1;3;0;100
100;1;3;0;100
100;2;2;0;100
100;1;3;0;100
100;2;2;0,3333333;100
100;1;3;0;100
100;2;2;0;100
100;2;2;0;100
100;2;2;0;100
100;1;3;0;100
100;1;3;0;100
100;1;3;0,3333333;100
100;2;2;0;98
100;2;2;0;96
100;2;2;0;94
100;2;2;0;92
100;2;2;0;90
100;2;2;0,3333333;88
100;2;2;0;86
100;1;3;0;86
100;2;2;0;84
100;2;2;0;82
100;1;3;0,3333333;82
100;1;3;0;82
100;2;2;0;80
100;2;2;0;78
100;2;2;0;76
100;2;2;0,3333333;74
100;2;2;0;72
100;2;2;0;70
100;2;2;0;68
100;1;3;0;68
100;2;2;0,3333333;66
100;1;3;0;63
100;1;3;0;60
100;1;3;0;57
100;1;3;0;54
100;2;2;0;52
96;2;2;0,3333333;50
96;1;3;0;47
96;1;3;0;44
96;2;2;0;42
96;2;2;0;40
96;2;2;0;38
96;1;3;0;35
96;2;2;0;33
96;1;3;0,3333333;30
96;1;3;0;27
96;1;3;0;24
96;2;2;0;22
96;2;2;0;20
96;2;2;0;18
96;1;3;0;15
96;2;2;0;13
96;1;3;0,3333333;10
96;2;2;0;8
96;2;2;0;6
96;2;2;0;4
96;2;2;0;2
96;2;2;0;0
Player