100;1;3;0;100
100;1;3;0;100
100;2;2;0;100
100;1;3;0;100
100;1;3;0;100
100;1;3;0,3333333;100
100;2;2;0;100
100;2;2;0;100
100;2;2;0;100
100;1;3;0;100
100;1;3;0;100
100;2;2;0,3333333;100
100;1;3;0;100
100;2;2;0;100
100;2;2;0,3333333;100
100;2;2;0;100
100;1;3;0;100
100;1;3;0,3333333;100
100;2;2;0;100
100;2;2;0;100
100;1;3;0;100
100;2;2;0;100
100;1;3;0;100
100;2;2;0;100
100;1;3;0;100
100;1;3;0,3333333;100
100;2;2;0;100
100;2;2;0;100
100;1;3;0;100
100;2;2;0;100
100;2;2;0;100
100;1;3;0;100
100;2;2;0;100
100;2;2;0,3333333;100
100;1;3;0;100
100;2;2;0;100
100;2;2;0;100
100;2;2;0;100
100;2;2;0;100
100;2;2;0;100
100;2;2;0;100
100;1;3;0,3333333;100
100;2;2;0;100
100;1;3;0;100
100;2;2;0,3333333;100
100;1;3;0;100
100;1;3;0,3333333;100
100;1;3;0;100
100;2;2;0;100
100;1;3;0;100
100;1;3;0,3333333;100
100;2;2;0;100
100;1;3;0;100
100;2;2;0;100
100;1;3;0;100
100;2;2;0,3333333;100
100;2;2;0;100
100;2;2;0;100
100;1;3;0;100
100;1;3;0;100
100;1;3;0;100
100;2;2;0,3333333;100
100;2;2;0;100
100;1;3;0;100
100;2;2;0;100
100;1;3;0;100
100;1;3;0,3333333;100
100;1;3;0;100
100;2;2;0;100
100;1;3;0,3333333;100
100;2;2;0;100
100;2;2;0;100
100;1;3;0;100
100;1;3;0;100
100;2;2;0,3333333;100
100;2;2;0;100
100;1;3;0;100
100;1;3;0;100
100;1;3;0;100
100;1;3;0;100
100;2;2;0;100
100;2;2;0,3333333;100
100;1;3;0;100
100;1;3;0;100
100;2;2;0;100
100;2;2;0;100
100;1;3;0;100
100;2;2;0,3333333;100
100;1;3;0;100
100;2;2;0;100
100;1;3;0;100
100;1;3;0;100
100;2;2;0,3333333;100
100;2;2;0;100
100;2;2;0;100
100;1;3;0;100
100;2;2;0;100
100;2;2;0,3333333;98
100;2;2;0;96
100;1;3;0;96
100;2;2;0,3333333;94
100;1;3;0;94
100;2;2;0;92
100;1;3;0;92
100;1;3;0;92
100;1;3;0;92
100;2;2;0,3333333;90
100;2;2;0;88
100;2;2;0;86
100;2;2;0,3333333;84
100;2;2;0;82
100;2;2;0;80
100;1;3;0;77
100;2;2;0;75
100;1;3;0;72
100;1;3;0;69
100;2;2;0;67
96;1;3;0,3333333;64
96;1;3;0;61
96;1;3;0;58
96;2;2;0,3333333;56
96;2;2;0;54
96;2;2;0;52
96;2;2;0;50
96;1;3;0,3333333;47
96;2;2;0;45
96;1;3;0;42
96;1;3;0;39
96;1;3;0;36
96;1;3;0,3333333;33
96;1;3;0;30
96;2;2;0;28
96;2;2;0,3333333;26
96;2;2;0;24
96;2;2;0;22
96;2;2;0;20
96;1;3;0;17
96;1;3;0;14
96;2;2;0;12
96;1;3;0;9
96;2;2;0,3333333;7
96;2;2;0;5
96;2;2;0;3
96;1;3;0;0
Player