100;1;3;0;100
100;1;3;0;100
100;2;2;0;100
100;1;3;0,3333333;100
100;2;2;0;100
100;2;2;0;100
100;2;2;0;100
100;1;3;0;100
100;2;2;0;100
100;2;2;0;100
100;2;2;0;100
100;2;2;0;100
100;1;3;0,3333333;100
100;1;3;0;100
100;2;2;0;100
100;2;2;0;100
100;2;2;0;100
100;1;3;0;100
100;2;2;0;100
100;2;2;0;100
100;2;2;0;100
100;2;2;0;100
100;2;2;0;100
100;2;2;0,3333333;100
100;2;2;0;100
100;2;2;0;100
100;1;3;0;100
100;2;2;0;100
100;2;2;0;100
100;1;3;0;100
100;2;2;0;100
100;1;3;0;100
100;1;3;0;100
100;2;2;0;100
100;2;2;0,3333333;100
100;1;3;0;100
100;1;3;0;100
100;1;3;0;100
100;2;2;0;100
100;1;3;0;100
100;1;3;0;100
100;1;3;0;100
100;1;3;0;100
100;2;2;0;100
100;2;2;0,3333333;100
100;2;2;0;100
100;1;3;0;100
100;2;2;0;100
100;2;2;0;100
100;1;3;0,3333333;100
100;2;2;0;100
100;2;2;0;100
100;1;3;0;100
100;1;3;0;100
100;1;3;0;100
100;2;2;0;100
100;2;2;0;100
100;1;3;0,3333333;100
100;1;3;0;100
100;1;3;0;100
100;1;3;0;100
100;1;3;0;100
100;2;2;0;100
100;2;2;0;100
100;2;2;0;100
100;2;2;0;100
100;2;2;0,3333333;100
100;2;2;0;100
100;1;3;0;100
100;1;3;0;100
100;2;2;0;100
100;2;2;0;100
100;1;3;0;100
100;2;2;0;100
100;1;3;0;100
100;1;3;0;100
100;1;3;0;100
100;1;3;0,3333333;100
100;2;2;0;100
100;1;3;0;100
100;1;3;0;100
100;2;2;0;100
100;1;3;0;100
100;1;3;0;100
100;1;3;0;100
100;2;2;0,3333333;100
100;1;3;0;100
100;1;3;0;100
100;2;2;0;100
100;1;3;0;100
100;2;2;0,3333333;100
100;2;2;0;100
100;2;2;0;100
100;2;2;0;100
100;1;3;0;100
100;1;3;0;100
100;2;2;0;100
100;2;2;0;100
100;1;3;0,3333333;100
100;2;2;0;100
100;1;3;0;100
100;2;2;0;100
100;2;2;0;100
100;1;3;0;100
100;1;3;0;100
100;2;2;0;100
100;2;2;0;100
100;1;3;0;100
100;1;3;0,3333333;100
100;2;2;0;100
100;2;2;0;100
100;2;2;0;100
100;2;2;0;100
100;2;2;0;100
100;2;2;0;100
100;1;3;0;100
100;2;2;0;100
100;1;3;0;100
100;1;3;0,3333333;100
100;2;2;0;98
100;2;2;0;96
100;1;3;0;96
100;2;2;0;94
100;1;3;0;94
100;2;2;0;92
100;1;3;0;92
100;1;3;0;92
100;2;2;0;90
100;2;2;0,3333333;88
100;1;3;0;88
100;2;2;0;86
100;1;3;0;86
100;1;3;0;86
100;2;2;0;84
100;2;2;0;82
100;2;2;0;80
100;1;3;0;80
100;1;3;0;80
100;2;2;0;78
100;2;2;0,3333333;76
100;1;3;0;76
100;1;3;0;76
100;1;3;0;76
100;2;2;0;74
100;2;2;0;72
100;1;3;0;72
100;1;3;0;72
100;2;2;0;70
100;1;3;0;70
100;1;3;0;70
100;1;3;0;70
100;1;3;0,3333333;70
100;1;3;0;70
100;1;3;0;70
100;2;2;0;68
100;1;3;0;68
100;1;3;0;68
100;2;2;0;66
100;1;3;0;66
100;1;3;0;66
100;2;2;0;64
100;1;3;0,3333333;61
100;2;2;0;59
100;1;3;0;56
100;1;3;0;53
100;1;3;0;50
100;2;2;0;48
100;1;3;0;45
100;2;2;0;43
96;1;3;0,3333333;40
96;1;3;0;37
96;2;2;0;35
96;1;3;0;32
96;1;3;0;29
96;2;2;0;27
96;2;2;0;25
96;2;2;0;23
96;1;3;0;20
96;2;2;0,3333333;18
96;1;3;0;15
96;1;3;0;12
96;1;3;0;9
96;2;2;0;7
96;1;3;0;4
96;2;2;0;2
96;2;2;0,3333333;0
Player