100;3;15;14,99936;100
100;2;2;14,99936;100
100;2;2;14,99936;100
100;2;2;14,99936;100
100;3;15;14,99936;100
100;2;2;14,99936;100
100;3;15;14,99936;100
100;2;2;14,99936;100
100;3;15;14,99936;100
100;2;2;14,99936;100
100;3;15;15,33269;100
100;2;2;15,33269;100
100;2;2;15,33269;100
100;3;15;15,33269;100
100;2;2;15,33269;100
100;3;15;15,33269;100
100;2;2;15,33269;100
100;2;2;15,66602;100
100;3;15;15,66602;100
100;3;15;15,66602;100
100;3;15;15,66602;100
100;3;15;15,66602;100
100;3;15;15,66602;100
100;3;15;15,66602;100
100;3;15;15,66602;100
100;2;2;15,66602;100
100;2;2;15,66602;100
100;3;15;15,99934;100
100;2;2;15,99934;100
100;3;15;15,99934;100
100;2;2;15,99934;100
100;2;2;15,99934;100
100;3;15;15,99934;100
100;2;2;15,99934;100
100;2;2;15,99934;100
100;2;2;15,99934;100
100;3;15;15,99934;100
100;3;15;15,99934;100
100;3;15;15,99934;100
100;2;2;16,33267;100
100;2;2;16,33267;100
100;3;15;16,33267;100
100;3;15;16,666;100
100;3;15;16,666;100
100;3;15;16,666;100
100;2;2;16,666;100
100;3;15;16,666;100
100;2;2;16,666;100
100;3;15;16,666;100
100;2;2;16,99933;100
100;2;2;16,99933;100
100;3;15;16,99933;100
100;2;2;16,99933;100
100;2;2;16,99933;100
100;3;15;16,99933;100
100;3;15;16,99933;100
100;3;15;16,99933;100
100;3;15;16,99933;100
100;2;2;16,99933;100
100;3;15;17,33266;100
100;3;15;17,33266;100
100;3;15;17,33266;100
100;3;15;17,33266;100
100;3;15;17,33266;100
100;2;2;17,33266;100
100;2;2;17,33266;100
100;3;15;17,33266;100
100;2;2;17,33266;100
100;2;2;17,66599;100
100;2;2;17,66599;100
100;3;15;17,66599;100
100;3;15;17,66599;100
100;2;2;17,66599;100
100;3;15;17,66599;100
100;2;2;17,66599;100
100;2;2;17,66599;100
100;2;2;17,66599;100
100;3;15;17,66599;100
100;3;15;17,66599;100
100;3;15;17,99931;100
100;3;15;17,99931;100
100;3;15;17,99931;100
100;2;2;17,99931;100
100;3;15;17,99931;100
100;2;2;17,99931;100
100;3;15;17,99931;100
100;2;2;17,99931;100
100;3;15;17,99931;100
100;2;2;17,99931;100
100;2;2;17,99931;100
100;2;2;17,99931;100
100;2;2;18,33264;100
100;2;2;18,33264;100
100;3;15;18,33264;100
100;2;2;18,33264;100
100;3;15;18,33264;100
100;3;15;18,33264;100
100;2;2;18,33264;100
100;3;15;18,33264;100
100;2;2;18,33264;100
100;3;15;18,33264;100
100;3;15;18,33264;100
100;2;2;18,66597;100
100;3;15;18,66597;100
100;3;15;18,66597;100
100;2;2;18,66597;100
100;2;2;18,66597;100
100;2;2;18,66597;100
100;3;15;18,9993;100
100;2;2;18,9993;100
100;3;15;18,9993;100
100;3;15;18,9993;100
100;2;2;18,9993;100
100;2;2;18,9993;100
100;3;15;18,9993;100
100;2;2;19,33263;100
100;3;15;19,33263;100
100;2;2;19,33263;100
100;3;15;19,33263;100
100;3;15;19,33263;100
100;3;15;19,33263;100
100;2;2;19,33263;100
100;2;2;19,33263;100
100;2;2;19,33263;100
100;3;15;19,33263;100
100;2;2;19,66595;100
100;2;2;19,66595;100
100;2;2;19,66595;100
100;3;15;19,66595;100
100;2;2;19,66595;100
100;3;15;19,66595;100
100;2;2;19,66595;100
100;2;2;19,66595;100
100;2;2;19,99928;100
100;3;15;19,99928;100
100;3;15;19,99928;100
100;2;2;19,99928;100
100;3;15;19,99928;100
100;2;2;19,99928;100
100;3;15;19,99928;100
100;2;2;19,99928;100
100;2;2;19,99928;100
100;2;2;19,99928;100
100;2;2;19,99928;100
100;2;2;19,99928;100
100;3;15;20,33261;100
100;3;15;20,33261;100
100;2;2;20,33261;100
100;3;15;20,33261;100
100;3;15;20,33261;100
100;3;15;20,33261;100
100;2;2;20,33261;100
100;2;2;20,66594;100
100;3;15;20,66594;100
100;2;2;20,66594;100
100;2;2;20,66594;100
100;2;2;20,66594;100
100;2;2;20,66594;100
100;2;2;20,66594;100
100;3;15;20,99927;100
100;3;15;20,99927;100
100;3;15;20,99927;100
100;2;2;20,99927;100
100;2;2;20,99927;100
100;3;15;20,99927;100
100;3;15;20,99927;100
100;2;2;20,99927;100
100;2;2;20,99927;100
100;3;15;20,99927;100
100;2;2;20,99927;100
100;3;15;21,3326;100
100;3;15;21,3326;100
100;3;15;21,3326;100
100;3;15;21,3326;100
100;2;2;21,3326;100
100;3;15;21,3326;100
100;3;15;21,3326;100
100;2;2;21,3326;100
100;3;15;21,3326;100
100;2;2;21,3326;100
100;2;2;21,66592;100
100;2;2;21,66592;100
100;2;2;21,66592;100
100;3;15;21,66592;100
100;2;2;21,66592;100
100;3;15;21,66592;100
100;2;2;21,66592;100
100;3;15;21,66592;100
100;2;2;21,66592;100
100;3;15;21,99925;100
100;2;2;21,99925;100
100;2;2;21,99925;100
100;3;15;21,99925;100
100;2;2;21,99925;100
100;3;15;21,99925;100
100;3;15;21,99925;100
100;2;2;21,99925;100
100;2;2;21,99925;100
100;2;2;22,33258;100
100;3;15;22,33258;100
100;2;2;22,33258;100
100;3;15;22,33258;100
100;2;2;22,33258;100
100;2;2;22,33258;100
100;3;15;22,33258;100
100;2;2;22,33258;100
100;3;15;22,66591;100
100;3;15;22,66591;100
100;3;15;22,66591;100
100;2;2;22,66591;100
100;3;15;22,66591;100
100;3;15;22,99924;100
100;2;2;22,99924;100
100;2;2;22,99924;100
100;2;2;22,99924;100
100;2;2;22,99924;100
100;3;15;22,99924;100
100;3;15;22,99924;100
100;3;15;23,33257;100
100;3;15;23,33257;100
100;3;15;23,33257;100
100;3;15;23,33257;100
100;2;2;23,33257;100
100;2;2;23,33257;100
100;3;15;23,33257;100
100;2;2;23,33257;100
100;2;2;23,33257;100
100;3;15;23,33257;100
100;2;2;23,66589;100
100;3;15;23,66589;100
100;3;15;23,66589;100
100;3;15;23,66589;100
100;3;15;23,66589;100
100;2;2;23,66589;100
100;2;2;23,66589;100
100;3;15;23,66589;100
100;2;2;23,66589;100
100;3;15;23,99922;100
100;2;2;23,99922;100
100;2;2;23,99922;100
100;3;15;23,99922;100
100;3;15;23,99922;100
100;3;15;23,99922;100
100;3;15;23,99922;100
100;3;15;23,99922;100
100;3;15;23,99922;100
100;3;15;24,33255;100
100;2;2;24,33255;100
100;3;15;24,33255;100
100;3;15;24,33255;100
100;2;2;24,33255;100
100;3;15;24,33255;100
100;3;15;24,33255;100
100;3;15;24,33255;100
100;3;15;24,66588;100
100;3;15;24,66588;100
100;2;2;24,66588;100
100;3;15;24,66588;100
100;2;2;24,66588;100
100;3;15;24,66588;100
100;2;2;24,66588;100
100;3;15;24,66588;100
100;2;2;24,66588;100
100;2;2;24,99921;100
100;2;2;24,99921;100
100;3;15;24,99921;100
100;2;2;24,99921;100
100;2;2;24,99921;100
100;2;2;25,33253;100
100;3;15;25,33253;100
100;3;15;25,33253;100
100;2;2;25,33253;100
100;2;2;25,33253;100
100;3;15;25,33253;100
100;3;15;25,33253;100
100;3;15;25,33253;100
100;3;15;25,33253;100
100;2;2;25,33253;100
100;2;2;25,33253;100
100;3;15;25,33253;100
100;3;15;25,66586;100
100;3;15;25,66586;100
100;2;2;25,66586;100
100;3;15;25,66586;100
100;2;2;25,66586;100
100;3;15;25,66586;100
100;2;2;25,99919;100
100;3;15;25,99919;100
100;2;2;25,99919;100
100;2;2;25,99919;100
100;2;2;25,99919;100
100;3;15;25,99919;100
100;2;2;25,99919;100
100;2;2;26,33252;100
100;3;15;26,33252;100
100;3;15;26,33252;100
100;3;15;26,33252;100
100;2;2;26,33252;100
100;2;2;26,33252;100
100;3;15;26,33252;100
100;3;15;26,66585;85
100;3;15;26,66585;70
100;3;15;26,66585;55
100;2;2;26,66585;55
100;3;15;26,66585;40
100;2;2;26,66585;40
100;2;2;26,99918;40
100;3;15;26,99918;25
100;2;2;26,99918;25
100;3;15;26,99918;10
100;3;15;26,99918;-5
Player