100;2;2;27,06592;100
100;2;2;27,06592;100
100;3;15;27,06592;100
100;2;2;27,06592;100
100;2;2;27,06592;100
100;3;15;27,06592;100
100;3;15;27,06592;100
100;2;2;27,06592;100
100;2;2;27,06592;100
100;2;2;27,06592;100
100;2;2;27,39917;100
100;2;2;27,39917;100
100;2;2;27,39917;100
100;3;15;27,39917;100
100;3;15;27,39917;100
100;2;2;27,39917;100
100;3;15;27,39917;100
100;2;2;27,39917;100
100;2;2;27,39917;100
100;3;15;27,39917;100
100;2;2;27,73242;100
100;2;2;27,73242;100
100;3;15;27,73242;100
100;2;2;27,73242;100
100;2;2;27,73242;100
100;3;15;27,73242;100
100;3;15;27,73242;100
100;2;2;27,73242;100
100;3;15;27,73242;100
100;2;2;28,06567;100
100;2;2;28,06567;100
100;2;2;28,06567;100
100;3;15;28,06567;100
100;3;15;28,06567;100
100;2;2;28,06567;100
100;2;2;28,06567;100
100;3;15;28,06567;100
100;3;15;28,06567;100
100;2;2;28,39893;100
100;3;15;28,39893;100
100;2;2;28,39893;100
100;2;2;28,39893;100
100;2;2;28,39893;100
100;3;15;28,39893;100
100;2;2;28,39893;100
100;2;2;28,39893;100
100;2;2;28,73218;100
100;2;2;28,73218;100
100;3;15;28,73218;100
100;2;2;28,73218;100
100;3;15;28,73218;100
100;3;15;28,73218;100
100;3;15;28,73218;100
100;3;15;28,73218;100
100;2;2;29,06543;100
100;3;15;29,06543;100
100;2;2;29,06543;100
100;3;15;29,06543;100
100;2;2;29,06543;100
100;3;15;29,06543;100
100;2;2;29,39868;100
100;2;2;29,39868;100
100;2;2;29,39868;100
100;3;15;29,39868;100
100;3;15;29,39868;100
100;2;2;29,39868;100
100;3;15;29,39868;100
100;2;2;29,39868;100
100;2;2;29,39868;100
100;3;15;29,39868;100
100;3;15;29,39868;100
100;2;2;29,73193;100
100;3;15;29,73193;100
100;2;2;29,73193;100
100;3;15;29,73193;100
100;2;2;29,73193;100
100;2;2;29,73193;100
100;2;2;30,06519;100
100;2;2;30,06519;100
100;3;15;30,06519;100
100;2;2;30,06519;100
100;3;15;30,06519;100
100;2;2;30,06519;100
100;3;15;30,39844;100
100;3;15;30,39844;100
100;3;15;30,39844;100
100;2;2;30,39844;100
100;2;2;30,39844;100
100;2;2;30,39844;100
100;2;2;30,39844;100
100;3;15;30,73169;100
100;2;2;30,73169;100
100;2;2;30,73169;100
100;2;2;30,73169;100
100;2;2;30,73169;100
100;2;2;30,73169;100
100;3;15;30,73169;100
100;2;2;30,73169;100
100;2;2;31,06494;100
100;2;2;31,06494;100
100;2;2;31,06494;100
100;2;2;31,06494;100
100;2;2;31,06494;100
100;2;2;31,06494;100
100;3;15;31,39819;100
100;2;2;31,39819;100
100;2;2;31,39819;100
100;3;15;31,39819;100
100;3;15;31,39819;100
100;3;15;31,39819;100
100;2;2;31,39819;100
100;2;2;31,39819;100
100;2;2;31,39819;100
100;2;2;31,39819;100
100;3;15;31,73145;100
100;3;15;31,73145;100
100;2;2;31,73145;100
100;2;2;31,73145;100
100;2;2;31,73145;100
100;3;15;31,73145;100
100;3;15;32,0647;100
100;2;2;32,0647;100
100;3;15;32,0647;100
100;3;15;32,0647;100
100;2;2;32,0647;100
100;2;2;32,0647;100
100;3;15;32,0647;100
100;3;15;32,0647;100
100;2;2;32,0647;100
100;3;15;32,39795;100
100;3;15;32,39795;100
100;2;2;32,39795;100
100;2;2;32,39795;100
100;3;15;32,39795;100
100;2;2;32,39795;100
100;2;2;32,39795;100
100;3;15;32,39795;100
100;3;15;32,39795;100
100;2;2;32,7312;100
100;3;15;32,7312;100
100;2;2;32,7312;100
100;2;2;32,7312;100
100;2;2;32,7312;100
100;2;2;32,7312;100
100;3;15;32,7312;100
100;2;2;32,7312;100
100;3;15;32,7312;100
100;2;2;32,7312;100
100;2;2;33,06445;100
100;2;2;33,06445;100
100;3;15;33,06445;100
100;2;2;33,06445;100
100;2;2;33,06445;100
100;3;15;33,06445;100
100;3;15;33,06445;100
100;2;2;33,06445;100
100;3;15;33,39771;100
100;2;2;33,39771;100
100;2;2;33,39771;100
100;3;15;33,39771;100
100;2;2;33,39771;100
100;3;15;33,39771;100
100;3;15;33,39771;100
100;2;2;33,73096;100
100;2;2;33,73096;100
100;2;2;33,73096;100
100;2;2;33,73096;100
100;3;15;33,73096;100
100;2;2;33,73096;100
100;3;15;33,73096;100
100;2;2;33,73096;100
100;2;2;33,73096;100
100;3;15;33,73096;100
100;3;15;33,73096;100
100;3;15;33,73096;100
100;3;15;33,73096;100
100;2;2;34,06421;100
100;2;2;34,06421;100
100;3;15;34,06421;100
100;3;15;34,06421;100
100;3;15;34,06421;100
100;2;2;34,06421;100
100;3;15;34,06421;100
100;2;2;34,39746;100
100;3;15;34,39746;100
100;3;15;34,39746;100
100;2;2;34,39746;100
100;2;2;34,39746;100
100;2;2;34,39746;100
100;2;2;34,73071;100
100;2;2;34,73071;100
100;2;2;34,73071;100
100;3;15;34,73071;100
100;2;2;34,73071;100
100;3;15;34,73071;100
100;2;2;35,06396;100
100;2;2;35,06396;100
100;3;15;35,06396;100
100;2;2;35,06396;100
100;2;2;35,06396;100
100;2;2;35,06396;100
100;3;15;35,06396;100
100;3;15;35,06396;100
100;3;15;35,06396;100
100;2;2;35,39722;100
100;3;15;35,39722;100
100;3;15;35,39722;100
100;3;15;35,39722;100
100;2;2;35,39722;100
100;3;15;35,39722;100
100;3;15;35,39722;100
100;2;2;35,39722;100
100;2;2;35,39722;100
100;3;15;35,73047;100
100;3;15;35,73047;100
100;3;15;35,73047;100
100;2;2;35,73047;100
100;2;2;35,73047;100
100;2;2;35,73047;100
100;2;2;35,73047;100
100;3;15;35,73047;100
100;3;15;35,73047;100
100;3;15;36,06372;100
100;2;2;36,06372;100
100;3;15;36,06372;100
100;2;2;36,39697;100
100;3;15;36,39697;100
100;3;15;36,39697;100
100;3;15;36,39697;100
100;3;15;36,39697;100
100;3;15;36,39697;100
100;3;15;36,39697;100
100;2;2;36,39697;100
100;2;2;36,73022;100
100;3;15;36,73022;100
100;2;2;36,73022;100
100;3;15;36,73022;100
100;2;2;37,06348;100
100;2;2;37,06348;100
100;2;2;37,06348;100
100;3;15;37,06348;100
100;2;2;37,06348;100
100;3;15;37,06348;100
100;2;2;37,06348;100
100;2;2;37,06348;100
100;2;2;37,39673;100
100;2;2;37,39673;100
100;2;2;37,39673;100
100;2;2;37,39673;100
100;3;15;37,39673;100
100;2;2;37,39673;100
100;3;15;37,39673;100
100;2;2;37,39673;100
100;2;2;37,39673;100
100;2;2;37,39673;100
100;2;2;37,72998;100
100;2;2;37,72998;100
100;2;2;37,72998;100
100;3;15;37,72998;100
100;3;15;37,72998;100
100;3;15;37,72998;100
100;2;2;37,72998;100
100;2;2;37,72998;100
100;3;15;37,72998;100
100;3;15;38,06323;100
100;2;2;38,06323;100
100;3;15;38,06323;100
100;3;15;38,06323;100
100;3;15;38,06323;100
100;3;15;38,06323;100
100;2;2;38,06323;100
100;2;2;38,06323;100
100;2;2;38,06323;100
100;2;2;38,06323;100
100;3;15;38,06323;100
100;2;2;38,39648;100
100;2;2;38,39648;100
100;3;15;38,39648;100
100;3;15;38,39648;100
100;3;15;38,39648;100
100;3;15;38,39648;100
100;2;2;38,39648;100
100;2;2;38,72974;100
100;2;2;38,72974;100
100;2;2;38,72974;100
100;2;2;38,72974;100
100;3;15;38,72974;100
100;2;2;38,72974;100
100;3;15;38,72974;100
100;2;2;38,72974;100
100;2;2;38,72974;100
100;3;15;38,72974;100
100;3;15;39,06299;100
100;2;2;39,06299;100
100;3;15;39,06299;100
100;2;2;39,06299;100
100;3;15;39,06299;100
100;3;15;39,06299;100
100;3;15;39,39624;100
100;2;2;39,39624;100
100;2;2;39,39624;100
100;3;15;39,39624;100
100;3;15;39,39624;100
100;2;2;39,39624;100
100;2;2;39,39624;100
100;3;15;39,39624;100
100;2;2;39,39624;100
100;3;15;39,72949;100
100;2;2;39,72949;100
100;2;2;39,72949;100
100;3;15;39,72949;100
100;3;15;39,72949;100
100;2;2;39,72949;100
100;3;15;40,06274;100
100;3;15;40,06274;100
100;3;15;40,06274;100
100;3;15;40,06274;100
100;2;2;40,06274;100
100;2;2;40,06274;100
100;3;15;40,06274;100
100;3;15;40,396;100
100;2;2;40,396;100
100;3;15;40,396;100
100;2;2;40,396;100
100;2;2;40,396;100
100;3;15;40,396;100
100;2;2;40,396;100
100;3;15;40,396;100
100;3;15;40,72925;100
100;3;15;40,72925;100
100;3;15;40,72925;100
100;2;2;40,72925;100
100;3;15;40,72925;100
100;2;2;41,0625;100
100;2;2;41,0625;100
100;2;2;41,0625;100
100;2;2;41,0625;100
100;2;2;41,39575;100
100;2;2;41,39575;100
100;3;15;41,39575;100
100;3;15;41,39575;100
100;3;15;41,39575;100
100;3;15;41,39575;100
100;3;15;41,39575;100
100;3;15;41,39575;100
100;3;15;41,39575;100
100;2;2;41,39575;100
100;3;15;41,39575;100
100;3;15;41,39575;100
100;3;15;41,729;100
100;3;15;41,729;100
100;2;2;41,729;100
100;2;2;41,729;100
100;2;2;41,729;100
100;2;2;41,729;100
100;2;2;41,729;100
100;2;2;41,729;100
