92;3;15;40,00415;100
92;3;15;40,00415;100
92;3;15;40,00415;100
92;2;2;40,00415;100
92;2;2;40,00415;100
92;2;2;40,00415;100
92;3;15;40,3374;100
92;2;2;40,3374;100
92;3;15;40,3374;100
92;3;15;40,3374;100
92;3;15;40,3374;100
92;3;15;40,3374;100
92;2;2;40,3374;100
92;3;15;40,3374;100
92;2;2;40,67065;100
92;2;2;40,67065;100
92;2;2;40,67065;100
92;2;2;40,67065;100
92;2;2;40,67065;100
92;3;15;40,67065;100
92;2;2;40,67065;100
92;3;15;40,67065;100
92;3;15;40,67065;100
92;3;15;40,67065;100
92;3;15;40,67065;100
92;2;2;41,00391;100
92;3;15;41,00391;100
92;2;2;41,00391;100
92;3;15;41,00391;100
92;3;15;41,00391;100
92;3;15;41,00391;100
92;2;2;41,00391;100
92;2;2;41,00391;100
92;3;15;41,00391;100
92;2;2;41,00391;100
92;3;15;41,33716;100
92;3;15;41,33716;100
92;2;2;41,33716;100
92;2;2;41,33716;100
92;2;2;41,33716;100
92;2;2;41,33716;100
92;2;2;41,33716;100
92;3;15;41,33716;100
92;3;15;41,33716;100
92;3;15;41,33716;100
92;3;15;41,33716;100
92;2;2;41,67041;100
92;2;2;41,67041;100
92;2;2;41,67041;100
92;2;2;41,67041;100
92;2;2;41,67041;100
92;2;2;41,67041;100
92;3;15;41,67041;100
92;2;2;42,00366;100
92;2;2;42,00366;100
92;2;2;42,00366;100
92;2;2;42,00366;100
92;2;2;42,00366;100
92;2;2;42,00366;100
92;2;2;42,00366;100
92;2;2;42,33691;100
92;2;2;42,33691;100
92;2;2;42,33691;100
92;3;15;42,33691;100
92;2;2;42,33691;100
92;2;2;42,33691;100
92;2;2;42,33691;100
92;2;2;42,33691;100
92;3;15;42,67017;100
92;3;15;42,67017;100
92;3;15;42,67017;100
92;2;2;42,67017;100
92;3;15;42,67017;100
92;2;2;42,67017;100
92;3;15;43,00342;100
92;2;2;43,00342;100
92;2;2;43,00342;100
92;2;2;43,00342;100
92;3;15;43,00342;100
92;2;2;43,00342;100
92;2;2;43,00342;100
92;3;15;43,00342;100
92;2;2;43,33667;100
92;3;15;43,33667;100
92;2;2;43,33667;100
92;2;2;43,33667;100
92;3;15;43,33667;100
92;2;2;43,33667;100
92;2;2;43,33667;100
92;2;2;43,33667;100
92;2;2;43,33667;100
92;3;15;43,33667;100
92;3;15;43,33667;100
92;2;2;43,66992;100
92;3;15;43,66992;100
92;3;15;43,66992;100
92;2;2;43,66992;100
92;3;15;43,66992;100
92;3;15;43,66992;100
92;3;15;43,66992;100
92;2;2;43,66992;100
92;2;2;44,00317;100
92;3;15;44,00317;100
92;3;15;44,00317;100
92;3;15;44,00317;100
92;3;15;44,00317;100
92;2;2;44,00317;100
92;3;15;44,00317;100
92;2;2;44,00317;100
92;3;15;44,00317;100
92;2;2;44,33643;100
92;3;15;44,33643;100
92;2;2;44,33643;100
92;2;2;44,33643;100
92;2;2;44,33643;100
92;3;15;44,33643;100
92;3;15;44,33643;100
92;3;15;44,33643;100
92;3;15;44,66968;100
92;3;15;44,66968;100
92;2;2;44,66968;100
92;2;2;44,66968;100
92;2;2;44,66968;100
92;2;2;44,66968;100
92;3;15;44,66968;100
92;3;15;44,66968;100
92;2;2;44,66968;100
92;2;2;44,66968;100
92;2;2;45,00293;100
92;3;15;45,00293;100
92;3;15;45,00293;100
92;2;2;45,00293;100
92;3;15;45,00293;100
92;3;15;45,00293;100
92;3;15;45,00293;100
92;3;15;45,33618;100
92;2;2;45,33618;100
92;3;15;45,33618;100
92;2;2;45,33618;100
92;2;2;45,33618;100
92;2;2;45,33618;100
92;2;2;45,33618;100
92;3;15;45,33618;100
92;3;15;45,33618;100
92;2;2;45,33618;100
92;3;15;45,66943;100
92;2;2;45,66943;100
92;3;15;45,66943;100
92;3;15;45,66943;100
92;3;15;45,66943;100
92;2;2;45,66943;100
92;3;15;45,66943;100
92;2;2;46,00269;100
92;2;2;46,00269;100
92;2;2;46,00269;100
92;3;15;46,00269;100
92;2;2;46,00269;100
92;3;15;46,00269;100
92;2;2;46,00269;100
92;2;2;46,00269;100
92;2;2;46,00269;100
92;3;15;46,00269;100
92;2;2;46,00269;100
92;3;15;46,00269;100
92;2;2;46,33594;100
92;2;2;46,33594;100
92;2;2;46,33594;100
92;2;2;46,33594;100
92;2;2;46,33594;100
92;2;2;46,33594;100
92;3;15;46,66919;100
92;2;2;46,66919;100
92;2;2;46,66919;100
92;2;2;46,66919;100
92;3;15;46,66919;100
92;3;15;46,66919;100
92;2;2;46,66919;100
92;3;15;47,00244;100
92;3;15;47,00244;100
92;2;2;47,00244;100
92;3;15;47,00244;100
92;2;2;47,00244;100
92;2;2;47,00244;100
92;3;15;47,00244;100
92;2;2;47,00244;100
92;3;15;47,33569;100
92;2;2;47,33569;100
92;3;15;47,33569;100
92;3;15;47,33569;100
92;3;15;47,33569;100
92;3;15;47,33569;100
92;3;15;47,33569;100
92;2;2;47,66895;100
92;3;15;47,66895;100
92;3;15;47,66895;100
92;2;2;47,66895;100
92;3;15;47,66895;100
92;2;2;47,66895;100
92;2;2;47,66895;100
92;2;2;47,66895;100
92;2;2;47,66895;100
92;3;15;48,0022;100
92;3;15;48,0022;100
92;3;15;48,0022;100
92;2;2;48,0022;100
92;2;2;48,0022;100
92;3;15;48,0022;100
92;2;2;48,0022;100
92;2;2;48,0022;100
92;2;2;48,0022;100
92;3;15;48,33545;100
92;3;15;48,33545;100
92;2;2;48,33545;100
92;3;15;48,6687;100
92;3;15;48,6687;100
92;2;2;48,6687;100
92;3;15;48,6687;100
92;3;15;48,6687;100
92;3;15;48,6687;100
92;2;2;48,6687;100
92;2;2;49,00195;100
92;3;15;49,00195;100
92;3;15;49,00195;100
92;3;15;49,00195;100
92;2;2;49,00195;100
92;3;15;49,00195;100
92;2;2;49,33521;100
92;3;15;49,33521;100
92;2;2;49,33521;100
92;2;2;49,33521;100
92;2;2;49,33521;100
92;2;2;49,33521;100
92;3;15;49,33521;100
92;2;2;49,33521;100
92;2;2;49,33521;100
92;3;15;49,33521;100
92;3;15;49,66846;100
92;2;2;49,66846;100
92;3;15;49,66846;100
92;2;2;49,66846;100
92;2;2;49,66846;100
92;2;2;49,66846;100
92;3;15;49,66846;100
92;2;2;49,66846;100
92;2;2;50,00171;100
92;2;2;50,00171;100
92;2;2;50,00171;100
92;3;15;50,00171;100
92;2;2;50,00171;100
92;2;2;50,33496;100
92;3;15;50,33496;100
92;2;2;50,33496;100
92;2;2;50,33496;100
92;2;2;50,33496;100
92;2;2;50,33496;100
92;2;2;50,33496;100
92;3;15;50,33496;100
92;2;2;50,33496;100
92;2;2;50,66821;100
92;3;15;50,66821;100
92;3;15;50,66821;100
92;3;15;50,66821;100
92;2;2;50,66821;100
92;2;2;50,66821;100
92;2;2;50,66821;100
92;2;2;51,00146;100
92;2;2;51,00146;100
92;2;2;51,00146;100
92;3;15;51,00146;100
92;2;2;51,00146;100
92;2;2;51,00146;100
92;2;2;51,00146;100
92;2;2;51,00146;100
92;2;2;51,00146;100
92;2;2;51,33472;100
92;3;15;51,33472;100
92;3;15;51,33472;100
92;2;2;51,33472;100
92;3;15;51,33472;100
92;3;15;51,33472;100
92;3;15;51,33472;100
92;2;2;51,33472;100
92;2;2;51,33472;100
92;2;2;51,33472;100
92;2;2;51,33472;100
92;3;15;51,66797;100
92;3;15;51,66797;100
92;2;2;51,66797;100
92;3;15;51,66797;100
92;2;2;51,66797;100
92;2;2;51,66797;100
92;2;2;51,66797;100
92;3;15;51,66797;100
92;2;2;51,66797;100
92;2;2;52,00122;100
92;3;15;52,00122;100
92;2;2;52,00122;100
92;3;15;52,00122;100
92;3;15;52,00122;100
92;3;15;52,33447;100
92;2;2;52,33447;100
92;3;15;52,33447;100
92;3;15;52,33447;100
92;3;15;52,33447;100
92;3;15;52,33447;100
92;3;15;52,33447;100
92;3;15;52,33447;100
92;2;2;52,33447;100
92;2;2;52,33447;100
92;3;15;52,66772;100
92;2;2;52,66772;100
92;2;2;52,66772;100
92;2;2;52,66772;100
92;2;2;52,66772;100
92;2;2;52,66772;100
92;2;2;53,00098;100
92;2;2;53,00098;100
92;3;15;53,00098;100
92;2;2;53,00098;100
92;2;2;53,00098;100
92;2;2;53,00098;100
92;3;15;53,00098;100
92;2;2;53,00098;100
92;3;15;53,00098;100
92;3;15;53,00098;100
92;3;15;53,33423;100
92;3;15;53,33423;100
92;2;2;53,33423;100
92;2;2;53,33423;100
92;2;2;53,33423;100
92;2;2;53,33423;100
92;3;15;53,33423;100
92;3;15;53,33423;100
92;2;2;53,66748;100
92;3;15;53,66748;100
92;3;15;53,66748;100
92;2;2;53,66748;100
92;2;2;53,66748;100
92;2;2;53,66748;100
92;3;15;53,66748;100
92;3;15;53,66748;100
92;3;15;53,66748;100
92;3;15;54,00073;100
92;2;2;54,00073;100
92;3;15;54,00073;100
92;2;2;54,00073;100
92;2;2;54,00073;100
92;2;2;54,00073;100
92;2;2;54,00073;100
92;3;15;54,00073;100
92;2;2;54,33398;100
92;3;15;54,33398;100
92;3;15;54,33398;100
92;3;15;54,33398;100
92;2;2;54,33398;100
92;2;2;54,33398;100
92;2;2;54,33398;100
92;2;2;54,33398;100
92;2;2;54,66724;100
92;2;2;54,66724;100
92;2;2;54,66724;100
92;2;2;54,66724;100
92;3;15;54,66724;100
92;2;2;54,66724;100
92;3;15;54,66724;100
92;3;15;54,66724;100
92;3;15;54,66724;100
92;3;15;54,66724;100
92;3;15;54,66724;100
92;2;2;55,00049;100
