100;3;15;11,99849;100
100;3;15;11,99849;100
100;3;15;11,99849;100
100;3;15;11,99849;100
100;2;2;12,33182;100
100;2;2;12,33182;100
100;3;15;12,33182;100
100;2;2;12,33182;100
100;3;15;12,33182;100
100;3;15;12,66515;100
100;3;15;12,66515;100
100;2;2;12,66515;100
100;3;15;12,66515;100
100;3;15;12,66515;100
100;2;2;12,66515;100
100;3;15;12,66515;100
100;2;2;12,66515;100
100;3;15;12,99847;100
100;3;15;12,99847;100
100;3;15;12,99847;100
100;3;15;12,99847;100
100;3;15;12,99847;100
100;3;15;13,3318;100
100;3;15;13,3318;100
100;3;15;13,3318;100
100;2;2;13,3318;100
100;2;2;13,3318;100
100;2;2;13,66513;100
100;2;2;13,66513;100
100;2;2;13,66513;100
100;2;2;13,66513;100
100;3;15;13,66513;100
100;3;15;13,66513;100
100;2;2;13,66513;100
100;3;15;13,99846;100
100;3;15;13,99846;100
100;2;2;13,99846;100
100;2;2;13,99846;100
100;2;2;13,99846;100
100;2;2;13,99846;100
100;3;15;13,99846;100
100;2;2;13,99846;100
100;3;15;13,99846;100
100;2;2;13,99846;100
100;3;15;14,33179;100
100;3;15;14,33179;100
100;2;2;14,33179;100
100;3;15;14,33179;100
100;2;2;14,33179;100
100;3;15;14,33179;100
100;2;2;14,33179;100
100;2;2;14,33179;100
100;3;15;14,66512;100
100;3;15;14,66512;100
100;2;2;14,66512;100
100;2;2;14,66512;100
100;2;2;14,66512;100
100;2;2;14,66512;100
100;3;15;14,66512;100
100;2;2;14,66512;100
100;3;15;14,66512;100
100;2;2;14,99844;100
100;3;15;14,99844;100
100;3;15;14,99844;100
100;2;2;14,99844;100
100;3;15;14,99844;100
100;2;2;14,99844;100
100;2;2;14,99844;100
100;3;15;15,33177;100
100;3;15;15,33177;100
100;3;15;15,33177;100
100;3;15;15,33177;100
100;3;15;15,33177;100
100;3;15;15,33177;100
100;2;2;15,33177;100
100;2;2;15,33177;100
100;2;2;15,33177;100
100;3;15;15,33177;100
100;3;15;15,6651;100
100;2;2;15,6651;100
100;3;15;15,6651;100
100;2;2;15,6651;100
100;3;15;15,6651;100
100;3;15;15,6651;100
100;3;15;15,6651;100
100;2;2;15,99843;100
100;2;2;15,99843;100
100;3;15;15,99843;100
100;3;15;15,99843;100
100;3;15;15,99843;100
100;3;15;15,99843;100
100;2;2;15,99843;100
100;2;2;15,99843;100
100;3;15;16,33176;100
100;3;15;16,33176;100
100;3;15;16,33176;100
100;3;15;16,33176;100
100;2;2;16,33176;100
100;2;2;16,33176;100
100;3;15;16,33176;100
100;2;2;16,33176;100
100;3;15;16,33176;100
100;3;15;16,6651;100
100;2;2;16,6651;100
100;3;15;16,6651;100
100;3;15;16,6651;100
100;2;2;16,6651;100
100;3;15;16,6651;100
100;3;15;16,99844;100
100;2;2;16,99844;100
100;3;15;16,99844;100
100;3;15;16,99844;100
100;2;2;16,99844;100
100;3;15;17,33179;100
100;2;2;17,33179;100
100;3;15;17,33179;100
100;3;15;17,33179;100
100;2;2;17,33179;100
100;3;15;17,33179;100
100;2;2;17,33179;100
100;3;15;17,33179;100
100;2;2;17,33179;100
100;3;15;17,33179;100
100;2;2;17,66513;100
100;3;15;17,66513;100
100;3;15;17,66513;100
100;2;2;17,66513;100
100;2;2;17,66513;100
100;3;15;17,66513;100
100;3;15;17,99847;100
100;3;15;17,99847;100
100;3;15;17,99847;100
100;2;2;17,99847;100
100;3;15;17,99847;100
100;2;2;17,99847;100
100;2;2;18,33182;100
100;3;15;18,33182;100
100;3;15;18,33182;100
100;3;15;18,33182;100
100;3;15;18,33182;100
100;3;15;18,33182;100
100;2;2;18,33182;100
100;3;15;18,33182;100
100;2;2;18,33182;100
100;2;2;18,33182;100
100;2;2;18,33182;100
100;2;2;18,66516;100
100;2;2;18,66516;100
100;2;2;18,66516;100
100;2;2;18,66516;100
100;2;2;18,66516;100
100;2;2;18,66516;100
100;2;2;18,66516;100
100;3;15;18,66516;100
100;2;2;18,66516;100
100;3;15;18,66516;100
100;3;15;18,9985;100
100;2;2;18,9985;100
100;2;2;18,9985;100
100;3;15;18,9985;100
100;2;2;18,9985;100
100;3;15;18,9985;100
100;3;15;19,33185;100
100;3;15;19,33185;100
100;3;15;19,33185;100
100;3;15;19,33185;100
100;3;15;19,33185;100
100;3;15;19,33185;100
100;3;15;19,33185;100
100;2;2;19,33185;100
100;3;15;19,33185;100
100;3;15;19,66519;100
100;2;2;19,66519;100
100;2;2;19,66519;100
100;3;15;19,66519;100
100;2;2;19,66519;100
100;3;15;19,66519;100
100;3;15;19,99854;100
100;2;2;19,99854;100
100;2;2;19,99854;100
100;3;15;19,99854;100
100;2;2;19,99854;100
100;3;15;19,99854;100
100;3;15;19,99854;100
100;3;15;19,99854;100
100;3;15;19,99854;100
100;2;2;19,99854;100
100;3;15;19,99854;100
100;3;15;19,99854;100
100;3;15;20,33188;100
100;2;2;20,33188;100
100;2;2;20,33188;100
100;2;2;20,33188;100
100;2;2;20,33188;100
100;3;15;20,33188;100
100;3;15;20,33188;100
100;3;15;20,33188;100
100;2;2;20,66522;100
100;3;15;20,66522;100
100;3;15;20,66522;100
100;2;2;20,66522;100
100;2;2;20,66522;100
100;2;2;20,99857;100
100;3;15;20,99857;100
100;2;2;20,99857;100
100;2;2;20,99857;100
100;2;2;20,99857;100
100;2;2;20,99857;100
100;2;2;20,99857;100
100;3;15;20,99857;100
100;2;2;20,99857;100
100;2;2;21,33191;100
100;2;2;21,33191;100
100;3;15;21,33191;100
100;2;2;21,33191;100
100;2;2;21,33191;100
100;3;15;21,33191;100
100;2;2;21,33191;100
100;2;2;21,33191;100
100;3;15;21,66525;100
100;2;2;21,66525;100
100;3;15;21,66525;100
100;3;15;21,66525;100
100;2;2;21,66525;100
100;2;2;21,66525;100
100;3;15;21,9986;100
100;2;2;21,9986;100
100;3;15;21,9986;100
100;2;2;21,9986;100
100;3;15;21,9986;100
100;2;2;21,9986;100
100;3;15;21,9986;100
100;2;2;21,9986;100
100;2;2;21,9986;100
100;2;2;21,9986;100
100;3;15;22,33194;100
100;2;2;22,33194;100
100;2;2;22,33194;100
100;3;15;22,33194;100
100;2;2;22,33194;100
100;3;15;22,33194;100
100;3;15;22,33194;100
100;2;2;22,33194;100
100;3;15;22,66528;100
100;3;15;22,66528;100
100;3;15;22,66528;100
100;3;15;22,66528;100
100;2;2;22,66528;100
100;3;15;22,66528;100
100;3;15;22,66528;100
100;3;15;22,66528;100
100;3;15;22,66528;100
100;3;15;22,99863;100
100;3;15;22,99863;100
100;2;2;22,99863;100
100;3;15;22,99863;100
100;2;2;22,99863;100
100;3;15;22,99863;100
100;2;2;23,33197;100
100;3;15;23,33197;100
100;3;15;23,33197;100
100;3;15;23,33197;100
100;2;2;23,33197;100
100;2;2;23,33197;100
100;2;2;23,33197;100
100;2;2;23,66531;100
100;2;2;23,66531;100
100;3;15;23,66531;100
100;3;15;23,66531;100
100;3;15;23,66531;100
100;3;15;23,66531;100
100;2;2;23,66531;100
100;2;2;23,66531;100
100;3;15;23,99866;100
100;2;2;23,99866;100
100;2;2;23,99866;100
100;3;15;23,99866;100
100;2;2;23,99866;100
100;2;2;23,99866;100
100;3;15;24,332;100
100;2;2;24,332;100
100;2;2;24,332;100
100;2;2;24,332;100
100;2;2;24,332;100
100;2;2;24,332;100
100;2;2;24,332;100
100;2;2;24,332;100
100;3;15;24,332;100
100;2;2;24,66534;100
100;2;2;24,66534;100
100;2;2;24,66534;100
100;2;2;24,66534;100
100;2;2;24,66534;100
100;3;15;24,66534;100
100;3;15;24,66534;100
100;2;2;24,99869;100
100;3;15;24,99869;100
100;3;15;24,99869;100
100;2;2;24,99869;100
100;3;15;24,99869;100
100;3;15;24,99869;100
100;3;15;25,33203;100
100;2;2;25,33203;100
100;3;15;25,33203;100
100;3;15;25,33203;100
100;2;2;25,33203;100
100;3;15;25,33203;100
100;3;15;25,33203;100
100;2;2;25,66537;100
100;3;15;25,66537;100
100;2;2;25,66537;100
100;2;2;25,66537;100
100;2;2;25,66537;100
100;2;2;25,66537;100
100;3;15;25,66537;100
100;3;15;25,66537;100
100;3;15;25,66537;100
100;3;15;25,99872;100
100;3;15;25,99872;100
100;2;2;25,99872;100
100;3;15;25,99872;100
100;3;15;25,99872;100
100;3;15;25,99872;100
100;2;2;25,99872;100
100;2;2;25,99872;100
100;2;2;25,99872;100
100;2;2;26,33206;100
100;3;15;26,33206;100
100;2;2;26,33206;100
100;3;15;26,33206;100
100;2;2;26,33206;100
100;3;15;26,33206;100
100;2;2;26,66541;100
100;2;2;26,66541;100
100;3;15;26,66541;100
100;2;2;26,66541;100
100;3;15;26,66541;100
100;3;15;26,66541;100
100;2;2;26,66541;100
100;2;2;26,66541;100
100;2;2;26,99875;100
100;2;2;26,99875;100
100;2;2;26,99875;100
