100;2;2;37,42236;100
100;3;15;37,42236;100
100;2;2;37,42236;100
100;2;2;37,42236;100
100;2;2;37,75562;100
100;3;15;37,75562;100
100;3;15;37,75562;100
100;2;2;37,75562;100
100;2;2;37,75562;100
100;2;2;37,75562;100
100;3;15;37,75562;100
100;2;2;37,75562;100
100;2;2;38,08887;100
100;2;2;38,08887;100
100;2;2;38,08887;100
100;3;15;38,08887;100
100;3;15;38,08887;100
100;2;2;38,08887;100
100;2;2;38,42212;100
100;2;2;38,42212;100
100;3;15;38,42212;100
100;3;15;38,42212;100
100;2;2;38,42212;100
100;3;15;38,42212;100
100;3;15;38,42212;100
100;2;2;38,42212;100
100;2;2;38,75537;100
100;3;15;38,75537;100
100;3;15;38,75537;100
100;3;15;38,75537;100
100;3;15;38,75537;100
100;3;15;38,75537;100
100;3;15;39,08862;100
100;3;15;39,08862;100
100;2;2;39,08862;100
100;3;15;39,08862;100
100;3;15;39,08862;100
100;3;15;39,08862;100
100;3;15;39,08862;100
100;3;15;39,08862;100
100;2;2;39,42188;100
100;2;2;39,42188;100
100;2;2;39,42188;100
100;2;2;39,42188;100
100;2;2;39,42188;100
100;2;2;39,42188;100
100;3;15;39,42188;100
100;2;2;39,42188;100
100;2;2;39,42188;100
100;3;15;39,75513;100
100;3;15;39,75513;100
100;2;2;39,75513;100
100;2;2;39,75513;100
100;3;15;39,75513;100
100;3;15;40,08838;100
100;3;15;40,08838;100
100;3;15;40,08838;100
100;2;2;40,08838;100
100;3;15;40,08838;100
100;3;15;40,08838;100
100;2;2;40,42163;100
100;3;15;40,42163;100
100;3;15;40,42163;100
100;2;2;40,42163;100
100;2;2;40,42163;100
100;2;2;40,42163;100
100;2;2;40,42163;100
100;2;2;40,42163;100
100;3;15;40,42163;100
100;3;15;40,42163;100
100;2;2;40,75488;100
100;3;15;40,75488;100
100;3;15;40,75488;100
100;2;2;40,75488;100
100;3;15;40,75488;100
100;2;2;41,08813;100
100;3;15;41,08813;100
100;3;15;41,08813;100
100;2;2;41,08813;100
100;2;2;41,08813;100
100;2;2;41,08813;100
100;3;15;41,08813;100
100;3;15;41,42139;100
100;2;2;41,42139;100
100;3;15;41,42139;100
100;2;2;41,42139;100
100;3;15;41,42139;100
100;3;15;41,42139;100
100;2;2;41,42139;100
100;3;15;41,75464;100
100;3;15;41,75464;100
100;2;2;41,75464;100
100;3;15;41,75464;100
100;2;2;41,75464;100
100;2;2;41,75464;100
100;2;2;42,08789;100
100;3;15;42,08789;100
100;2;2;42,08789;100
100;3;15;42,08789;100
100;3;15;42,08789;100
100;3;15;42,08789;100
100;3;15;42,08789;100
100;2;2;42,08789;100
100;3;15;42,42114;100
100;2;2;42,42114;100
100;3;15;42,42114;100
100;2;2;42,42114;100
100;2;2;42,42114;100
100;2;2;42,42114;100
100;2;2;42,42114;100
100;2;2;42,42114;100
100;2;2;42,42114;100
100;3;15;42,75439;100
100;2;2;42,75439;100
100;3;15;42,75439;100
100;2;2;42,75439;100
100;3;15;42,75439;100
100;3;15;42,75439;100
100;2;2;42,75439;100
100;3;15;42,75439;100
100;2;2;42,75439;100
100;3;15;43,08765;100
100;3;15;43,08765;100
100;2;2;43,08765;100
100;2;2;43,08765;100
100;2;2;43,08765;100
100;2;2;43,08765;100
100;2;2;43,08765;100
100;2;2;43,4209;100
100;3;15;43,4209;100
100;3;15;43,4209;100
100;2;2;43,4209;100
100;2;2;43,4209;100
100;2;2;43,4209;100
100;3;15;43,4209;100
100;2;2;43,4209;100
100;2;2;43,4209;100
100;2;2;43,4209;100
100;2;2;43,75415;100
100;3;15;43,75415;100
100;2;2;43,75415;100
100;2;2;43,75415;100
100;2;2;43,75415;100
100;3;15;43,75415;100
100;2;2;43,75415;100
100;3;15;43,75415;100
100;2;2;44,0874;100
100;2;2;44,0874;100
100;2;2;44,0874;100
100;3;15;44,0874;100
100;3;15;44,0874;100
100;3;15;44,0874;100
100;3;15;44,0874;100
100;2;2;44,0874;100
100;3;15;44,0874;100
100;2;2;44,0874;100
100;3;15;44,42065;100
100;3;15;44,42065;100
100;2;2;44,42065;100
100;2;2;44,42065;100
100;3;15;44,42065;100
100;2;2;44,42065;100
100;3;15;44,42065;100
100;3;15;44,42065;100
100;2;2;44,42065;100
100;3;15;44,75391;100
100;2;2;44,75391;100
100;2;2;44,75391;100
100;3;15;44,75391;100
100;3;15;44,75391;100
100;2;2;44,75391;100
100;3;15;44,75391;100
100;2;2;44,75391;100
100;2;2;44,75391;100
100;3;15;44,75391;100
100;2;2;45,08716;100
100;2;2;45,08716;100
100;2;2;45,08716;100
100;3;15;45,08716;100
100;3;15;45,08716;100
100;2;2;45,08716;100
100;2;2;45,42041;100
100;2;2;45,42041;100
100;2;2;45,42041;100
100;2;2;45,42041;100
100;2;2;45,42041;100
100;3;15;45,42041;100
100;3;15;45,42041;100
100;2;2;45,42041;100
100;3;15;45,42041;100
100;2;2;45,42041;100
100;3;15;45,75366;100
100;3;15;45,75366;100
100;2;2;45,75366;100
100;3;15;45,75366;100
100;2;2;45,75366;100
100;3;15;45,75366;100
100;2;2;45,75366;100
100;3;15;46,08691;100
100;3;15;46,08691;100
100;3;15;46,08691;100
100;2;2;46,08691;100
100;2;2;46,08691;100
100;2;2;46,08691;100
100;3;15;46,08691;100
100;3;15;46,08691;100
100;3;15;46,08691;100
100;2;2;46,08691;100
100;3;15;46,08691;100
100;3;15;46,42017;100
100;3;15;46,42017;100
100;3;15;46,42017;100
100;2;2;46,42017;100
100;3;15;46,42017;100
100;3;15;46,42017;100
100;3;15;46,42017;100
100;3;15;46,42017;100
100;2;2;46,42017;100
100;2;2;46,42017;100
100;2;2;46,75342;100
100;3;15;46,75342;100
100;2;2;46,75342;100
100;2;2;46,75342;100
100;3;15;46,75342;100
100;3;15;46,75342;100
100;2;2;46,75342;100
100;2;2;46,75342;100
100;2;2;46,75342;100
100;3;15;47,08667;100
100;3;15;47,08667;100
100;3;15;47,08667;100
100;3;15;47,08667;100
100;2;2;47,08667;100
100;3;15;47,08667;100
100;2;2;47,08667;100
100;3;15;47,08667;100
100;2;2;47,08667;100
100;2;2;47,08667;100
100;3;15;47,41992;100
100;3;15;47,41992;100
100;2;2;47,41992;100
100;2;2;47,41992;100
100;2;2;47,41992;100
100;2;2;47,41992;100
100;2;2;47,41992;100
100;3;15;47,75317;100
100;2;2;47,75317;100
100;2;2;47,75317;100
100;2;2;47,75317;100
100;3;15;47,75317;100
100;2;2;48,08643;100
100;2;2;48,08643;100
100;2;2;48,08643;100
100;2;2;48,08643;100
100;2;2;48,08643;100
100;2;2;48,08643;100
100;3;15;48,08643;100
100;2;2;48,08643;100
100;3;15;48,41968;100
100;3;15;48,41968;100
100;3;15;48,41968;100
100;2;2;48,41968;100
100;3;15;48,41968;100
100;3;15;48,41968;100
100;2;2;48,41968;100
100;2;2;48,41968;100
100;3;15;48,41968;100
100;2;2;48,41968;100
100;3;15;48,41968;100
100;2;2;48,41968;100
100;3;15;48,75293;100
100;2;2;48,75293;100
100;3;15;48,75293;100
100;3;15;48,75293;100
100;3;15;48,75293;100
100;3;15;48,75293;100
100;2;2;48,75293;100
100;2;2;48,75293;100
100;3;15;48,75293;100
100;2;2;48,75293;100
100;3;15;48,75293;100
100;3;15;49,08618;100
100;2;2;49,08618;100
100;2;2;49,08618;100
100;2;2;49,08618;100
100;2;2;49,08618;100
100;2;2;49,08618;100
100;3;15;49,08618;100
100;2;2;49,41943;100
100;3;15;49,41943;100
100;3;15;49,41943;100
100;2;2;49,41943;100
100;3;15;49,41943;100
100;3;15;49,41943;100
100;3;15;49,41943;100
100;3;15;49,41943;100
100;3;15;49,41943;100
100;2;2;49,75269;100
100;2;2;49,75269;100
100;3;15;49,75269;100
100;3;15;49,75269;100
100;2;2;49,75269;100
100;2;2;49,75269;100
100;2;2;49,75269;100
100;3;15;50,08594;100
100;3;15;50,08594;100
100;3;15;50,08594;100
100;2;2;50,08594;100
100;2;2;50,08594;100
100;2;2;50,08594;100
100;3;15;50,08594;100
100;2;2;50,08594;100
100;2;2;50,41919;100
100;3;15;50,41919;100
100;2;2;50,41919;100
100;3;15;50,41919;100
100;2;2;50,41919;100
100;2;2;50,41919;100
100;3;15;50,41919;100
100;2;2;50,41919;100
100;3;15;50,75244;100
100;3;15;50,75244;100
100;2;2;50,75244;100
100;3;15;50,75244;100
100;2;2;50,75244;100
100;3;15;50,75244;100
100;2;2;50,75244;100
100;2;2;50,75244;100
100;2;2;50,75244;100
100;2;2;51,08569;100
100;3;15;51,08569;100
100;2;2;51,08569;100
100;3;15;51,08569;100
100;3;15;51,08569;100
100;3;15;51,08569;100
100;3;15;51,08569;100
100;3;15;51,08569;100
100;3;15;51,08569;100
100;2;2;51,41895;100
100;3;15;51,41895;100
100;2;2;51,41895;100
100;2;2;51,41895;100
100;2;2;51,41895;100
100;2;2;51,41895;100
100;3;15;51,41895;100
100;3;15;51,41895;100
100;2;2;51,41895;100
100;2;2;51,41895;100
100;2;2;51,41895;100
100;3;15;51,7522;100
100;2;2;51,7522;100
100;3;15;51,7522;100
100;3;15;51,7522;100
100;3;15;51,7522;100
100;3;15;51,7522;100
100;2;2;51,7522;100
100;2;2;52,08545;100
100;2;2;52,08545;100
100;3;15;52,08545;100
100;2;2;52,08545;100
100;2;2;52,08545;100
100;2;2;52,08545;100
100;3;15;52,08545;100
100;2;2;52,08545;100
100;3;15;52,08545;100
100;2;2;52,08545;100
100;3;15;52,08545;100
100;2;2;52,4187;100
100;2;2;52,4187;100
