100;3;15;54,81006;100
100;3;15;54,81006;100
100;3;15;54,81006;100
100;3;15;54,81006;100
100;2;2;54,81006;100
100;3;15;54,81006;100
100;2;2;55,14331;100
100;3;15;55,14331;100
100;2;2;55,14331;100
100;3;15;55,14331;100
100;3;15;55,14331;100
100;3;15;55,14331;100
100;2;2;55,47656;100
100;3;15;55,47656;100
100;3;15;55,47656;100
100;2;2;55,47656;100
100;2;2;55,47656;100
100;2;2;55,47656;100
100;2;2;55,47656;100
100;2;2;55,80981;100
100;2;2;55,80981;100
100;3;15;55,80981;100
100;2;2;55,80981;100
100;2;2;55,80981;100
100;3;15;55,80981;100
100;2;2;55,80981;100
100;2;2;56,14307;100
100;2;2;56,14307;100
100;2;2;56,14307;100
100;2;2;56,14307;100
100;2;2;56,14307;100
100;2;2;56,14307;100
100;2;2;56,47632;100
100;3;15;56,47632;100
100;2;2;56,47632;100
100;3;15;56,47632;100
100;2;2;56,47632;100
100;2;2;56,47632;100
100;3;15;56,47632;100
100;3;15;56,47632;100
100;3;15;56,47632;100
100;3;15;56,47632;100
100;3;15;56,47632;100
100;3;15;56,80957;100
100;3;15;56,80957;100
100;2;2;56,80957;100
100;2;2;56,80957;100
100;3;15;56,80957;100
100;3;15;56,80957;100
100;2;2;56,80957;100
100;2;2;56,80957;100
100;3;15;56,80957;100
100;3;15;56,80957;100
100;3;15;56,80957;100
100;2;2;57,14282;100
100;3;15;57,14282;100
100;3;15;57,14282;100
100;2;2;57,14282;100
100;2;2;57,14282;100
100;3;15;57,14282;100
100;2;2;57,14282;100
100;2;2;57,14282;100
100;2;2;57,14282;100
100;2;2;57,14282;100
100;2;2;57,14282;100
100;2;2;57,14282;100
100;3;15;57,47607;100
100;3;15;57,47607;100
100;3;15;57,47607;100
100;2;2;57,47607;100
100;2;2;57,47607;100
100;3;15;57,47607;100
100;2;2;57,47607;100
100;3;15;57,47607;100
100;3;15;57,47607;100
100;2;2;57,80933;100
100;3;15;57,80933;100
100;3;15;57,80933;100
100;2;2;57,80933;100
100;2;2;57,80933;100
100;3;15;57,80933;100
100;3;15;57,80933;100
100;2;2;57,80933;100
100;3;15;57,80933;100
100;3;15;57,80933;100
100;2;2;57,80933;100
100;2;2;58,14258;100
100;3;15;58,14258;100
100;3;15;58,14258;100
100;2;2;58,14258;100
100;2;2;58,14258;100
100;2;2;58,14258;100
100;3;15;58,14258;100
100;3;15;58,14258;100
100;2;2;58,14258;100
100;2;2;58,47583;100
100;2;2;58,47583;100
100;2;2;58,47583;100
100;2;2;58,47583;100
100;3;15;58,47583;100
100;2;2;58,47583;100
100;2;2;58,47583;100
100;2;2;58,47583;100
100;3;15;58,80908;100
100;2;2;58,80908;100
100;2;2;58,80908;100
100;2;2;58,80908;100
100;2;2;58,80908;100
100;3;15;58,80908;100
100;2;2;58,80908;100
100;2;2;58,80908;100
100;2;2;58,80908;100
100;3;15;58,80908;100
100;3;15;58,80908;100
100;2;2;59,14233;100
100;2;2;59,14233;100
100;3;15;59,14233;100
100;2;2;59,14233;100
100;2;2;59,14233;100
100;3;15;59,14233;100
100;3;15;59,14233;100
100;2;2;59,14233;100
100;3;15;59,14233;100
100;2;2;59,14233;100
100;2;2;59,47559;100
100;3;15;59,47559;100
100;2;2;59,47559;100
100;2;2;59,47559;100
100;2;2;59,47559;100
100;2;2;59,47559;100
100;3;15;59,47559;100
100;2;2;59,80884;100
100;3;15;59,80884;100
100;2;2;59,80884;100
100;2;2;59,80884;100
100;3;15;59,80884;100
100;2;2;59,80884;100
100;2;2;59,80884;100
100;3;15;59,80884;100
100;3;15;59,80884;100
100;3;15;0,1420898;100
100;3;15;0,1420898;100
100;3;15;0,1420898;100
100;2;2;0,1420898;100
100;3;15;0,1420898;100
100;3;15;0,1420898;100
100;3;15;0,1420898;100
100;2;2;0,1420898;100
100;3;15;0,1420898;100
100;2;2;0,1420898;100
100;2;2;0,4753418;100
100;2;2;0,4753418;100
100;2;2;0,4753418;100
100;3;15;0,4753418;100
100;3;15;0,4753418;100
100;2;2;0,4753418;100
100;2;2;0,8085938;100
100;2;2;0,8085938;100
100;2;2;0,8085938;100
100;2;2;0,8085938;100
100;2;2;0,8085938;100
100;3;15;0,8085938;100
100;3;15;0,8085938;100
100;3;15;0,8085938;100
100;2;2;0,8085938;100
100;2;2;1,141846;100
100;3;15;1,141846;100
100;3;15;1,141846;100
100;3;15;1,141846;100
100;3;15;1,141846;100
100;3;15;1,141846;100
100;2;2;1,475098;100
100;3;15;1,475098;100
100;3;15;1,475098;100
100;3;15;1,475098;100
100;3;15;1,475098;100
100;3;15;1,475098;100
100;2;2;1,475098;100
100;2;2;1,475098;100
100;3;15;1,80835;100
100;3;15;1,80835;100
100;3;15;1,80835;100
100;3;15;1,80835;100
100;2;2;1,80835;100
100;2;2;1,80835;100
100;3;15;1,80835;100
100;3;15;1,80835;100
100;2;2;1,80835;100
100;3;15;1,80835;100
100;3;15;2,141602;100
100;2;2;2,141602;100
100;2;2;2,141602;100
100;3;15;2,141602;100
100;3;15;2,141602;100
100;3;15;2,141602;100
100;2;2;2,141602;100
100;2;2;2,141602;100
100;2;2;2,141602;100
100;2;2;2,141602;100
100;3;15;2,141602;100
100;2;2;2,474854;100
100;3;15;2,474854;100
100;2;2;2,474854;100
100;3;15;2,474854;100
100;2;2;2,474854;100
100;2;2;2,474854;100
100;3;15;2,808105;100
100;2;2;2,808105;100
100;2;2;2,808105;100
100;3;15;2,808105;100
100;2;2;3,141357;100
100;3;15;3,141357;100
100;3;15;3,141357;100
100;2;2;3,141357;100
100;2;2;3,141357;100
100;3;15;3,141357;100
100;2;2;3,141357;100
100;2;2;3,141357;100
100;2;2;3,141357;100
100;3;15;3,474609;100
100;3;15;3,474609;100
100;3;15;3,474609;100
100;2;2;3,474609;100
100;3;15;3,474609;100
100;3;15;3,474609;100
100;3;15;3,474609;100
100;3;15;3,474609;100
100;3;15;3,474609;100
100;2;2;3,474609;100
100;3;15;3,474609;100
100;3;15;3,807861;100
100;2;2;3,807861;100
100;2;2;3,807861;100
100;2;2;3,807861;100
100;2;2;3,807861;100
100;2;2;3,807861;100
100;2;2;3,807861;100
100;3;15;3,807861;100
100;3;15;3,807861;100
100;2;2;4,141113;100
100;3;15;4,141113;100
100;3;15;4,141113;100
100;3;15;4,141113;100
100;2;2;4,141113;100
100;3;15;4,141113;100
100;3;15;4,141113;100
100;3;15;4,141113;100
100;2;2;4,141113;100
100;2;2;4,141113;100
100;3;15;4,141113;100
100;3;15;4,141113;100
100;2;2;4,141113;100
100;2;2;4,141113;100
100;2;2;4,474365;100
100;2;2;4,474365;100
100;2;2;4,474365;100
100;2;2;4,474365;100
100;3;15;4,474365;100
100;3;15;4,474365;100
100;3;15;4,474365;100
100;3;15;4,474365;100
100;2;2;4,474365;100
100;3;15;4,807617;100
100;2;2;4,807617;100
100;2;2;4,807617;100
100;2;2;4,807617;100
100;3;15;4,807617;100
100;3;15;4,807617;100
100;2;2;4,807617;100
100;2;2;5,140869;100
100;2;2;5,140869;100
100;2;2;5,140869;100
100;3;15;5,140869;100
100;3;15;5,140869;100
100;2;2;5,140869;100
100;3;15;5,140869;100
100;2;2;5,140869;100
100;3;15;5,140869;100
100;2;2;5,474121;100
100;3;15;5,474121;100
100;3;15;5,474121;100
100;2;2;5,474121;100
100;3;15;5,474121;100
100;2;2;5,474121;100
100;3;15;5,474121;100
100;2;2;5,474121;100
100;2;2;5,474121;100
100;3;15;5,474121;100
100;3;15;5,807373;100
100;3;15;5,807373;100
100;3;15;5,807373;100
100;2;2;5,807373;100
100;2;2;5,807373;100
100;2;2;5,807373;100
100;2;2;5,807373;100
100;3;15;5,807373;100
100;2;2;6,140625;100
100;3;15;6,140625;100
100;2;2;6,140625;100
100;2;2;6,140625;100
100;3;15;6,140625;100
100;3;15;6,140625;100
100;3;15;6,140625;100
100;3;15;6,140625;100
100;3;15;6,140625;100
100;2;2;6,140625;100
100;2;2;6,140625;100
100;3;15;6,140625;100
100;2;2;6,140625;100
100;2;2;6,473877;100
100;3;15;6,473877;100
100;3;15;6,473877;100
100;3;15;6,473877;100
100;3;15;6,473877;100
100;3;15;6,473877;100
100;3;15;6,473877;100
100;2;2;6,473877;100
100;2;2;6,473877;100
100;2;2;6,807129;100
100;2;2;6,807129;100
100;3;15;6,807129;100
100;3;15;6,807129;100
100;3;15;6,807129;100
100;2;2;6,807129;100
100;2;2;6,807129;100
100;3;15;7,140381;100
100;3;15;7,140381;100
100;2;2;7,140381;100
100;3;15;7,140381;100
100;2;2;7,140381;100
100;2;2;7,140381;100
100;2;2;7,140381;100
100;3;15;7,140381;100
100;2;2;7,473633;100
100;2;2;7,473633;100
100;2;2;7,473633;100
100;2;2;7,473633;100
100;2;2;7,473633;100
100;3;15;7,806885;100
100;3;15;7,806885;100
100;3;15;7,806885;100
100;2;2;7,806885;100
100;3;15;7,806885;100
100;2;2;7,806885;100
100;3;15;7,806885;100
100;3;15;7,806885;100
100;2;2;8,140137;100
100;3;15;8,140137;100
100;2;2;8,140137;100
100;2;2;8,140137;100
100;2;2;8,140137;100
100;2;2;8,140137;100
100;3;15;8,140137;100
100;3;15;8,140137;100
100;2;2;8,473389;100
100;3;15;8,473389;100
100;3;15;8,473389;100
100;2;2;8,473389;100
100;2;2;8,473389;100
100;3;15;8,473389;100
100;2;2;8,473389;100
100;2;2;8,473389;100
100;3;15;8,473389;100
100;2;2;8,806641;100
100;3;15;8,806641;100
100;2;2;8,806641;100
100;3;15;8,806641;100
100;3;15;8,806641;100
100;2;2;8,806641;100
100;3;15;8,806641;100
100;3;15;8,806641;100
100;3;15;9,139893;100
100;2;2;9,139893;100
100;3;15;9,139893;100
100;3;15;9,139893;100
100;3;15;9,139893;100
100;3;15;9,139893;100
100;2;2;9,139893;100
100;2;2;9,139893;100
100;3;15;9,139893;100
100;3;15;9,473145;100
100;2;2;9,473145;100
100;2;2;9,473145;100
100;2;2;9,473145;100
100;3;15;9,473145;100
100;3;15;9,473145;100
100;2;2;9,806396;100
