100;2;2;42,00287;100
100;2;2;42,00287;100
100;3;15;42,00287;100
100;3;15;42,00287;100
100;2;2;42,33621;100
100;2;2;42,33621;100
100;3;15;42,33621;100
100;2;2;42,33621;100
100;2;2;42,33621;100
100;3;15;42,33621;100
100;3;15;42,33621;100
100;3;15;42,33621;100
100;2;2;42,33621;100
100;3;15;42,66956;100
100;3;15;42,66956;100
100;3;15;42,66956;100
100;3;15;42,66956;100
100;3;15;42,66956;100
100;3;15;42,66956;100
100;2;2;42,66956;100
100;2;2;42,66956;100
100;3;15;43,0029;100
100;3;15;43,0029;100
100;2;2;43,0029;100
100;2;2;43,0029;100
100;3;15;43,0029;100
100;3;15;43,0029;100
100;2;2;43,0029;100
100;3;15;43,33624;100
100;2;2;43,33624;100
100;3;15;43,33624;100
100;2;2;43,33624;100
100;2;2;43,33624;100
100;3;15;43,33624;100
100;2;2;43,33624;100
100;2;2;43,66959;100
100;2;2;43,66959;100
100;2;2;43,66959;100
100;2;2;43,66959;100
100;3;15;43,66959;100
100;2;2;43,66959;100
100;3;15;43,66959;100
100;3;15;44,00293;100
100;3;15;44,00293;100
100;2;2;44,00293;100
100;2;2;44,00293;100
100;3;15;44,00293;100
100;3;15;44,00293;100
100;3;15;44,00293;100
100;3;15;44,00293;100
100;2;2;44,33627;100
100;3;15;44,33627;100
100;2;2;44,33627;100
100;3;15;44,33627;100
100;2;2;44,33627;100
100;3;15;44,33627;100
100;3;15;44,66962;100
100;3;15;44,66962;100
100;3;15;44,66962;100
100;2;2;44,66962;100
100;2;2;44,66962;100
100;3;15;45,00296;100
100;3;15;45,00296;100
100;2;2;45,00296;100
100;2;2;45,00296;100
100;2;2;45,00296;100
100;3;15;45,00296;100
100;2;2;45,00296;100
100;3;15;45,00296;100
100;2;2;45,3363;100
100;3;15;45,3363;100
100;3;15;45,3363;100
100;3;15;45,3363;100
100;3;15;45,3363;100
100;3;15;45,3363;100
100;2;2;45,3363;100
100;3;15;45,66965;100
100;2;2;45,66965;100
100;3;15;45,66965;100
100;3;15;45,66965;100
100;2;2;45,66965;100
100;3;15;45,66965;100
100;3;15;45,66965;100
100;2;2;45,66965;100
100;3;15;46,00299;100
100;2;2;46,00299;100
100;2;2;46,00299;100
100;2;2;46,00299;100
100;3;15;46,00299;100
100;3;15;46,00299;100
100;3;15;46,00299;100
100;3;15;46,33633;100
100;3;15;46,33633;100
100;3;15;46,33633;100
100;2;2;46,33633;100
100;2;2;46,33633;100
100;3;15;46,33633;100
100;3;15;46,33633;100
100;3;15;46,33633;100
100;3;15;46,33633;100
100;3;15;46,66968;100
100;3;15;46,66968;100
100;2;2;46,66968;100
100;3;15;46,66968;100
100;3;15;46,66968;100
100;3;15;46,66968;100
100;2;2;46,66968;100
100;3;15;46,66968;100
100;2;2;46,66968;100
100;3;15;47,00302;100
100;3;15;47,00302;100
100;2;2;47,00302;100
100;3;15;47,00302;100
100;2;2;47,00302;100
100;2;2;47,00302;100
100;2;2;47,00302;100
100;2;2;47,00302;100
100;3;15;47,00302;100
100;2;2;47,33636;100
100;2;2;47,33636;100
100;2;2;47,33636;100
100;3;15;47,33636;100
100;3;15;47,33636;100
100;3;15;47,33636;100
100;2;2;47,33636;100
100;3;15;47,33636;100
100;3;15;47,33636;100
100;2;2;47,66971;100
100;2;2;47,66971;100
100;2;2;47,66971;100
100;2;2;47,66971;100
100;2;2;47,66971;100
100;3;15;47,66971;100
100;3;15;48,00305;100
100;2;2;48,00305;100
100;3;15;48,00305;100
100;2;2;48,00305;100
100;3;15;48,00305;100
100;3;15;48,00305;100
100;3;15;48,00305;100
100;2;2;48,00305;100
100;3;15;48,00305;100
100;2;2;48,00305;100
100;3;15;48,00305;100
100;2;2;48,3364;100
100;3;15;48,3364;100
100;2;2;48,3364;100
100;3;15;48,3364;100
100;3;15;48,3364;100
100;3;15;48,3364;100
100;3;15;48,3364;100
100;2;2;48,3364;100
100;2;2;48,66974;100
100;2;2;48,66974;100
100;3;15;48,66974;100
100;2;2;48,66974;100
100;2;2;48,66974;100
100;2;2;48,66974;100
100;2;2;48,66974;100
100;3;15;49,00308;100
100;2;2;49,00308;100
100;2;2;49,00308;100
100;2;2;49,00308;100
100;2;2;49,00308;100
100;3;15;49,00308;100
100;2;2;49,00308;100
100;2;2;49,00308;100
100;2;2;49,00308;100
100;2;2;49,33643;100
100;2;2;49,33643;100
100;3;15;49,33643;100
100;2;2;49,33643;100
100;3;15;49,33643;100
100;2;2;49,33643;100
100;3;15;49,33643;100
100;2;2;49,66977;100
100;2;2;49,66977;100
100;3;15;49,66977;100
100;3;15;49,66977;100
100;2;2;49,66977;100
100;3;15;49,66977;100
100;3;15;49,66977;100
100;2;2;50,00311;100
100;2;2;50,00311;100
100;2;2;50,00311;100
100;3;15;50,00311;100
100;2;2;50,00311;100
100;2;2;50,00311;100
100;2;2;50,00311;100
100;3;15;50,33646;100
100;2;2;50,33646;100
100;2;2;50,33646;100
100;2;2;50,33646;100
100;2;2;50,33646;100
100;2;2;50,33646;100
100;2;2;50,33646;100
100;3;15;50,33646;100
100;3;15;50,33646;100
100;2;2;50,33646;100
100;2;2;50,33646;100
100;2;2;50,33646;100
100;3;15;50,33646;100
100;2;2;50,33646;100
100;3;15;50,6698;100
100;3;15;50,6698;100
100;3;15;50,6698;100
100;3;15;50,6698;100
100;3;15;50,6698;100
100;3;15;50,6698;100
100;2;2;50,6698;100
100;2;2;51,00314;100
100;3;15;51,00314;100
100;2;2;51,00314;100
100;2;2;51,00314;100
100;2;2;51,00314;100
100;3;15;51,00314;100
100;3;15;51,33649;100
100;3;15;51,33649;100
100;3;15;51,33649;100
100;2;2;51,33649;100
100;2;2;51,33649;100
100;3;15;51,33649;100
100;2;2;51,33649;100
100;3;15;51,33649;100
100;3;15;51,33649;100
100;2;2;51,33649;100
100;2;2;51,66983;100
100;3;15;51,66983;100
100;3;15;51,66983;100
100;2;2;51,66983;100
100;2;2;51,66983;100
100;2;2;51,66983;100
100;3;15;51,66983;100
100;2;2;52,00317;100
100;2;2;52,00317;100
100;3;15;52,00317;100
100;2;2;52,00317;100
100;2;2;52,00317;100
100;2;2;52,00317;100
100;2;2;52,33652;100
100;3;15;52,33652;100
100;3;15;52,33652;100
100;2;2;52,33652;100
100;2;2;52,33652;100
100;2;2;52,33652;100
100;2;2;52,33652;100
100;3;15;52,33652;100
100;2;2;52,33652;100
100;3;15;52,33652;100
100;3;15;52,66986;100
100;3;15;52,66986;100
100;2;2;52,66986;100
100;2;2;52,66986;100
100;2;2;52,66986;100
100;2;2;52,66986;100
100;2;2;52,66986;100
100;3;15;52,66986;100
100;2;2;53,0032;100
100;2;2;53,0032;100
100;3;15;53,0032;100
100;3;15;53,0032;100
100;3;15;53,0032;100
100;2;2;53,0032;100
100;2;2;53,0032;100
100;2;2;53,0032;100
100;2;2;53,33655;100
100;3;15;53,33655;100
100;3;15;53,33655;100
100;2;2;53,33655;100
100;2;2;53,33655;100
100;3;15;53,33655;100
100;2;2;53,33655;100
100;2;2;53,33655;100
100;2;2;53,66989;100
100;3;15;53,66989;100
100;2;2;53,66989;100
100;3;15;53,66989;100
100;3;15;53,66989;100
100;2;2;53,66989;100
100;2;2;53,66989;100
100;2;2;53,66989;100
100;3;15;53,66989;100
100;3;15;54,00323;100
100;3;15;54,00323;100
100;2;2;54,00323;100
100;2;2;54,00323;100
100;3;15;54,00323;100
100;3;15;54,00323;100
100;2;2;54,00323;100
100;2;2;54,00323;100
100;2;2;54,00323;100
100;2;2;54,33658;100
100;2;2;54,33658;100
100;3;15;54,33658;100
100;3;15;54,33658;100
100;3;15;54,33658;100
100;2;2;54,33658;100
100;3;15;54,33658;100
100;2;2;54,66992;100
100;2;2;54,66992;100
100;2;2;54,66992;100
100;2;2;54,66992;100
100;3;15;54,66992;100
100;2;2;54,66992;100
100;2;2;54,66992;100
100;2;2;55,00327;100
100;3;15;55,00327;100
100;3;15;55,00327;100
100;2;2;55,00327;100
100;3;15;55,00327;100
100;2;2;55,00327;100
100;2;2;55,00327;100
100;3;15;55,00327;100
100;2;2;55,33661;100
100;2;2;55,33661;100
100;3;15;55,33661;100
100;2;2;55,33661;100
100;3;15;55,33661;100
100;2;2;55,33661;100
100;2;2;55,66995;100
100;3;15;55,66995;100
100;3;15;55,66995;100
100;3;15;55,66995;100
100;3;15;55,66995;100
100;2;2;55,66995;100
100;2;2;55,66995;100
100;2;2;55,66995;100
100;3;15;56,0033;100
100;3;15;56,0033;100
100;3;15;56,0033;100
100;3;15;56,0033;100
100;2;2;56,0033;100
100;3;15;56,0033;100
100;2;2;56,33664;100
100;2;2;56,33664;100
100;3;15;56,33664;100
100;3;15;56,33664;100
100;2;2;56,33664;100
100;2;2;56,33664;100
100;2;2;56,33664;100
100;3;15;56,33664;100
100;3;15;56,33664;100
100;2;2;56,33664;100
100;3;15;56,66998;100
100;3;15;56,66998;100
100;2;2;56,66998;100
100;3;15;56,66998;100
100;3;15;56,66998;100
100;2;2;56,66998;100
100;3;15;56,66998;100
100;2;2;57,00333;100
100;3;15;57,00333;100
100;3;15;57,00333;100
100;3;15;57,00333;100
100;2;2;57,00333;100
100;3;15;57,00333;100
