100;3;15;39,79907;100
100;3;15;39,79907;100
100;2;2;39,79907;100
100;2;2;39,79907;100
100;2;2;39,79907;100
100;3;15;39,79907;100
100;2;2;39,79907;100
100;2;2;39,79907;100
100;2;2;39,79907;100
100;2;2;39,79907;100
100;3;15;40,13232;100
100;2;2;40,13232;100
100;2;2;40,13232;100
100;2;2;40,13232;100
100;2;2;40,13232;100
100;2;2;40,13232;100
100;3;15;40,13232;100
100;3;15;40,13232;100
100;2;2;40,13232;100
100;3;15;40,46558;100
100;3;15;40,46558;100
100;3;15;40,46558;100
100;3;15;40,46558;100
100;2;2;40,46558;100
100;3;15;40,46558;100
100;3;15;40,46558;100
100;3;15;40,46558;100
100;2;2;40,79883;100
100;2;2;40,79883;100
100;3;15;40,79883;100
100;2;2;40,79883;100
100;3;15;40,79883;100
100;3;15;40,79883;100
100;3;15;40,79883;100
100;2;2;40,79883;100
100;2;2;41,13208;100
100;2;2;41,13208;100
100;2;2;41,13208;100
100;2;2;41,13208;100
100;3;15;41,13208;100
100;2;2;41,13208;100
100;3;15;41,13208;100
100;3;15;41,13208;100
100;3;15;41,13208;100
100;2;2;41,13208;100
100;3;15;41,46533;100
100;3;15;41,46533;100
100;2;2;41,46533;100
100;2;2;41,46533;100
100;2;2;41,46533;100
100;3;15;41,46533;100
100;3;15;41,46533;100
100;3;15;41,79858;100
100;3;15;41,79858;100
100;2;2;41,79858;100
100;2;2;41,79858;100
100;2;2;41,79858;100
100;3;15;41,79858;100
100;2;2;41,79858;100
100;2;2;41,79858;100
100;3;15;41,79858;100
100;3;15;41,79858;100
100;2;2;41,79858;100
100;2;2;42,13184;100
100;3;15;42,13184;100
100;3;15;42,13184;100
100;3;15;42,13184;100
100;3;15;42,13184;100
100;3;15;42,13184;100
100;2;2;42,13184;100
100;2;2;42,46509;100
100;3;15;42,46509;100
100;3;15;42,46509;100
100;3;15;42,46509;100
100;3;15;42,46509;100
100;2;2;42,46509;100
100;2;2;42,46509;100
100;3;15;42,79834;100
100;2;2;42,79834;100
100;3;15;42,79834;100
100;2;2;42,79834;100
100;3;15;42,79834;100
100;3;15;43,13159;100
100;3;15;43,13159;100
100;2;2;43,13159;100
100;2;2;43,13159;100
100;2;2;43,13159;100
100;3;15;43,13159;100
100;3;15;43,13159;100
100;2;2;43,46484;100
100;3;15;43,46484;100
100;3;15;43,46484;100
100;2;2;43,46484;100
100;3;15;43,46484;100
100;3;15;43,46484;100
100;3;15;43,46484;100
100;3;15;43,46484;100
100;2;2;43,7981;100
100;2;2;43,7981;100
100;3;15;43,7981;100
100;2;2;43,7981;100
100;2;2;43,7981;100
100;2;2;43,7981;100
100;2;2;43,7981;100
100;2;2;43,7981;100
100;2;2;43,7981;100
100;3;15;43,7981;100
100;2;2;43,7981;100
100;2;2;44,13135;100
100;2;2;44,13135;100
100;3;15;44,13135;100
100;3;15;44,13135;100
100;3;15;44,13135;100
100;2;2;44,13135;100
100;3;15;44,13135;100
100;2;2;44,13135;100
100;2;2;44,13135;100
100;3;15;44,13135;100
100;2;2;44,13135;100
100;3;15;44,4646;100
100;3;15;44,4646;100
100;3;15;44,4646;100
100;2;2;44,4646;100
100;3;15;44,4646;100
100;3;15;44,4646;100
100;3;15;44,4646;100
100;3;15;44,4646;100
100;2;2;44,79785;100
100;2;2;44,79785;100
100;2;2;44,79785;100
100;2;2;44,79785;100
100;3;15;44,79785;100
100;2;2;44,79785;100
100;2;2;44,79785;100
100;2;2;44,79785;100
100;3;15;44,79785;100
100;3;15;44,79785;100
100;3;15;44,79785;100
100;3;15;44,79785;100
100;3;15;45,1311;100
100;2;2;45,1311;100
100;3;15;45,1311;100
100;3;15;45,1311;100
100;2;2;45,1311;100
100;3;15;45,1311;100
100;2;2;45,1311;100
100;3;15;45,46436;100
100;3;15;45,46436;100
100;2;2;45,46436;100
100;3;15;45,46436;100
100;3;15;45,46436;100
100;2;2;45,46436;100
100;3;15;45,46436;100
100;2;2;45,46436;100
100;2;2;45,46436;100
100;2;2;45,46436;100
100;3;15;45,79761;100
100;3;15;45,79761;100
100;3;15;45,79761;100
100;2;2;45,79761;100
100;2;2;45,79761;100
100;2;2;45,79761;100
100;2;2;45,79761;100
100;2;2;45,79761;100
100;2;2;45,79761;100
100;3;15;45,79761;100
100;3;15;45,79761;100
100;3;15;45,79761;100
100;3;15;46,13086;100
100;2;2;46,13086;100
100;2;2;46,13086;100
100;2;2;46,13086;100
100;2;2;46,13086;100
100;2;2;46,13086;100
100;3;15;46,13086;100
100;3;15;46,13086;100
100;3;15;46,13086;100
100;3;15;46,13086;100
100;3;15;46,46411;100
100;3;15;46,46411;100
100;2;2;46,46411;100
100;2;2;46,46411;100
100;3;15;46,46411;100
100;2;2;46,46411;100
100;2;2;46,46411;100
100;3;15;46,46411;100
100;2;2;46,46411;100
100;3;15;46,46411;100
100;2;2;46,79736;100
100;3;15;46,79736;100
100;2;2;46,79736;100
100;2;2;46,79736;100
100;2;2;46,79736;100
100;3;15;46,79736;100
100;2;2;46,79736;100
100;3;15;47,13062;100
100;3;15;47,13062;100
100;2;2;47,13062;100
100;3;15;47,13062;100
100;3;15;47,13062;100
100;2;2;47,13062;100
100;3;15;47,13062;100
100;2;2;47,13062;100
100;2;2;47,46387;100
100;3;15;47,46387;100
100;2;2;47,46387;100
100;2;2;47,46387;100
100;3;15;47,46387;100
100;2;2;47,46387;100
100;2;2;47,46387;100
100;2;2;47,46387;100
100;3;15;47,46387;100
100;3;15;47,79712;100
100;2;2;47,79712;100
100;3;15;47,79712;100
100;3;15;47,79712;100
100;2;2;47,79712;100
100;3;15;47,79712;100
100;2;2;48,13037;100
100;3;15;48,13037;100
100;2;2;48,13037;100
100;2;2;48,13037;100
100;3;15;48,13037;100
100;3;15;48,13037;100
100;3;15;48,13037;100
100;2;2;48,13037;100
100;2;2;48,13037;100
100;3;15;48,13037;100
100;3;15;48,46362;100
100;3;15;48,46362;100
100;2;2;48,46362;100
100;3;15;48,46362;100
100;3;15;48,46362;100
100;2;2;48,46362;100
100;2;2;48,46362;100
100;2;2;48,46362;100
100;2;2;48,46362;100
100;2;2;48,46362;100
100;2;2;48,46362;100
100;2;2;48,46362;100
100;2;2;48,46362;100
100;2;2;48,79688;100
100;3;15;48,79688;100
100;3;15;48,79688;100
100;2;2;48,79688;100
100;3;15;48,79688;100
100;2;2;48,79688;100
100;2;2;48,79688;100
100;3;15;48,79688;100
100;2;2;48,79688;100
100;3;15;48,79688;100
100;3;15;48,79688;100
100;2;2;48,79688;100
100;3;15;49,13013;100
100;3;15;49,13013;100
100;3;15;49,13013;100
100;2;2;49,13013;100
100;3;15;49,13013;100
100;2;2;49,13013;100
100;3;15;49,13013;100
100;3;15;49,13013;100
100;3;15;49,13013;100
100;3;15;49,13013;100
100;3;15;49,46338;100
100;3;15;49,46338;100
100;2;2;49,46338;100
100;3;15;49,46338;100
100;3;15;49,46338;100
100;2;2;49,46338;100
100;3;15;49,46338;100
100;3;15;49,46338;100
100;3;15;49,46338;100
100;2;2;49,79663;100
100;3;15;49,79663;100
100;3;15;49,79663;100
100;2;2;49,79663;100
100;2;2;49,79663;100
100;2;2;50,12988;100
100;3;15;50,12988;100
100;2;2;50,12988;100
100;2;2;50,12988;100
100;2;2;50,12988;100
100;2;2;50,12988;100
100;2;2;50,12988;100
100;2;2;50,12988;100
100;2;2;50,46313;100
100;2;2;50,46313;100
100;3;15;50,46313;100
100;3;15;50,46313;100
100;3;15;50,46313;100
100;3;15;50,46313;100
100;2;2;50,46313;100
100;3;15;50,46313;100
100;2;2;50,79639;100
100;2;2;50,79639;100
100;2;2;50,79639;100
100;2;2;50,79639;100
100;2;2;50,79639;100
100;3;15;50,79639;100
100;2;2;50,79639;100
100;2;2;50,79639;100
100;3;15;51,12964;100
100;3;15;51,12964;100
100;2;2;51,12964;100
100;3;15;51,12964;100
100;2;2;51,12964;100
100;3;15;51,12964;100
100;2;2;51,12964;100
100;3;15;51,46289;100
100;3;15;51,46289;100
100;3;15;51,46289;100
100;3;15;51,46289;100
100;3;15;51,46289;100
100;3;15;51,46289;100
100;3;15;51,46289;100
100;2;2;51,46289;100
100;3;15;51,46289;100
100;2;2;51,46289;100
100;2;2;51,79614;100
100;3;15;51,79614;100
100;3;15;51,79614;100
100;2;2;51,79614;100
100;2;2;51,79614;100
100;2;2;51,79614;100
100;2;2;51,79614;100
100;3;15;51,79614;100
100;3;15;51,79614;100
100;2;2;52,12939;100
100;3;15;52,12939;100
100;2;2;52,12939;100
100;2;2;52,12939;100
100;2;2;52,12939;100
100;3;15;52,12939;100
100;3;15;52,12939;100
100;3;15;52,12939;100
100;3;15;52,46265;100
100;2;2;52,46265;100
100;2;2;52,46265;100
100;3;15;52,46265;100
100;2;2;52,46265;100
100;3;15;52,46265;100
100;3;15;52,46265;100
100;2;2;52,46265;100
100;3;15;52,46265;100
100;2;2;52,46265;100
100;2;2;52,46265;100
100;3;15;52,46265;100
100;3;15;52,7959;100
100;2;2;52,7959;100
100;2;2;52,7959;100
100;3;15;52,7959;100
100;3;15;52,7959;100
100;2;2;52,7959;100
100;3;15;52,7959;100
100;3;15;52,7959;100
100;2;2;52,7959;100
100;2;2;52,7959;100
100;2;2;53,12915;100
100;2;2;53,12915;100
100;2;2;53,12915;100
100;2;2;53,12915;100
100;3;15;53,4624;100
100;2;2;53,4624;100
100;2;2;53,4624;100
100;2;2;53,4624;100
100;2;2;53,4624;100
100;2;2;53,4624;100
100;3;15;53,4624;100
100;3;15;53,4624;100
100;2;2;53,4624;100
100;2;2;53,79565;100
100;3;15;53,79565;100
100;2;2;53,79565;100
100;3;15;53,79565;100
100;3;15;53,79565;100
100;3;15;53,79565;100
100;3;15;53,79565;100
100;2;2;53,79565;100
100;3;15;54,12891;100
100;3;15;54,12891;100
100;2;2;54,12891;100
100;3;15;54,12891;100
100;2;2;54,12891;100
100;3;15;54,12891;100
100;3;15;54,12891;100
100;2;2;54,12891;100
100;2;2;54,12891;100
100;2;2;54,12891;100
100;2;2;54,12891;100
100;2;2;54,12891;100
100;3;15;54,46216;100
100;3;15;54,46216;100
100;3;15;54,46216;100
100;3;15;54,46216;100
100;3;15;54,46216;100
100;2;2;54,46216;100
100;2;2;54,46216;100
100;2;2;54,46216;100
100;2;2;54,46216;100
100;3;15;54,46216;100
100;3;15;54,79541;100
100;3;15;54,79541;100
