92;2;2;39,52441;100
92;3;15;39,52441;100
92;2;2;39,85767;100
92;2;2;39,85767;100
92;2;2;39,85767;100
92;2;2;39,85767;100
92;2;2;39,85767;100
92;3;15;39,85767;100
92;2;2;39,85767;100
92;2;2;39,85767;100
92;2;2;39,85767;100
92;3;15;39,85767;100
92;2;2;39,85767;100
92;2;2;39,85767;100
92;2;2;39,85767;100
92;3;15;40,19092;100
92;2;2;40,19092;100
92;2;2;40,19092;100
92;2;2;40,19092;100
92;2;2;40,19092;100
92;2;2;40,19092;100
92;3;15;40,19092;100
92;3;15;40,19092;100
92;2;2;40,19092;100
92;3;15;40,19092;100
92;2;2;40,52417;100
92;2;2;40,52417;100
92;2;2;40,52417;100
92;3;15;40,52417;100
92;2;2;40,52417;100
92;3;15;40,52417;100
92;2;2;40,52417;100
92;2;2;40,52417;100
92;3;15;40,52417;100
92;2;2;40,85742;100
92;2;2;40,85742;100
92;3;15;40,85742;100
92;3;15;40,85742;100
92;3;15;40,85742;100
92;2;2;40,85742;100
92;2;2;40,85742;100
92;2;2;40,85742;100
92;2;2;41,19067;100
92;2;2;41,19067;100
92;3;15;41,19067;100
92;2;2;41,19067;100
92;2;2;41,19067;100
92;2;2;41,19067;100
92;2;2;41,19067;100
92;2;2;41,19067;100
92;2;2;41,52393;100
92;2;2;41,52393;100
92;3;15;41,52393;100
92;2;2;41,52393;100
92;2;2;41,52393;100
92;3;15;41,52393;100
92;2;2;41,52393;100
92;2;2;41,52393;100
92;3;15;41,52393;100
92;3;15;41,52393;100
92;2;2;41,52393;100
92;3;15;41,52393;100
92;3;15;41,52393;100
92;3;15;41,85718;100
92;2;2;41,85718;100
92;2;2;41,85718;100
92;2;2;41,85718;100
92;3;15;41,85718;100
92;2;2;42,19043;100
92;3;15;42,19043;100
92;2;2;42,19043;100
92;3;15;42,19043;100
92;2;2;42,19043;100
92;2;2;42,19043;100
92;2;2;42,19043;100
92;3;15;42,19043;100
92;2;2;42,19043;100
92;3;15;42,52368;100
92;2;2;42,52368;100
92;2;2;42,52368;100
92;2;2;42,52368;100
92;2;2;42,52368;100
92;2;2;42,52368;100
92;3;15;42,52368;100
92;2;2;42,52368;100
92;3;15;42,85693;100
92;2;2;42,85693;100
92;2;2;42,85693;100
92;2;2;42,85693;100
92;3;15;42,85693;100
92;2;2;42,85693;100
92;2;2;42,85693;100
92;2;2;42,85693;100
92;3;15;43,19019;100
92;2;2;43,19019;100
92;3;15;43,19019;100
92;3;15;43,19019;100
92;2;2;43,19019;100
92;2;2;43,19019;100
92;2;2;43,19019;100
92;2;2;43,19019;100
92;3;15;43,19019;100
92;2;2;43,19019;100
92;2;2;43,52344;100
92;2;2;43,52344;100
92;2;2;43,52344;100
92;2;2;43,52344;100
92;2;2;43,52344;100
92;2;2;43,52344;100
92;2;2;43,52344;100
92;3;15;43,52344;100
92;3;15;43,52344;100
92;2;2;43,52344;100
92;2;2;43,85669;100
92;2;2;43,85669;100
92;2;2;43,85669;100
92;3;15;43,85669;100
92;2;2;43,85669;100
92;3;15;44,18994;100
92;2;2;44,18994;100
92;2;2;44,18994;100
92;2;2;44,18994;100
92;2;2;44,18994;100
92;2;2;44,18994;100
92;2;2;44,18994;100
92;3;15;44,52319;100
92;2;2;44,52319;100
92;2;2;44,52319;100
92;2;2;44,52319;100
92;2;2;44,52319;100
92;2;2;44,52319;100
92;3;15;44,52319;100
92;3;15;44,52319;100
92;2;2;44,52319;100
92;2;2;44,52319;100
92;2;2;44,85645;100
92;2;2;44,85645;100
92;2;2;44,85645;100
92;2;2;44,85645;100
92;3;15;44,85645;100
92;3;15;44,85645;100
92;2;2;44,85645;100
92;2;2;44,85645;100
92;2;2;45,1897;100
92;2;2;45,1897;100
92;2;2;45,1897;100
92;3;15;45,1897;100
92;2;2;45,1897;100
92;2;2;45,1897;100
92;2;2;45,1897;100
92;2;2;45,52295;100
92;2;2;45,52295;100
92;3;15;45,52295;100
92;2;2;45,52295;100
92;2;2;45,52295;100
92;2;2;45,52295;100
92;2;2;45,52295;100
92;3;15;45,8562;100
92;2;2;45,8562;100
92;3;15;45,8562;100
92;3;15;45,8562;100
92;3;15;45,8562;100
92;2;2;45,8562;100
92;2;2;45,8562;100
92;2;2;45,8562;100
92;2;2;46,18945;100
92;2;2;46,18945;100
92;2;2;46,18945;100
92;2;2;46,18945;100
92;2;2;46,18945;100
92;3;15;46,18945;100
92;2;2;46,18945;100
92;2;2;46,18945;100
92;3;15;46,18945;100
92;2;2;46,18945;100
92;3;15;46,52271;100
92;2;2;46,52271;100
92;2;2;46,52271;100
92;2;2;46,52271;100
92;3;15;46,52271;100
92;2;2;46,52271;100
92;3;15;46,52271;100
92;2;2;46,52271;100
92;2;2;46,52271;100
92;2;2;46,52271;100
92;2;2;46,52271;100
92;2;2;46,85596;100
92;3;15;46,85596;100
92;3;15;46,85596;100
92;2;2;46,85596;100
92;3;15;46,85596;100
92;2;2;46,85596;100
92;2;2;46,85596;100
92;2;2;47,18921;100
92;3;15;47,18921;100
92;2;2;47,18921;100
92;2;2;47,18921;100
92;2;2;47,18921;100
92;2;2;47,18921;100
92;2;2;47,18921;100
92;3;15;47,52246;100
92;3;15;47,52246;100
92;2;2;47,52246;100
92;2;2;47,52246;100
92;2;2;47,52246;100
92;3;15;47,52246;100
92;2;2;47,52246;100
92;2;2;47,52246;100
92;2;2;47,52246;100
92;3;15;47,52246;100
92;2;2;47,85571;100
92;3;15;47,85571;100
92;3;15;47,85571;100
92;2;2;47,85571;100
92;3;15;47,85571;100
92;2;2;47,85571;100
92;3;15;47,85571;100
92;3;15;47,85571;100
92;3;15;48,18896;100
92;2;2;48,18896;100
92;2;2;48,18896;100
92;2;2;48,18896;100
92;2;2;48,18896;100
92;2;2;48,18896;100
92;2;2;48,18896;100
92;2;2;48,18896;100
92;2;2;48,18896;100
92;2;2;48,18896;100
92;3;15;48,18896;100
92;2;2;48,18896;100
92;2;2;48,52222;100
92;3;15;48,52222;100
92;2;2;48,52222;100
92;2;2;48,52222;100
92;2;2;48,52222;100
92;2;2;48,85547;100
92;2;2;48,85547;100
92;2;2;48,85547;100
92;2;2;48,85547;100
92;2;2;48,85547;100
92;3;15;48,85547;100
92;3;15;48,85547;100
92;2;2;48,85547;100
92;2;2;49,18872;100
92;3;15;49,18872;100
92;2;2;49,18872;100
92;3;15;49,18872;100
92;2;2;49,18872;100
92;3;15;49,18872;100
92;2;2;49,18872;100
92;2;2;49,18872;100
92;2;2;49,52197;100
92;2;2;49,52197;100
92;2;2;49,52197;100
92;2;2;49,52197;100
92;3;15;49,52197;100
92;2;2;49,52197;100
92;3;15;49,52197;100
92;3;15;49,52197;100
92;3;15;49,52197;100
92;2;2;49,52197;100
92;3;15;49,85522;100
92;2;2;49,85522;100
92;3;15;49,85522;100
92;2;2;49,85522;100
92;2;2;49,85522;100
92;2;2;50,18848;100
92;2;2;50,18848;100
92;2;2;50,18848;100
92;3;15;50,18848;100
92;2;2;50,18848;100
92;2;2;50,18848;100
92;2;2;50,18848;100
92;3;15;50,52173;100
92;3;15;50,52173;100
92;3;15;50,52173;100
92;3;15;50,52173;100
92;2;2;50,52173;100
92;3;15;50,52173;100
92;2;2;50,52173;100
92;2;2;50,52173;100
92;2;2;50,85498;100
92;2;2;50,85498;100
92;2;2;50,85498;100
92;2;2;50,85498;100
92;2;2;50,85498;100
92;2;2;50,85498;100
92;2;2;50,85498;100
92;2;2;50,85498;100
92;3;15;50,85498;100
92;2;2;51,18823;100
92;2;2;51,18823;100
92;2;2;51,18823;100
92;2;2;51,18823;100
92;2;2;51,18823;100
92;3;15;51,18823;100
92;3;15;51,18823;100
92;2;2;51,18823;100
92;3;15;51,18823;100
92;2;2;51,18823;100
92;3;15;51,18823;100
92;2;2;51,52148;100
92;2;2;51,52148;100
92;2;2;51,52148;100
92;2;2;51,52148;100
92;2;2;51,52148;100
92;3;15;51,52148;100
92;3;15;51,52148;100
92;2;2;51,52148;100
92;3;15;51,52148;100
92;2;2;51,52148;100
92;3;15;51,52148;100
92;2;2;51,52148;100
92;2;2;51,52148;100
92;2;2;51,52148;100
92;2;2;51,52148;100
92;2;2;51,85474;100
92;2;2;51,85474;100
92;2;2;51,85474;100
92;2;2;51,85474;100
92;2;2;51,85474;100
92;2;2;51,85474;100
92;2;2;51,85474;100
92;3;15;51,85474;100
92;2;2;51,85474;100
92;2;2;51,85474;100
92;3;15;52,18799;100
92;2;2;52,18799;100
92;2;2;52,18799;100
92;2;2;52,18799;100
92;2;2;52,18799;100
92;3;15;52,18799;100
92;2;2;52,18799;100
92;2;2;52,18799;100
92;3;15;52,18799;100
92;3;15;52,18799;100
92;2;2;52,18799;100
92;2;2;52,52124;100
92;3;15;52,52124;100
92;2;2;52,52124;100
92;2;2;52,52124;100
92;2;2;52,52124;100
92;2;2;52,52124;100
92;2;2;52,52124;100
92;3;15;52,52124;100
92;2;2;52,52124;100
92;2;2;52,52124;100
92;3;15;52,85449;100
92;2;2;52,85449;100
92;2;2;52,85449;100
92;2;2;52,85449;100
92;2;2;52,85449;100
92;3;15;52,85449;100
92;2;2;53,18774;100
92;3;15;53,18774;100
92;2;2;53,18774;100
92;3;15;53,18774;100
92;2;2;53,18774;100
92;2;2;53,18774;100
92;2;2;53,18774;100
92;3;15;53,18774;100
92;2;2;53,18774;100
92;2;2;53,18774;100
92;2;2;53,521;100
92;2;2;53,521;100
92;2;2;53,521;100
92;2;2;53,521;100
92;2;2;53,521;100
92;3;15;53,521;100
92;2;2;53,521;100
92;2;2;53,521;100
92;3;15;53,521;100
92;2;2;53,85425;100
92;2;2;53,85425;100
92;2;2;53,85425;100
92;2;2;53,85425;100
92;2;2;53,85425;100
92;2;2;53,85425;100
92;2;2;53,85425;100
92;3;15;53,85425;100
92;2;2;53,85425;100
92;2;2;53,85425;100
92;2;2;54,1875;100
92;2;2;54,1875;100
92;2;2;54,1875;100
92;2;2;54,1875;100
92;2;2;54,1875;100
92;3;15;54,1875;100
92;2;2;54,1875;100
92;3;15;54,1875;100
92;3;15;54,1875;100
92;2;2;54,1875;100
92;2;2;54,1875;100
92;2;2;54,52075;100
92;2;2;54,52075;100
92;3;15;54,52075;100
92;3;15;54,52075;100
92;2;2;54,52075;100
92;2;2;54,52075;100
92;3;15;54,52075;100
92;3;15;54,52075;100
92;2;2;54,52075;100
92;2;2;54,52075;100
92;3;15;54,854;100
92;3;15;54,854;100
92;2;2;54,854;100
92;2;2;54,854;100
92;2;2;54,854;100
92;2;2;54,854;100
92;2;2;54,854;100
92;3;15;54,854;100
92;2;2;54,854;100
92;3;15;54,854;100
92;2;2;54,854;100
92;2;2;55,18726;100
92;2;2;55,18726;100
92;3;15;55,18726;100
92;2;2;55,18726;100
92;3;15;55,18726;100
92;2;2;55,18726;100
92;2;2;55,18726;100
92;2;2;55,18726;100
92;3;15;55,52051;100
92;2;2;55,52051;100
92;2;2;55,52051;100
92;2;2;55,52051;100
92;2;2;55,52051;100
92;3;15;55,52051;100
92;2;2;55,52051;100
92;3;15;55,52051;100
92;2;2;55,52051;100
92;3;15;55,52051;100
92;3;15;55,52051;100
92;3;15;55,85376;100
92;3;15;55,85376;100
92;2;2;55,85376;100
92;3;15;55,85376;100
92;3;15;55,85376;100
92;2;2;55,85376;100
92;2;2;55,85376;100
92;2;2;56,18701;100
92;2;2;56,18701;100
92;2;2;56,18701;100
92;2;2;56,18701;100
92;2;2;56,18701;100
92;2;2;56,18701;100
92;2;2;56,18701;100
92;2;2;56,18701;100
92;2;2;56,18701;100
92;3;15;56,52026;100
92;2;2;56,52026;100
92;2;2;56,52026;100
92;2;2;56,52026;100
92;2;2;56,52026;100
92;3;15;56,52026;100
92;3;15;56,52026;100
92;2;2;56,52026;100
92;2;2;56,85352;100
92;3;15;56,85352;100
92;2;2;56,85352;100
92;3;15;56,85352;100
92;2;2;56,85352;100
92;2;2;56,85352;100
92;2;2;56,85352;100
92;2;2;56,85352;100
92;3;15;57,18677;100
92;2;2;57,18677;100
92;3;15;57,18677;100
92;2;2;57,18677;100
92;3;15;57,18677;100
92;2;2;57,18677;100
92;2;2;57,18677;100
92;2;2;57,18677;100
92;2;2;57,18677;100
92;3;15;57,18677;100
92;2;2;57,52002;100
92;2;2;57,52002;100
92;2;2;57,52002;100
92;2;2;57,52002;100
92;2;2;57,52002;100
92;2;2;57,52002;100
92;2;2;57,52002;100
92;2;2;57,52002;100
92;3;15;57,52002;100
92;3;15;57,85327;100
92;2;2;57,85327;100
92;2;2;57,85327;100
92;2;2;57,85327;100
92;2;2;57,85327;100
92;2;2;57,85327;100
92;3;15;57,85327;100
92;3;15;58,18652;100
92;2;2;58,18652;100
92;2;2;58,18652;100
92;2;2;58,18652;100
92;2;2;58,18652;100
92;3;15;58,18652;100
92;3;15;58,18652;100
92;2;2;58,18652;100
92;2;2;58,51978;100
92;2;2;58,51978;100
92;2;2;58,51978;100
92;2;2;58,51978;100
92;2;2;58,51978;100
92;2;2;58,51978;100
92;2;2;58,51978;100
92;3;15;58,51978;100
92;2;2;58,51978;100
92;2;2;58,85303;100
92;3;15;58,85303;100
92;2;2;58,85303;100
92;3;15;58,85303;100
92;2;2;58,85303;100
92;3;15;58,85303;100
92;2;2;58,85303;100
92;2;2;58,85303;100
92;2;2;58,85303;100
92;2;2;59,18628;100
92;2;2;59,18628;100
92;2;2;59,18628;100
92;2;2;59,18628;100
92;3;15;59,18628;100
92;2;2;59,18628;100
92;3;15;59,18628;100
92;2;2;59,18628;100
92;2;2;59,51953;100
92;2;2;59,51953;100
92;3;15;59,51953;100
92;3;15;59,51953;100
92;3;15;59,51953;100
92;2;2;59,51953;100
92;2;2;59,51953;100
92;2;2;59,51953;100
92;2;2;59,51953;100
92;2;2;59,51953;100
92;3;15;59,85278;100
92;3;15;59,85278;100
92;3;15;59,85278;100
92;2;2;59,85278;100
92;3;15;59,85278;100
92;3;15;59,85278;100
92;2;2;59,85278;100
92;3;15;59,85278;100
92;2;2;59,85278;100
92;2;2;59,85278;100
92;3;15;0,1860352;85
92;2;2;0,1860352;85
92;2;2;0,1860352;85
92;2;2;0,1860352;85
92;2;2;0,1860352;85
92;3;15;0,1860352;70
92;3;15;0,1860352;55
92;2;2;0,1860352;55
92;2;2;0,1860352;55
92;2;2;0,1860352;55
92;2;2;0,5192871;55
92;3;15;0,5192871;40
76;3;15;0,5192871;25
28;2;2;0,5192871;23
20;3;15;0,5192871;8
12;2;2;0,5192871;6
-4;3;15;0,5192871;-9
Player