100;3;15;21,64789;100
100;3;15;21,64789;100
100;2;2;21,9812;100
100;2;2;21,9812;100
100;2;2;21,9812;100
100;3;15;21,9812;100
100;3;15;21,9812;100
100;2;2;21,9812;100
100;3;15;21,9812;100
100;3;15;21,9812;100
100;3;15;22,31451;100
100;2;2;22,31451;100
100;3;15;22,31451;100
100;2;2;22,31451;100
100;2;2;22,31451;100
100;2;2;22,31451;100
100;3;15;22,31451;100
100;3;15;22,31451;100
100;2;2;22,31451;100
100;3;15;22,31451;100
100;2;2;22,31451;100
100;3;15;22,64783;100
100;3;15;22,64783;100
100;3;15;22,64783;100
100;3;15;22,64783;100
100;2;2;22,64783;100
100;3;15;22,64783;100
100;2;2;22,64783;100
100;3;15;22,64783;100
100;3;15;22,64783;100
100;3;15;22,64783;100
100;2;2;22,98114;100
100;3;15;22,98114;100
100;2;2;22,98114;100
100;3;15;22,98114;100
100;3;15;22,98114;100
100;2;2;22,98114;100
100;2;2;22,98114;100
100;3;15;23,31445;100
100;3;15;23,31445;100
100;3;15;23,31445;100
100;3;15;23,31445;100
100;2;2;23,31445;100
100;2;2;23,31445;100
100;3;15;23,31445;100
100;3;15;23,31445;100
100;3;15;23,31445;100
100;3;15;23,31445;100
100;3;15;23,64777;100
100;2;2;23,64777;100
100;3;15;23,64777;100
100;3;15;23,64777;100
100;3;15;23,64777;100
100;2;2;23,64777;100
100;2;2;23,64777;100
100;2;2;23,98108;100
100;3;15;23,98108;100
100;3;15;23,98108;100
100;3;15;23,98108;100
100;2;2;23,98108;100
100;3;15;23,98108;100
100;3;15;23,98108;100
100;2;2;23,98108;100
100;3;15;23,98108;100
100;2;2;23,98108;100
100;2;2;23,98108;100
100;2;2;24,31439;100
100;2;2;24,31439;100
100;2;2;24,31439;100
100;3;15;24,31439;100
100;2;2;24,31439;100
100;2;2;24,31439;100
100;3;15;24,31439;100
100;2;2;24,31439;100
100;3;15;24,31439;100
100;2;2;24,31439;100
100;3;15;24,31439;100
100;3;15;24,31439;100
100;3;15;24,64771;100
100;2;2;24,64771;100
100;3;15;24,64771;100
100;2;2;24,64771;100
100;3;15;24,64771;100
100;2;2;24,64771;100
100;3;15;24,64771;100
100;2;2;24,64771;100
100;3;15;24,98102;100
100;2;2;24,98102;100
100;2;2;24,98102;100
100;2;2;24,98102;100
100;2;2;24,98102;100
100;3;15;24,98102;100
100;2;2;24,98102;100
100;3;15;25,31433;100
100;2;2;25,31433;100
100;3;15;25,31433;100
100;2;2;25,31433;100
100;2;2;25,31433;100
100;3;15;25,31433;100
100;2;2;25,64764;100
100;3;15;25,64764;100
100;2;2;25,64764;100
100;2;2;25,64764;100
100;3;15;25,64764;100
100;2;2;25,64764;100
100;3;15;25,64764;100
100;2;2;25,64764;100
100;2;2;25,64764;100
100;2;2;25,98096;100
100;3;15;25,98096;100
100;2;2;25,98096;100
100;3;15;25,98096;100
100;2;2;25,98096;100
100;2;2;25,98096;100
100;3;15;26,31427;100
100;3;15;26,31427;100
100;3;15;26,31427;100
100;3;15;26,31427;100
100;2;2;26,31427;100
100;3;15;26,31427;100
100;2;2;26,31427;100
100;3;15;26,31427;100
100;2;2;26,64758;100
100;2;2;26,64758;100
100;2;2;26,64758;100
100;2;2;26,64758;100
100;2;2;26,64758;100
100;2;2;26,64758;100
100;2;2;26,64758;100
100;3;15;26,64758;100
100;2;2;26,64758;100
100;3;15;26,9809;100
100;2;2;26,9809;100
100;2;2;26,9809;100
100;2;2;26,9809;100
100;2;2;26,9809;100
100;3;15;26,9809;100
100;3;15;26,9809;100
100;3;15;26,9809;100
100;2;2;26,9809;100
100;3;15;27,31421;100
100;3;15;27,31421;100
100;3;15;27,31421;100
100;2;2;27,31421;100
100;3;15;27,31421;100
100;3;15;27,31421;100
100;3;15;27,31421;100
100;3;15;27,31421;100
100;2;2;27,31421;100
100;2;2;27,31421;100
100;2;2;27,64752;100
100;2;2;27,64752;100
100;2;2;27,64752;100
100;2;2;27,64752;100
100;2;2;27,64752;100
100;3;15;27,64752;100
100;3;15;27,64752;100
100;2;2;27,64752;100
100;2;2;27,64752;100
100;2;2;27,64752;100
100;2;2;27,98083;100
100;3;15;27,98083;100
100;2;2;27,98083;100
100;3;15;27,98083;100
100;3;15;27,98083;100
100;2;2;27,98083;100
100;2;2;27,98083;100
100;2;2;27,98083;100
100;2;2;27,98083;100
100;3;15;27,98083;100
100;2;2;27,98083;100
100;2;2;27,98083;100
100;3;15;27,98083;100
100;2;2;28,31415;100
100;3;15;28,31415;100
100;3;15;28,31415;100
100;2;2;28,31415;100
100;3;15;28,64746;100
100;2;2;28,64746;100
100;3;15;28,64746;100
100;3;15;28,64746;100
100;2;2;28,64746;100
100;2;2;28,64746;100
100;2;2;28,64746;100
100;2;2;28,64746;100
100;3;15;28,64746;100
100;3;15;28,64746;100
100;3;15;28,98077;100
100;3;15;28,98077;100
100;2;2;28,98077;100
100;3;15;28,98077;100
100;3;15;28,98077;100
100;2;2;28,98077;100
100;2;2;29,31409;100
100;3;15;29,31409;100
100;2;2;29,31409;100
100;2;2;29,31409;100
100;3;15;29,31409;100
100;3;15;29,31409;100
100;2;2;29,6474;100
100;2;2;29,6474;100
100;3;15;29,6474;100
100;3;15;29,6474;100
100;3;15;29,6474;100
100;3;15;29,6474;100
100;3;15;29,6474;100
100;2;2;29,6474;100
100;3;15;29,6474;100
100;2;2;29,6474;100
100;2;2;29,98071;100
100;2;2;29,98071;100
100;2;2;29,98071;100
100;2;2;29,98071;100
100;3;15;29,98071;100
100;2;2;29,98071;100
100;3;15;30,31403;100
100;2;2;30,31403;100
100;3;15;30,31403;100
100;2;2;30,31403;100
100;2;2;30,31403;100
100;3;15;30,31403;100
100;2;2;30,31403;100
100;2;2;30,31403;100
100;2;2;30,31403;100
100;3;15;30,64734;100
100;3;15;30,64734;100
100;3;15;30,64734;100
100;2;2;30,64734;100
100;2;2;30,64734;100
100;2;2;30,64734;100
100;2;2;30,64734;100
100;3;15;30,64734;100
100;2;2;30,64734;100
100;2;2;30,64734;100
100;2;2;30,64734;100
100;2;2;30,98065;100
100;3;15;30,98065;100
100;2;2;30,98065;100
100;3;15;30,98065;100
100;3;15;30,98065;100
100;3;15;30,98065;100
100;3;15;30,98065;100
100;3;15;30,98065;100
100;2;2;30,98065;100
100;3;15;30,98065;100
100;2;2;30,98065;100
100;3;15;31,31396;100
100;3;15;31,31396;100
100;2;2;31,31396;100
100;2;2;31,31396;100
100;2;2;31,31396;100
100;3;15;31,31396;100
100;2;2;31,31396;100
100;2;2;31,31396;100
100;2;2;31,31396;100
100;2;2;31,31396;100
100;2;2;31,64728;100
100;2;2;31,64728;100
100;2;2;31,64728;100
100;3;15;31,64728;100
100;2;2;31,64728;100
100;2;2;31,64728;100
100;3;15;31,64728;100
100;3;15;31,64728;100
100;2;2;31,64728;100
100;3;15;31,64728;100
100;2;2;31,98059;100
100;3;15;31,98059;100
100;2;2;31,98059;100
100;3;15;31,98059;100
100;3;15;31,98059;100
100;3;15;31,98059;100
100;3;15;31,98059;100
100;2;2;31,98059;100
100;3;15;32,3139;100
100;2;2;32,3139;100
100;2;2;32,3139;100
100;2;2;32,3139;100
100;2;2;32,3139;100
100;3;15;32,3139;100
100;3;15;32,3139;100
100;3;15;32,3139;100
100;3;15;32,3139;100
100;2;2;32,64722;100
100;3;15;32,64722;100
100;3;15;32,64722;100
100;3;15;32,64722;100
100;2;2;32,64722;100
100;3;15;32,64722;100
100;2;2;32,64722;100
100;3;15;32,64722;100
100;3;15;32,64722;100
100;3;15;32,64722;100
100;2;2;32,98053;100
100;3;15;32,98053;100
100;2;2;32,98053;100
100;3;15;32,98053;100
100;2;2;32,98053;100
100;3;15;32,98053;100
100;2;2;32,98053;100
100;2;2;32,98053;100
100;3;15;32,98053;100
100;3;15;32,98053;100
100;3;15;33,31384;100
100;3;15;33,31384;100
100;2;2;33,31384;100
100;3;15;33,31384;100
100;2;2;33,31384;100
100;2;2;33,31384;100
100;2;2;33,31384;100
100;2;2;33,31384;100
100;3;15;33,31384;100
100;3;15;33,31384;100
100;3;15;33,31384;100
100;3;15;33,64716;100
100;2;2;33,64716;100
100;2;2;33,64716;100
100;3;15;33,64716;100
100;2;2;33,64716;100
100;2;2;33,64716;100
100;3;15;33,64716;100
100;2;2;33,64716;100
100;3;15;33,64716;100
100;3;15;33,64716;100
100;3;15;33,98047;100
100;3;15;33,98047;100
100;3;15;33,98047;100
100;3;15;33,98047;100
100;3;15;33,98047;100
100;3;15;33,98047;100
100;3;15;33,98047;100
100;3;15;33,98047;100
100;2;2;33,98047;100
100;2;2;33,98047;100
100;2;2;34,31378;100
100;3;15;34,31378;100
100;3;15;34,31378;100
100;3;15;34,31378;100
100;2;2;34,31378;100
100;3;15;34,31378;100
100;3;15;34,31378;100
100;3;15;34,31378;100
100;3;15;34,31378;100
100;3;15;34,64709;100
100;3;15;34,64709;100
100;2;2;34,64709;100
100;2;2;34,64709;100
100;2;2;34,64709;100
100;2;2;34,64709;100
100;2;2;34,64709;100
100;2;2;34,64709;100
100;3;15;34,64709;100
100;2;2;34,98041;100
100;3;15;34,98041;100
100;3;15;34,98041;100
100;2;2;34,98041;100
100;3;15;34,98041;100
100;3;15;34,98041;100
100;3;15;34,98041;100
100;2;2;34,98041;100
100;3;15;35,31372;100
100;2;2;35,31372;100
100;3;15;35,31372;100
100;3;15;35,31372;100
100;2;2;35,31372;100
100;2;2;35,31372;100
100;2;2;35,31372;100
100;2;2;35,31372;100
100;3;15;35,31372;100
100;2;2;35,31372;100
100;3;15;35,31372;100
100;3;15;35,64703;100
100;2;2;35,64703;100
100;2;2;35,64703;100
100;2;2;35,64703;100
100;2;2;35,64703;100
100;3;15;35,64703;100
100;2;2;35,64703;100
100;3;15;35,64703;100
100;3;15;35,98035;100
100;2;2;35,98035;100
100;3;15;35,98035;100
100;3;15;35,98035;100
100;2;2;35,98035;100
100;2;2;35,98035;100
100;2;2;36,31366;100
100;3;15;36,31366;100
100;3;15;36,31366;100
100;2;2;36,31366;100
100;3;15;36,31366;100
100;3;15;36,31366;100
100;2;2;36,31366;100
100;2;2;36,31366;100
100;3;15;36,31366;100
100;3;15;36,64697;100
100;3;15;36,64697;100
100;2;2;36,64697;100
100;2;2;36,64697;100
100;2;2;36,64697;100
100;2;2;36,64697;100
100;2;2;36,64697;100
100;3;15;36,64697;100
100;2;2;36,64697;100
100;2;2;36,64697;100
100;3;15;36,64697;100
100;2;2;36,64697;100
100;3;15;36,98029;100
100;3;15;36,98029;100
100;3;15;36,98029;100
100;2;2;36,98029;100
100;2;2;36,98029;100
100;2;2;36,98029;100
100;3;15;37,3136;100
100;3;15;37,3136;100
100;2;2;37,3136;100
100;3;15;37,3136;100
100;2;2;37,3136;100
100;3;15;37,3136;100
100;3;15;37,3136;100
100;3;15;37,3136;100
100;2;2;37,3136;100
100;3;15;37,3136;100
100;2;2;37,3136;100
100;3;15;37,64691;100
100;3;15;37,64691;100
100;3;15;37,64691;100
100;3;15;37,64691;100
100;2;2;37,64691;100
100;3;15;37,64691;100
100;3;15;37,64691;100
100;3;15;37,64691;100
100;2;2;37,98022;100
100;3;15;37,98022;100
100;2;2;37,98022;100
100;3;15;37,98022;100
100;3;15;37,98022;100
100;3;15;38,31354;100
100;3;15;38,31354;100
100;3;15;38,31354;100
100;2;2;38,31354;100
100;3;15;38,31354;100
100;3;15;38,31354;100
100;2;2;38,31354;100
100;2;2;38,64685;100
100;2;2;38,64685;100
100;3;15;38,64685;100
100;3;15;38,64685;100
100;2;2;38,64685;100
100;2;2;38,64685;100
100;2;2;38,64685;100
100;3;15;38,64685;100
100;3;15;38,64685;100
100;2;2;38,64685;100
100;2;2;38,64685;100
100;3;15;38,98016;100
100;2;2;38,98016;100
100;3;15;38,98016;100
100;3;15;38,98016;100
100;3;15;38,98016;100
100;2;2;38,98016;100
100;2;2;38,98016;100
100;2;2;38,98016;100
100;2;2;38,98016;100
100;2;2;38,98016;100
100;2;2;39,31348;100
100;3;15;39,31348;100
100;2;2;39,31348;100
100;2;2;39,31348;100
100;2;2;39,31348;100
100;3;15;39,31348;100
100;2;2;39,31348;100
100;3;15;39,31348;100
100;3;15;39,64679;100
100;3;15;39,64679;100
100;2;2;39,64679;100
100;3;15;39,64679;100
100;2;2;39,64679;100
100;3;15;39,9801;100
100;2;2;39,9801;100
100;3;15;39,9801;100
100;3;15;39,9801;100
100;2;2;39,9801;100
100;3;15;39,9801;100
100;3;15;39,9801;100
100;3;15;40,31342;100
100;3;15;40,31342;100
100;3;15;40,31342;100
100;3;15;40,31342;100
100;3;15;40,31342;100
100;3;15;40,31342;100
100;2;2;40,31342;100
100;2;2;40,64673;100
100;3;15;40,64673;100
100;3;15;40,64673;100
100;3;15;40,64673;100
100;2;2;40,64673;100
100;3;15;40,64673;100
100;3;15;40,64673;100
100;3;15;40,64673;100
100;2;2;40,98004;100
100;2;2;40,98004;100
100;3;15;40,98004;100
100;2;2;40,98004;100
100;3;15;40,98004;100
100;3;15;40,98004;100
100;2;2;40,98004;100
100;3;15;40,98004;100
100;3;15;40,98004;100
100;2;2;40,98004;100
100;3;15;41,31335;100
100;3;15;41,31335;100
100;2;2;41,31335;100
100;2;2;41,31335;100
100;3;15;41,31335;100
100;3;15;41,31335;100
100;3;15;41,31335;100
100;3;15;41,31335;100
100;2;2;41,64667;100
100;3;15;41,64667;100
100;2;2;41,64667;100
100;3;15;41,64667;100
100;3;15;41,64667;100
100;3;15;41,64667;100
100;3;15;41,64667;100
100;2;2;41,64667;100
100;2;2;41,64667;100
100;2;2;41,97998;100
100;3;15;41,97998;100
100;2;2;41,97998;100
100;2;2;41,97998;100
100;3;15;41,97998;100
100;2;2;41,97998;100
100;3;15;41,97998;100
100;2;2;41,97998;100
100;3;15;42,31329;100
100;3;15;42,31329;100
100;3;15;42,31329;100
100;2;2;42,31329;100
100;3;15;42,31329;100
100;3;15;42,31329;100
100;3;15;42,31329;100
100;3;15;42,31329;100
100;2;2;42,64661;100
100;3;15;42,64661;100
100;3;15;42,64661;100
100;3;15;42,64661;100
100;3;15;42,64661;100
100;2;2;42,64661;100
100;2;2;42,64661;100
100;3;15;42,64661;100
100;3;15;42,64661;100
100;3;15;42,64661;100
100;3;15;42,97992;100
100;3;15;42,97992;100
100;2;2;42,97992;100
100;2;2;42,97992;100
100;3;15;42,97992;100
100;2;2;42,97992;100
100;2;2;42,97992;100
100;2;2;42,97992;100
100;3;15;42,97992;100
100;3;15;43,31323;100
100;3;15;43,31323;100
100;3;15;43,31323;100
100;3;15;43,31323;100
100;3;15;43,31323;100
100;2;2;43,31323;100
100;2;2;43,31323;100
100;3;15;43,31323;100
100;2;2;43,31323;100
100;3;15;43,31323;100
100;3;15;43,31323;100
100;2;2;43,31323;100
100;2;2;43,31323;100
100;2;2;43,31323;100
100;3;15;43,64655;100
100;3;15;43,64655;100
100;3;15;43,64655;100
100;3;15;43,64655;100
100;3;15;43,64655;100
100;3;15;43,97986;100
100;3;15;43,97986;100
100;2;2;43,97986;100
100;2;2;43,97986;100
100;2;2;43,97986;100
100;3;15;43,97986;100
100;2;2;43,97986;100
100;2;2;43,97986;100
100;2;2;43,97986;100
100;3;15;43,97986;100
100;2;2;43,97986;100
100;3;15;43,97986;100
100;2;2;43,97986;100
100;2;2;43,97986;100
100;2;2;44,31317;100
100;3;15;44,31317;100
100;3;15;44,31317;100
100;2;2;44,31317;100
100;2;2;44,31317;100
100;2;2;44,31317;100
100;2;2;44,64648;100
100;3;15;44,64648;100
100;2;2;44,64648;100
100;3;15;44,64648;100
100;2;2;44,64648;100
100;2;2;44,64648;100
100;3;15;44,64648;100
100;3;15;44,64648;100
100;3;15;44,64648;100
100;3;15;44,64648;100
100;2;2;44,9798;100
100;3;15;44,9798;100
100;3;15;44,9798;100
100;2;2;44,9798;100
100;2;2;44,9798;100
100;2;2;44,9798;100
100;3;15;44,9798;100
100;2;2;45,31311;100
100;3;15;45,31311;100
100;3;15;45,31311;100
100;3;15;45,31311;100
100;3;15;45,31311;100
100;3;15;45,31311;100
100;3;15;45,31311;100
100;2;2;45,31311;100
100;2;2;45,31311;100
100;3;15;45,64642;100
100;3;15;45,64642;100
100;3;15;45,64642;100
100;2;2;45,64642;100
100;3;15;45,64642;100
100;2;2;45,64642;100
100;2;2;45,64642;100
100;3;15;45,64642;100
100;2;2;45,64642;100
100;3;15;45,64642;100
100;2;2;45,97974;100
100;2;2;45,97974;100
100;2;2;45,97974;100
100;3;15;45,97974;100
100;2;2;45,97974;100
100;3;15;45,97974;100
100;2;2;45,97974;100
100;3;15;46,31305;100
100;3;15;46,31305;100
100;3;15;46,31305;100
100;2;2;46,31305;100
100;2;2;46,31305;100
100;2;2;46,31305;100
100;2;2;46,31305;100
100;3;15;46,31305;100
100;3;15;46,31305;100
100;2;2;46,31305;100
100;2;2;46,64636;100
100;2;2;46,64636;100
100;2;2;46,64636;100
100;2;2;46,64636;100
100;2;2;46,64636;100
100;2;2;46,64636;100
100;2;2;46,64636;100
100;2;2;46,64636;100
100;2;2;46,64636;100
100;3;15;46,97968;100
100;2;2;46,97968;100
100;2;2;46,97968;100
100;3;15;46,97968;100
100;2;2;46,97968;100
100;3;15;46,97968;100
100;2;2;46,97968;100
100;3;15;46,97968;100
100;2;2;46,97968;100
100;3;15;47,31299;100
100;2;2;47,31299;100
100;3;15;47,31299;100
100;2;2;47,31299;100
100;2;2;47,31299;100
100;2;2;47,31299;100
100;3;15;47,31299;100
100;3;15;47,31299;100
100;2;2;47,31299;100
100;3;15;47,31299;100
100;3;15;47,6463;100
100;3;15;47,6463;100
100;2;2;47,6463;100
100;2;2;47,6463;100
100;2;2;47,6463;100
100;3;15;47,6463;100
100;3;15;47,6463;100
100;3;15;47,6463;100
100;3;15;47,97961;100
100;2;2;47,97961;100
100;2;2;47,97961;100
100;2;2;47,97961;100
100;2;2;47,97961;100
100;2;2;47,97961;100
100;3;15;48,31293;100
100;2;2;48,31293;100
100;2;2;48,31293;100
100;2;2;48,31293;100
100;2;2;48,31293;100
100;2;2;48,31293;100
100;3;15;48,31293;100
100;3;15;48,31293;100
100;2;2;48,31293;100
100;3;15;48,31293;100
100;2;2;48,31293;100
100;2;2;48,31293;100
100;2;2;48,64624;100
100;2;2;48,64624;100
100;2;2;48,64624;100
100;2;2;48,64624;100
100;3;15;48,64624;100
100;3;15;48,64624;100
100;2;2;48,64624;100
100;3;15;48,64624;100
100;3;15;48,64624;100
100;2;2;48,64624;100
100;2;2;48,97955;100
100;2;2;48,97955;100
100;2;2;48,97955;100
100;3;15;48,97955;100
100;2;2;48,97955;100
100;2;2;48,97955;100
100;3;15;48,97955;100
100;3;15;48,97955;100
100;3;15;49,31287;100
100;2;2;49,31287;100
100;2;2;49,31287;100
100;2;2;49,31287;100
100;3;15;49,31287;100
100;2;2;49,31287;100
100;2;2;49,31287;100
100;3;15;49,64618;100
100;3;15;49,64618;100
100;3;15;49,64618;100
100;3;15;49,64618;100
100;2;2;49,64618;100
100;3;15;49,64618;100
100;2;2;49,64618;100
100;2;2;49,64618;100
100;3;15;49,64618;100
100;2;2;49,64618;100
100;2;2;49,97949;100
100;3;15;49,97949;100
100;3;15;49,97949;100
100;3;15;49,97949;100
100;2;2;49,97949;100
100;2;2;49,97949;100
100;3;15;49,97949;100
100;2;2;50,31281;100
100;2;2;50,31281;100
100;3;15;50,31281;100
100;2;2;50,31281;100
100;2;2;50,31281;100
100;3;15;50,31281;100
100;3;15;50,31281;100
100;3;15;50,31281;100
100;3;15;50,31281;100
100;3;15;50,31281;100
100;3;15;50,31281;100
100;3;15;50,64612;100
100;2;2;50,64612;100
100;2;2;50,64612;100
100;3;15;50,64612;100
100;2;2;50,64612;100
100;2;2;50,64612;100
100;3;15;50,64612;100
100;2;2;50,97943;100
100;2;2;50,97943;100
100;2;2;50,97943;100
100;2;2;50,97943;100
100;2;2;50,97943;100
100;3;15;50,97943;100
100;3;15;50,97943;100
100;2;2;50,97943;100
100;3;15;51,31274;100
100;2;2;51,31274;100
100;2;2;51,31274;100
100;2;2;51,31274;100
100;2;2;51,31274;100
100;3;15;51,31274;100
100;3;15;51,31274;100
100;2;2;51,31274;100
100;3;15;51,31274;100
100;3;15;51,64606;100
100;2;2;51,64606;100
100;2;2;51,64606;100
100;2;2;51,64606;100
100;3;15;51,64606;100
100;2;2;51,97937;100
100;2;2;51,97937;100
100;2;2;51,97937;100
100;2;2;51,97937;100
100;2;2;51,97937;100
100;3;15;51,97937;100
100;2;2;51,97937;100
100;3;15;51,97937;100
100;3;15;51,97937;100
100;3;15;52,31268;100
100;3;15;52,31268;100
100;3;15;52,31268;100
100;3;15;52,31268;100
100;3;15;52,31268;100
100;2;2;52,31268;100
100;2;2;52,31268;100
100;2;2;52,31268;100
100;3;15;52,646;100
100;2;2;52,646;100
100;2;2;52,646;100
100;2;2;52,646;100
100;2;2;52,646;100
100;2;2;52,646;100
100;3;15;52,646;100
100;2;2;52,646;100
100;3;15;52,646;100
100;2;2;52,646;100
100;2;2;52,97931;100
100;2;2;52,97931;100
100;3;15;52,97931;100
100;2;2;52,97931;100
100;2;2;52,97931;100
100;3;15;52,97931;100
100;2;2;52,97931;100
100;3;15;53,31262;100
100;2;2;53,31262;100
100;3;15;53,31262;100
100;2;2;53,31262;100
100;3;15;53,31262;100
100;3;15;53,31262;100
100;2;2;53,31262;100
100;3;15;53,31262;100
100;2;2;53,31262;100
100;3;15;53,31262;100
100;2;2;53,31262;100
100;3;15;53,31262;100
100;2;2;53,64594;100
100;3;15;53,64594;100
100;3;15;53,64594;100
100;3;15;53,64594;100
100;3;15;53,97925;100
100;3;15;53,97925;100
100;2;2;53,97925;100
100;2;2;53,97925;100
100;3;15;53,97925;100
100;3;15;53,97925;100
100;2;2;53,97925;100
100;2;2;53,97925;100
100;3;15;53,97925;100
100;3;15;53,97925;100
100;3;15;54,31256;100
100;3;15;54,31256;100
100;2;2;54,31256;100
100;2;2;54,31256;100
100;2;2;54,31256;100
100;2;2;54,31256;100
100;2;2;54,31256;100
100;2;2;54,31256;100
100;2;2;54,31256;100
100;3;15;54,64587;100
100;2;2;54,64587;100
100;2;2;54,64587;100
100;2;2;54,97919;100
100;2;2;54,97919;100
100;3;15;54,97919;100
100;2;2;54,97919;100
100;2;2;54,97919;100
100;2;2;54,97919;100
100;2;2;54,97919;100
100;3;15;54,97919;100
100;3;15;55,3125;100
100;2;2;55,3125;100
100;3;15;55,3125;100
100;3;15;55,3125;100
100;3;15;55,3125;100
100;3;15;55,3125;100
100;2;2;55,3125;100
100;3;15;55,3125;100
100;2;2;55,64581;100
100;2;2;55,64581;100
100;3;15;55,64581;100
100;3;15;55,64581;100
100;3;15;55,64581;100
100;3;15;55,64581;100
100;2;2;55,64581;100
100;3;15;55,97913;100
100;2;2;55,97913;100
100;3;15;55,97913;100
100;2;2;55,97913;100
100;2;2;55,97913;100
100;2;2;55,97913;100
100;3;15;55,97913;100
100;3;15;55,97913;100
100;2;2;55,97913;100
100;2;2;55,97913;100
100;3;15;56,31244;100
100;2;2;56,31244;100
100;2;2;56,31244;100
100;2;2;56,31244;100
100;3;15;56,31244;100
100;2;2;56,31244;100
100;3;15;56,31244;100
100;3;15;56,31244;100
100;2;2;56,31244;100
100;3;15;56,31244;100
100;2;2;56,31244;100
100;3;15;56,64575;100
100;2;2;56,64575;100
100;3;15;56,64575;100
100;2;2;56,64575;100
100;2;2;56,64575;100
100;2;2;56,64575;100
100;3;15;56,64575;100
100;2;2;56,97906;100
100;2;2;56,97906;100
100;3;15;56,97906;100
100;3;15;56,97906;100
100;2;2;56,97906;100
100;3;15;56,97906;100
100;2;2;56,97906;100
100;2;2;56,97906;100
100;2;2;57,31238;100
100;3;15;57,31238;100
100;2;2;57,31238;100
100;3;15;57,31238;100
100;3;15;57,31238;100
100;3;15;57,31238;100
100;3;15;57,64569;100
100;3;15;57,64569;100
100;2;2;57,64569;100
100;3;15;57,64569;100
100;3;15;57,64569;100
100;2;2;57,64569;100
100;2;2;57,64569;100
100;3;15;57,64569;100
100;3;15;57,979;100
100;3;15;57,979;100
100;3;15;57,979;100
100;3;15;57,979;100
100;2;2;57,979;100
100;2;2;57,979;100
100;2;2;57,979;100
100;2;2;57,979;100
100;2;2;57,979;100
100;3;15;57,979;100
100;2;2;57,979;100
100;3;15;57,979;100
100;3;15;58,31232;100
100;2;2;58,31232;100
100;3;15;58,31232;100
100;2;2;58,31232;100
100;2;2;58,31232;100
100;2;2;58,31232;100
100;2;2;58,31232;100
100;3;15;58,31232;100
100;3;15;58,64563;100
100;3;15;58,64563;100
100;2;2;58,64563;100
100;2;2;58,64563;100
100;3;15;58,64563;100
100;2;2;58,64563;100
100;2;2;58,64563;100
100;3;15;58,64563;100
100;3;15;58,97894;100
100;3;15;58,97894;100
100;3;15;58,97894;100
100;2;2;58,97894;100
100;2;2;58,97894;100
100;3;15;58,97894;100
100;3;15;58,97894;100
100;2;2;58,97894;100
100;3;15;59,31226;100
100;2;2;59,31226;100
100;3;15;59,31226;100
100;2;2;59,64557;100
100;3;15;59,64557;100
100;3;15;59,64557;100
100;2;2;59,64557;100
100;2;2;59,64557;100
100;3;15;59,64557;100
100;3;15;59,64557;100
100;2;2;59,64557;100
100;2;2;59,64557;100
100;3;15;59,97888;100
100;2;2;59,97888;100
100;3;15;59,97888;100
100;2;2;59,97888;100
100;2;2;59,97888;100
100;2;2;59,97888;100
100;2;2;59,97888;100
100;3;15;0,3121948;100
100;3;15;0,3121948;100
100;2;2;0,3121948;100
100;3;15;0,3121948;100
100;2;2;0,3121948;100
100;3;15;0,3121948;100
100;3;15;0,3121948;100
100;2;2;0,3121948;100
100;2;2;0,6455078;100
100;2;2;0,6455078;100
100;3;15;0,6455078;100
100;3;15;0,6455078;100
100;2;2;0,6455078;100
100;2;2;0,6455078;100
100;2;2;0,6455078;100
100;2;2;0,6455078;100
100;3;15;0,6455078;100
100;3;15;0,9788208;100
100;2;2;0,9788208;100
100;3;15;0,9788208;100
100;3;15;0,9788208;100
100;2;2;0,9788208;100
100;3;15;0,9788208;100
100;3;15;0,9788208;100
100;2;2;0,9788208;100
100;2;2;0,9788208;100
100;3;15;0,9788208;100
100;3;15;0,9788208;100
100;3;15;1,312134;100
100;3;15;1,312134;100
100;3;15;1,312134;100
100;2;2;1,312134;100
100;2;2;1,312134;100
100;3;15;1,312134;100
100;3;15;1,312134;100
100;3;15;1,312134;100
100;3;15;1,645447;100
100;2;2;1,645447;100
100;2;2;1,645447;100
100;3;15;1,645447;100
100;3;15;1,645447;100
100;3;15;1,645447;100
100;2;2;1,645447;100
100;3;15;1,645447;100
100;3;15;1,645447;100
100;2;2;1,645447;100
100;3;15;1,645447;100
100;3;15;1,645447;100
100;2;2;1,97876;100
100;3;15;1,97876;100
100;2;2;1,97876;100
100;2;2;1,97876;100
100;3;15;1,97876;100
100;2;2;1,97876;100
100;2;2;1,97876;100
100;3;15;2,312073;100
100;3;15;2,312073;100
100;3;15;2,312073;100
100;3;15;2,312073;100
100;2;2;2,645386;100
100;2;2;2,645386;100
100;2;2;2,645386;100
100;3;15;2,645386;100
100;3;15;2,645386;100
100;3;15;2,645386;100
100;2;2;2,645386;100
100;2;2;2,645386;100
100;3;15;2,645386;100
100;2;2;2,645386;100
100;2;2;2,978699;100
100;3;15;2,978699;100
100;2;2;2,978699;100
100;2;2;2,978699;100
100;2;2;2,978699;100
100;3;15;3,312012;100
100;3;15;3,312012;100
100;2;2;3,312012;100
100;2;2;3,312012;100
100;2;2;3,312012;100
100;2;2;3,312012;100
100;2;2;3,312012;100
100;3;15;3,645325;100
100;2;2;3,645325;100
100;3;15;3,645325;100
100;2;2;3,645325;100
100;2;2;3,645325;100
100;2;2;3,645325;100
100;2;2;3,645325;100
100;3;15;3,645325;100
100;3;15;3,645325;100
100;2;2;3,978638;100
100;3;15;3,978638;100
100;2;2;3,978638;100
100;2;2;3,978638;100
100;2;2;3,978638;100
100;3;15;3,978638;100
100;3;15;3,978638;100
100;2;2;3,978638;100
100;2;2;3,978638;100
100;2;2;4,311951;100
100;3;15;4,311951;100
100;3;15;4,311951;100
100;2;2;4,311951;100
100;2;2;4,311951;100
100;3;15;4,311951;100
100;3;15;4,311951;100
100;3;15;4,311951;100
100;2;2;4,311951;100
100;2;2;4,645264;100
100;2;2;4,645264;100
100;2;2;4,645264;100
100;2;2;4,645264;100
100;3;15;4,645264;100
100;2;2;4,645264;100
100;3;15;4,645264;100
100;2;2;4,978577;100
100;2;2;4,978577;100
100;3;15;4,978577;100
100;3;15;4,978577;100
100;3;15;4,978577;100
100;3;15;4,978577;100
100;3;15;5,31189;100
100;3;15;5,31189;100
100;2;2;5,31189;100
100;2;2;5,31189;100
100;2;2;5,31189;100
100;3;15;5,31189;100
100;3;15;5,31189;100
100;2;2;5,31189;100
100;3;15;5,31189;100
100;2;2;5,31189;100
100;2;2;5,645203;100
100;2;2;5,645203;100
100;3;15;5,645203;100
100;2;2;5,645203;100
100;2;2;5,645203;100
100;2;2;5,645203;100
100;2;2;5,645203;100
100;3;15;5,645203;100
100;3;15;5,645203;100
100;2;2;5,978516;100
100;3;15;5,978516;100
100;2;2;5,978516;100
100;2;2;5,978516;100
100;3;15;5,978516;100
100;2;2;5,978516;100
100;3;15;6,311829;100
100;2;2;6,311829;100
100;3;15;6,311829;100
100;3;15;6,311829;100
100;2;2;6,311829;100
100;3;15;6,311829;100
100;3;15;6,311829;100
100;2;2;6,311829;100
100;3;15;6,311829;100
100;2;2;6,311829;100
100;2;2;6,311829;100
100;2;2;6,311829;100
100;3;15;6,311829;100
100;3;15;6,645142;100
100;2;2;6,645142;100
100;3;15;6,645142;100
100;2;2;6,645142;100
100;2;2;6,645142;100
100;3;15;6,645142;100
100;3;15;6,978455;100
100;2;2;6,978455;100
100;3;15;6,978455;100
100;3;15;6,978455;100
100;2;2;6,978455;100
100;2;2;6,978455;100
100;2;2;6,978455;100
100;2;2;7,311768;100
100;2;2;7,311768;100
100;3;15;7,311768;100
100;2;2;7,311768;100
100;2;2;7,311768;100
100;3;15;7,311768;100
100;2;2;7,311768;100
100;3;15;7,311768;100
100;2;2;7,311768;100
100;3;15;7,311768;100
100;3;15;7,311768;100
100;3;15;7,311768;100
100;2;2;7,645081;100
100;2;2;7,645081;100
100;3;15;7,645081;100
100;3;15;7,645081;100
100;3;15;7,645081;100
100;2;2;7,645081;100
100;3;15;7,645081;100
100;3;15;7,645081;100
100;3;15;7,978394;100
100;3;15;7,978394;100
100;2;2;7,978394;100
100;2;2;7,978394;100
100;3;15;7,978394;100
100;3;15;7,978394;100
100;3;15;7,978394;100
100;2;2;7,978394;100
100;3;15;8,311707;100
100;2;2;8,311707;100
100;3;15;8,311707;100
100;2;2;8,311707;100
100;2;2;8,311707;100
100;2;2;8,311707;100
100;2;2;8,64502;100
100;3;15;8,64502;100
100;3;15;8,64502;100
100;2;2;8,64502;100
100;2;2;8,64502;100
100;3;15;8,64502;100
100;2;2;8,64502;100
100;3;15;8,978333;100
100;3;15;8,978333;100
100;3;15;8,978333;100
100;2;2;8,978333;100
100;3;15;8,978333;100
100;3;15;8,978333;100
100;3;15;8,978333;100
100;2;2;8,978333;100
100;2;2;9,311646;100
100;3;15;9,311646;100
100;2;2;9,311646;100
100;2;2;9,311646;100
100;3;15;9,311646;100
100;3;15;9,311646;100
100;3;15;9,311646;100
100;2;2;9,311646;100
100;3;15;9,311646;100
100;2;2;9,644958;100
100;2;2;9,644958;100
100;2;2;9,644958;100
100;2;2;9,644958;100
100;3;15;9,644958;100
100;2;2;9,644958;100
100;3;15;9,644958;100
100;2;2;9,644958;100
100;3;15;9,644958;100
100;3;15;9,644958;100
100;2;2;9,978271;100
100;3;15;9,978271;100
100;3;15;9,978271;100
100;3;15;9,978271;100
100;2;2;9,978271;100
100;2;2;9,978271;100
100;3;15;9,978271;100
100;2;2;9,978271;100
100;3;15;9,978271;100
100;3;15;9,978271;100
100;3;15;10,31158;100
100;2;2;10,31158;100
100;3;15;10,31158;100
100;3;15;10,31158;100
100;3;15;10,31158;100
100;2;2;10,31158;100
100;3;15;10,31158;100
100;3;15;10,31158;100
100;2;2;10,31158;100
100;3;15;10,6449;100
100;2;2;10,6449;100
100;3;15;10,6449;100
100;2;2;10,6449;100
100;3;15;10,6449;100
100;3;15;10,6449;100
100;2;2;10,6449;100
100;2;2;10,97821;100
100;3;15;10,97821;100
100;3;15;10,97821;100
100;3;15;10,97821;100
100;3;15;10,97821;100
100;3;15;10,97821;100
100;2;2;10,97821;100
100;3;15;10,97821;100
100;2;2;10,97821;100
100;3;15;10,97821;100
100;2;2;11,31152;100
100;3;15;11,31152;100
100;3;15;11,31152;100
100;3;15;11,31152;100
100;2;2;11,31152;100
100;2;2;11,31152;100
100;3;15;11,31152;100
100;3;15;11,31152;100
100;3;15;11,31152;100
100;3;15;11,31152;100
100;2;2;11,31152;100
100;2;2;11,31152;100
100;3;15;11,64484;100
100;2;2;11,64484;100
100;2;2;11,64484;100
100;2;2;11,64484;100
100;2;2;11,64484;100
100;3;15;11,64484;100
100;3;15;11,64484;100
100;3;15;11,64484;100
100;2;2;11,64484;100
100;3;15;11,64484;100
100;2;2;11,64484;100
100;2;2;11,97815;100
100;3;15;11,97815;100
100;3;15;11,97815;100
100;3;15;11,97815;100
100;2;2;11,97815;100
100;3;15;11,97815;100
100;2;2;11,97815;100
100;3;15;11,97815;100
100;3;15;11,97815;100
100;2;2;11,97815;100
100;3;15;11,97815;100
100;3;15;11,97815;100
100;3;15;12,31146;100
100;2;2;12,31146;100
100;2;2;12,31146;100
100;3;15;12,31146;100
100;2;2;12,31146;100
100;2;2;12,31146;100
100;2;2;12,31146;100
100;3;15;12,31146;100
100;2;2;12,31146;100
100;3;15;12,64478;100
100;2;2;12,64478;100
100;2;2;12,64478;100
100;3;15;12,64478;100
100;3;15;12,64478;100
100;3;15;12,64478;100
100;2;2;12,64478;100
100;3;15;12,64478;100
100;3;15;12,64478;100
100;2;2;12,97809;100
100;3;15;12,97809;100
100;2;2;12,97809;100
100;3;15;12,97809;100
100;3;15;12,97809;100
100;2;2;12,97809;100
100;3;15;12,97809;100
100;3;15;12,97809;100
100;2;2;12,97809;100
100;2;2;12,97809;100
100;2;2;12,97809;100
100;3;15;12,97809;100
100;3;15;12,97809;100
100;3;15;13,3114;100
100;2;2;13,3114;100
100;3;15;13,3114;85
100;2;2;13,3114;85
100;3;15;13,3114;70
100;3;15;13,3114;55
100;3;15;13,3114;40
100;2;2;13,3114;40
100;2;2;13,3114;40
100;2;2;13,3114;40
100;3;15;13,3114;25
100;2;2;13,3114;25
100;2;2;13,3114;25
100;3;15;13,64471;10
100;3;15;13,64471;-5
Player