92;2;2;11,44678;100
92;2;2;11,78027;100
92;3;15;11,78027;100
92;3;15;11,78027;100
92;3;15;11,78027;100
92;2;2;11,78027;100
92;3;15;11,78027;100
92;3;15;11,78027;100
92;2;2;11,78027;100
92;2;2;11,78027;100
92;2;2;11,78027;100
92;3;15;11,78027;100
92;3;15;12,11377;100
92;2;2;12,11377;100
92;2;2;12,11377;100
92;3;15;12,11377;100
92;3;15;12,11377;100
92;2;2;12,11377;100
92;2;2;12,11377;100
92;2;2;12,11377;100
92;2;2;12,44727;100
92;2;2;12,44727;100
92;2;2;12,44727;100
92;2;2;12,44727;100
92;2;2;12,44727;100
92;2;2;12,44727;100
92;2;2;12,44727;100
92;3;15;12,44727;100
92;3;15;12,78076;100
92;2;2;12,78076;100
92;3;15;12,78076;100
92;2;2;12,78076;100
92;2;2;12,78076;100
92;2;2;12,78076;100
92;3;15;12,78076;100
92;2;2;12,78076;100
92;3;15;12,78076;100
92;2;2;12,78076;100
92;2;2;13,11426;100
92;2;2;13,11426;100
92;3;15;13,11426;100
92;2;2;13,11426;100
92;3;15;13,11426;100
92;3;15;13,11426;100
92;2;2;13,11426;100
92;2;2;13,11426;100
92;2;2;13,11426;100
92;3;15;13,11426;100
92;2;2;13,11426;100
92;3;15;13,44775;100
92;2;2;13,44775;100
92;3;15;13,44775;100
92;3;15;13,44775;100
92;2;2;13,44775;100
92;3;15;13,44775;100
92;3;15;13,44775;100
92;3;15;13,44775;100
92;2;2;13,78125;100
92;3;15;13,78125;100
92;3;15;13,78125;100
92;2;2;13,78125;100
92;3;15;13,78125;100
92;2;2;13,78125;100
92;3;15;13,78125;100
92;2;2;13,78125;100
92;3;15;13,78125;100
92;2;2;14,11475;100
92;2;2;14,11475;100
92;2;2;14,11475;100
92;2;2;14,11475;100
92;3;15;14,11475;100
92;2;2;14,11475;100
92;3;15;14,11475;100
92;2;2;14,11475;100
92;3;15;14,11475;100
92;3;15;14,11475;100
92;2;2;14,44824;100
92;2;2;14,44824;100
92;2;2;14,44824;100
92;3;15;14,44824;100
92;2;2;14,44824;100
92;2;2;14,44824;100
92;2;2;14,44824;100
92;2;2;14,44824;100
92;3;15;14,44824;100
92;3;15;14,44824;100
92;2;2;14,44824;100
92;2;2;14,78174;100
92;2;2;14,78174;100
92;3;15;14,78174;100
92;2;2;14,78174;100
92;2;2;14,78174;100
92;2;2;14,78174;100
92;2;2;14,78174;100
92;2;2;14,78174;100
92;2;2;15,11523;100
92;2;2;15,11523;100
92;2;2;15,11523;100
92;2;2;15,11523;100
92;3;15;15,11523;100
92;3;15;15,11523;100
92;3;15;15,11523;100
92;2;2;15,11523;100
92;2;2;15,11523;100
92;3;15;15,11523;100
92;3;15;15,44873;100
92;2;2;15,44873;100
92;2;2;15,44873;100
92;3;15;15,44873;100
92;2;2;15,44873;100
92;3;15;15,44873;100
92;2;2;15,44873;100
92;2;2;15,44873;100
92;3;15;15,44873;100
92;2;2;15,78223;100
92;2;2;15,78223;100
92;3;15;15,78223;100
92;2;2;15,78223;100
92;2;2;15,78223;100
92;2;2;15,78223;100
92;2;2;15,78223;100
92;3;15;15,78223;100
92;2;2;15,78223;100
92;3;15;15,78223;100
92;3;15;16,11572;100
92;2;2;16,11572;100
92;3;15;16,11572;100
92;2;2;16,11572;100
92;2;2;16,11572;100
92;2;2;16,44922;100
92;2;2;16,44922;100
92;2;2;16,44922;100
92;3;15;16,44922;100
92;3;15;16,44922;100
92;3;15;16,44922;100
92;2;2;16,44922;100
92;3;15;16,78271;100
92;2;2;16,78271;100
92;3;15;16,78271;100
92;2;2;16,78271;100
92;2;2;16,78271;100
92;2;2;16,78271;100
92;2;2;16,78271;100
92;2;2;16,78271;100
92;2;2;17,11621;100
92;2;2;17,11621;100
92;2;2;17,11621;100
92;2;2;17,11621;100
92;3;15;17,11621;100
92;2;2;17,11621;100
92;2;2;17,11621;100
92;2;2;17,11621;100
92;2;2;17,11621;100
92;2;2;17,44971;100
92;3;15;17,44971;100
92;3;15;17,44971;100
92;3;15;17,44971;100
92;2;2;17,44971;100
92;3;15;17,44971;100
92;3;15;17,44971;100
92;3;15;17,44971;100
92;3;15;17,44971;100
92;2;2;17,7832;100
92;3;15;17,7832;100
92;2;2;17,7832;100
92;2;2;17,7832;100
92;2;2;17,7832;100
92;3;15;17,7832;100
92;3;15;17,7832;100
92;2;2;17,7832;100
92;3;15;17,7832;100
92;3;15;17,7832;100
92;2;2;17,7832;100
92;3;15;17,7832;100
92;2;2;18,1167;100
92;3;15;18,1167;100
92;3;15;18,1167;100
92;2;2;18,1167;100
92;2;2;18,1167;100
92;2;2;18,1167;100
92;3;15;18,1167;100
92;2;2;18,1167;100
92;2;2;18,1167;100
92;3;15;18,1167;100
92;2;2;18,4502;100
92;2;2;18,4502;100
92;2;2;18,4502;100
92;2;2;18,4502;100
92;2;2;18,4502;100
92;2;2;18,4502;100
92;3;15;18,4502;100
92;2;2;18,78369;100
92;2;2;18,78369;100
92;2;2;18,78369;100
92;2;2;18,78369;100
92;2;2;18,78369;100
92;2;2;18,78369;100
92;3;15;18,78369;100
92;3;15;18,78369;100
92;2;2;18,78369;100
92;3;15;19,11719;100
92;3;15;19,11719;100
92;3;15;19,11719;100
92;2;2;19,11719;100
92;3;15;19,11719;100
92;2;2;19,11719;100
92;2;2;19,11719;100
92;2;2;19,45068;100
92;2;2;19,45068;100
92;3;15;19,45068;100
92;2;2;19,45068;100
92;2;2;19,45068;100
92;3;15;19,78418;100
92;2;2;19,78418;100
92;2;2;19,78418;100
92;2;2;19,78418;100
92;2;2;19,78418;100
92;3;15;19,78418;100
92;2;2;19,78418;100
92;3;15;20,11768;100
92;2;2;20,11768;100
92;2;2;20,11768;100
92;2;2;20,11768;100
92;2;2;20,11768;100
92;3;15;20,11768;100
92;2;2;20,11768;100
92;3;15;20,11768;100
92;3;15;20,45117;100
92;2;2;20,45117;100
92;3;15;20,45117;100
92;2;2;20,45117;100
92;2;2;20,45117;100
92;3;15;20,45117;100
92;3;15;20,45117;100
92;2;2;20,45117;100
92;2;2;20,45117;100
92;3;15;20,45117;100
92;3;15;20,78467;100
92;2;2;20,78467;100
92;3;15;20,78467;100
92;2;2;20,78467;100
92;2;2;20,78467;100
92;2;2;20,78467;100
92;2;2;20,78467;100
92;2;2;21,11816;100
92;3;15;21,11816;100
92;2;2;21,11816;100
92;3;15;21,11816;100
92;3;15;21,45166;100
92;2;2;21,45166;100
92;2;2;21,45166;100
92;3;15;21,45166;100
92;2;2;21,45166;100
92;2;2;21,45166;100
92;3;15;21,78516;100
92;2;2;21,78516;100
92;2;2;21,78516;100
92;2;2;21,78516;100
92;2;2;21,78516;100
92;3;15;21,78516;100
92;2;2;22,11865;100
92;2;2;22,11865;100
92;3;15;22,11865;100
92;2;2;22,11865;100
92;3;15;22,11865;100
92;2;2;22,45215;100
92;2;2;22,45215;100
92;3;15;22,45215;100
92;3;15;22,45215;100
92;2;2;22,45215;100
92;2;2;22,45215;100
92;2;2;22,45215;100
92;2;2;22,78564;100
92;2;2;22,78564;100
92;2;2;22,78564;100
92;2;2;22,78564;100
92;2;2;22,78564;100
92;2;2;22,78564;100
92;2;2;22,78564;100
92;3;15;22,78564;100
92;2;2;23,11914;100
92;3;15;23,11914;85
92;2;2;23,11914;85
92;3;15;23,11914;70
92;2;2;23,11914;70
92;3;15;23,11914;55
92;2;2;23,11914;55
92;2;2;23,11914;55
92;2;2;23,45264;55
92;2;2;23,45264;55
92;3;15;23,45264;55
92;3;15;23,45264;55
92;2;2;23,45264;55
92;2;2;23,45264;55
92;3;15;23,45264;55
92;3;15;23,78613;55
92;3;15;23,78613;55
92;3;15;23,78613;55
92;2;2;23,78613;55
92;2;2;23,78613;55
92;2;2;23,78613;55
92;3;15;23,78613;55
92;2;2;23,78613;55
92;2;2;23,78613;55
92;3;15;24,11963;55
92;2;2;24,11963;55
92;2;2;24,11963;55
92;2;2;24,11963;55
92;2;2;24,11963;55
92;2;2;24,45313;55
92;3;15;24,45313;55
92;2;2;24,45313;55
92;2;2;24,45313;55
92;2;2;24,78662;55
92;2;2;24,78662;55
92;3;15;24,78662;40
92;2;2;24,78662;40
92;2;2;24,78662;40
92;2;2;24,78662;40
92;2;2;24,78662;40
92;2;2;24,78662;40
92;2;2;25,12012;40
84;3;15;25,12012;25
60;2;2;25,12012;23
52;2;2;25,12012;21
44;2;2;25,12012;19
36;2;2;25,12012;17
28;3;15;25,12012;2
-4;3;15;25,12012;-13
Player