92;2;2;8,09375;100
92;2;2;8,09375;100
92;2;2;8,09375;100
92;3;15;8,09375;100
92;2;2;8,427246;100
92;2;2;8,427246;100
92;3;15;8,427246;100
92;2;2;8,427246;100
92;3;15;8,427246;100
92;2;2;8,427246;100
92;2;2;8,427246;100
92;2;2;8,427246;100
92;2;2;8,427246;100
92;3;15;8,760742;100
92;2;2;8,760742;100
92;2;2;8,760742;100
92;3;15;8,760742;100
92;2;2;8,760742;100
92;2;2;8,760742;100
92;2;2;8,760742;100
92;2;2;8,760742;100
92;2;2;8,760742;100
92;3;15;8,760742;100
92;2;2;9,094238;100
92;2;2;9,094238;100
92;3;15;9,094238;100
92;2;2;9,094238;100
92;3;15;9,094238;100
92;2;2;9,094238;100
92;2;2;9,094238;100
92;2;2;9,094238;100
92;2;2;9,094238;100
92;2;2;9,094238;100
92;2;2;9,094238;100
92;2;2;9,094238;100
92;2;2;9,094238;100
92;2;2;9,094238;100
92;3;15;9,094238;100
92;2;2;9,427734;100
92;2;2;9,427734;100
92;2;2;9,427734;100
92;2;2;9,427734;100
92;2;2;9,427734;100
92;2;2;9,427734;100
92;2;2;9,427734;100
92;3;15;9,427734;100
92;2;2;9,76123;100
92;2;2;9,76123;100
92;3;15;9,76123;100
92;3;15;9,76123;100
92;3;15;9,76123;100
92;3;15;9,76123;100
92;2;2;9,76123;100
92;3;15;9,76123;100
92;2;2;9,76123;100
92;3;15;9,76123;100
92;2;2;9,76123;100
92;2;2;10,09473;100
92;3;15;10,09473;100
92;3;15;10,09473;100
92;2;2;10,09473;100
92;3;15;10,09473;100
92;3;15;10,42822;100
92;2;2;10,42822;100
92;2;2;10,42822;100
92;2;2;10,42822;100
92;2;2;10,42822;100
92;3;15;10,42822;100
92;2;2;10,42822;100
92;2;2;10,42822;100
92;3;15;10,42822;100
92;3;15;10,42822;100
92;3;15;10,42822;100
92;3;15;10,76172;100
92;3;15;10,76172;100
92;3;15;10,76172;100
92;2;2;10,76172;100
92;3;15;10,76172;100
92;3;15;10,76172;100
92;3;15;10,76172;100
92;2;2;10,76172;100
92;2;2;10,76172;100
92;2;2;10,76172;100
92;3;15;10,76172;100
92;3;15;11,09521;100
92;2;2;11,09521;100
92;2;2;11,09521;100
92;3;15;11,09521;100
92;3;15;11,09521;100
92;2;2;11,42871;100
92;2;2;11,42871;100
92;2;2;11,42871;100
92;3;15;11,42871;100
92;2;2;11,42871;100
92;2;2;11,42871;100
92;3;15;11,42871;100
92;3;15;11,42871;100
92;2;2;11,42871;100
92;2;2;11,42871;100
92;2;2;11,42871;100
92;2;2;11,42871;100
92;2;2;11,76221;100
92;2;2;11,76221;100
92;2;2;11,76221;100
92;3;15;11,76221;100
92;2;2;11,76221;100
92;3;15;11,76221;100
92;3;15;11,76221;100
92;3;15;11,76221;100
92;2;2;11,76221;100
92;2;2;11,76221;100
92;2;2;11,76221;100
92;2;2;11,76221;100
92;3;15;12,0957;100
92;2;2;12,0957;100
92;2;2;12,0957;100
92;2;2;12,0957;100
92;3;15;12,0957;100
92;2;2;12,0957;100
92;3;15;12,0957;100
92;3;15;12,4292;100
92;3;15;12,4292;100
92;2;2;12,4292;100
92;2;2;12,4292;100
92;3;15;12,4292;100
92;2;2;12,4292;100
92;3;15;12,4292;100
92;3;15;12,4292;100
92;2;2;12,4292;100
92;2;2;12,7627;100
92;2;2;12,7627;100
92;2;2;12,7627;100
92;2;2;12,7627;100
92;2;2;12,7627;100
92;3;15;12,7627;100
92;3;15;12,7627;100
92;2;2;12,7627;100
92;2;2;13,09619;100
92;2;2;13,09619;100
92;2;2;13,09619;100
92;3;15;13,09619;100
92;3;15;13,09619;100
92;2;2;13,09619;100
92;3;15;13,09619;100
92;3;15;13,09619;100
92;3;15;13,42969;100
92;2;2;13,42969;100
92;2;2;13,42969;100
92;2;2;13,42969;100
92;3;15;13,42969;100
92;2;2;13,42969;100
92;3;15;13,42969;100
92;3;15;13,76318;100
92;3;15;13,76318;100
92;3;15;13,76318;100
92;3;15;13,76318;100
92;2;2;13,76318;100
92;3;15;13,76318;100
92;3;15;13,76318;100
92;3;15;14,09668;100
92;2;2;14,09668;100
92;3;15;14,09668;100
92;2;2;14,09668;100
92;2;2;14,09668;100
92;3;15;14,09668;100
92;3;15;14,09668;100
92;2;2;14,09668;100
92;2;2;14,43018;100
92;2;2;14,43018;100
92;3;15;14,43018;100
92;2;2;14,43018;100
92;3;15;14,43018;100
92;2;2;14,43018;100
92;3;15;14,43018;100
92;2;2;14,43018;100
92;2;2;14,76367;100
92;3;15;14,76367;100
92;2;2;14,76367;100
92;3;15;14,76367;100
92;3;15;14,76367;100
92;3;15;14,76367;100
92;3;15;14,76367;100
92;3;15;14,76367;100
92;2;2;14,76367;100
92;2;2;15,09717;100
92;2;2;15,09717;100
92;2;2;15,09717;100
92;2;2;15,09717;100
92;2;2;15,09717;100
92;2;2;15,09717;100
92;2;2;15,09717;100
92;3;15;15,43066;100
92;3;15;15,43066;100
92;3;15;15,43066;100
92;2;2;15,43066;100
92;2;2;15,43066;100
92;2;2;15,43066;100
92;2;2;15,76416;100
92;3;15;15,76416;100
92;2;2;15,76416;100
92;2;2;15,76416;100
92;3;15;15,76416;100
92;3;15;15,76416;100
92;3;15;15,76416;100
92;3;15;15,76416;100
92;3;15;15,76416;100
92;2;2;15,76416;100
92;2;2;15,76416;100
92;3;15;15,76416;100
92;2;2;16,09766;100
92;3;15;16,09766;100
92;2;2;16,09766;100
92;2;2;16,09766;100
92;3;15;16,09766;100
92;3;15;16,09766;100
92;2;2;16,09766;100
92;3;15;16,09766;100
92;2;2;16,43115;100
92;3;15;16,43115;100
92;3;15;16,43115;100
92;2;2;16,43115;100
92;2;2;16,43115;100
92;3;15;16,43115;100
92;2;2;16,43115;100
92;3;15;16,43115;100
92;2;2;16,43115;100
92;3;15;16,43115;100
92;3;15;16,76465;100
92;3;15;16,76465;100
92;3;15;16,76465;100
92;3;15;16,76465;100
92;2;2;16,76465;100
92;3;15;16,76465;100
92;3;15;16,76465;100
92;3;15;16,76465;100
92;2;2;16,76465;100
92;3;15;16,76465;100
92;2;2;16,76465;100
92;3;15;16,76465;100
92;2;2;17,09814;100
92;3;15;17,09814;100
92;2;2;17,09814;100
92;2;2;17,09814;100
92;3;15;17,09814;100
92;2;2;17,09814;100
92;3;15;17,09814;100
92;2;2;17,09814;100
92;2;2;17,09814;100
92;3;15;17,09814;100
92;2;2;17,09814;100
92;2;2;17,43164;100
92;2;2;17,43164;100
92;3;15;17,43164;100
92;3;15;17,43164;100
92;3;15;17,43164;100
92;3;15;17,43164;100
92;2;2;17,43164;100
92;2;2;17,43164;100
92;2;2;17,43164;100
92;3;15;17,43164;100
92;2;2;17,43164;100
92;3;15;17,43164;100
92;3;15;17,43164;100
92;2;2;17,76514;100
92;2;2;17,76514;100
92;3;15;17,76514;100
92;3;15;17,76514;100
92;2;2;17,76514;100
92;3;15;17,76514;100
92;3;15;18,09863;100
92;3;15;18,09863;100
92;2;2;18,09863;100
92;2;2;18,09863;100
92;2;2;18,09863;100
92;3;15;18,09863;100
92;3;15;18,09863;100
92;2;2;18,09863;100
92;2;2;18,09863;100
92;2;2;18,43213;100
92;3;15;18,43213;100
92;2;2;18,43213;100
92;3;15;18,43213;100
92;2;2;18,43213;100
92;3;15;18,43213;100
92;3;15;18,43213;100
92;2;2;18,43213;100
92;3;15;18,76563;100
92;3;15;18,76563;100
92;2;2;18,76563;100
92;2;2;18,76563;100
92;3;15;18,76563;100
92;3;15;18,76563;100
92;3;15;18,76563;100
92;2;2;18,76563;100
92;2;2;18,76563;100
92;2;2;18,76563;100
92;2;2;19,09912;100
92;2;2;19,09912;100
92;2;2;19,09912;100
92;2;2;19,09912;100
92;3;15;19,09912;100
92;3;15;19,09912;100
92;2;2;19,09912;100
92;2;2;19,43262;100
92;2;2;19,43262;100
92;3;15;19,43262;100
92;2;2;19,43262;100
92;2;2;19,43262;100
92;2;2;19,43262;100
92;2;2;19,43262;100
92;2;2;19,43262;100
92;3;15;19,43262;100
92;3;15;19,43262;100
92;2;2;19,43262;100
92;2;2;19,76611;100
92;2;2;19,76611;100
92;3;15;19,76611;100
92;2;2;19,76611;100
92;3;15;19,76611;100
92;2;2;19,76611;100
92;2;2;19,76611;100
92;2;2;19,76611;100
92;2;2;19,76611;100
92;3;15;20,09961;100
92;2;2;20,09961;100
92;2;2;20,09961;100
92;2;2;20,09961;100
92;2;2;20,09961;100
92;2;2;20,09961;100
92;3;15;20,09961;100
92;2;2;20,09961;100
92;2;2;20,09961;100
92;3;15;20,09961;100
92;2;2;20,43311;100
92;3;15;20,43311;100
92;3;15;20,43311;100
92;2;2;20,43311;100
92;3;15;20,43311;100
92;3;15;20,43311;100
92;2;2;20,43311;100
92;3;15;20,43311;100
92;3;15;20,43311;100
92;3;15;20,43311;100
92;3;15;20,7666;100
92;2;2;20,7666;100
92;2;2;20,7666;100
92;3;15;20,7666;100
92;2;2;20,7666;100
92;3;15;20,7666;100
92;2;2;20,7666;100
92;2;2;20,7666;100
92;2;2;20,7666;100
92;2;2;20,7666;100
92;2;2;20,7666;100
92;3;15;21,1001;100
92;2;2;21,1001;100
92;2;2;21,1001;100
92;2;2;21,1001;100
92;2;2;21,1001;100
92;2;2;21,1001;100
92;2;2;21,1001;100
92;3;15;21,1001;100
92;3;15;21,1001;100
92;3;15;21,1001;100
92;2;2;21,43359;100
92;3;15;21,43359;100
92;2;2;21,43359;100
92;2;2;21,43359;100
92;2;2;21,43359;100
92;3;15;21,43359;100
92;3;15;21,43359;100
92;2;2;21,43359;100
92;3;15;21,43359;100
92;3;15;21,43359;100
92;2;2;21,43359;100
92;2;2;21,76709;100
92;2;2;21,76709;100
92;2;2;21,76709;100
92;2;2;21,76709;100
92;2;2;21,76709;100
92;3;15;21,76709;100
92;3;15;21,76709;100
92;3;15;21,76709;100
92;2;2;21,76709;100
92;2;2;21,76709;100
92;2;2;21,76709;100
92;2;2;21,76709;100
92;2;2;22,10059;100
92;2;2;22,10059;100
92;3;15;22,10059;100
92;3;15;22,10059;100
92;3;15;22,10059;100
92;2;2;22,10059;100
92;2;2;22,43408;100
92;2;2;22,43408;100
92;2;2;22,43408;100
92;2;2;22,43408;100
92;2;2;22,43408;100
92;2;2;22,43408;100
92;2;2;22,43408;100
92;2;2;22,43408;100
92;3;15;22,43408;100
92;2;2;22,76758;100
92;3;15;22,76758;100
92;2;2;22,76758;100
92;2;2;22,76758;100
92;2;2;22,76758;100
92;3;15;22,76758;100
92;2;2;22,76758;100
92;3;15;22,76758;100
92;2;2;23,10107;100
92;3;15;23,10107;100
92;3;15;23,10107;100
92;3;15;23,10107;100
92;2;2;23,43457;100
92;2;2;23,43457;100
92;2;2;23,43457;100
92;2;2;23,43457;100
92;3;15;23,43457;100
92;2;2;23,43457;100
92;3;15;23,43457;100
92;2;2;23,43457;100
92;2;2;23,43457;100
92;2;2;23,76807;100
92;2;2;23,76807;100
92;2;2;23,76807;100
92;2;2;23,76807;100
92;2;2;23,76807;100
92;2;2;23,76807;100
92;2;2;23,76807;100
92;2;2;23,76807;100
92;2;2;23,76807;100
92;3;15;23,76807;100
92;3;15;23,76807;100
92;2;2;24,10156;100
92;2;2;24,10156;100
92;2;2;24,10156;100
92;2;2;24,10156;100
92;2;2;24,43506;100
92;2;2;24,43506;100
92;2;2;24,43506;100
92;2;2;24,43506;100
92;3;15;24,43506;100
92;3;15;24,43506;100
92;2;2;24,43506;100
92;3;15;24,43506;100
92;2;2;24,43506;100
92;2;2;24,76855;100
92;2;2;24,76855;100
92;2;2;24,76855;100
92;2;2;24,76855;100
92;3;15;24,76855;100
92;3;15;24,76855;100
92;3;15;24,76855;100
92;3;15;24,76855;100
92;3;15;24,76855;100
92;2;2;25,10205;100
92;3;15;25,10205;100
92;2;2;25,10205;100
92;3;15;25,10205;100
92;2;2;25,10205;100
92;2;2;25,10205;100
92;3;15;25,10205;100
92;2;2;25,10205;100
92;2;2;25,43555;100
92;3;15;25,43555;100
92;2;2;25,43555;100
92;3;15;25,43555;100
92;2;2;25,43555;100
92;3;15;25,43555;100
92;2;2;25,43555;100
92;2;2;25,43555;100
92;2;2;25,43555;100
92;3;15;25,43555;100
92;2;2;25,43555;100
92;3;15;25,43555;100
92;3;15;25,43555;100
92;2;2;25,76904;100
92;3;15;25,76904;100
92;3;15;25,76904;100
92;2;2;25,76904;100
92;2;2;25,76904;100
92;3;15;26,10254;100
92;3;15;26,10254;100
92;3;15;26,10254;100
92;2;2;26,10254;100
92;2;2;26,10254;100
92;2;2;26,10254;100
92;3;15;26,10254;100
92;2;2;26,10254;100
92;3;15;26,43604;100
92;3;15;26,43604;100
92;3;15;26,43604;100
92;2;2;26,43604;100
92;3;15;26,43604;100
92;3;15;26,43604;100
92;2;2;26,43604;100
92;2;2;26,43604;100
92;3;15;26,43604;100
92;2;2;26,43604;100
92;2;2;26,76953;100
92;2;2;26,76953;100
92;2;2;26,76953;100
92;3;15;26,76953;100
92;3;15;26,76953;100
92;2;2;26,76953;100
92;3;15;26,76953;100
92;2;2;26,76953;100
92;3;15;26,76953;100
92;2;2;26,76953;100
92;3;15;26,76953;100
92;2;2;27,10303;100
92;3;15;27,10303;100
92;3;15;27,10303;100
92;2;2;27,10303;100
92;3;15;27,10303;100
92;2;2;27,10303;100
92;3;15;27,10303;100
92;2;2;27,10303;100
92;2;2;27,10303;100
92;2;2;27,43652;100
92;3;15;27,43652;100
92;2;2;27,43652;100
92;2;2;27,43652;100
92;2;2;27,43652;100
92;2;2;27,43652;100
92;3;15;27,43652;100
92;2;2;27,43652;100
92;2;2;27,43652;100
92;3;15;27,43652;100
92;2;2;27,43652;100
92;3;15;27,77002;100
92;3;15;27,77002;100
92;2;2;27,77002;100
92;2;2;27,77002;100
92;2;2;27,77002;100
92;2;2;27,77002;100
92;2;2;27,77002;100
92;3;15;27,77002;100
92;2;2;27,77002;100
92;2;2;27,77002;100
92;2;2;28,10352;100
92;2;2;28,10352;100
92;3;15;28,10352;100
92;2;2;28,10352;100
92;2;2;28,10352;100
92;3;15;28,10352;100
92;2;2;28,10352;100
92;2;2;28,43701;100
92;2;2;28,43701;100
92;3;15;28,43701;100
92;2;2;28,43701;100
92;2;2;28,43701;100
92;2;2;28,43701;100
92;2;2;28,43701;100
92;3;15;28,43701;100
92;2;2;28,43701;100
92;3;15;28,43701;100
92;2;2;28,77051;100
92;3;15;28,77051;100
92;2;2;28,77051;100
92;2;2;28,77051;100
92;2;2;28,77051;100
92;3;15;29,104;100
92;3;15;29,104;100
92;3;15;29,104;100
92;3;15;29,104;100
92;3;15;29,104;100
92;3;15;29,104;100
92;3;15;29,104;100
92;2;2;29,104;100
92;2;2;29,4375;100
92;2;2;29,4375;100
92;2;2;29,4375;100
92;2;2;29,4375;100
92;3;15;29,4375;100
92;2;2;29,4375;100
92;3;15;29,4375;100
92;2;2;29,4375;100
92;2;2;29,4375;100
92;3;15;29,4375;100
92;2;2;29,4375;100
92;3;15;29,4375;100
92;2;2;29,771;100
92;3;15;29,771;100
92;2;2;29,771;100
92;2;2;29,771;100
92;3;15;29,771;100
92;3;15;29,771;100
92;3;15;29,771;100
92;3;15;29,771;100
92;3;15;29,771;100
92;2;2;29,771;100
92;3;15;29,771;100
92;3;15;29,771;100
92;3;15;29,771;100
92;2;2;30,10449;100
92;2;2;30,10449;100
92;2;2;30,10449;100
92;2;2;30,10449;100
92;3;15;30,10449;100
92;2;2;30,10449;100
92;2;2;30,10449;100
92;3;15;30,10449;100
92;2;2;30,10449;100
92;2;2;30,10449;100
92;3;15;30,10449;100
92;3;15;30,43799;100
92;2;2;30,43799;100
92;2;2;30,43799;100
92;2;2;30,43799;100
92;2;2;30,43799;100
92;2;2;30,43799;100
92;2;2;30,43799;100
92;3;15;30,43799;100
92;3;15;30,43799;100
92;2;2;30,43799;100
92;2;2;30,43799;100
92;2;2;30,77148;100
92;2;2;30,77148;100
92;3;15;30,77148;100
92;3;15;30,77148;100
92;2;2;30,77148;100
92;3;15;30,77148;100
92;2;2;30,77148;100
92;3;15;31,10498;100
92;2;2;31,10498;100
92;2;2;31,10498;100
92;2;2;31,10498;100
92;3;15;31,10498;100
92;2;2;31,10498;100
92;3;15;31,10498;100
92;3;15;31,10498;100
92;2;2;31,10498;100
92;2;2;31,43848;100
92;2;2;31,43848;100
92;3;15;31,43848;100
92;2;2;31,43848;100
92;3;15;31,43848;100
92;2;2;31,43848;100
92;2;2;31,43848;100
92;2;2;31,77197;100
92;3;15;31,77197;100
92;2;2;31,77197;100
92;2;2;31,77197;100
92;2;2;31,77197;100
92;2;2;31,77197;100
92;2;2;31,77197;100
92;2;2;31,77197;100
92;2;2;32,10547;100
92;2;2;32,10547;100
92;3;15;32,10547;100
92;2;2;32,10547;100
92;2;2;32,10547;100
92;3;15;32,10547;100
92;2;2;32,10547;100
92;3;15;32,43896;100
92;2;2;32,43896;100
92;2;2;32,43896;100
92;2;2;32,43896;100
92;2;2;32,43896;100
92;3;15;32,43896;100
92;2;2;32,43896;100
92;3;15;32,43896;100
92;2;2;32,43896;100
92;3;15;32,43896;100
92;2;2;32,77246;100
92;3;15;32,77246;100
92;3;15;32,77246;100
92;2;2;32,77246;100
92;3;15;32,77246;100
92;2;2;32,77246;100
92;2;2;32,77246;100
92;2;2;32,77246;100
92;3;15;33,10596;100
92;2;2;33,10596;100
92;2;2;33,10596;100
92;2;2;33,10596;100
92;2;2;33,10596;100
92;2;2;33,10596;100
92;3;15;33,10596;100
92;3;15;33,10596;100
92;2;2;33,43945;100
92;2;2;33,43945;100
92;2;2;33,43945;100
92;2;2;33,43945;100
92;2;2;33,43945;100
92;2;2;33,77295;100
92;3;15;33,77295;100
92;2;2;33,77295;100
92;2;2;33,77295;100
92;2;2;33,77295;100
92;3;15;33,77295;100
92;2;2;34,10645;100
92;2;2;34,10645;100
92;3;15;34,10645;100
92;3;15;34,10645;100
92;3;15;34,10645;100
92;3;15;34,10645;100
92;2;2;34,10645;100
92;2;2;34,10645;100
92;2;2;34,43994;100
92;3;15;34,43994;100
92;2;2;34,43994;100
92;2;2;34,43994;100
92;2;2;34,43994;100
92;3;15;34,43994;100
92;2;2;34,43994;100
92;3;15;34,43994;100
92;2;2;34,43994;100
92;3;15;34,43994;100
92;2;2;34,43994;100
92;2;2;34,77344;100
92;2;2;34,77344;100
92;2;2;34,77344;100
92;2;2;34,77344;100
92;2;2;34,77344;100
92;3;15;34,77344;100
92;3;15;34,77344;100
92;2;2;34,77344;100
92;2;2;34,77344;100
92;2;2;34,77344;100
92;2;2;34,77344;100
92;3;15;34,77344;100
92;3;15;35,10693;100
92;2;2;35,10693;100
92;2;2;35,10693;100
92;2;2;35,10693;100
92;2;2;35,10693;100
92;3;15;35,10693;100
92;3;15;35,10693;100
92;2;2;35,10693;100
92;2;2;35,10693;100
92;3;15;35,10693;100
92;2;2;35,10693;100
92;3;15;35,44043;100
92;2;2;35,44043;100
92;2;2;35,44043;100
92;2;2;35,44043;100
92;2;2;35,44043;100
92;2;2;35,44043;100
92;3;15;35,44043;100
92;2;2;35,77393;100
92;3;15;35,77393;100
92;3;15;35,77393;100
92;2;2;35,77393;100
92;2;2;35,77393;100
92;2;2;35,77393;100
92;2;2;35,77393;100
92;3;15;35,77393;100
92;2;2;35,77393;100
92;2;2;35,77393;100
92;3;15;35,77393;100
92;3;15;36,10742;100
92;2;2;36,10742;100
92;3;15;36,10742;100
92;2;2;36,10742;100
92;2;2;36,10742;100
92;2;2;36,44092;100
92;2;2;36,44092;100
92;2;2;36,44092;100
92;2;2;36,44092;100
92;2;2;36,44092;100
92;3;15;36,44092;100
92;2;2;36,44092;100
92;2;2;36,44092;100
92;2;2;36,77441;100
92;2;2;36,77441;100
92;2;2;36,77441;100
92;2;2;36,77441;100
92;3;15;36,77441;100
92;2;2;36,77441;100
92;2;2;36,77441;100
92;2;2;37,10791;100
92;3;15;37,10791;85
92;2;2;37,10791;85
92;2;2;37,10791;85
92;3;15;37,10791;70
92;2;2;37,10791;70
92;2;2;37,10791;70
92;2;2;37,44141;70
84;2;2;37,44141;68
52;3;15;37,44141;53
36;2;2;37,44141;51
28;2;2;37,44141;49
20;3;15;37,44141;34
Boss