100;3;15;28,06299;100
100;2;2;28,39648;100
100;2;2;28,39648;100
100;2;2;28,39648;100
100;2;2;28,39648;100
100;2;2;28,39648;100
100;2;2;28,39648;100
100;3;15;28,39648;100
100;2;2;28,39648;100
100;3;15;28,39648;100
100;2;2;28,39648;100
100;2;2;28,39648;100
100;2;2;28,72998;100
100;2;2;28,72998;100
100;2;2;28,72998;100
100;3;15;28,72998;100
100;2;2;28,72998;100
100;2;2;28,72998;100
100;2;2;28,72998;100
100;2;2;28,72998;100
100;2;2;28,72998;100
100;3;15;28,72998;100
100;2;2;29,06348;100
100;2;2;29,06348;100
100;2;2;29,06348;100
100;2;2;29,06348;100
100;2;2;29,06348;100
100;3;15;29,06348;100
100;2;2;29,06348;100
100;3;15;29,06348;100
100;2;2;29,06348;100
100;2;2;29,06348;100
100;3;15;29,39697;100
100;3;15;29,39697;100
100;2;2;29,39697;100
100;2;2;29,39697;100
100;3;15;29,39697;100
100;3;15;29,39697;100
100;2;2;29,39697;100
100;2;2;29,39697;100
100;2;2;29,39697;100
100;2;2;29,73047;100
100;2;2;29,73047;100
100;2;2;29,73047;100
100;2;2;29,73047;100
100;3;15;29,73047;100
100;3;15;29,73047;100
100;2;2;29,73047;100
100;2;2;29,73047;100
100;3;15;29,73047;100
100;2;2;29,73047;100
100;2;2;29,73047;100
100;2;2;29,73047;100
100;3;15;29,73047;100
100;2;2;29,73047;100
100;2;2;30,06396;100
100;3;15;30,06396;100
100;2;2;30,06396;100
100;2;2;30,06396;100
100;3;15;30,06396;100
100;2;2;30,06396;100
100;2;2;30,06396;100
100;2;2;30,06396;100
100;3;15;30,06396;100
100;3;15;30,06396;100
100;2;2;30,06396;100
100;3;15;30,39746;100
100;3;15;30,39746;100
100;3;15;30,39746;100
100;2;2;30,39746;100
100;2;2;30,39746;100
100;3;15;30,39746;100
100;2;2;30,39746;100
100;3;15;30,39746;100
100;3;15;30,39746;100
100;3;15;30,39746;100
100;2;2;30,39746;100
100;3;15;30,73096;100
100;2;2;30,73096;100
100;2;2;30,73096;100
100;2;2;30,73096;100
100;2;2;30,73096;100
100;2;2;30,73096;100
100;2;2;30,73096;100
100;2;2;31,06445;100
100;2;2;31,06445;100
100;3;15;31,06445;100
100;3;15;31,06445;100
100;2;2;31,06445;100
100;3;15;31,06445;100
100;2;2;31,06445;100
100;3;15;31,06445;100
100;2;2;31,06445;100
100;2;2;31,06445;100
100;2;2;31,06445;100
100;2;2;31,39795;100
100;3;15;31,39795;100
100;2;2;31,39795;100
100;2;2;31,39795;100
100;2;2;31,39795;100
100;2;2;31,39795;100
100;3;15;31,39795;100
100;3;15;31,73145;100
100;3;15;31,73145;100
100;2;2;31,73145;100
100;2;2;31,73145;100
100;2;2;31,73145;100
100;2;2;31,73145;100
100;2;2;31,73145;100
100;3;15;31,73145;100
100;2;2;31,73145;100
100;3;15;31,73145;100
100;3;15;31,73145;100
100;2;2;32,06494;100
100;2;2;32,06494;100
100;3;15;32,06494;100
100;2;2;32,39844;100
100;3;15;32,39844;100
100;3;15;32,39844;100
100;2;2;32,39844;100
100;3;15;32,39844;100
100;2;2;32,39844;100
100;2;2;32,39844;100
100;2;2;32,39844;100
100;2;2;32,73193;100
100;2;2;32,73193;100
100;2;2;32,73193;100
100;2;2;32,73193;100
100;2;2;32,73193;100
100;3;15;33,06543;100
100;2;2;33,06543;100
100;2;2;33,06543;100
100;2;2;33,06543;100
100;2;2;33,06543;100
100;3;15;33,06543;100
100;2;2;33,06543;100
100;2;2;33,06543;100
100;2;2;33,06543;100
100;3;15;33,06543;100
100;3;15;33,06543;100
100;3;15;33,06543;100
100;2;2;33,06543;100
100;3;15;33,06543;100
100;2;2;33,06543;100
100;2;2;33,39893;100
100;2;2;33,39893;100
100;2;2;33,39893;100
100;2;2;33,39893;100
100;2;2;33,39893;100
100;2;2;33,39893;100
100;2;2;33,39893;100
100;2;2;33,39893;100
100;2;2;33,73242;100
100;2;2;33,73242;100
100;2;2;33,73242;100
100;2;2;33,73242;100
100;2;2;33,73242;100
100;3;15;33,73242;100
100;2;2;33,73242;100
100;2;2;33,73242;100
100;2;2;33,73242;100
100;2;2;34,06592;100
100;2;2;34,06592;100
100;3;15;34,06592;100
100;2;2;34,06592;100
100;2;2;34,06592;100
100;2;2;34,06592;100
100;2;2;34,06592;100
100;3;15;34,06592;100
100;2;2;34,39941;100
100;2;2;34,39941;100
100;2;2;34,39941;100
100;2;2;34,39941;100
100;3;15;34,39941;100
100;3;15;34,39941;100
100;2;2;34,73291;100
100;2;2;34,73291;100
100;2;2;34,73291;100
100;2;2;34,73291;100
100;2;2;34,73291;100
100;2;2;34,73291;100
100;2;2;34,73291;100
100;2;2;34,73291;100
100;3;15;34,73291;100
100;3;15;35,06641;100
100;2;2;35,06641;100
100;2;2;35,06641;100
100;2;2;35,06641;100
100;2;2;35,06641;100
100;2;2;35,06641;100
100;2;2;35,06641;100
100;2;2;35,3999;100
100;2;2;35,3999;100
100;3;15;35,3999;100
100;3;15;35,3999;100
100;2;2;35,3999;100
100;2;2;35,3999;100
100;2;2;35,3999;100
100;3;15;35,3999;100
100;2;2;35,3999;100
100;2;2;35,3999;100
100;3;15;35,3999;100
100;2;2;35,7334;100
100;3;15;35,7334;100
100;2;2;35,7334;100
100;2;2;35,7334;100
100;2;2;35,7334;100
100;2;2;35,7334;100
100;2;2;35,7334;100
100;3;15;35,7334;100
100;3;15;35,7334;100
100;2;2;35,7334;100
100;2;2;35,7334;100
100;2;2;36,06689;100
100;2;2;36,06689;100
100;3;15;36,06689;100
100;2;2;36,06689;100
100;2;2;36,06689;100
100;3;15;36,40039;100
100;2;2;36,40039;100
100;2;2;36,40039;100
100;2;2;36,40039;100
100;3;15;36,40039;100
100;2;2;36,40039;100
100;2;2;36,40039;100
100;2;2;36,40039;100
100;2;2;36,73389;100
100;3;15;36,73389;100
100;2;2;36,73389;100
100;2;2;36,73389;100
100;3;15;37,06738;100
100;2;2;37,06738;100
100;2;2;37,06738;100
100;2;2;37,06738;100
100;2;2;37,06738;100
100;3;15;37,06738;100
100;2;2;37,06738;100
100;2;2;37,06738;100
100;2;2;37,06738;100
100;2;2;37,40088;100
100;2;2;37,40088;100
100;2;2;37,40088;100
100;2;2;37,40088;100
100;2;2;37,40088;100
100;3;15;37,73438;100
100;2;2;37,73438;100
100;2;2;37,73438;100
100;3;15;37,73438;100
100;2;2;38,06787;100
100;3;15;38,06787;85
100;2;2;38,06787;85
100;3;15;38,06787;70
100;2;2;38,06787;70
100;2;2;38,06787;70
100;2;2;38,06787;70
100;2;2;38,06787;70
100;3;15;38,06787;55
100;2;2;38,06787;55
100;3;15;38,40137;40
92;2;2;38,40137;38
76;2;2;38,40137;36
60;2;2;38,40137;34
52;3;15;38,40137;19
36;2;2;38,40137;17
20;3;15;38,40137;2
12;2;2;38,40137;0
Player