92;2;2;2,629395;100
92;2;2;2,629395;100
92;2;2;2,629395;100
92;3;15;2,629395;100
92;3;15;2,629395;100
92;2;2;2,962891;100
92;2;2;2,962891;100
92;3;15;2,962891;100
92;2;2;2,962891;100
92;2;2;2,962891;100
92;2;2;2,962891;100
92;3;15;3,296387;100
92;2;2;3,296387;100
92;2;2;3,296387;100
92;2;2;3,296387;100
92;3;15;3,296387;100
92;2;2;3,296387;100
92;2;2;3,296387;100
92;2;2;3,296387;100
92;2;2;3,296387;100
92;3;15;3,296387;100
92;2;2;3,629883;100
92;2;2;3,629883;100
92;3;15;3,629883;100
92;2;2;3,629883;100
92;2;2;3,629883;100
92;3;15;3,629883;100
92;2;2;3,629883;100
92;2;2;3,629883;100
92;2;2;3,963379;100
92;2;2;3,963379;100
92;2;2;3,963379;100
92;3;15;3,963379;100
92;2;2;3,963379;100
92;2;2;3,963379;100
92;3;15;3,963379;100
92;2;2;3,963379;100
92;3;15;3,963379;100
92;2;2;4,296875;100
92;2;2;4,296875;100
92;2;2;4,296875;100
92;2;2;4,296875;100
92;3;15;4,296875;100
92;3;15;4,296875;100
92;2;2;4,296875;100
92;2;2;4,630371;100
92;2;2;4,630371;100
92;2;2;4,630371;100
92;2;2;4,630371;100
92;3;15;4,630371;100
92;3;15;4,630371;100
92;3;15;4,630371;100
92;3;15;4,963867;100
92;3;15;4,963867;100
92;3;15;4,963867;100
92;3;15;4,963867;100
92;2;2;4,963867;100
92;2;2;4,963867;100
92;3;15;4,963867;100
92;2;2;4,963867;100
92;2;2;5,297363;100
92;3;15;5,297363;100
92;2;2;5,297363;100
92;3;15;5,297363;100
92;3;15;5,297363;100
92;3;15;5,297363;100
92;2;2;5,297363;100
92;3;15;5,297363;100
92;3;15;5,297363;100
92;3;15;5,297363;100
92;2;2;5,630859;100
92;2;2;5,630859;100
92;2;2;5,630859;100
92;2;2;5,630859;100
92;2;2;5,630859;100
92;2;2;5,630859;100
92;2;2;5,630859;100
92;2;2;5,630859;100
92;2;2;5,964355;100
92;2;2;5,964355;100
92;2;2;5,964355;100
92;2;2;5,964355;100
92;3;15;5,964355;100
92;2;2;5,964355;100
92;2;2;5,964355;100
92;2;2;5,964355;100
92;2;2;5,964355;100
92;2;2;5,964355;100
92;3;15;6,297852;100
92;2;2;6,297852;100
92;2;2;6,297852;100
92;2;2;6,297852;100
92;3;15;6,631348;100
92;2;2;6,631348;100
92;2;2;6,631348;100
92;2;2;6,631348;100
92;2;2;6,631348;100
92;2;2;6,631348;100
92;3;15;6,631348;100
92;3;15;6,964844;100
92;2;2;6,964844;100
92;2;2;6,964844;100
92;2;2;6,964844;100
92;2;2;6,964844;100
92;2;2;6,964844;100
92;2;2;6,964844;100
92;3;15;6,964844;100
92;3;15;7,29834;100
92;2;2;7,29834;100
92;2;2;7,29834;100
92;2;2;7,29834;100
92;3;15;7,29834;100
92;2;2;7,29834;100
92;3;15;7,29834;100
92;2;2;7,631836;100
92;2;2;7,631836;100
92;3;15;7,631836;100
92;2;2;7,631836;100
92;2;2;7,631836;100
92;2;2;7,631836;100
92;3;15;7,631836;100
92;3;15;7,631836;100
92;3;15;7,631836;100
92;3;15;7,965332;100
92;3;15;7,965332;100
92;2;2;7,965332;100
92;2;2;7,965332;100
92;3;15;7,965332;100
92;3;15;7,965332;100
92;3;15;8,298828;100
92;3;15;8,298828;100
92;2;2;8,298828;100
92;2;2;8,298828;100
92;2;2;8,298828;100
92;2;2;8,298828;100
92;3;15;8,632324;100
92;2;2;8,632324;100
92;3;15;8,632324;100
92;3;15;8,632324;100
92;2;2;8,632324;100
92;3;15;8,96582;100
92;2;2;8,96582;100
92;3;15;8,96582;100
92;2;2;8,96582;100
92;2;2;8,96582;100
92;3;15;8,96582;100
92;2;2;8,96582;100
92;2;2;8,96582;100
92;3;15;9,299316;100
92;3;15;9,299316;100
92;2;2;9,299316;100
92;2;2;9,299316;100
92;2;2;9,299316;100
92;2;2;9,299316;100
92;3;15;9,299316;100
92;2;2;9,299316;100
92;2;2;9,632813;100
92;2;2;9,632813;100
92;3;15;9,632813;100
92;3;15;9,632813;100
92;3;15;9,632813;100
92;3;15;9,632813;100
92;2;2;9,966309;100
92;3;15;9,966309;100
92;3;15;9,966309;100
92;3;15;9,966309;100
92;2;2;9,966309;100
92;2;2;9,966309;100
92;3;15;9,966309;100
92;3;15;9,966309;100
92;2;2;9,966309;100
92;2;2;9,966309;100
92;3;15;9,966309;100
92;2;2;10,2998;100
92;2;2;10,2998;100
92;3;15;10,2998;100
92;3;15;10,2998;100
92;2;2;10,2998;100
92;2;2;10,2998;100
92;2;2;10,2998;100
92;2;2;10,6333;100
92;3;15;10,6333;100
92;2;2;10,6333;100
92;2;2;10,6333;100
92;2;2;10,6333;100
92;2;2;10,6333;100
92;3;15;10,6333;100
92;2;2;10,9668;100
92;2;2;10,9668;100
92;2;2;10,9668;100
92;2;2;10,9668;100
92;2;2;10,9668;100
92;2;2;10,9668;100
92;2;2;10,9668;100
92;2;2;11,30029;100
92;2;2;11,30029;100
92;3;15;11,30029;100
92;2;2;11,30029;100
92;3;15;11,30029;100
92;2;2;11,30029;100
92;2;2;11,63379;100
92;2;2;11,63379;100
92;3;15;11,63379;100
92;2;2;11,63379;100
92;2;2;11,63379;100
92;3;15;11,63379;100
92;2;2;11,63379;100
92;2;2;11,63379;100
92;2;2;11,96729;100
92;2;2;11,96729;100
92;3;15;11,96729;100
92;2;2;11,96729;100
92;3;15;11,96729;100
92;2;2;11,96729;100
92;3;15;11,96729;100
92;2;2;11,96729;100
92;2;2;11,96729;100
92;2;2;11,96729;100
92;2;2;12,30078;100
92;2;2;12,30078;100
92;3;15;12,30078;100
92;2;2;12,30078;100
92;3;15;12,30078;100
92;3;15;12,30078;100
92;3;15;12,63428;100
92;2;2;12,63428;100
92;2;2;12,63428;100
92;2;2;12,63428;100
92;2;2;12,63428;100
92;2;2;12,63428;100
92;2;2;12,63428;100
92;3;15;12,96777;100
92;3;15;12,96777;100
92;3;15;12,96777;100
92;2;2;12,96777;100
92;3;15;12,96777;100
92;2;2;12,96777;100
92;2;2;13,30127;100
92;2;2;13,30127;100
92;3;15;13,30127;100
92;2;2;13,30127;100
92;3;15;13,30127;100
92;2;2;13,30127;100
92;2;2;13,30127;100
92;3;15;13,30127;100
92;2;2;13,30127;100
92;2;2;13,63477;100
92;3;15;13,63477;100
92;3;15;13,63477;100
92;2;2;13,63477;100
92;3;15;13,96826;100
92;2;2;13,96826;100
92;3;15;13,96826;100
92;3;15;13,96826;100
92;2;2;13,96826;100
92;2;2;13,96826;100
92;3;15;13,96826;100
92;3;15;14,30176;100
92;3;15;14,30176;100
92;3;15;14,30176;100
92;3;15;14,30176;100
92;2;2;14,30176;100
92;3;15;14,30176;100
92;2;2;14,30176;100
92;2;2;14,30176;100
92;3;15;14,30176;100
92;3;15;14,30176;100
92;2;2;14,30176;100
92;2;2;14,30176;100
92;3;15;14,63525;100
92;3;15;14,63525;100
92;2;2;14,63525;100
92;3;15;14,63525;100
92;2;2;14,63525;100
92;2;2;14,63525;100
92;3;15;14,63525;100
92;3;15;14,63525;100
92;2;2;14,63525;100
92;2;2;14,63525;100
92;2;2;14,96875;100
92;2;2;14,96875;100
92;2;2;14,96875;100
92;3;15;14,96875;100
92;2;2;14,96875;100
92;2;2;14,96875;100
92;2;2;14,96875;100
92;3;15;15,30225;100
92;2;2;15,30225;100
92;2;2;15,30225;100
92;3;15;15,30225;100
92;3;15;15,30225;100
92;2;2;15,30225;100
92;2;2;15,63574;100
92;2;2;15,63574;100
92;2;2;15,63574;100
92;3;15;15,63574;100
92;3;15;15,63574;100
92;2;2;15,63574;100
92;3;15;15,63574;100
92;3;15;15,63574;100
92;3;15;15,63574;100
92;2;2;15,96924;100
92;2;2;15,96924;100
92;3;15;15,96924;100
92;2;2;15,96924;100
92;3;15;15,96924;100
92;2;2;15,96924;100
92;2;2;15,96924;100
92;2;2;15,96924;100
92;2;2;15,96924;100
92;2;2;15,96924;100
92;2;2;15,96924;100
92;3;15;16,30273;100
92;2;2;16,30273;100
92;2;2;16,30273;100
92;2;2;16,30273;100
92;2;2;16,30273;100
92;2;2;16,30273;100
92;2;2;16,30273;100
92;2;2;16,63623;100
92;3;15;16,63623;100
92;2;2;16,63623;100
92;2;2;16,63623;100
92;2;2;16,63623;100
92;3;15;16,63623;100
92;3;15;16,96973;100
92;2;2;16,96973;100
92;2;2;16,96973;100
92;2;2;16,96973;100
92;2;2;16,96973;100
92;3;15;16,96973;100
92;3;15;16,96973;100
92;2;2;16,96973;100
92;3;15;16,96973;100
92;3;15;16,96973;100
92;2;2;16,96973;100
92;3;15;16,96973;100
92;2;2;17,30322;100
92;2;2;17,30322;100
92;2;2;17,30322;100
92;3;15;17,30322;100
92;2;2;17,30322;100
92;3;15;17,30322;100
92;2;2;17,30322;100
92;3;15;17,30322;100
92;3;15;17,30322;100
92;3;15;17,30322;100
92;2;2;17,63672;100
92;2;2;17,63672;100
92;2;2;17,63672;100
92;2;2;17,63672;100
92;3;15;17,63672;100
92;2;2;17,63672;100
92;3;15;17,63672;100
92;3;15;17,97021;100
92;3;15;17,97021;100
92;2;2;17,97021;100
92;2;2;17,97021;100
92;2;2;17,97021;100
92;2;2;17,97021;100
92;2;2;18,30371;100
92;2;2;18,30371;100
92;2;2;18,30371;100
92;3;15;18,30371;100
92;3;15;18,63721;100
92;2;2;18,63721;100
92;2;2;18,63721;100
92;2;2;18,63721;100
92;2;2;18,63721;100
92;2;2;18,63721;100
92;2;2;18,63721;100
92;2;2;18,63721;100
92;2;2;18,63721;100
92;3;15;18,63721;100
92;2;2;18,63721;100
92;3;15;18,9707;100
92;2;2;18,9707;100
92;2;2;18,9707;100
92;2;2;18,9707;100
92;3;15;18,9707;100
92;3;15;18,9707;100
92;2;2;18,9707;100
92;2;2;18,9707;100
92;3;15;18,9707;100
92;3;15;18,9707;100
92;2;2;19,3042;100
92;2;2;19,3042;100
92;2;2;19,3042;100
92;2;2;19,3042;100
92;2;2;19,3042;100
92;2;2;19,3042;100
92;3;15;19,3042;100
92;2;2;19,3042;100
92;3;15;19,6377;100
92;2;2;19,6377;100
92;2;2;19,6377;100
92;2;2;19,6377;100
92;2;2;19,6377;100
92;2;2;19,6377;100
92;2;2;19,6377;100
92;3;15;19,97119;85
92;2;2;19,97119;85
92;2;2;19,97119;85
92;3;15;19,97119;70
92;2;2;19,97119;70
92;2;2;19,97119;70
92;2;2;19,97119;70
92;2;2;19,97119;70
92;3;15;19,97119;55
92;2;2;19,97119;55
92;2;2;19,97119;55
92;3;15;20,30469;40
76;2;2;20,30469;38
60;3;15;20,30469;23
44;2;2;20,30469;21
36;2;2;20,30469;19
20;2;2;20,30469;17
12;2;2;20,30469;15
4;2;2;20,30469;13
Boss