100;3;15;50,79932;100
100;2;2;50,79932;100
100;3;15;50,79932;100
100;3;15;50,79932;100
100;2;2;51,13281;100
100;2;2;51,13281;100
100;2;2;51,13281;100
100;2;2;51,13281;100
100;2;2;51,13281;100
100;2;2;51,13281;100
100;2;2;51,13281;100
100;3;15;51,13281;100
100;2;2;51,46631;100
100;2;2;51,46631;100
100;2;2;51,46631;100
100;2;2;51,46631;100
100;2;2;51,46631;100
100;2;2;51,46631;100
100;3;15;51,46631;100
100;2;2;51,46631;100
100;3;15;51,46631;100
100;3;15;51,46631;100
100;3;15;51,46631;100
100;3;15;51,7998;100
100;3;15;51,7998;100
100;2;2;51,7998;100
100;2;2;51,7998;100
100;2;2;51,7998;100
100;3;15;51,7998;100
100;3;15;51,7998;100
100;3;15;51,7998;100
100;2;2;51,7998;100
100;3;15;51,7998;100
100;2;2;51,7998;100
100;2;2;52,1333;100
100;2;2;52,1333;100
100;2;2;52,1333;100
100;2;2;52,1333;100
100;2;2;52,1333;100
100;3;15;52,1333;100
100;2;2;52,4668;100
100;2;2;52,4668;100
100;2;2;52,4668;100
100;2;2;52,4668;100
100;3;15;52,4668;100
100;3;15;52,4668;100
100;2;2;52,4668;100
100;2;2;52,80029;100
100;3;15;52,80029;100
100;3;15;52,80029;100
100;2;2;52,80029;100
100;2;2;52,80029;100
100;2;2;52,80029;100
100;2;2;52,80029;100
100;2;2;52,80029;100
100;2;2;52,80029;100
100;2;2;52,80029;100
100;3;15;52,80029;100
100;3;15;52,80029;100
100;3;15;53,13379;100
100;3;15;53,13379;100
100;2;2;53,13379;100
100;2;2;53,13379;100
100;3;15;53,13379;100
100;3;15;53,13379;100
100;2;2;53,13379;100
100;3;15;53,13379;100
100;2;2;53,46729;100
100;2;2;53,46729;100
100;2;2;53,46729;100
100;3;15;53,46729;100
100;2;2;53,80078;100
100;2;2;53,80078;100
100;3;15;53,80078;100
100;3;15;53,80078;100
100;2;2;53,80078;100
100;3;15;53,80078;100
100;3;15;53,80078;100
100;2;2;53,80078;100
100;2;2;54,13428;100
100;2;2;54,13428;100
100;2;2;54,13428;100
100;2;2;54,13428;100
100;3;15;54,13428;100
100;2;2;54,13428;100
100;3;15;54,13428;100
100;2;2;54,13428;100
100;3;15;54,13428;100
100;2;2;54,13428;100
100;3;15;54,46777;100
100;2;2;54,46777;100
100;3;15;54,46777;100
100;2;2;54,46777;100
100;2;2;54,46777;100
100;3;15;54,46777;100
100;3;15;54,46777;100
100;2;2;54,46777;100
100;3;15;54,46777;100
100;2;2;54,46777;100
100;2;2;54,46777;100
100;2;2;54,80127;100
100;2;2;54,80127;100
100;3;15;54,80127;100
100;3;15;54,80127;100
100;2;2;54,80127;100
100;2;2;54,80127;100
100;3;15;54,80127;100
100;3;15;54,80127;100
100;3;15;54,80127;100
100;2;2;54,80127;100
100;2;2;55,13477;100
100;3;15;55,13477;100
100;2;2;55,13477;100
100;2;2;55,13477;100
100;2;2;55,13477;100
100;2;2;55,13477;100
100;2;2;55,13477;100
100;2;2;55,13477;100
100;2;2;55,13477;100
100;3;15;55,13477;100
100;3;15;55,46826;100
100;2;2;55,46826;100
100;3;15;55,46826;100
100;3;15;55,46826;100
100;3;15;55,80176;100
100;2;2;55,80176;100
100;3;15;55,80176;100
100;2;2;55,80176;100
100;3;15;55,80176;100
100;3;15;55,80176;100
100;2;2;55,80176;100
100;2;2;55,80176;100
100;2;2;55,80176;100
100;2;2;56,13525;100
100;2;2;56,13525;100
100;2;2;56,13525;100
100;2;2;56,13525;100
100;2;2;56,13525;100
100;2;2;56,13525;100
100;3;15;56,13525;100
100;2;2;56,13525;100
100;2;2;56,13525;100
100;3;15;56,13525;100
100;2;2;56,46875;100
100;2;2;56,46875;100
100;3;15;56,46875;100
100;3;15;56,46875;100
100;2;2;56,46875;100
100;2;2;56,46875;100
100;2;2;56,46875;100
100;2;2;56,80225;100
100;3;15;56,80225;100
100;3;15;56,80225;100
100;2;2;56,80225;100
100;3;15;56,80225;100
100;2;2;56,80225;100
100;2;2;56,80225;100
100;2;2;56,80225;100
100;2;2;56,80225;100
100;2;2;56,80225;100
100;3;15;56,80225;100
100;2;2;56,80225;100
100;2;2;57,13574;100
100;2;2;57,13574;100
100;2;2;57,13574;100
100;2;2;57,13574;100
100;3;15;57,13574;100
100;2;2;57,13574;100
100;3;15;57,13574;100
100;3;15;57,13574;100
100;2;2;57,13574;100
100;2;2;57,13574;100
100;3;15;57,46924;100
100;2;2;57,46924;100
100;2;2;57,46924;100
100;2;2;57,46924;100
100;3;15;57,46924;100
100;2;2;57,46924;100
100;3;15;57,80273;100
100;2;2;57,80273;100
100;3;15;57,80273;100
100;3;15;57,80273;100
100;2;2;57,80273;100
100;2;2;57,80273;100
100;2;2;57,80273;100
100;2;2;57,80273;100
100;3;15;57,80273;100
100;2;2;58,13623;100
100;2;2;58,13623;100
100;2;2;58,13623;100
100;3;15;58,13623;100
100;2;2;58,13623;100
100;2;2;58,13623;100
100;3;15;58,13623;100
100;2;2;58,13623;100
100;3;15;58,46973;100
100;2;2;58,46973;100
100;2;2;58,46973;100
100;2;2;58,46973;100
100;2;2;58,46973;100
100;3;15;58,46973;100
100;2;2;58,46973;100
100;2;2;58,46973;100
100;2;2;58,80322;100
100;2;2;58,80322;100
100;3;15;58,80322;100
100;2;2;58,80322;100
100;3;15;58,80322;100
100;2;2;58,80322;100
100;2;2;58,80322;100
100;3;15;58,80322;100
100;2;2;58,80322;100
100;2;2;58,80322;100
100;3;15;59,13672;100
100;2;2;59,13672;100
100;2;2;59,13672;100
100;2;2;59,13672;100
100;2;2;59,13672;100
100;3;15;59,13672;100
100;2;2;59,47021;100
100;2;2;59,47021;100
100;2;2;59,47021;100
100;2;2;59,47021;100
100;3;15;59,47021;100
100;3;15;59,47021;100
100;3;15;59,80371;100
100;2;2;59,80371;100
100;2;2;59,80371;100
100;2;2;59,80371;100
100;2;2;59,80371;100
100;3;15;59,80371;100
100;2;2;0,137207;100
100;2;2;0,137207;100
100;3;15;0,137207;100
100;2;2;0,137207;100
100;3;15;0,137207;100
100;2;2;0,137207;100
100;3;15;0,4707031;100
100;2;2;0,4707031;100
100;3;15;0,4707031;100
100;2;2;0,4707031;100
100;2;2;0,4707031;100
100;2;2;0,4707031;100
100;3;15;0,4707031;100
100;2;2;0,4707031;100
100;2;2;0,8041992;100
100;2;2;0,8041992;100
100;2;2;0,8041992;100
100;2;2;0,8041992;100
100;3;15;0,8041992;100
100;2;2;0,8041992;100
100;3;15;0,8041992;100
100;2;2;0,8041992;100
100;3;15;1,137695;100
100;2;2;1,137695;100
100;2;2;1,137695;100
100;3;15;1,137695;100
100;2;2;1,137695;100
100;2;2;1,137695;100
100;2;2;1,137695;100
100;2;2;1,137695;100
100;2;2;1,137695;100
100;2;2;1,471191;100
100;3;15;1,471191;100
100;3;15;1,471191;100
100;2;2;1,471191;100
100;2;2;1,471191;100
100;2;2;1,804688;100
100;2;2;1,804688;100
100;3;15;1,804688;100
100;3;15;1,804688;100
100;3;15;1,804688;100
100;2;2;1,804688;100
100;3;15;2,138184;100
100;3;15;2,138184;100
100;2;2;2,138184;100
100;2;2;2,138184;100
100;2;2;2,138184;100
100;3;15;2,138184;100
100;2;2;2,138184;100
100;3;15;2,138184;100
100;2;2;2,138184;100
100;3;15;2,47168;100
100;3;15;2,47168;100
100;2;2;2,47168;100
100;2;2;2,47168;100
100;2;2;2,47168;100
100;2;2;2,47168;100
100;2;2;2,47168;100
100;2;2;2,47168;100
100;3;15;2,47168;100
100;3;15;2,805176;100
100;3;15;2,805176;100
100;2;2;2,805176;100
100;3;15;2,805176;100
100;2;2;2,805176;100
100;3;15;2,805176;100
100;2;2;2,805176;100
100;2;2;2,805176;100
100;2;2;2,805176;100
100;3;15;2,805176;100
100;2;2;2,805176;100
100;2;2;2,805176;100
100;2;2;2,805176;100
100;2;2;3,138672;100
100;2;2;3,138672;100
100;2;2;3,138672;100
100;2;2;3,138672;100
100;2;2;3,138672;100
100;2;2;3,138672;100
100;2;2;3,472168;100
100;2;2;3,472168;100
100;3;15;3,472168;100
100;2;2;3,472168;100
100;3;15;3,472168;100
100;2;2;3,472168;100
100;2;2;3,472168;100
100;3;15;3,805664;100
100;2;2;3,805664;100
100;2;2;3,805664;100
100;2;2;3,805664;100
100;3;15;3,805664;100
100;3;15;4,13916;100
100;2;2;4,13916;100
100;2;2;4,13916;100
100;2;2;4,13916;100
100;2;2;4,13916;100
100;2;2;4,472656;100
100;2;2;4,472656;100
100;2;2;4,472656;100
100;2;2;4,472656;100
100;3;15;4,472656;100
100;2;2;4,472656;100
100;2;2;4,806152;100
100;3;15;4,806152;100
100;2;2;4,806152;100
100;3;15;4,806152;100
100;2;2;4,806152;100
100;2;2;4,806152;100
100;2;2;4,806152;100
100;2;2;4,806152;100
100;2;2;4,806152;100
100;3;15;5,139648;100
100;2;2;5,139648;100
100;3;15;5,139648;100
100;3;15;5,139648;100
100;3;15;5,139648;100
100;2;2;5,139648;100
100;2;2;5,139648;100
100;3;15;5,139648;100
100;3;15;5,473145;100
100;3;15;5,473145;100
100;2;2;5,473145;100
100;2;2;5,473145;100
100;3;15;5,473145;100
100;2;2;5,473145;100
100;2;2;5,473145;100
100;2;2;5,806641;100
100;2;2;5,806641;100
100;3;15;5,806641;100
100;2;2;5,806641;100
100;2;2;5,806641;100
100;3;15;5,806641;100
100;2;2;5,806641;100
100;2;2;6,140137;100
100;2;2;6,140137;100
100;2;2;6,140137;100
100;2;2;6,140137;100
100;2;2;6,140137;100
100;2;2;6,140137;100
100;2;2;6,140137;100
100;2;2;6,140137;100
100;3;15;6,140137;100
100;2;2;6,473633;100
100;2;2;6,473633;100
100;2;2;6,473633;100
100;3;15;6,473633;100
100;3;15;6,473633;100
100;3;15;6,473633;100
100;2;2;6,807129;100
100;3;15;6,807129;100
100;3;15;6,807129;100
100;2;2;6,807129;100
100;2;2;6,807129;100
100;2;2;6,807129;100
100;2;2;6,807129;100
100;3;15;6,807129;100
100;3;15;6,807129;100
100;3;15;6,807129;100
100;3;15;7,140625;100
100;3;15;7,140625;100
100;3;15;7,140625;100
100;2;2;7,140625;100
100;2;2;7,140625;100
100;2;2;7,140625;100
100;2;2;7,140625;100
100;2;2;7,474121;100
100;3;15;7,474121;100
100;3;15;7,474121;100
100;2;2;7,474121;100
100;2;2;7,474121;100
100;2;2;7,474121;100
100;3;15;7,474121;100
100;2;2;7,807617;100
100;2;2;7,807617;100
100;3;15;7,807617;100
100;3;15;7,807617;100
100;3;15;7,807617;100
100;2;2;7,807617;100
100;2;2;7,807617;100
100;2;2;7,807617;100
100;2;2;7,807617;100
100;3;15;7,807617;100
100;3;15;8,141113;100
100;2;2;8,141113;100
100;2;2;8,141113;100
100;2;2;8,141113;100
100;2;2;8,141113;100
100;2;2;8,141113;100
100;2;2;8,141113;100
100;3;15;8,141113;100
100;3;15;8,141113;100
100;3;15;8,474609;100
100;2;2;8,474609;100
100;2;2;8,474609;100
100;3;15;8,474609;100
100;2;2;8,474609;100
100;3;15;8,474609;100
100;2;2;8,474609;100
100;2;2;8,474609;100
100;2;2;8,474609;100
100;2;2;8,474609;100
100;2;2;8,474609;100
100;2;2;8,808105;100
100;2;2;8,808105;100
100;2;2;8,808105;100
100;2;2;8,808105;100
100;2;2;8,808105;100
100;2;2;8,808105;100
100;2;2;8,808105;100
100;2;2;8,808105;100
100;3;15;9,141602;100
100;2;2;9,141602;100
100;2;2;9,141602;100
100;2;2;9,141602;100
100;2;2;9,141602;100
100;2;2;9,141602;100
100;2;2;9,141602;100
100;2;2;9,141602;100
100;3;15;9,141602;100
100;2;2;9,141602;100
100;2;2;9,141602;100
100;2;2;9,475098;100
100;2;2;9,475098;100
100;2;2;9,475098;100
100;3;15;9,475098;100
100;2;2;9,475098;100
100;3;15;9,475098;100
100;2;2;9,475098;100
100;2;2;9,808594;100
100;2;2;9,808594;100
100;3;15;9,808594;100
100;3;15;9,808594;100
100;2;2;9,808594;100
100;3;15;9,808594;100
100;2;2;9,808594;100
100;3;15;9,808594;100
100;2;2;9,808594;100
100;2;2;9,808594;100
100;3;15;10,14209;100
100;2;2;10,14209;100
100;3;15;10,14209;100
100;2;2;10,14209;100
100;3;15;10,14209;100
100;2;2;10,14209;100
100;3;15;10,14209;100
100;2;2;10,14209;100
100;2;2;10,14209;100
100;2;2;10,47559;100
100;2;2;10,47559;100
100;2;2;10,47559;100
100;2;2;10,47559;100
100;3;15;10,47559;100
100;2;2;10,47559;100
100;2;2;10,47559;100
100;3;15;10,47559;100
100;2;2;10,47559;100
100;3;15;10,47559;100
100;2;2;10,47559;100
100;2;2;10,47559;100
100;2;2;10,80908;100
100;2;2;10,80908;100
100;2;2;10,80908;100
100;3;15;10,80908;100
100;3;15;10,80908;100
100;2;2;10,80908;100
100;2;2;10,80908;100
100;2;2;10,80908;100
100;2;2;10,80908;100
100;3;15;11,14258;100
100;2;2;11,14258;100
100;3;15;11,14258;100
100;2;2;11,14258;100
100;2;2;11,14258;100
100;2;2;11,14258;100
100;2;2;11,14258;100
100;2;2;11,14258;100
100;2;2;11,47607;100
100;2;2;11,47607;100
100;2;2;11,47607;100
100;3;15;11,47607;100
100;2;2;11,47607;100
100;3;15;11,47607;100
100;3;15;11,80957;100
100;3;15;11,80957;100
100;3;15;11,80957;100
100;2;2;11,80957;100
100;3;15;11,80957;100
100;3;15;11,80957;100
100;3;15;11,80957;100
100;3;15;11,80957;100
100;3;15;11,80957;100
100;3;15;11,80957;100
100;2;2;11,80957;100
100;3;15;11,80957;100
100;3;15;12,14307;100
100;3;15;12,14307;100
100;3;15;12,14307;100
100;2;2;12,14307;100
100;2;2;12,14307;100
100;2;2;12,14307;100
100;2;2;12,14307;100
100;2;2;12,14307;100
100;3;15;12,47656;100
100;3;15;12,47656;100
100;2;2;12,47656;100
100;3;15;12,47656;100
100;2;2;12,47656;100
100;2;2;12,47656;100
100;2;2;12,81006;100
100;2;2;12,81006;100
100;2;2;12,81006;100
100;2;2;12,81006;100
100;2;2;12,81006;100
100;2;2;12,81006;100
100;2;2;12,81006;100
100;2;2;12,81006;100
100;3;15;12,81006;100
100;2;2;13,14355;100
100;2;2;13,14355;100
100;3;15;13,14355;100
100;2;2;13,14355;100
100;2;2;13,14355;100
100;2;2;13,14355;100
100;3;15;13,14355;100
100;3;15;13,14355;100
100;3;15;13,47705;100
100;3;15;13,47705;100
100;3;15;13,47705;100
100;3;15;13,47705;100
100;2;2;13,47705;100
100;2;2;13,47705;100
100;2;2;13,81055;100
100;3;15;13,81055;100
100;3;15;13,81055;100
100;2;2;13,81055;100
100;3;15;13,81055;100
100;2;2;13,81055;100
100;2;2;13,81055;100
100;3;15;13,81055;100
100;2;2;13,81055;100
100;2;2;13,81055;100
100;3;15;14,14404;100
100;2;2;14,14404;100
100;2;2;14,14404;100
100;2;2;14,14404;100
100;2;2;14,14404;100
100;3;15;14,14404;100
100;2;2;14,14404;100
100;3;15;14,14404;100
100;2;2;14,47754;100
100;2;2;14,47754;100
100;2;2;14,47754;100
100;2;2;14,47754;100
100;3;15;14,47754;100
100;3;15;14,47754;100
100;3;15;14,47754;100
100;2;2;14,47754;100
100;2;2;14,47754;100
100;2;2;14,47754;100
100;2;2;14,81104;100
100;3;15;14,81104;100
100;2;2;14,81104;100
100;2;2;14,81104;100
100;3;15;14,81104;100
100;2;2;14,81104;100
100;3;15;14,81104;100
100;2;2;14,81104;100
100;3;15;14,81104;100
100;3;15;15,14453;100
100;3;15;15,14453;100
100;3;15;15,14453;100
100;3;15;15,14453;100
100;2;2;15,14453;100
100;2;2;15,14453;100
100;3;15;15,47803;100
100;3;15;15,47803;100
100;2;2;15,47803;100
100;3;15;15,47803;100
100;2;2;15,47803;100
100;3;15;15,47803;100
100;3;15;15,47803;100
100;2;2;15,81152;100
100;3;15;15,81152;100
100;2;2;15,81152;100
100;2;2;15,81152;100
100;2;2;16,14502;100
100;2;2;16,14502;100
100;2;2;16,14502;100
100;2;2;16,14502;100
100;2;2;16,14502;100
100;2;2;16,14502;100
100;3;15;16,14502;100
100;2;2;16,14502;100
100;2;2;16,14502;100
100;2;2;16,47852;100
100;2;2;16,47852;100
100;3;15;16,47852;100
100;2;2;16,47852;100
100;3;15;16,47852;100
100;2;2;16,47852;100
100;2;2;16,47852;100
100;2;2;16,81201;100
100;3;15;16,81201;100
100;2;2;16,81201;100
100;3;15;16,81201;100
100;2;2;16,81201;100
100;2;2;16,81201;100
100;2;2;16,81201;100
100;3;15;16,81201;100
100;2;2;16,81201;100
100;3;15;16,81201;100
100;2;2;16,81201;100
100;2;2;17,14551;100
100;2;2;17,14551;100
100;3;15;17,14551;100
100;2;2;17,14551;100
100;2;2;17,14551;100
100;2;2;17,14551;100
100;3;15;17,14551;100
100;3;15;17,14551;100
100;3;15;17,14551;100
100;3;15;17,14551;100
100;3;15;17,14551;100
100;2;2;17,14551;100
100;3;15;17,479;100
100;3;15;17,479;100
100;2;2;17,479;100
100;2;2;17,479;100
100;2;2;17,479;100
100;3;15;17,479;100
100;3;15;17,479;100
100;2;2;17,479;100
100;2;2;17,479;100
100;3;15;17,8125;100
100;3;15;17,8125;100
100;3;15;17,8125;100
100;2;2;17,8125;100
100;2;2;17,8125;100
100;2;2;17,8125;100
100;3;15;17,8125;100
100;3;15;18,146;100
100;2;2;18,146;100
100;2;2;18,146;100
100;2;2;18,146;100
100;3;15;18,47949;100
100;3;15;18,47949;100
100;2;2;18,47949;100
100;3;15;18,47949;100
100;3;15;18,47949;100
100;3;15;18,47949;100
100;2;2;18,47949;100
100;2;2;18,47949;100
100;3;15;18,81299;100
100;3;15;18,81299;100
100;3;15;18,81299;100
100;2;2;18,81299;100
100;3;15;18,81299;100
100;2;2;18,81299;100
100;3;15;18,81299;100
100;3;15;18,81299;100
100;3;15;18,81299;100
100;3;15;19,14648;100
100;3;15;19,14648;100
100;2;2;19,14648;100
100;3;15;19,14648;100
100;3;15;19,14648;100
100;2;2;19,14648;100
100;2;2;19,14648;100
100;3;15;19,14648;100
100;3;15;19,14648;100
100;3;15;19,14648;100
100;2;2;19,14648;100
100;2;2;19,14648;100
100;2;2;19,14648;100
100;3;15;19,47998;100
100;3;15;19,47998;100
100;2;2;19,47998;100
100;2;2;19,47998;100
100;3;15;19,47998;100
100;2;2;19,47998;100
100;2;2;19,47998;100
100;2;2;19,47998;100
100;2;2;19,47998;100
100;3;15;19,81348;100
100;2;2;19,81348;100
100;2;2;19,81348;100
100;3;15;19,81348;100
100;2;2;19,81348;100
100;2;2;19,81348;100
100;2;2;19,81348;100
100;3;15;19,81348;100
100;2;2;19,81348;100
100;3;15;19,81348;100
100;2;2;19,81348;100
100;2;2;19,81348;100
100;2;2;19,81348;100
100;2;2;20,14697;100
100;3;15;20,14697;100
100;3;15;20,14697;100
100;2;2;20,14697;100
100;2;2;20,14697;100
100;3;15;20,14697;100
100;2;2;20,14697;100
100;3;15;20,14697;100
100;2;2;20,14697;100
100;2;2;20,14697;100
100;3;15;20,48047;100
100;2;2;20,48047;100
100;3;15;20,48047;100
100;2;2;20,48047;100
100;3;15;20,48047;100
100;3;15;20,81396;100
100;2;2;20,81396;100
100;3;15;20,81396;100
100;2;2;20,81396;100
100;3;15;20,81396;100
100;3;15;20,81396;100
100;3;15;20,81396;100
100;2;2;20,81396;100
100;2;2;20,81396;100
100;3;15;20,81396;100
100;2;2;21,14746;100
100;2;2;21,14746;100
100;3;15;21,14746;100
100;2;2;21,14746;100
100;3;15;21,14746;100
100;2;2;21,14746;100
100;3;15;21,14746;100
100;2;2;21,14746;100
100;3;15;21,14746;100
100;2;2;21,48096;100
100;3;15;21,48096;100
100;2;2;21,48096;100
100;2;2;21,48096;100
100;2;2;21,48096;100
100;2;2;21,48096;100
100;3;15;21,48096;100
100;3;15;21,48096;100
100;3;15;21,81445;100
100;3;15;21,81445;100
100;2;2;21,81445;100
100;2;2;21,81445;100
100;2;2;21,81445;100
100;2;2;21,81445;100
100;2;2;21,81445;100
100;2;2;21,81445;100
100;2;2;21,81445;100
100;2;2;21,81445;100
100;3;15;21,81445;100
100;3;15;22,14795;100
100;2;2;22,14795;100
100;3;15;22,14795;100
100;2;2;22,14795;100
100;2;2;22,14795;100
100;3;15;22,14795;100
100;3;15;22,14795;100
100;3;15;22,14795;100
100;3;15;22,48145;100
100;2;2;22,48145;100
100;3;15;22,48145;100
100;2;2;22,48145;100
100;2;2;22,48145;100
100;3;15;22,48145;100
100;3;15;22,48145;100
100;2;2;22,48145;100
100;2;2;22,81494;100
100;2;2;22,81494;100
100;2;2;22,81494;100
100;2;2;22,81494;100
100;2;2;22,81494;100
100;2;2;22,81494;100
100;3;15;22,81494;100
100;3;15;22,81494;100
100;2;2;23,14844;100
100;2;2;23,14844;100
100;3;15;23,14844;100
100;3;15;23,14844;100
100;2;2;23,14844;100
100;2;2;23,14844;100
100;3;15;23,14844;100
100;2;2;23,14844;100
100;3;15;23,48193;100
100;2;2;23,48193;100
100;3;15;23,48193;100
100;3;15;23,48193;100
100;2;2;23,48193;100
100;3;15;23,48193;100
100;2;2;23,48193;100
100;2;2;23,81543;100
100;2;2;23,81543;100
100;2;2;23,81543;100
100;2;2;23,81543;100
100;3;15;23,81543;100
100;3;15;23,81543;100
100;3;15;23,81543;100
100;2;2;23,81543;100
100;2;2;23,81543;100
100;2;2;23,81543;100
100;3;15;23,81543;100
100;2;2;24,14893;100
100;2;2;24,14893;100
100;2;2;24,14893;100
100;2;2;24,14893;100
100;3;15;24,14893;100
100;3;15;24,14893;100
100;2;2;24,14893;100
100;3;15;24,14893;100
100;2;2;24,14893;100
100;2;2;24,14893;100
100;3;15;24,14893;100
100;2;2;24,14893;100
100;2;2;24,48242;100
100;3;15;24,48242;100
100;3;15;24,48242;100
100;2;2;24,48242;100
100;3;15;24,48242;100
100;2;2;24,48242;100
100;2;2;24,48242;100
100;2;2;24,48242;100
100;3;15;24,48242;100
100;2;2;24,48242;100
100;2;2;24,81592;100
100;2;2;24,81592;100
100;3;15;24,81592;100
100;3;15;24,81592;100
100;2;2;24,81592;100
100;3;15;24,81592;100
100;3;15;24,81592;100
100;3;15;24,81592;100
100;2;2;24,81592;100
100;2;2;24,81592;100
100;2;2;24,81592;100
100;2;2;24,81592;100
100;2;2;25,14941;100
100;2;2;25,14941;100
100;2;2;25,14941;100
100;3;15;25,14941;100
100;2;2;25,14941;100
100;2;2;25,14941;100
100;3;15;25,14941;100
100;2;2;25,14941;100
100;3;15;25,14941;100
100;2;2;25,14941;100
100;2;2;25,48291;100
100;2;2;25,48291;100
100;2;2;25,48291;100
100;2;2;25,48291;100
100;2;2;25,48291;100
100;2;2;25,48291;100
100;3;15;25,48291;100
100;2;2;25,48291;100
100;3;15;25,81641;100
100;3;15;25,81641;100
100;2;2;25,81641;100
100;3;15;25,81641;100
100;2;2;25,81641;100
100;2;2;25,81641;100
100;3;15;25,81641;100
100;2;2;25,81641;100
100;2;2;25,81641;100
100;3;15;25,81641;100
100;3;15;26,1499;100
100;2;2;26,1499;100
100;3;15;26,1499;100
100;3;15;26,1499;100
100;3;15;26,1499;100
100;2;2;26,1499;100
100;2;2;26,1499;100
100;2;2;26,1499;100
100;2;2;26,4834;100
100;2;2;26,4834;100
100;3;15;26,4834;100
100;2;2;26,4834;100
100;3;15;26,4834;100
100;2;2;26,4834;100
100;2;2;26,4834;100
100;2;2;26,4834;100
100;2;2;26,81689;100
100;3;15;26,81689;100
100;3;15;26,81689;100
100;2;2;26,81689;100
100;2;2;26,81689;100
100;2;2;26,81689;100
100;3;15;26,81689;100
100;2;2;26,81689;100
100;3;15;26,81689;100
100;2;2;27,15039;100
100;3;15;27,15039;100
100;2;2;27,15039;100
100;3;15;27,15039;100
100;2;2;27,15039;100
100;2;2;27,15039;100
100;3;15;27,15039;100
100;3;15;27,15039;100
100;2;2;27,15039;100
100;2;2;27,15039;100
100;2;2;27,48389;100
100;2;2;27,48389;100
100;2;2;27,48389;100
100;2;2;27,48389;100
100;3;15;27,48389;100
100;2;2;27,48389;100
100;3;15;27,48389;100
100;3;15;27,81738;100
100;2;2;27,81738;100
100;3;15;27,81738;100
100;2;2;27,81738;100
100;3;15;27,81738;100
100;3;15;27,81738;100
100;2;2;27,81738;100
100;2;2;28,15088;100
100;2;2;28,15088;100
100;2;2;28,15088;100
100;2;2;28,15088;100
100;2;2;28,48438;100
100;2;2;28,48438;100
100;3;15;28,48438;100
100;2;2;28,48438;100
100;2;2;28,48438;100
100;2;2;28,48438;100
100;2;2;28,48438;100
100;2;2;28,81787;100
100;3;15;28,81787;100
100;2;2;28,81787;100
100;2;2;28,81787;100
100;3;15;28,81787;100
100;3;15;28,81787;100
100;3;15;28,81787;100
100;2;2;29,15137;100
100;2;2;29,15137;100
100;3;15;29,15137;100
100;3;15;29,15137;100
100;2;2;29,15137;100
100;2;2;29,15137;100
100;2;2;29,15137;100
100;3;15;29,48486;100
100;3;15;29,48486;100
100;2;2;29,48486;100
100;3;15;29,48486;100
100;3;15;29,48486;100
100;3;15;29,48486;100
100;3;15;29,48486;100
100;2;2;29,48486;100
100;3;15;29,48486;100
100;2;2;29,48486;100
100;2;2;29,48486;100
100;2;2;29,81836;100
100;3;15;29,81836;100
100;2;2;29,81836;100
100;2;2;29,81836;100
100;2;2;29,81836;100
100;2;2;29,81836;100
100;2;2;30,15186;100
100;3;15;30,15186;100
100;2;2;30,15186;100
100;3;15;30,15186;100
100;2;2;30,15186;100
100;3;15;30,15186;100
100;2;2;30,15186;100
100;2;2;30,15186;100
100;2;2;30,48535;100
100;2;2;30,48535;100
100;2;2;30,48535;100
100;2;2;30,48535;100
100;2;2;30,48535;100
100;2;2;30,81885;100
100;2;2;30,81885;100
100;3;15;30,81885;100
100;2;2;30,81885;100
100;2;2;30,81885;100
100;2;2;31,15234;100
100;2;2;31,15234;100
100;3;15;31,15234;100
100;2;2;31,15234;100
100;2;2;31,15234;100
100;3;15;31,48584;100
100;3;15;31,48584;100
100;2;2;31,48584;100
100;3;15;31,48584;100
100;2;2;31,48584;100
100;2;2;31,48584;100
100;2;2;31,48584;100
100;2;2;31,81934;100
100;2;2;31,81934;100
100;2;2;31,81934;100
100;3;15;31,81934;100
100;2;2;31,81934;100
100;3;15;31,81934;100
100;3;15;31,81934;100
100;2;2;32,15283;100
100;3;15;32,15283;100
100;2;2;32,15283;100
100;2;2;32,15283;100
100;2;2;32,15283;100
100;2;2;32,15283;100
100;3;15;32,15283;100
100;3;15;32,15283;100
100;2;2;32,48633;100
100;3;15;32,48633;85
100;2;2;32,48633;85
100;2;2;32,48633;85
100;3;15;32,48633;70
100;2;2;32,48633;70
100;2;2;32,48633;70
100;2;2;32,48633;70
100;2;2;32,81982;70
100;2;2;32,81982;70
100;3;15;32,81982;55
100;2;2;32,81982;55
100;2;2;32,81982;55
100;2;2;32,81982;55
100;2;2;33,15332;53
92;2;2;33,15332;51
28;2;2;33,15332;49
20;3;15;33,15332;34
12;3;15;33,15332;19
-4;3;15;33,15332;4
Boss