100;3;15;33,01514;100
100;2;2;33,01514;100
100;2;2;33,01514;100
100;3;15;33,01514;100
100;3;15;33,01514;100
100;2;2;33,34851;100
100;2;2;33,34851;100
100;2;2;33,34851;100
100;2;2;33,34851;100
100;2;2;33,34851;100
100;3;15;33,34851;100
100;2;2;33,68188;100
100;2;2;33,68188;100
100;2;2;33,68188;100
100;2;2;33,68188;100
100;2;2;33,68188;100
100;3;15;33,68188;100
100;3;15;33,68188;100
100;3;15;33,68188;100
100;3;15;33,68188;100
100;3;15;34,01526;100
100;3;15;34,01526;100
100;3;15;34,01526;100
100;3;15;34,01526;100
100;2;2;34,01526;100
100;3;15;34,01526;100
100;3;15;34,01526;100
100;3;15;34,01526;100
100;3;15;34,34863;100
100;3;15;34,34863;100
100;3;15;34,34863;100
100;3;15;34,34863;100
100;2;2;34,34863;100
100;3;15;34,68201;100
100;3;15;34,68201;100
100;2;2;34,68201;100
100;2;2;34,68201;100
100;2;2;34,68201;100
100;2;2;34,68201;100
100;3;15;34,68201;100
100;3;15;34,68201;100
100;2;2;34,68201;100
100;2;2;35,01538;100
100;2;2;35,01538;100
100;3;15;35,01538;100
100;2;2;35,01538;100
100;2;2;35,01538;100
100;2;2;35,01538;100
100;3;15;35,01538;100
100;3;15;35,01538;100
100;2;2;35,01538;100
100;3;15;35,01538;100
100;3;15;35,01538;100
100;2;2;35,01538;100
100;3;15;35,01538;100
100;2;2;35,34875;100
100;3;15;35,34875;100
100;2;2;35,34875;100
100;3;15;35,34875;100
100;3;15;35,34875;100
100;2;2;35,34875;100
100;2;2;35,34875;100
100;2;2;35,34875;100
100;3;15;35,68213;100
100;2;2;35,68213;100
100;3;15;35,68213;100
100;3;15;35,68213;100
100;3;15;35,68213;100
100;3;15;35,68213;100
100;3;15;35,68213;100
100;3;15;35,68213;100
100;2;2;35,68213;100
100;3;15;36,0155;100
100;3;15;36,0155;100
100;2;2;36,0155;100
100;2;2;36,0155;100
100;2;2;36,0155;100
100;3;15;36,0155;100
100;3;15;36,0155;100
100;2;2;36,0155;100
100;3;15;36,0155;100
100;2;2;36,0155;100
100;2;2;36,0155;100
100;2;2;36,0155;100
100;2;2;36,0155;100
100;2;2;36,0155;100
100;2;2;36,34888;100
100;2;2;36,34888;100
100;2;2;36,34888;100
100;3;15;36,34888;100
100;2;2;36,34888;100
100;3;15;36,34888;100
100;2;2;36,34888;100
100;2;2;36,34888;100
100;3;15;36,68225;100
100;3;15;36,68225;100
100;2;2;36,68225;100
100;3;15;36,68225;100
100;3;15;36,68225;100
100;3;15;36,68225;100
100;2;2;36,68225;100
100;3;15;36,68225;100
100;2;2;37,01563;100
100;2;2;37,01563;100
100;3;15;37,01563;100
100;2;2;37,01563;100
100;3;15;37,01563;100
100;2;2;37,01563;100
100;2;2;37,01563;100
100;2;2;37,01563;100
100;2;2;37,01563;100
100;2;2;37,01563;100
100;3;15;37,349;100
100;3;15;37,349;100
100;2;2;37,349;100
100;2;2;37,349;100
100;2;2;37,349;100
100;3;15;37,349;100
100;3;15;37,349;100
100;2;2;37,349;100
100;2;2;37,349;100
100;3;15;37,349;100
100;3;15;37,349;100
100;2;2;37,68237;100
100;3;15;37,68237;100
100;2;2;37,68237;100
100;3;15;37,68237;100
100;3;15;37,68237;100
100;2;2;37,68237;100
100;3;15;37,68237;100
100;2;2;37,68237;100
100;2;2;38,01575;100
100;3;15;38,01575;100
100;3;15;38,01575;100
100;3;15;38,01575;100
100;3;15;38,01575;100
100;2;2;38,34912;100
100;2;2;38,34912;100
100;3;15;38,34912;100
100;3;15;38,34912;100
100;2;2;38,34912;100
100;2;2;38,34912;100
100;3;15;38,34912;100
100;3;15;38,34912;100
100;2;2;38,34912;100
100;3;15;38,34912;100
100;2;2;38,6825;100
100;2;2;38,6825;100
100;2;2;38,6825;100
100;3;15;38,6825;100
100;3;15;38,6825;100
100;2;2;38,6825;100
100;3;15;38,6825;100
100;3;15;38,6825;100
100;2;2;39,01587;100
100;2;2;39,01587;100
100;3;15;39,01587;100
100;2;2;39,01587;100
100;2;2;39,01587;100
100;2;2;39,01587;100
100;3;15;39,01587;100
100;2;2;39,01587;100
100;3;15;39,01587;100
100;2;2;39,34924;100
100;2;2;39,34924;100
100;2;2;39,34924;100
100;3;15;39,34924;100
100;2;2;39,34924;100
100;2;2;39,34924;100
100;3;15;39,34924;100
100;2;2;39,34924;100
100;3;15;39,34924;100
100;2;2;39,68262;100
100;3;15;39,68262;100
100;2;2;39,68262;100
100;3;15;39,68262;100
100;2;2;39,68262;100
100;3;15;39,68262;100
100;3;15;39,68262;100
100;3;15;40,01599;100
100;2;2;40,01599;100
100;2;2;40,01599;100
100;3;15;40,01599;100
100;2;2;40,01599;100
100;2;2;40,01599;100
100;3;15;40,01599;100
100;2;2;40,01599;100
100;2;2;40,01599;100
100;3;15;40,34937;100
100;2;2;40,34937;100
100;2;2;40,34937;100
100;3;15;40,34937;100
100;2;2;40,34937;100
100;2;2;40,34937;100
100;3;15;40,34937;100
100;3;15;40,34937;100
100;2;2;40,68274;100
100;3;15;40,68274;100
100;3;15;40,68274;100
100;3;15;40,68274;100
100;3;15;41,01611;100
100;3;15;41,01611;100
100;3;15;41,01611;100
100;2;2;41,01611;100
100;2;2;41,01611;100
100;2;2;41,34949;100
100;2;2;41,34949;100
100;2;2;41,34949;100
100;3;15;41,34949;100
100;3;15;41,34949;100
100;3;15;41,34949;100
100;2;2;41,34949;100
100;3;15;41,34949;100
100;2;2;41,34949;100
100;3;15;41,34949;100
100;2;2;41,68286;100
100;3;15;41,68286;100
100;3;15;41,68286;100
100;3;15;41,68286;100
100;2;2;41,68286;100
100;2;2;41,68286;100
100;2;2;42,01624;100
100;3;15;42,01624;100
100;3;15;42,01624;100
100;2;2;42,01624;100
100;3;15;42,01624;100
100;3;15;42,01624;100
100;2;2;42,01624;100
100;3;15;42,01624;100
100;2;2;42,34961;100
100;3;15;42,34961;100
100;2;2;42,34961;100
100;2;2;42,34961;100
100;2;2;42,34961;100
100;2;2;42,34961;100
100;3;15;42,34961;100
100;2;2;42,34961;100
100;2;2;42,68298;100
100;2;2;42,68298;100
100;3;15;42,68298;100
100;2;2;42,68298;100
100;2;2;42,68298;100
100;2;2;42,68298;100
100;3;15;42,68298;100
100;2;2;42,68298;100
100;2;2;42,68298;100
100;2;2;43,01636;100
100;2;2;43,01636;100
100;3;15;43,01636;100
100;2;2;43,01636;100
100;2;2;43,34973;100
100;2;2;43,34973;100
100;2;2;43,34973;100
100;2;2;43,34973;100
100;2;2;43,34973;100
100;3;15;43,34973;100
100;3;15;43,34973;100
100;3;15;43,34973;100
100;3;15;43,68311;100
100;2;2;43,68311;100
100;3;15;43,68311;100
100;2;2;43,68311;100
100;3;15;43,68311;100
100;2;2;43,68311;100
100;2;2;43,68311;100
100;2;2;43,68311;100
100;3;15;43,68311;100
100;3;15;44,01648;100
100;3;15;44,01648;100
100;3;15;44,01648;100
100;2;2;44,01648;100
100;3;15;44,01648;100
100;2;2;44,01648;100
100;2;2;44,01648;100
100;3;15;44,01648;100
100;2;2;44,01648;100
100;3;15;44,34985;100
100;2;2;44,34985;100
100;3;15;44,34985;100
100;2;2;44,34985;100
100;2;2;44,34985;100
100;2;2;44,34985;100
100;2;2;44,34985;100
100;3;15;44,34985;100
100;3;15;44,34985;100
100;2;2;44,68323;100
100;2;2;44,68323;100
100;2;2;44,68323;100
100;3;15;44,68323;100
100;2;2;44,68323;100
100;3;15;44,68323;100
100;2;2;44,68323;100
100;2;2;44,68323;100
100;3;15;44,68323;100
100;2;2;44,68323;100
100;2;2;45,0166;100
100;3;15;45,0166;100
100;2;2;45,0166;100
100;3;15;45,0166;100
100;2;2;45,0166;100
100;2;2;45,0166;100
100;2;2;45,0166;100
100;2;2;45,0166;100
100;2;2;45,0166;100
100;3;15;45,34998;100
100;3;15;45,34998;100
100;2;2;45,34998;100
100;2;2;45,34998;100
100;3;15;45,34998;100
100;3;15;45,34998;100
100;3;15;45,34998;100
100;3;15;45,34998;100
100;2;2;45,68335;100
100;3;15;45,68335;100
100;2;2;45,68335;100
100;2;2;45,68335;100
100;3;15;45,68335;100
100;3;15;45,68335;100
100;3;15;45,68335;100
100;2;2;45,68335;100
100;3;15;46,01672;100
100;3;15;46,01672;100
100;2;2;46,01672;100
100;2;2;46,01672;100
100;2;2;46,01672;100
100;2;2;46,01672;100
100;2;2;46,01672;100
100;2;2;46,01672;100
100;2;2;46,01672;100
100;2;2;46,01672;100
100;3;15;46,3501;100
100;2;2;46,3501;100
100;3;15;46,3501;100
100;3;15;46,3501;100
100;3;15;46,3501;100
100;3;15;46,3501;100
100;2;2;46,3501;100
100;2;2;46,68347;100
100;3;15;46,68347;100
100;2;2;46,68347;100
100;3;15;46,68347;100
100;2;2;46,68347;100
100;2;2;46,68347;100
100;2;2;46,68347;100
100;3;15;46,68347;100
100;2;2;46,68347;100
100;2;2;46,68347;100
100;3;15;47,01685;100
100;2;2;47,01685;100
100;2;2;47,01685;100
100;2;2;47,01685;100
100;2;2;47,01685;100
100;2;2;47,01685;100
100;2;2;47,01685;100
100;2;2;47,01685;100
100;2;2;47,35022;100
100;2;2;47,35022;100
100;2;2;47,35022;100
100;3;15;47,35022;100
100;2;2;47,35022;100
100;2;2;47,35022;100
100;3;15;47,35022;100
100;2;2;47,35022;100
100;2;2;47,35022;100
100;2;2;47,35022;100
100;3;15;47,35022;100
100;2;2;47,68359;100
100;3;15;47,68359;100
100;2;2;47,68359;100
100;3;15;47,68359;100
100;3;15;47,68359;100
100;2;2;47,68359;100
100;2;2;47,68359;100
100;2;2;48,01697;100
100;2;2;48,01697;100
100;3;15;48,01697;100
100;3;15;48,01697;100
100;2;2;48,01697;100
100;2;2;48,35034;100
100;2;2;48,35034;100
100;2;2;48,35034;100
100;2;2;48,35034;100
100;3;15;48,35034;100
100;2;2;48,35034;100
100;2;2;48,35034;100
100;2;2;48,35034;100
100;3;15;48,68372;100
100;2;2;48,68372;100
100;2;2;48,68372;100
100;3;15;48,68372;100
100;2;2;48,68372;100
100;3;15;48,68372;100
100;2;2;48,68372;100
100;3;15;48,68372;100
100;2;2;48,68372;100
100;3;15;48,68372;100
100;3;15;48,68372;100
100;3;15;48,68372;100
100;2;2;48,68372;100
100;2;2;49,01709;100
100;2;2;49,01709;100
100;3;15;49,01709;100
100;3;15;49,01709;100
100;3;15;49,01709;100
100;2;2;49,01709;100
100;3;15;49,35046;100
100;3;15;49,35046;100
100;3;15;49,35046;100
100;2;2;49,35046;100
100;2;2;49,35046;100
100;3;15;49,35046;100
100;2;2;49,68384;100
100;2;2;49,68384;100
100;3;15;49,68384;100
100;2;2;49,68384;100
100;3;15;49,68384;100
100;3;15;49,68384;100
100;2;2;49,68384;100
100;2;2;49,68384;100
100;3;15;49,68384;100
100;2;2;49,68384;100
100;2;2;50,01721;100
100;2;2;50,01721;100
100;2;2;50,01721;100
100;3;15;50,01721;100
100;2;2;50,01721;100
100;2;2;50,01721;100
100;3;15;50,01721;100
100;3;15;50,01721;100
100;2;2;50,01721;100
100;2;2;50,01721;100
100;2;2;50,01721;100
100;2;2;50,35059;100
100;2;2;50,35059;100
100;3;15;50,35059;100
100;3;15;50,35059;100
100;2;2;50,35059;100
100;3;15;50,35059;100
100;2;2;50,35059;100
100;2;2;50,35059;100
100;2;2;50,35059;100
100;2;2;50,68396;100
100;2;2;50,68396;100
100;2;2;50,68396;100
100;3;15;50,68396;100
100;3;15;50,68396;100
100;2;2;50,68396;100
100;2;2;50,68396;100
100;2;2;50,68396;100
100;3;15;51,01733;100
100;3;15;51,01733;100
100;2;2;51,01733;100
100;3;15;51,01733;100
100;2;2;51,01733;100
100;2;2;51,35071;100
100;3;15;51,35071;100
100;3;15;51,35071;100
100;3;15;51,35071;100
100;2;2;51,35071;100
100;2;2;51,35071;100
100;2;2;51,35071;100
100;3;15;51,68408;100
100;3;15;51,68408;100
100;2;2;51,68408;100
100;3;15;51,68408;100
100;2;2;51,68408;100
100;2;2;52,01746;100
100;2;2;52,01746;100
100;3;15;52,01746;100
100;3;15;52,01746;100
100;2;2;52,01746;100
100;3;15;52,01746;100
100;3;15;52,01746;100
100;2;2;52,35083;100
100;2;2;52,35083;100
100;2;2;52,35083;100
100;3;15;52,35083;100
100;3;15;52,35083;100
100;3;15;52,35083;100
100;2;2;52,35083;100
100;3;15;52,35083;100
100;2;2;52,35083;100
100;2;2;52,6842;100
100;3;15;52,6842;100
100;2;2;52,6842;100
100;2;2;52,6842;100
100;2;2;52,6842;100
100;3;15;52,6842;100
100;3;15;52,6842;100
100;3;15;52,6842;100
100;3;15;52,6842;100
100;3;15;52,6842;100
100;3;15;52,6842;100
100;2;2;52,6842;100
100;2;2;53,01758;100
100;3;15;53,01758;100
100;2;2;53,01758;100
100;2;2;53,01758;100
100;3;15;53,01758;100
100;3;15;53,01758;100
100;2;2;53,01758;100
100;2;2;53,01758;100
100;2;2;53,01758;100
100;3;15;53,01758;100
100;3;15;53,35095;100
100;2;2;53,35095;100
100;3;15;53,35095;100
100;2;2;53,35095;100
100;3;15;53,35095;100
100;2;2;53,35095;100
100;2;2;53,35095;100
100;2;2;53,35095;100
100;3;15;53,35095;100
100;2;2;53,35095;100
100;2;2;53,35095;100
100;3;15;53,68433;100
100;2;2;53,68433;100
100;2;2;53,68433;100
100;2;2;53,68433;100
100;2;2;53,68433;100
100;3;15;53,68433;100
100;2;2;53,68433;100
100;2;2;53,68433;100
100;3;15;54,0177;100
100;3;15;54,0177;100
100;2;2;54,0177;100
100;3;15;54,0177;100
100;3;15;54,0177;100
100;2;2;54,0177;100
100;2;2;54,0177;100
100;2;2;54,0177;100
100;3;15;54,0177;100
100;3;15;54,35107;100
100;3;15;54,35107;100
100;3;15;54,35107;100
100;3;15;54,35107;100
100;3;15;54,35107;100
100;3;15;54,35107;100
100;3;15;54,35107;100
100;2;2;54,35107;100
100;2;2;54,35107;100
100;2;2;54,35107;100
100;2;2;54,68445;100
100;2;2;54,68445;100
100;3;15;54,68445;100
100;2;2;54,68445;100
100;2;2;54,68445;100
100;2;2;54,68445;100
100;3;15;54,68445;100
100;2;2;54,68445;100
100;3;15;54,68445;100
100;2;2;55,01782;100
100;3;15;55,01782;100
100;2;2;55,01782;100
100;2;2;55,01782;100
100;3;15;55,01782;100
100;3;15;55,01782;100
100;3;15;55,01782;100
100;2;2;55,3512;100
100;2;2;55,3512;100
100;2;2;55,3512;100
100;3;15;55,3512;100
100;3;15;55,3512;100
100;2;2;55,68457;100
100;3;15;55,68457;100
100;3;15;55,68457;100
100;2;2;55,68457;100
100;3;15;55,68457;100
100;3;15;55,68457;100
100;2;2;55,68457;100
100;2;2;56,01794;100
100;3;15;56,01794;100
100;2;2;56,01794;100
100;2;2;56,01794;100
100;2;2;56,01794;100
100;2;2;56,01794;100
100;2;2;56,35132;100
100;2;2;56,35132;100
100;2;2;56,35132;100
100;2;2;56,35132;100
100;2;2;56,35132;100
100;2;2;56,35132;100
100;2;2;56,35132;100
100;2;2;56,35132;100
100;2;2;56,35132;100
100;3;15;56,35132;100
100;3;15;56,35132;100
100;2;2;56,35132;100
100;3;15;56,68469;100
100;3;15;56,68469;100
100;3;15;56,68469;100
100;3;15;56,68469;100
100;2;2;56,68469;100
100;2;2;56,68469;100
100;2;2;56,68469;100
100;2;2;56,68469;100
100;2;2;56,68469;100
100;3;15;57,01807;100
100;2;2;57,01807;100
100;3;15;57,01807;100
100;2;2;57,01807;100
100;3;15;57,01807;100
100;3;15;57,01807;100
100;3;15;57,01807;100
100;3;15;57,01807;100
100;3;15;57,35144;100
100;3;15;57,35144;100
100;2;2;57,35144;100
100;3;15;57,35144;100
100;3;15;57,35144;100
100;2;2;57,35144;100
100;2;2;57,35144;100
100;3;15;57,68481;100
100;2;2;57,68481;100
100;2;2;57,68481;100
100;2;2;57,68481;100
100;3;15;57,68481;100
100;2;2;57,68481;100
100;2;2;57,68481;100
100;3;15;58,01819;85
100;3;15;58,01819;70
100;3;15;58,01819;55
100;2;2;58,01819;55
100;3;15;58,01819;40
76;2;2;58,35156;38
68;2;2;58,35156;36
52;2;2;58,35156;34
44;2;2;58,35156;32
12;2;2;58,35156;30
4;3;15;58,35156;15
Boss