100;3;15;51,07422;100
100;2;2;51,07422;100
100;2;2;51,07422;100
100;2;2;51,07422;100
100;2;2;51,40771;100
100;3;15;51,40771;100
100;3;15;51,40771;100
100;2;2;51,40771;100
100;2;2;51,40771;100
100;2;2;51,40771;100
100;2;2;51,74121;100
100;3;15;51,74121;100
100;2;2;51,74121;100
100;2;2;51,74121;100
100;3;15;51,74121;100
100;3;15;51,74121;100
100;2;2;51,74121;100
100;3;15;51,74121;100
100;2;2;52,07471;100
100;2;2;52,07471;100
100;3;15;52,07471;100
100;2;2;52,07471;100
100;3;15;52,07471;100
100;2;2;52,07471;100
100;3;15;52,07471;100
100;2;2;52,07471;100
100;2;2;52,07471;100
100;3;15;52,07471;100
100;2;2;52,4082;100
100;2;2;52,4082;100
100;2;2;52,4082;100
100;2;2;52,4082;100
100;2;2;52,4082;100
100;2;2;52,4082;100
100;2;2;52,4082;100
100;2;2;52,4082;100
100;2;2;52,4082;100
100;2;2;52,4082;100
100;2;2;52,4082;100
100;2;2;52,7417;100
100;2;2;52,7417;100
100;3;15;52,7417;100
100;2;2;52,7417;100
100;3;15;52,7417;100
100;2;2;52,7417;100
100;2;2;52,7417;100
100;3;15;52,7417;100
100;2;2;52,7417;100
100;2;2;52,7417;100
100;2;2;52,7417;100
100;3;15;53,0752;100
100;3;15;53,0752;100
100;3;15;53,0752;100
100;3;15;53,0752;100
100;2;2;53,0752;100
100;2;2;53,0752;100
100;2;2;53,0752;100
100;2;2;53,0752;100
100;2;2;53,0752;100
100;2;2;53,0752;100
100;2;2;53,0752;100
100;2;2;53,40869;100
100;2;2;53,40869;100
100;3;15;53,40869;100
100;2;2;53,40869;100
100;3;15;53,40869;100
100;2;2;53,40869;100
100;2;2;53,40869;100
100;2;2;53,40869;100
100;2;2;53,40869;100
100;2;2;53,40869;100
100;2;2;53,74219;100
100;2;2;53,74219;100
100;2;2;53,74219;100
100;3;15;53,74219;100
100;2;2;53,74219;100
100;3;15;53,74219;100
100;2;2;53,74219;100
100;2;2;53,74219;100
100;2;2;53,74219;100
100;3;15;54,07568;100
100;2;2;54,07568;100
100;2;2;54,07568;100
100;2;2;54,07568;100
100;2;2;54,07568;100
100;2;2;54,07568;100
100;2;2;54,07568;100
100;2;2;54,07568;100
100;2;2;54,07568;100
100;2;2;54,07568;100
100;2;2;54,40918;100
100;3;15;54,40918;100
100;2;2;54,40918;100
100;3;15;54,40918;100
100;2;2;54,40918;100
100;2;2;54,40918;100
100;3;15;54,40918;100
100;3;15;54,40918;100
100;3;15;54,74268;100
100;2;2;54,74268;100
100;3;15;54,74268;100
100;3;15;54,74268;100
100;3;15;54,74268;100
100;3;15;54,74268;100
100;3;15;54,74268;100
100;3;15;54,74268;100
100;2;2;54,74268;100
100;2;2;55,07617;100
100;2;2;55,07617;100
100;2;2;55,07617;100
100;3;15;55,07617;100
100;2;2;55,07617;100
100;2;2;55,07617;100
100;2;2;55,07617;100
100;2;2;55,07617;100
100;2;2;55,07617;100
100;2;2;55,40967;100
100;2;2;55,40967;100
100;2;2;55,40967;100
100;3;15;55,40967;100
100;2;2;55,40967;100
100;3;15;55,74316;100
100;3;15;55,74316;100
100;2;2;55,74316;100
100;3;15;55,74316;100
100;3;15;56,07666;100
100;2;2;56,07666;100
100;2;2;56,07666;100
100;2;2;56,07666;100
100;2;2;56,07666;100
100;2;2;56,07666;100
100;2;2;56,07666;100
100;2;2;56,07666;100
100;2;2;56,07666;100
100;3;15;56,07666;100
100;2;2;56,07666;100
100;3;15;56,07666;100
100;2;2;56,41016;100
100;2;2;56,41016;100
100;3;15;56,41016;100
100;2;2;56,41016;100
100;2;2;56,41016;100
100;3;15;56,41016;100
100;2;2;56,41016;100
100;2;2;56,41016;100
100;3;15;56,41016;100
100;2;2;56,41016;100
100;2;2;56,74365;100
100;3;15;56,74365;100
100;3;15;56,74365;100
100;2;2;56,74365;100
100;2;2;56,74365;100
100;2;2;56,74365;100
100;2;2;56,74365;100
100;2;2;56,74365;100
100;2;2;56,74365;100
100;2;2;57,07715;100
100;2;2;57,07715;100
100;2;2;57,07715;100
100;3;15;57,07715;100
100;2;2;57,07715;100
100;3;15;57,07715;100
100;3;15;57,07715;100
100;3;15;57,41064;100
100;3;15;57,41064;100
100;2;2;57,41064;100
100;2;2;57,41064;100
100;3;15;57,41064;100
100;2;2;57,41064;100
100;2;2;57,41064;100
100;2;2;57,41064;100
100;3;15;57,41064;100
100;3;15;57,41064;100
100;2;2;57,74414;100
100;3;15;57,74414;100
100;2;2;57,74414;100
100;2;2;57,74414;100
100;3;15;57,74414;100
100;2;2;57,74414;100
100;3;15;57,74414;100
100;3;15;57,74414;100
100;2;2;57,74414;100
100;2;2;58,07764;100
100;3;15;58,07764;100
100;2;2;58,07764;100
100;3;15;58,07764;100
100;3;15;58,07764;100
100;3;15;58,07764;100
100;2;2;58,07764;100
100;2;2;58,07764;100
100;3;15;58,41113;100
100;2;2;58,41113;100
100;3;15;58,41113;100
100;2;2;58,41113;100
100;3;15;58,41113;100
100;2;2;58,41113;100
100;2;2;58,41113;100
100;3;15;58,41113;100
100;2;2;58,41113;100
100;2;2;58,74463;100
100;3;15;58,74463;100
100;3;15;58,74463;100
100;3;15;58,74463;100
100;2;2;58,74463;100
100;2;2;58,74463;100
100;2;2;58,74463;100
100;2;2;58,74463;100
100;2;2;58,74463;100
100;2;2;59,07813;100
100;2;2;59,07813;100
100;2;2;59,07813;100
100;2;2;59,07813;100
100;2;2;59,07813;100
100;2;2;59,07813;100
100;2;2;59,07813;100
100;2;2;59,07813;100
100;2;2;59,07813;100
100;3;15;59,41162;100
100;2;2;59,41162;100
100;3;15;59,41162;100
100;3;15;59,41162;100
100;2;2;59,41162;100
100;3;15;59,41162;100
100;2;2;59,41162;100
100;2;2;59,41162;100
100;3;15;59,41162;100
100;2;2;59,41162;100
100;2;2;59,74512;100
100;2;2;59,74512;100
100;2;2;59,74512;100
100;2;2;59,74512;100
100;2;2;59,74512;100
100;2;2;59,74512;100
100;3;15;59,74512;100
100;2;2;59,74512;100
100;2;2;59,74512;100
100;3;15;0,07861328;100
100;3;15;0,07861328;100
100;3;15;0,07861328;100
100;2;2;0,07861328;100
100;3;15;0,07861328;100
100;2;2;0,07861328;100
100;3;15;0,07861328;100
100;2;2;0,07861328;100
100;2;2;0,07861328;100
100;3;15;0,4121094;100
100;2;2;0,4121094;100
100;2;2;0,4121094;100
100;3;15;0,4121094;100
100;3;15;0,4121094;100
100;3;15;0,4121094;100
100;2;2;0,4121094;100
100;2;2;0,4121094;100
100;2;2;0,4121094;100
100;2;2;0,4121094;100
100;2;2;0,7456055;100
100;3;15;0,7456055;100
100;2;2;0,7456055;100
100;2;2;0,7456055;100
100;2;2;0,7456055;100
100;2;2;0,7456055;100
100;3;15;1,079102;100
100;3;15;1,079102;100
100;3;15;1,079102;100
100;2;2;1,079102;100
100;2;2;1,079102;100
100;2;2;1,079102;100
100;2;2;1,079102;100
100;2;2;1,079102;100
100;2;2;1,412598;100
100;3;15;1,412598;100
100;2;2;1,412598;100
100;3;15;1,412598;100
100;2;2;1,412598;100
100;3;15;1,412598;100
100;3;15;1,746094;100
100;3;15;1,746094;100
100;3;15;1,746094;100
100;2;2;1,746094;100
100;3;15;1,746094;100
100;2;2;1,746094;100
100;3;15;1,746094;100
100;3;15;1,746094;100
100;2;2;2,07959;100
100;2;2;2,07959;100
100;2;2;2,07959;100
100;2;2;2,07959;100
100;3;15;2,07959;100
100;3;15;2,07959;100
100;3;15;2,07959;100
100;2;2;2,07959;100
100;2;2;2,413086;100
100;3;15;2,413086;100
100;2;2;2,413086;100
100;2;2;2,413086;100
100;2;2;2,413086;100
100;2;2;2,413086;100
100;2;2;2,413086;100
100;3;15;2,746582;100
100;2;2;2,746582;100
100;3;15;2,746582;100
100;3;15;2,746582;100
100;3;15;2,746582;100
100;2;2;2,746582;100
100;2;2;2,746582;100
100;2;2;2,746582;100
100;3;15;2,746582;100
100;2;2;3,080078;100
100;2;2;3,080078;100
100;2;2;3,080078;100
100;2;2;3,080078;100
100;3;15;3,080078;85
100;3;15;3,080078;70
100;2;2;3,080078;70
100;2;2;3,080078;70
100;2;2;3,080078;70
100;2;2;3,080078;70
100;2;2;3,413574;68
44;2;2;3,413574;66
28;2;2;3,413574;64
20;3;15;3,413574;49
12;3;15;3,413574;34
4;2;2;3,413574;32
Boss