100;2;2;45,06055;100
100;3;15;45,06055;100
100;2;2;45,06055;100
100;2;2;45,06055;100
100;2;2;45,06055;100
100;3;15;45,06055;100
100;3;15;45,06055;100
100;2;2;45,06055;100
100;2;2;45,39392;100
100;2;2;45,39392;100
100;3;15;45,39392;100
100;2;2;45,39392;100
100;2;2;45,39392;100
100;3;15;45,39392;100
100;2;2;45,39392;100
100;2;2;45,39392;100
100;2;2;45,39392;100
100;3;15;45,39392;100
100;3;15;45,72729;100
100;3;15;45,72729;100
100;2;2;45,72729;100
100;2;2;45,72729;100
100;2;2;45,72729;100
100;2;2;45,72729;100
100;3;15;45,72729;100
100;2;2;45,72729;100
100;2;2;45,72729;100
100;3;15;45,72729;100
100;2;2;45,72729;100
100;3;15;46,06067;100
100;2;2;46,06067;100
100;3;15;46,06067;100
100;2;2;46,06067;100
100;3;15;46,06067;100
100;3;15;46,06067;100
100;2;2;46,06067;100
100;2;2;46,06067;100
100;3;15;46,39404;100
100;3;15;46,39404;100
100;3;15;46,39404;100
100;2;2;46,39404;100
100;3;15;46,39404;100
100;2;2;46,39404;100
100;3;15;46,39404;100
100;2;2;46,39404;100
100;2;2;46,39404;100
100;3;15;46,72742;100
100;2;2;46,72742;100
100;3;15;46,72742;100
100;2;2;46,72742;100
100;2;2;46,72742;100
100;2;2;46,72742;100
100;2;2;46,72742;100
100;3;15;47,06079;100
100;3;15;47,06079;100
100;3;15;47,06079;100
100;2;2;47,06079;100
100;2;2;47,06079;100
100;3;15;47,06079;100
100;3;15;47,06079;100
100;2;2;47,06079;100
100;3;15;47,06079;100
100;3;15;47,06079;100
100;3;15;47,06079;100
100;2;2;47,06079;100
100;3;15;47,06079;100
100;3;15;47,39417;100
100;3;15;47,39417;100
100;2;2;47,39417;100
100;3;15;47,39417;100
100;2;2;47,39417;100
100;2;2;47,39417;100
100;3;15;47,39417;100
100;2;2;47,72754;100
100;3;15;47,72754;100
100;2;2;47,72754;100
100;3;15;47,72754;100
100;3;15;47,72754;100
100;2;2;47,72754;100
100;3;15;48,06091;100
100;2;2;48,06091;100
100;2;2;48,06091;100
100;3;15;48,06091;100
100;3;15;48,06091;100
100;2;2;48,06091;100
100;3;15;48,06091;100
100;3;15;48,39429;100
100;2;2;48,39429;100
100;3;15;48,39429;100
100;2;2;48,39429;100
100;3;15;48,39429;100
100;2;2;48,39429;100
100;2;2;48,39429;100
100;2;2;48,39429;100
100;3;15;48,39429;100
100;3;15;48,72766;100
100;3;15;48,72766;100
100;2;2;48,72766;100
100;2;2;48,72766;100
100;3;15;48,72766;100
100;3;15;48,72766;100
100;2;2;48,72766;100
100;2;2;48,72766;100
100;3;15;48,72766;100
100;3;15;49,06104;100
100;2;2;49,06104;100
100;3;15;49,06104;100
100;3;15;49,06104;100
100;2;2;49,06104;100
100;3;15;49,06104;100
100;2;2;49,06104;100
100;2;2;49,06104;100
100;2;2;49,06104;100
100;2;2;49,39441;100
100;2;2;49,39441;100
100;3;15;49,39441;100
100;3;15;49,39441;100
100;2;2;49,39441;100
100;2;2;49,39441;100
100;2;2;49,39441;100
100;2;2;49,72778;100
100;2;2;49,72778;100
100;3;15;49,72778;100
100;3;15;49,72778;100
100;2;2;49,72778;100
100;2;2;49,72778;100
100;2;2;50,06116;100
100;2;2;50,06116;100
100;2;2;50,06116;100
100;2;2;50,06116;100
100;2;2;50,39453;100
100;2;2;50,39453;100
100;3;15;50,39453;100
100;2;2;50,39453;100
100;3;15;50,39453;100
100;3;15;50,39453;100
100;3;15;50,39453;100
100;3;15;50,39453;100
100;3;15;50,39453;100
100;3;15;50,39453;100
100;3;15;50,39453;100
100;3;15;50,72791;100
100;2;2;50,72791;100
100;3;15;50,72791;100
100;2;2;50,72791;100
100;2;2;50,72791;100
100;3;15;50,72791;100
100;3;15;50,72791;100
100;2;2;50,72791;100
100;2;2;50,72791;100
100;2;2;50,72791;100
100;2;2;51,06128;100
100;3;15;51,06128;100
100;3;15;51,06128;100
100;3;15;51,06128;100
100;2;2;51,06128;100
100;2;2;51,06128;100
100;2;2;51,06128;100
100;2;2;51,06128;100
100;3;15;51,06128;100
100;2;2;51,06128;100
100;3;15;51,39465;100
100;2;2;51,39465;100
100;3;15;51,39465;100
100;3;15;51,39465;100
100;2;2;51,39465;100
100;3;15;51,39465;100
100;2;2;51,39465;100
100;3;15;51,39465;100
100;2;2;51,72803;100
100;2;2;51,72803;100
100;3;15;51,72803;100
100;3;15;51,72803;100
100;2;2;51,72803;100
100;2;2;51,72803;100
100;3;15;51,72803;100
100;3;15;51,72803;100
100;3;15;51,72803;100
100;2;2;51,72803;100
100;3;15;51,72803;100
100;2;2;51,72803;100
100;3;15;51,72803;100
100;3;15;51,72803;100
100;2;2;52,0614;100
100;3;15;52,0614;100
100;2;2;52,0614;100
100;3;15;52,0614;100
100;3;15;52,0614;100
100;3;15;52,0614;100
100;3;15;52,39478;100
100;3;15;52,39478;100
100;3;15;52,39478;100
100;3;15;52,39478;100
100;3;15;52,39478;100
100;2;2;52,39478;100
100;3;15;52,39478;100
100;2;2;52,39478;100
100;2;2;52,72815;100
100;2;2;52,72815;100
100;3;15;52,72815;100
100;3;15;52,72815;100
100;3;15;52,72815;100
100;2;2;52,72815;100
100;2;2;52,72815;100
100;2;2;52,72815;100
100;2;2;52,72815;100
100;3;15;52,72815;100
100;3;15;53,06152;100
100;3;15;53,06152;100
100;3;15;53,06152;100
100;3;15;53,06152;100
100;2;2;53,06152;100
100;3;15;53,06152;100
100;2;2;53,3949;100
100;2;2;53,3949;100
100;3;15;53,3949;100
100;3;15;53,72827;100
100;3;15;53,72827;100
100;2;2;53,72827;100
100;2;2;53,72827;100
100;3;15;53,72827;100
100;2;2;53,72827;100
100;2;2;53,72827;100
100;2;2;54,06165;100
100;3;15;54,06165;100
100;2;2;54,06165;100
100;3;15;54,06165;100
100;3;15;54,06165;100
100;3;15;54,06165;100
100;3;15;54,06165;100
100;3;15;54,06165;100
100;2;2;54,39502;100
100;3;15;54,39502;100
100;2;2;54,39502;100
100;3;15;54,39502;100
100;3;15;54,72839;100
100;2;2;54,72839;100
100;3;15;54,72839;100
100;3;15;54,72839;100
100;3;15;54,72839;100
100;3;15;54,72839;100
100;3;15;54,72839;100
100;3;15;54,72839;100
100;2;2;54,72839;100
100;2;2;54,72839;100
100;2;2;54,72839;100
100;2;2;54,72839;100
100;2;2;55,06177;100
100;2;2;55,06177;100
100;2;2;55,06177;100
100;3;15;55,06177;100
100;2;2;55,06177;100
100;2;2;55,06177;100
100;3;15;55,06177;100
100;3;15;55,06177;100
100;2;2;55,39514;100
100;3;15;55,39514;100
100;3;15;55,39514;100
100;2;2;55,39514;100
100;2;2;55,39514;100
100;3;15;55,39514;100
100;2;2;55,39514;100
100;3;15;55,72852;100
100;2;2;55,72852;100
100;3;15;55,72852;100
100;3;15;55,72852;100
100;3;15;55,72852;100
100;3;15;55,72852;100
100;3;15;55,72852;100
100;3;15;55,72852;100
100;2;2;56,06189;100
100;3;15;56,06189;100
100;3;15;56,06189;100
100;3;15;56,06189;100
100;2;2;56,06189;100
100;3;15;56,06189;100
100;3;15;56,06189;100
100;3;15;56,39526;100
100;2;2;56,39526;100
100;2;2;56,39526;100
100;3;15;56,39526;100
100;2;2;56,39526;100
100;3;15;56,39526;100
100;2;2;56,72864;100
100;2;2;56,72864;100
100;3;15;56,72864;100
100;2;2;56,72864;100
100;2;2;56,72864;100
100;2;2;56,72864;100
100;2;2;56,72864;100
100;2;2;57,06201;100
100;2;2;57,06201;100
100;3;15;57,06201;100
100;2;2;57,06201;100
100;2;2;57,06201;100
100;2;2;57,06201;100
100;3;15;57,06201;100
100;3;15;57,06201;100
100;2;2;57,06201;100
100;2;2;57,39539;100
100;2;2;57,39539;100
100;3;15;57,39539;100
100;3;15;57,39539;100
100;3;15;57,39539;100
100;2;2;57,39539;100
100;3;15;57,39539;100
100;3;15;57,39539;100
100;3;15;57,39539;100
100;2;2;57,72876;100
100;3;15;57,72876;100
100;2;2;57,72876;100
100;2;2;57,72876;100
100;3;15;57,72876;100
100;2;2;57,72876;100
100;2;2;58,06213;100
100;2;2;58,06213;100
100;2;2;58,06213;100
100;3;15;58,06213;100
100;3;15;58,06213;100
100;2;2;58,06213;100
100;2;2;58,06213;100
100;2;2;58,06213;100
100;3;15;58,06213;100
100;3;15;58,39551;100
100;2;2;58,39551;100
100;2;2;58,39551;100
100;3;15;58,39551;100
100;3;15;58,39551;100
100;3;15;58,39551;100
100;3;15;58,39551;100
100;2;2;58,39551;100
100;3;15;58,72888;100
100;2;2;58,72888;100
100;3;15;58,72888;100
100;3;15;58,72888;100
100;3;15;58,72888;100
100;3;15;58,72888;100
100;2;2;59,06226;100
100;2;2;59,06226;100
100;2;2;59,06226;100
100;2;2;59,06226;100
100;2;2;59,06226;100
100;3;15;59,06226;100
100;2;2;59,06226;100
100;2;2;59,06226;100
100;2;2;59,06226;100
100;3;15;59,06226;100
100;2;2;59,39563;100
100;3;15;59,39563;100
100;2;2;59,39563;100
100;3;15;59,39563;100
100;2;2;59,39563;100
100;2;2;59,39563;100
100;2;2;59,39563;100
100;2;2;59,39563;100
100;3;15;59,729;100
100;3;15;59,729;100
100;3;15;59,729;100
100;3;15;59,729;100
100;3;15;59,729;100
100;3;15;59,729;100
100;3;15;59,729;100
100;2;2;59,729;100
100;3;15;59,729;100
100;3;15;59,729;100
100;2;2;59,729;100
100;2;2;0,06237793;100
100;2;2;0,06237793;100
100;2;2;0,06237793;100
100;2;2;0,06237793;100
100;2;2;0,06237793;100
100;2;2;0,06237793;100
100;3;15;0,06237793;100
100;3;15;0,06237793;100
100;2;2;0,06237793;100
100;2;2;0,395752;100
100;3;15;0,395752;100
100;3;15;0,395752;100
100;2;2;0,395752;100
100;2;2;0,395752;100
100;3;15;0,395752;100
100;2;2;0,395752;100
100;3;15;0,395752;100
100;2;2;0,729126;100
100;2;2;0,729126;100
100;3;15;0,729126;100
100;3;15;0,729126;100
100;2;2;0,729126;100
100;3;15;0,729126;100
100;2;2;0,729126;100
100;3;15;0,729126;100
100;2;2;1,0625;100
100;3;15;1,0625;100
100;2;2;1,0625;100
100;3;15;1,0625;100
100;3;15;1,395874;100
100;2;2;1,395874;100
100;3;15;1,395874;100
100;2;2;1,395874;100
100;2;2;1,395874;100
100;3;15;1,395874;100
100;2;2;1,395874;100
100;3;15;1,395874;100
100;2;2;1,395874;100
100;2;2;1,395874;100
100;3;15;1,395874;100
100;2;2;1,729248;100
100;2;2;1,729248;100
100;3;15;1,729248;100
100;3;15;1,729248;100
100;2;2;1,729248;100
100;3;15;1,729248;100
100;2;2;1,729248;100
100;3;15;1,729248;100
100;2;2;1,729248;100
100;3;15;1,729248;100
100;2;2;2,062622;100
100;3;15;2,062622;100
100;3;15;2,062622;100
100;2;2;2,062622;100
100;3;15;2,062622;100
100;3;15;2,062622;100
100;2;2;2,395996;100
100;2;2;2,395996;100
100;3;15;2,395996;100
100;2;2;2,395996;100
100;3;15;2,395996;100
100;3;15;2,395996;100
100;3;15;2,395996;100
100;2;2;2,395996;100
100;2;2;2,395996;100
100;3;15;2,395996;100
100;2;2;2,72937;100
100;2;2;2,72937;100
100;2;2;2,72937;100
100;3;15;2,72937;100
100;2;2;2,72937;100
100;2;2;2,72937;100
100;3;15;2,72937;100
100;2;2;2,72937;100
100;3;15;3,062744;100
100;2;2;3,062744;100
100;3;15;3,062744;100
100;3;15;3,062744;100
100;2;2;3,062744;100
100;3;15;3,062744;100
100;2;2;3,062744;100
100;3;15;3,062744;100
100;3;15;3,396118;100
100;3;15;3,396118;100
100;2;2;3,396118;100
100;2;2;3,396118;100
100;3;15;3,396118;100
100;2;2;3,396118;100
100;2;2;3,396118;100
100;3;15;3,396118;100
100;2;2;3,396118;100
100;2;2;3,729492;100
100;2;2;3,729492;100
100;2;2;3,729492;100
100;2;2;3,729492;100
100;3;15;3,729492;100
100;2;2;3,729492;100
100;3;15;3,729492;100
100;2;2;4,062866;100
100;2;2;4,062866;100
100;3;15;4,062866;100
100;3;15;4,062866;100
100;2;2;4,062866;100
100;2;2;4,062866;100
100;2;2;4,062866;100
100;2;2;4,39624;100
100;3;15;4,39624;100
100;3;15;4,39624;100
100;2;2;4,39624;100
100;3;15;4,39624;100
100;3;15;4,39624;100
100;3;15;4,39624;100
100;3;15;4,39624;100
100;2;2;4,729614;100
100;2;2;4,729614;100
100;2;2;4,729614;100
100;2;2;4,729614;100
100;2;2;4,729614;100
100;3;15;4,729614;100
100;3;15;4,729614;100
100;2;2;4,729614;100
100;2;2;4,729614;100
100;3;15;4,729614;100
100;3;15;4,729614;100
100;2;2;5,062988;100
100;3;15;5,062988;100
100;3;15;5,062988;100
100;2;2;5,062988;100
100;3;15;5,062988;100
100;2;2;5,062988;100
100;2;2;5,062988;100
100;2;2;5,062988;100
100;2;2;5,062988;100
100;3;15;5,062988;100
100;2;2;5,062988;100
100;3;15;5,396362;100
100;3;15;5,396362;100
100;2;2;5,396362;100
100;2;2;5,396362;100
100;2;2;5,396362;100
100;3;15;5,396362;100
100;2;2;5,729736;100
100;3;15;5,729736;100
100;2;2;5,729736;100
100;3;15;5,729736;100
100;3;15;5,729736;100
100;3;15;6,06311;100
100;2;2;6,06311;100
100;2;2;6,06311;100
100;3;15;6,06311;100
100;2;2;6,06311;100
100;2;2;6,06311;100
100;2;2;6,06311;100
100;2;2;6,06311;100
100;2;2;6,396484;100
100;2;2;6,396484;100
100;3;15;6,396484;100
100;3;15;6,396484;100
100;3;15;6,396484;100
100;2;2;6,396484;100
100;3;15;6,396484;100
100;2;2;6,396484;100
100;2;2;6,396484;100
100;2;2;6,396484;100
100;2;2;6,396484;100
100;3;15;6,396484;100
100;2;2;6,396484;100
100;3;15;6,729858;100
100;3;15;6,729858;100
100;2;2;6,729858;100
100;2;2;6,729858;100
100;2;2;6,729858;100
100;3;15;6,729858;100
100;3;15;6,729858;100
100;3;15;6,729858;100
100;2;2;6,729858;100
100;3;15;6,729858;100
100;3;15;7,063232;100
100;2;2;7,063232;100
100;2;2;7,063232;100
100;2;2;7,063232;100
100;2;2;7,063232;100
100;3;15;7,063232;100
100;3;15;7,063232;100
100;3;15;7,063232;100
100;2;2;7,063232;100
100;3;15;7,396606;100
100;3;15;7,396606;100
100;2;2;7,396606;100
100;3;15;7,396606;100
100;3;15;7,396606;100
100;3;15;7,396606;100
100;2;2;7,396606;100
100;3;15;7,72998;100
100;3;15;7,72998;100
100;2;2;7,72998;100
100;2;2;7,72998;100
100;2;2;7,72998;100
100;3;15;7,72998;100
100;2;2;7,72998;100
100;2;2;8,063354;100
100;3;15;8,063354;100
100;2;2;8,063354;100
100;3;15;8,063354;100
100;3;15;8,063354;100
100;3;15;8,063354;100
100;2;2;8,063354;100
100;2;2;8,396729;100
100;2;2;8,396729;100
100;2;2;8,396729;100
100;2;2;8,396729;100
100;2;2;8,396729;100
100;3;15;8,396729;85
100;2;2;8,396729;85
100;3;15;8,396729;70
100;3;15;8,396729;55
100;3;15;8,396729;40
100;2;2;8,396729;40
100;3;15;8,730103;25
76;3;15;8,730103;10
60;2;2;8,730103;8
52;3;15;8,730103;-7
Player