100;2;2;11,93774;100
100;2;2;11,93774;100
100;3;15;11,93774;100
100;2;2;11,93774;100
100;3;15;11,93774;100
100;3;15;11,93774;100
100;3;15;11,93774;100
100;2;2;12,271;100
100;3;15;12,271;100
100;3;15;12,271;100
100;2;2;12,271;100
100;3;15;12,271;100
100;2;2;12,271;100
100;3;15;12,271;100
100;3;15;12,271;100
100;2;2;12,60425;100
100;3;15;12,60425;100
100;2;2;12,60425;100
100;2;2;12,60425;100
100;3;15;12,60425;100
100;2;2;12,60425;100
100;2;2;12,60425;100
100;2;2;12,60425;100
100;2;2;12,60425;100
100;2;2;12,60425;100
100;2;2;12,60425;100
100;2;2;12,60425;100
100;2;2;12,9375;100
100;2;2;12,9375;100
100;3;15;12,9375;100
100;3;15;12,9375;100
100;2;2;12,9375;100
100;2;2;12,9375;100
100;2;2;12,9375;100
100;2;2;13,27075;100
100;3;15;13,27075;100
100;2;2;13,27075;100
100;2;2;13,27075;100
100;3;15;13,27075;100
100;2;2;13,27075;100
100;2;2;13,27075;100
100;2;2;13,27075;100
100;2;2;13,27075;100
100;2;2;13,27075;100
100;2;2;13,27075;100
100;3;15;13,604;100
100;2;2;13,604;100
100;2;2;13,604;100
100;2;2;13,604;100
100;3;15;13,604;100
100;2;2;13,604;100
100;3;15;13,604;100
100;2;2;13,93726;100
100;2;2;13,93726;100
100;2;2;13,93726;100
100;2;2;13,93726;100
100;3;15;13,93726;100
100;3;15;13,93726;100
100;2;2;13,93726;100
100;2;2;13,93726;100
100;2;2;13,93726;100
100;2;2;13,93726;100
100;3;15;14,27051;100
100;2;2;14,27051;100
100;3;15;14,27051;100
100;2;2;14,27051;100
100;2;2;14,27051;100
100;3;15;14,27051;100
100;3;15;14,27051;100
100;2;2;14,27051;100
100;3;15;14,27051;100
100;2;2;14,27051;100
100;2;2;14,27051;100
100;2;2;14,60376;100
100;2;2;14,60376;100
100;2;2;14,60376;100
100;2;2;14,60376;100
100;3;15;14,60376;100
100;2;2;14,60376;100
100;2;2;14,60376;100
100;2;2;14,60376;100
100;2;2;14,60376;100
100;3;15;14,60376;100
100;2;2;14,93701;100
100;2;2;14,93701;100
100;3;15;14,93701;100
100;2;2;14,93701;100
100;3;15;15,27026;100
100;2;2;15,27026;100
100;2;2;15,27026;100
100;3;15;15,27026;100
100;2;2;15,27026;100
100;2;2;15,27026;100
100;2;2;15,27026;100
100;2;2;15,27026;100
100;2;2;15,27026;100
100;3;15;15,27026;100
100;2;2;15,27026;100
100;3;15;15,60352;100
100;3;15;15,60352;100
100;3;15;15,60352;100
100;2;2;15,60352;100
100;2;2;15,60352;100
100;3;15;15,60352;100
100;2;2;15,60352;100
100;2;2;15,60352;100
100;2;2;15,93677;100
100;3;15;15,93677;100
100;3;15;15,93677;100
100;2;2;15,93677;100
100;2;2;15,93677;100
100;2;2;15,93677;100
100;2;2;16,27002;100
100;2;2;16,27002;100
100;3;15;16,27002;100
100;2;2;16,27002;100
100;3;15;16,27002;100
100;2;2;16,60327;100
100;3;15;16,60327;100
100;3;15;16,60327;100
100;2;2;16,60327;100
100;2;2;16,60327;100
100;3;15;16,93652;100
100;2;2;16,93652;100
100;2;2;16,93652;100
100;2;2;16,93652;100
100;2;2;16,93652;100
100;2;2;16,93652;100
100;2;2;16,93652;100
100;3;15;16,93652;100
100;2;2;17,26978;100
100;2;2;17,26978;100
100;3;15;17,26978;100
100;2;2;17,26978;100
100;2;2;17,26978;100
100;2;2;17,26978;100
100;3;15;17,26978;100
100;2;2;17,26978;100
100;3;15;17,26978;100
100;2;2;17,26978;100
100;2;2;17,60303;100
100;2;2;17,60303;100
100;2;2;17,60303;100
100;2;2;17,60303;100
100;3;15;17,60303;100
100;3;15;17,60303;100
100;3;15;17,60303;100
100;2;2;17,93628;100
100;2;2;17,93628;100
100;2;2;17,93628;100
100;2;2;17,93628;100
100;2;2;17,93628;100
100;2;2;17,93628;100
100;3;15;17,93628;100
100;3;15;17,93628;100
100;2;2;18,26953;100
100;2;2;18,26953;100
100;3;15;18,26953;100
100;3;15;18,26953;100
100;2;2;18,26953;100
100;3;15;18,26953;100
100;2;2;18,26953;100
100;2;2;18,60278;100
100;2;2;18,60278;100
100;2;2;18,60278;100
100;2;2;18,60278;100
100;2;2;18,60278;100
100;2;2;18,60278;100
100;2;2;18,60278;100
100;3;15;18,60278;100
100;3;15;18,60278;100
100;2;2;18,60278;100
100;2;2;18,60278;100
100;2;2;18,93604;100
100;3;15;18,93604;100
100;2;2;18,93604;100
100;2;2;18,93604;100
100;2;2;18,93604;100
100;3;15;18,93604;100
100;2;2;19,26929;100
100;2;2;19,26929;100
100;2;2;19,26929;100
100;2;2;19,26929;100
100;2;2;19,26929;100
100;2;2;19,26929;100
100;2;2;19,26929;100
100;2;2;19,26929;100
100;3;15;19,60254;100
100;2;2;19,60254;100
100;2;2;19,60254;100
100;3;15;19,60254;100
100;2;2;19,60254;100
100;3;15;19,60254;100
100;2;2;19,60254;100
100;2;2;19,60254;100
100;3;15;19,60254;100
100;3;15;19,93579;100
100;2;2;19,93579;100
100;2;2;19,93579;100
100;2;2;19,93579;100
100;3;15;19,93579;100
100;2;2;19,93579;100
100;2;2;19,93579;100
100;2;2;20,26904;100
100;2;2;20,26904;100
100;3;15;20,26904;100
100;2;2;20,26904;100
100;2;2;20,26904;100
100;2;2;20,26904;100
100;2;2;20,60229;100
100;3;15;20,60229;100
100;3;15;20,60229;100
100;2;2;20,60229;100
100;2;2;20,60229;100
100;3;15;20,60229;100
100;2;2;20,93555;100
100;3;15;20,93555;100
100;2;2;20,93555;100
100;2;2;20,93555;100
100;2;2;20,93555;100
100;2;2;20,93555;100
100;2;2;20,93555;100
100;3;15;20,93555;100
100;2;2;20,93555;100
100;2;2;21,2688;100
100;2;2;21,2688;100
100;2;2;21,2688;100
100;2;2;21,2688;100
100;3;15;21,2688;100
100;2;2;21,2688;100
100;2;2;21,2688;100
100;3;15;21,2688;100
100;2;2;21,2688;100
100;2;2;21,60205;100
100;2;2;21,60205;100
100;2;2;21,60205;100
100;2;2;21,60205;100
100;2;2;21,60205;100
100;2;2;21,60205;100
100;2;2;21,60205;100
100;2;2;21,9353;100
100;2;2;21,9353;100
100;2;2;21,9353;100
100;2;2;21,9353;100
100;2;2;21,9353;100
100;2;2;21,9353;100
100;3;15;21,9353;100
100;3;15;21,9353;100
100;2;2;22,26855;100
100;2;2;22,26855;100
100;2;2;22,26855;100
100;2;2;22,26855;100
100;2;2;22,26855;100
100;2;2;22,26855;100
100;2;2;22,26855;100
100;2;2;22,60181;100
100;2;2;22,60181;100
100;3;15;22,60181;100
100;2;2;22,60181;100
100;3;15;22,60181;100
100;2;2;22,60181;100
100;2;2;22,93506;100
100;2;2;22,93506;100
100;2;2;22,93506;100
100;3;15;22,93506;100
100;2;2;22,93506;100
100;2;2;22,93506;100
100;2;2;22,93506;100
100;2;2;22,93506;100
100;2;2;22,93506;100
100;2;2;22,93506;100
100;3;15;23,26831;100
100;2;2;23,26831;100
100;2;2;23,26831;100
100;2;2;23,26831;100
100;2;2;23,26831;100
100;2;2;23,26831;100
100;2;2;23,26831;100
100;3;15;23,26831;100
100;2;2;23,26831;100
100;2;2;23,26831;100
100;3;15;23,60156;100
100;2;2;23,60156;100
100;3;15;23,60156;100
100;3;15;23,60156;100
100;3;15;23,60156;100
100;2;2;23,60156;100
100;2;2;23,60156;100
100;3;15;23,60156;100
100;2;2;23,60156;100
100;2;2;23,60156;100
100;2;2;23,60156;100
100;2;2;23,60156;100
100;2;2;23,93481;100
100;2;2;23,93481;100
100;2;2;23,93481;100
100;2;2;23,93481;100
100;2;2;23,93481;100
100;3;15;23,93481;100
100;2;2;23,93481;100
100;2;2;23,93481;100
100;3;15;23,93481;100
100;2;2;24,26807;100
100;2;2;24,26807;100
100;2;2;24,26807;100
100;3;15;24,26807;100
100;3;15;24,26807;100
100;3;15;24,26807;100
100;3;15;24,26807;100
100;3;15;24,26807;100
100;2;2;24,26807;100
100;3;15;24,26807;100
100;2;2;24,26807;100
100;3;15;24,26807;100
100;3;15;24,60132;100
100;3;15;24,60132;100
100;2;2;24,60132;100
100;3;15;24,60132;100
100;2;2;24,60132;100
100;2;2;24,60132;100
100;3;15;24,60132;100
100;3;15;24,60132;100
100;2;2;24,60132;100
100;3;15;24,93457;100
100;2;2;24,93457;100
100;2;2;24,93457;100
100;2;2;24,93457;100
100;2;2;24,93457;100
100;3;15;24,93457;100
100;2;2;24,93457;100
100;3;15;24,93457;100
100;2;2;24,93457;100
100;2;2;24,93457;100
100;2;2;24,93457;100
100;3;15;24,93457;100
100;2;2;25,26782;100
100;3;15;25,26782;100
100;2;2;25,26782;100
100;2;2;25,26782;100
100;2;2;25,26782;100
100;2;2;25,26782;100
100;2;2;25,26782;100
100;2;2;25,26782;100
100;2;2;25,26782;100
100;2;2;25,26782;100
100;3;15;25,60107;100
100;3;15;25,60107;100
100;2;2;25,60107;100
100;2;2;25,60107;100
100;2;2;25,60107;100
100;2;2;25,60107;100
100;2;2;25,60107;100
100;2;2;25,60107;100
100;2;2;25,93433;100
100;3;15;25,93433;100
100;2;2;25,93433;100
100;2;2;25,93433;100
100;3;15;25,93433;100
100;2;2;25,93433;100
100;2;2;25,93433;100
100;2;2;25,93433;100
100;3;15;25,93433;100
100;2;2;26,26758;100
100;2;2;26,26758;100
100;3;15;26,26758;100
100;2;2;26,26758;100
100;2;2;26,26758;100
100;2;2;26,26758;100
100;3;15;26,26758;100
100;2;2;26,26758;100
100;2;2;26,26758;100
100;2;2;26,60083;100
100;2;2;26,60083;100
100;3;15;26,60083;100
100;2;2;26,60083;100
100;3;15;26,60083;100
100;3;15;26,60083;100
100;2;2;26,60083;100
100;2;2;26,93408;100
100;2;2;26,93408;100
100;2;2;26,93408;100
100;3;15;26,93408;100
100;3;15;26,93408;100
100;2;2;26,93408;100
100;2;2;26,93408;100
100;2;2;26,93408;100
100;2;2;26,93408;100
100;2;2;26,93408;100
100;2;2;27,26733;100
100;2;2;27,26733;100
100;2;2;27,26733;100
100;2;2;27,26733;100
100;2;2;27,26733;100
100;2;2;27,26733;100
100;2;2;27,26733;100
100;3;15;27,26733;100
100;2;2;27,26733;100
100;2;2;27,60059;100
100;2;2;27,60059;100
100;2;2;27,60059;100
100;2;2;27,60059;100
100;2;2;27,60059;100
100;2;2;27,60059;100
100;3;15;27,60059;100
100;3;15;27,93384;100
100;2;2;27,93384;100
100;2;2;27,93384;100
100;2;2;27,93384;100
100;2;2;27,93384;100
100;3;15;27,93384;100
100;3;15;27,93384;100
100;2;2;27,93384;100
100;2;2;28,26709;100
100;3;15;28,26709;100
100;3;15;28,26709;100
100;2;2;28,26709;100
100;3;15;28,26709;100
100;2;2;28,26709;100
100;2;2;28,26709;100
100;2;2;28,26709;100
100;3;15;28,26709;100
100;2;2;28,26709;100
100;2;2;28,26709;100
100;2;2;28,60034;100
100;3;15;28,60034;100
100;3;15;28,60034;100
100;3;15;28,60034;100
100;3;15;28,60034;100
100;2;2;28,60034;100
100;3;15;28,60034;100
100;3;15;28,60034;100
100;3;15;28,93359;100
100;2;2;28,93359;100
100;2;2;28,93359;100
100;2;2;28,93359;100
100;2;2;28,93359;100
100;3;15;28,93359;100
100;3;15;28,93359;100
100;2;2;28,93359;100
100;2;2;28,93359;100
100;3;15;28,93359;100
100;2;2;29,26685;100
100;3;15;29,26685;100
100;2;2;29,26685;100
100;3;15;29,26685;100
100;3;15;29,26685;100
100;2;2;29,26685;100
100;2;2;29,26685;100
100;3;15;29,26685;100
100;2;2;29,26685;100
100;2;2;29,26685;100
100;3;15;29,6001;100
100;2;2;29,6001;100
100;3;15;29,6001;100
100;2;2;29,6001;100
100;2;2;29,6001;100
100;2;2;29,6001;100
100;2;2;29,6001;100
100;3;15;29,93335;100
100;2;2;29,93335;100
100;2;2;29,93335;100
100;2;2;29,93335;100
100;2;2;29,93335;100
100;3;15;29,93335;100
100;3;15;29,93335;100
100;2;2;29,93335;100
100;3;15;29,93335;100
100;3;15;29,93335;100
100;3;15;29,93335;100
100;2;2;30,2666;100
100;3;15;30,2666;100
100;2;2;30,2666;100
100;2;2;30,2666;100
100;2;2;30,2666;100
100;2;2;30,2666;100
100;2;2;30,2666;100
100;2;2;30,59985;100
100;2;2;30,59985;100
100;2;2;30,59985;100
100;3;15;30,59985;100
100;2;2;30,59985;100
100;2;2;30,59985;100
100;3;15;30,59985;100
100;2;2;30,59985;100
100;2;2;30,59985;100
100;3;15;30,93311;100
100;2;2;30,93311;100
100;2;2;30,93311;100
100;3;15;30,93311;100
100;2;2;30,93311;100
100;2;2;30,93311;100
100;2;2;30,93311;100
100;2;2;30,93311;100
100;3;15;30,93311;100
100;2;2;31,26636;100
100;2;2;31,26636;100
100;3;15;31,26636;100
100;2;2;31,26636;100
100;2;2;31,26636;100
100;2;2;31,26636;100
100;2;2;31,26636;100
100;2;2;31,26636;100
100;2;2;31,59961;100
100;2;2;31,59961;100
100;2;2;31,59961;100
100;3;15;31,59961;100
100;2;2;31,59961;100
100;2;2;31,59961;100
100;3;15;31,93286;100
100;2;2;31,93286;100
100;3;15;31,93286;100
100;2;2;31,93286;100
100;3;15;31,93286;100
100;2;2;31,93286;100
100;3;15;31,93286;100
100;3;15;31,93286;100
100;2;2;31,93286;100
100;2;2;31,93286;100
100;2;2;31,93286;100
100;2;2;32,26611;100
100;2;2;32,26611;100
100;2;2;32,26611;100
100;2;2;32,26611;100
100;2;2;32,26611;100
100;2;2;32,26611;100
100;2;2;32,26611;100
100;2;2;32,26611;100
100;2;2;32,26611;100
100;2;2;32,59937;100
100;2;2;32,59937;100
100;2;2;32,59937;100
100;2;2;32,59937;100
100;2;2;32,59937;100
100;2;2;32,59937;100
100;3;15;32,93262;100
100;2;2;32,93262;100
100;2;2;32,93262;100
100;3;15;32,93262;100
100;3;15;32,93262;100
100;2;2;32,93262;100
100;3;15;33,26587;100
100;2;2;33,26587;100
100;2;2;33,26587;100
100;2;2;33,26587;100
100;2;2;33,26587;100
100;2;2;33,26587;100
100;2;2;33,26587;100
100;3;15;33,26587;100
100;3;15;33,59912;100
100;3;15;33,59912;100
100;2;2;33,59912;100
100;3;15;33,59912;100
100;2;2;33,59912;100
100;2;2;33,59912;100
100;2;2;33,59912;100
100;2;2;33,59912;100
100;2;2;33,93237;100
100;2;2;33,93237;100
100;3;15;33,93237;100
100;3;15;33,93237;100
100;2;2;33,93237;100
100;2;2;33,93237;100
100;2;2;33,93237;100
100;2;2;34,26563;100
100;2;2;34,26563;100
100;2;2;34,26563;100
100;3;15;34,26563;100
100;2;2;34,26563;100
100;2;2;34,26563;100
100;3;15;34,26563;100
100;3;15;34,26563;100
100;3;15;34,26563;100
100;3;15;34,26563;100
100;2;2;34,59888;100
100;3;15;34,59888;100
100;3;15;34,59888;100
100;3;15;34,59888;100
100;2;2;34,59888;100
100;3;15;34,59888;100
100;2;2;34,59888;100
100;2;2;34,59888;100
100;2;2;34,59888;100
100;3;15;34,59888;100
100;2;2;34,93213;100
100;2;2;34,93213;100
100;2;2;34,93213;100
100;2;2;34,93213;100
100;2;2;34,93213;100
100;2;2;34,93213;100
100;3;15;34,93213;100
100;3;15;34,93213;100
100;2;2;35,26538;100
100;2;2;35,26538;100
100;2;2;35,26538;100
100;2;2;35,26538;100
100;3;15;35,26538;100
100;2;2;35,26538;100
100;3;15;35,26538;100
100;2;2;35,26538;100
100;2;2;35,26538;100
100;2;2;35,26538;100
100;2;2;35,26538;100
100;2;2;35,59863;100
100;2;2;35,59863;100
100;2;2;35,59863;100
100;3;15;35,59863;100
100;2;2;35,59863;100
100;3;15;35,59863;100
100;3;15;35,59863;100
100;3;15;35,59863;100
100;2;2;35,59863;100
100;2;2;35,59863;100
100;3;15;35,93188;100
100;2;2;35,93188;100
100;2;2;35,93188;100
100;2;2;35,93188;100
100;2;2;35,93188;100
100;3;15;35,93188;100
100;2;2;35,93188;100
100;2;2;35,93188;100
100;3;15;35,93188;100
100;3;15;35,93188;100
100;2;2;36,26514;100
100;3;15;36,26514;100
100;2;2;36,26514;100
100;2;2;36,26514;100
100;3;15;36,26514;100
100;2;2;36,26514;100
100;2;2;36,26514;100
100;2;2;36,26514;100
100;3;15;36,26514;100
100;2;2;36,59839;100
100;3;15;36,59839;100
100;3;15;36,59839;100
100;2;2;36,59839;100
100;2;2;36,59839;100
100;2;2;36,59839;100
100;3;15;36,93164;100
100;2;2;36,93164;100
100;2;2;36,93164;100
100;3;15;36,93164;100
100;3;15;36,93164;100
100;2;2;36,93164;100
100;2;2;36,93164;100
100;2;2;36,93164;100
100;2;2;36,93164;100
100;2;2;36,93164;100
100;2;2;36,93164;100
100;2;2;37,26489;100
100;2;2;37,26489;100
100;2;2;37,26489;100
100;3;15;37,26489;100
100;3;15;37,26489;100
100;2;2;37,26489;100
100;3;15;37,26489;100
100;2;2;37,26489;100
100;2;2;37,26489;100
100;2;2;37,59814;100
100;2;2;37,59814;100
100;2;2;37,59814;100
100;2;2;37,59814;100
100;2;2;37,59814;100
100;2;2;37,59814;100
100;2;2;37,59814;100
100;3;15;37,59814;100
100;2;2;37,59814;100
100;2;2;37,59814;100
100;3;15;37,9314;100
100;3;15;37,9314;100
100;2;2;37,9314;100
100;2;2;37,9314;100
100;2;2;37,9314;100
100;2;2;37,9314;100
100;2;2;37,9314;100
100;3;15;37,9314;100
100;2;2;37,9314;100
100;2;2;37,9314;100
100;2;2;38,26465;100
100;3;15;38,26465;100
100;2;2;38,26465;100
100;3;15;38,26465;100
100;3;15;38,26465;100
100;3;15;38,26465;100
100;3;15;38,26465;100
100;2;2;38,26465;100
100;2;2;38,5979;100
100;2;2;38,5979;100
100;3;15;38,5979;100
100;2;2;38,5979;100
100;2;2;38,5979;100
100;2;2;38,5979;100
100;3;15;38,93115;100
100;2;2;38,93115;100
100;2;2;38,93115;100
100;2;2;38,93115;100
100;3;15;38,93115;100
100;2;2;38,93115;100
100;2;2;38,93115;100
100;2;2;38,93115;100
100;3;15;38,93115;100
100;3;15;38,93115;100
100;3;15;39,2644;100
100;2;2;39,2644;100
100;3;15;39,2644;100
100;2;2;39,2644;100
100;2;2;39,2644;100
100;2;2;39,2644;100
100;3;15;39,2644;100
100;2;2;39,2644;100
100;2;2;39,59766;100
100;2;2;39,59766;100
100;2;2;39,59766;100
100;2;2;39,59766;100
100;2;2;39,59766;100
100;3;15;39,59766;100
100;2;2;39,59766;100
100;2;2;39,59766;100
100;2;2;39,59766;100
100;2;2;39,59766;100
100;3;15;39,93091;100
100;3;15;39,93091;100
100;3;15;39,93091;100
100;2;2;39,93091;100
100;2;2;39,93091;100
100;3;15;39,93091;100
100;3;15;39,93091;100
100;2;2;39,93091;100
100;2;2;39,93091;100
100;2;2;39,93091;100
100;3;15;39,93091;100
100;3;15;40,26416;100
100;2;2;40,26416;100
100;2;2;40,26416;100
100;2;2;40,26416;100
100;2;2;40,26416;100
100;2;2;40,26416;100
100;3;15;40,26416;100
100;2;2;40,26416;100
100;2;2;40,26416;100
100;2;2;40,26416;100
100;2;2;40,59741;100
100;2;2;40,59741;100
100;2;2;40,59741;100
100;2;2;40,59741;100
100;2;2;40,59741;100
100;2;2;40,59741;100
100;2;2;40,59741;100
100;2;2;40,59741;100
100;2;2;40,93066;100
100;2;2;40,93066;100
100;3;15;40,93066;100
100;2;2;40,93066;100
100;2;2;40,93066;100
100;2;2;40,93066;100
100;3;15;40,93066;100
100;3;15;40,93066;100
100;2;2;40,93066;100
100;2;2;40,93066;100
100;2;2;40,93066;100
100;2;2;41,26392;100
100;3;15;41,26392;100
100;2;2;41,26392;100
100;3;15;41,26392;100
100;2;2;41,26392;100
100;2;2;41,26392;100
100;2;2;41,26392;100
100;2;2;41,26392;100
100;3;15;41,26392;100
100;3;15;41,26392;100
100;2;2;41,26392;100
100;2;2;41,59717;100
100;3;15;41,59717;100
100;2;2;41,59717;100
100;2;2;41,59717;100
100;2;2;41,59717;100
100;3;15;41,59717;100
100;2;2;41,93042;100
100;3;15;41,93042;100
100;2;2;41,93042;100
100;2;2;41,93042;100
100;2;2;41,93042;100
100;2;2;41,93042;100
100;2;2;41,93042;100
100;2;2;41,93042;100
100;3;15;41,93042;100
100;2;2;41,93042;100
100;2;2;42,26367;100
100;2;2;42,26367;100
100;2;2;42,26367;100
100;3;15;42,26367;100
100;2;2;42,26367;100
100;2;2;42,26367;100
100;2;2;42,26367;100
100;2;2;42,26367;100
100;2;2;42,26367;100
100;2;2;42,59692;100
100;3;15;42,59692;100
100;2;2;42,59692;100
100;3;15;42,59692;100
100;2;2;42,59692;100
100;3;15;42,59692;100
100;2;2;42,59692;100
100;2;2;42,59692;100
100;2;2;42,59692;100
100;3;15;42,59692;100
100;2;2;42,93018;100
100;2;2;42,93018;100
100;3;15;42,93018;100
100;2;2;42,93018;100
100;2;2;42,93018;100
100;3;15;42,93018;100
100;2;2;42,93018;100
100;3;15;42,93018;100
100;2;2;43,26343;100
100;2;2;43,26343;100
100;2;2;43,26343;100
100;3;15;43,26343;100
100;2;2;43,26343;100
100;2;2;43,26343;100
100;2;2;43,26343;100
100;2;2;43,26343;100
100;2;2;43,26343;100
100;3;15;43,59668;100
100;2;2;43,59668;100
100;3;15;43,59668;100
100;2;2;43,59668;100
100;2;2;43,59668;100
100;2;2;43,59668;100
100;2;2;43,59668;100
100;2;2;43,59668;100
100;2;2;43,59668;100
100;2;2;43,92993;100
100;3;15;43,92993;100
100;2;2;43,92993;100
100;2;2;43,92993;100
100;2;2;43,92993;100
100;3;15;43,92993;100
100;3;15;44,26318;100
100;3;15;44,26318;100
100;2;2;44,26318;100
100;2;2;44,26318;100
100;2;2;44,26318;100
100;2;2;44,26318;100
100;3;15;44,26318;100
100;2;2;44,26318;100
100;2;2;44,59644;100
100;2;2;44,59644;100
100;2;2;44,59644;100
100;2;2;44,59644;100
100;2;2;44,59644;100
100;2;2;44,59644;100
100;2;2;44,59644;100
100;3;15;44,59644;100
100;2;2;44,59644;100
100;3;15;44,59644;100
100;2;2;44,92969;100
100;2;2;44,92969;100
100;3;15;44,92969;100
100;2;2;44,92969;100
100;3;15;44,92969;100
100;2;2;44,92969;100
100;2;2;44,92969;100
100;3;15;44,92969;100
100;3;15;44,92969;100
100;2;2;44,92969;100
100;3;15;44,92969;100
100;2;2;45,26294;100
100;2;2;45,26294;100
100;3;15;45,26294;100
100;3;15;45,26294;100
100;2;2;45,26294;100
100;3;15;45,26294;100
100;3;15;45,26294;100
100;2;2;45,59619;100
100;2;2;45,59619;100
100;2;2;45,59619;100
100;3;15;45,59619;100
100;2;2;45,59619;100
100;3;15;45,59619;100
100;2;2;45,59619;100
100;2;2;45,59619;100
100;2;2;45,59619;100
100;2;2;45,92944;100
100;2;2;45,92944;100
100;3;15;45,92944;100
100;2;2;45,92944;100
100;2;2;45,92944;100
100;2;2;45,92944;100
100;2;2;45,92944;100
100;3;15;45,92944;100
100;3;15;46,2627;100
100;2;2;46,2627;100
100;2;2;46,2627;100
100;3;15;46,2627;100
100;2;2;46,2627;100
100;3;15;46,2627;100
100;2;2;46,2627;100
100;3;15;46,2627;100
100;2;2;46,2627;100
100;3;15;46,2627;100
100;3;15;46,59595;100
100;2;2;46,59595;100
100;2;2;46,59595;100
100;2;2;46,59595;100
100;2;2;46,59595;100
100;2;2;46,59595;100
100;2;2;46,59595;100
100;3;15;46,9292;100
100;2;2;46,9292;100
100;3;15;46,9292;100
100;2;2;46,9292;100
100;2;2;46,9292;100
100;2;2;46,9292;100
100;3;15;46,9292;100
100;2;2;46,9292;100
100;2;2;46,9292;100
100;2;2;47,26245;100
100;3;15;47,26245;100
100;2;2;47,26245;100
100;3;15;47,26245;100
100;2;2;47,26245;100
100;2;2;47,26245;100
100;2;2;47,26245;100
100;3;15;47,26245;100
100;2;2;47,26245;100
100;2;2;47,26245;100
100;3;15;47,26245;100
100;2;2;47,5957;100
100;2;2;47,5957;100
100;2;2;47,5957;100
100;3;15;47,5957;100
100;2;2;47,5957;100
100;2;2;47,92896;100
100;3;15;47,92896;100
100;2;2;47,92896;100
100;3;15;47,92896;100
100;2;2;47,92896;100
100;3;15;47,92896;100
100;2;2;47,92896;100
100;2;2;47,92896;100
100;2;2;48,26221;100
100;2;2;48,26221;100
100;2;2;48,26221;100
100;2;2;48,26221;100
100;2;2;48,26221;100
100;2;2;48,26221;100
100;2;2;48,26221;100
100;2;2;48,59546;100
100;3;15;48,59546;100
100;2;2;48,59546;100
100;3;15;48,59546;100
100;3;15;48,59546;100
100;2;2;48,59546;100
100;3;15;48,59546;100
100;3;15;48,59546;100
100;2;2;48,59546;100
100;2;2;48,59546;100
100;2;2;48,59546;100
100;2;2;48,92871;100
100;2;2;48,92871;100
100;2;2;48,92871;100
100;2;2;48,92871;100
100;3;15;48,92871;100
100;2;2;48,92871;100
100;2;2;48,92871;100
100;3;15;49,26196;100
100;2;2;49,26196;100
100;2;2;49,26196;100
100;3;15;49,26196;100
100;2;2;49,26196;100
100;3;15;49,26196;100
100;2;2;49,26196;100
100;3;15;49,26196;100
100;2;2;49,26196;100
100;2;2;49,26196;100
100;2;2;49,26196;100
100;2;2;49,26196;100
100;2;2;49,59521;100
100;3;15;49,59521;100
100;2;2;49,59521;100
100;2;2;49,59521;100
100;2;2;49,59521;100
100;2;2;49,59521;100
100;3;15;49,59521;100
100;3;15;49,59521;100
100;2;2;49,92847;100
100;2;2;49,92847;100
100;2;2;49,92847;100
100;2;2;49,92847;100
100;3;15;49,92847;100
100;2;2;49,92847;100
100;2;2;49,92847;100
100;2;2;49,92847;100
100;2;2;49,92847;100
100;3;15;49,92847;100
100;3;15;50,26172;100
100;2;2;50,26172;100
100;3;15;50,26172;100
100;2;2;50,26172;100
100;2;2;50,26172;100
100;2;2;50,26172;100
100;3;15;50,59497;100
100;3;15;50,59497;100
100;2;2;50,59497;100
100;2;2;50,59497;100
100;2;2;50,59497;100
100;2;2;50,59497;100
100;2;2;50,59497;100
100;2;2;50,59497;100
100;2;2;50,92822;100
100;3;15;50,92822;100
100;2;2;50,92822;100
100;3;15;50,92822;100
100;2;2;50,92822;100
100;2;2;50,92822;100
100;2;2;50,92822;100
100;3;15;51,26147;100
100;2;2;51,26147;100
100;3;15;51,26147;100
100;3;15;51,26147;100
100;2;2;51,26147;100
100;2;2;51,26147;100
100;3;15;51,26147;100
100;2;2;51,26147;100
100;3;15;51,59473;100
100;3;15;51,59473;100
100;2;2;51,59473;100
100;2;2;51,59473;100
100;2;2;51,59473;100
100;2;2;51,59473;100
100;2;2;51,59473;100
100;3;15;51,59473;100
100;3;15;51,59473;100
100;2;2;51,59473;100
100;3;15;51,59473;100
100;2;2;51,92798;100
100;3;15;51,92798;100
100;2;2;51,92798;100
100;2;2;51,92798;100
100;3;15;51,92798;100
100;2;2;52,26123;100
100;2;2;52,26123;100
100;3;15;52,26123;100
100;2;2;52,26123;100
100;2;2;52,26123;100
100;2;2;52,26123;100
100;2;2;52,26123;100
100;2;2;52,26123;100
100;2;2;52,59448;100
100;2;2;52,59448;100
100;2;2;52,59448;100
100;3;15;52,59448;100
100;2;2;52,59448;100
100;3;15;52,59448;100
100;2;2;52,59448;100
100;2;2;52,92773;100
100;2;2;52,92773;100
100;2;2;52,92773;100
100;3;15;52,92773;100
100;2;2;52,92773;100
100;3;15;52,92773;100
100;3;15;52,92773;100
100;2;2;52,92773;100
100;2;2;53,26099;100
100;2;2;53,26099;100
100;2;2;53,26099;100
100;2;2;53,26099;100
100;2;2;53,26099;100
100;3;15;53,26099;100
100;2;2;53,26099;100
100;2;2;53,26099;100
100;3;15;53,26099;100
100;2;2;53,26099;100
100;2;2;53,59424;100
100;2;2;53,59424;100
100;2;2;53,59424;100
100;3;15;53,59424;100
100;2;2;53,59424;100
100;3;15;53,92749;100
100;3;15;53,92749;100
100;2;2;53,92749;100
100;2;2;53,92749;100
100;2;2;53,92749;100
100;2;2;53,92749;100
100;2;2;53,92749;100
100;3;15;54,26074;100
100;3;15;54,26074;100
100;2;2;54,26074;100
100;2;2;54,26074;100
100;3;15;54,26074;100
100;3;15;54,26074;100
100;2;2;54,26074;100
100;3;15;54,26074;100
100;2;2;54,26074;100
100;3;15;54,26074;100
100;2;2;54,26074;100
100;2;2;54,59399;100
100;3;15;54,59399;100
100;3;15;54,59399;100
100;2;2;54,59399;100
100;3;15;54,59399;100
100;3;15;54,59399;100
100;3;15;54,59399;100
100;3;15;54,92725;100
100;2;2;54,92725;100
100;2;2;54,92725;100
100;2;2;54,92725;100
100;3;15;54,92725;100
100;2;2;54,92725;100
100;2;2;54,92725;100
100;3;15;54,92725;100
100;2;2;54,92725;100
100;2;2;54,92725;100
100;2;2;54,92725;100
100;3;15;54,92725;100
100;2;2;54,92725;100
100;3;15;55,2605;100
100;3;15;55,2605;100
100;2;2;55,2605;100
100;3;15;55,2605;100
100;2;2;55,2605;100
100;2;2;55,2605;100
100;3;15;55,2605;100
100;2;2;55,2605;100
100;2;2;55,2605;100
100;2;2;55,2605;100
100;2;2;55,2605;100
100;2;2;55,2605;100
100;2;2;55,59375;100
100;2;2;55,59375;100
100;2;2;55,59375;100
100;2;2;55,59375;100
100;2;2;55,59375;100
100;3;15;55,59375;100
100;2;2;55,59375;100
100;3;15;55,59375;100
100;2;2;55,927;100
100;3;15;55,927;100
100;2;2;55,927;100
100;3;15;55,927;100
100;2;2;55,927;100
100;2;2;55,927;100
100;2;2;55,927;100
100;2;2;55,927;100
100;3;15;55,927;100
100;2;2;55,927;100
100;2;2;55,927;100
100;2;2;55,927;100
100;2;2;56,26025;100
100;2;2;56,26025;100
100;3;15;56,26025;100
100;2;2;56,26025;100
100;2;2;56,26025;100
100;2;2;56,26025;100
100;2;2;56,26025;100
100;2;2;56,59351;100
100;3;15;56,59351;100
100;2;2;56,59351;100
100;2;2;56,59351;100
100;2;2;56,59351;100
100;2;2;56,59351;100
100;3;15;56,59351;100
100;2;2;56,59351;100
100;2;2;56,59351;100
100;3;15;56,59351;100
100;3;15;56,59351;100
100;3;15;56,92676;100
100;2;2;56,92676;100
100;2;2;56,92676;100
100;2;2;56,92676;100
100;2;2;56,92676;100
100;2;2;56,92676;100
100;2;2;56,92676;100
100;2;2;56,92676;100
100;2;2;57,26001;100
100;2;2;57,26001;100
100;2;2;57,26001;100
100;2;2;57,26001;100
100;2;2;57,26001;100
100;2;2;57,26001;100
100;2;2;57,26001;100
100;3;15;57,26001;100
100;3;15;57,26001;100
100;3;15;57,26001;100
100;2;2;57,59326;100
100;2;2;57,59326;100
100;2;2;57,59326;100
100;3;15;57,59326;100
100;2;2;57,59326;100
100;2;2;57,59326;100
100;3;15;57,59326;100
100;3;15;57,59326;100
100;2;2;57,59326;100
100;2;2;57,59326;100
100;2;2;57,59326;100
100;2;2;57,59326;100
100;2;2;57,92651;100
100;2;2;57,92651;100
100;2;2;57,92651;100
100;2;2;57,92651;100
100;3;15;57,92651;100
100;2;2;57,92651;100
100;2;2;57,92651;100
100;2;2;57,92651;100
100;2;2;57,92651;100
100;3;15;57,92651;100
100;2;2;57,92651;100
100;2;2;57,92651;100
100;2;2;57,92651;100
100;2;2;58,25977;100
100;2;2;58,25977;100
100;3;15;58,25977;100
100;2;2;58,25977;100
100;2;2;58,25977;100
100;2;2;58,25977;100
100;2;2;58,59302;100
100;3;15;58,59302;100
100;2;2;58,59302;100
100;2;2;58,59302;100
100;2;2;58,59302;100
100;2;2;58,59302;100
100;2;2;58,59302;100
100;2;2;58,59302;100
100;2;2;58,92627;100
100;3;15;58,92627;100
100;2;2;58,92627;100
100;3;15;58,92627;100
100;2;2;58,92627;100
100;2;2;58,92627;100
100;3;15;58,92627;100
100;2;2;58,92627;100
100;2;2;58,92627;100
100;3;15;58,92627;100
100;2;2;58,92627;100
100;2;2;59,25952;100
100;2;2;59,25952;100
100;3;15;59,25952;100
100;2;2;59,25952;100
100;3;15;59,25952;100
100;3;15;59,25952;100
100;2;2;59,25952;100
100;2;2;59,25952;100
100;2;2;59,25952;100
100;2;2;59,25952;100
100;2;2;59,59277;100
100;3;15;59,59277;100
100;3;15;59,59277;100
100;2;2;59,59277;100
100;3;15;59,59277;100
100;2;2;59,59277;100
100;3;15;59,59277;100
100;2;2;59,59277;100
100;2;2;59,59277;100
100;2;2;59,59277;100
100;2;2;59,59277;100
100;2;2;59,59277;100
100;2;2;59,92603;100
100;3;15;59,92603;100
100;2;2;59,92603;100
100;2;2;59,92603;100
100;2;2;59,92603;100
100;3;15;59,92603;100
100;2;2;59,92603;100
100;3;15;59,92603;100
100;3;15;0,2592773;100
100;3;15;0,2592773;100
100;2;2;0,2592773;100
100;3;15;0,2592773;100
100;2;2;0,2592773;100
100;3;15;0,2592773;100
100;2;2;0,2592773;100
100;2;2;0,2592773;100
100;2;2;0,2592773;100
100;3;15;0,2592773;100
100;3;15;0,2592773;100
100;2;2;0,5925293;100
100;2;2;0,5925293;100
100;3;15;0,5925293;100
100;2;2;0,5925293;100
100;2;2;0,5925293;100
100;2;2;0,5925293;100
100;3;15;0,5925293;100
100;2;2;0,5925293;100
100;3;15;0,5925293;100
100;2;2;0,9257813;100
100;3;15;0,9257813;100
100;2;2;0,9257813;100
100;2;2;0,9257813;100
100;2;2;0,9257813;100
100;2;2;0,9257813;100
100;2;2;0,9257813;100
100;3;15;1,259033;100
100;2;2;1,259033;100
100;2;2;1,259033;100
100;2;2;1,259033;100
100;3;15;1,259033;100
100;2;2;1,259033;100
100;2;2;1,259033;100
100;2;2;1,259033;100
100;2;2;1,259033;100
100;2;2;1,259033;100
100;3;15;1,592285;100
100;3;15;1,592285;100
100;3;15;1,592285;100
100;2;2;1,592285;100
100;3;15;1,592285;100
100;2;2;1,592285;100
100;3;15;1,592285;100
100;2;2;1,592285;100
100;2;2;1,592285;100
100;2;2;1,925537;100
100;2;2;1,925537;100
100;2;2;1,925537;100
100;2;2;1,925537;100
100;2;2;1,925537;100
100;2;2;1,925537;100
100;2;2;1,925537;100
100;2;2;1,925537;100
100;2;2;1,925537;100
100;3;15;2,258789;100
100;2;2;2,258789;100
100;2;2;2,258789;100
100;2;2;2,258789;100
100;3;15;2,258789;100
100;2;2;2,258789;100
100;3;15;2,258789;100
100;2;2;2,592041;100
100;3;15;2,592041;100
100;2;2;2,592041;100
100;2;2;2,592041;100
100;2;2;2,592041;100
100;2;2;2,592041;100
100;2;2;2,592041;100
100;2;2;2,592041;100
100;3;15;2,925293;100
100;2;2;2,925293;100
100;2;2;2,925293;100
100;2;2;2,925293;100
100;2;2;2,925293;100
100;2;2;3,258545;100
100;2;2;3,258545;100
100;3;15;3,258545;100
100;2;2;3,258545;100
100;3;15;3,258545;100
100;2;2;3,258545;100
100;3;15;3,258545;100
100;3;15;3,258545;100
100;3;15;3,591797;100
100;2;2;3,591797;100
100;3;15;3,591797;100
100;3;15;3,591797;100
100;2;2;3,591797;100
100;3;15;3,591797;100
100;2;2;3,591797;100
100;3;15;3,591797;100
100;2;2;3,925049;100
100;2;2;3,925049;100
100;3;15;3,925049;100
100;2;2;3,925049;100
100;2;2;3,925049;100
100;2;2;3,925049;100
100;3;15;3,925049;100
100;2;2;3,925049;100
100;2;2;4,258301;100
100;2;2;4,258301;100
100;3;15;4,258301;100
100;2;2;4,258301;100
100;2;2;4,258301;100
100;3;15;4,258301;100
100;3;15;4,258301;100
100;3;15;4,258301;100
100;2;2;4,258301;100
100;3;15;4,591553;100
100;2;2;4,591553;100
100;2;2;4,591553;100
100;3;15;4,591553;100
100;2;2;4,591553;100
100;2;2;4,591553;100
100;2;2;4,591553;100
100;2;2;4,591553;100
100;2;2;4,591553;100
100;2;2;4,924805;100
100;2;2;4,924805;100
100;2;2;4,924805;100
100;2;2;4,924805;100
100;2;2;4,924805;100
100;3;15;4,924805;100
100;3;15;5,258057;100
100;3;15;5,258057;100
100;3;15;5,258057;100
100;2;2;5,258057;100
100;2;2;5,258057;100
100;3;15;5,258057;100
100;2;2;5,258057;100
100;3;15;5,591309;100
100;3;15;5,591309;100
100;2;2;5,591309;100
100;2;2;5,591309;100
100;2;2;5,591309;100
100;2;2;5,591309;100
100;2;2;5,591309;100
100;2;2;5,591309;100
100;3;15;5,591309;100
100;2;2;5,591309;100
100;2;2;5,591309;100
100;2;2;5,924561;100
100;2;2;5,924561;100
100;2;2;5,924561;100
100;2;2;5,924561;100
100;2;2;5,924561;100
100;2;2;5,924561;100
100;3;15;5,924561;100
100;2;2;5,924561;100
100;3;15;5,924561;100
100;3;15;6,257813;100
100;3;15;6,257813;100
100;3;15;6,257813;100
100;2;2;6,257813;100
100;2;2;6,257813;100
100;3;15;6,257813;100
100;3;15;6,257813;100
100;2;2;6,257813;100
100;2;2;6,591064;100
100;3;15;6,591064;100
100;2;2;6,591064;100
100;2;2;6,591064;100
100;2;2;6,924316;100
100;2;2;6,924316;100
100;3;15;6,924316;100
100;2;2;6,924316;100
100;2;2;6,924316;100
100;2;2;6,924316;100
100;3;15;6,924316;100
100;2;2;6,924316;100
100;2;2;6,924316;100
100;2;2;6,924316;100
100;2;2;6,924316;100
100;3;15;6,924316;100
100;2;2;6,924316;100
100;2;2;6,924316;100
100;2;2;6,924316;100
100;2;2;7,257568;100
100;2;2;7,257568;100
100;2;2;7,257568;100
100;2;2;7,257568;100
100;2;2;7,257568;100
100;3;15;7,257568;100
100;3;15;7,257568;100
100;3;15;7,257568;100
100;3;15;7,257568;100
100;3;15;7,59082;100
100;2;2;7,59082;100
100;2;2;7,59082;100
100;3;15;7,59082;100
100;2;2;7,59082;100
100;3;15;7,59082;100
100;2;2;7,59082;100
100;2;2;7,59082;100
100;2;2;7,59082;100
100;3;15;7,59082;100
100;3;15;7,59082;100
100;3;15;7,924072;100
100;2;2;7,924072;100
100;3;15;7,924072;100
100;2;2;7,924072;100
100;3;15;7,924072;100
100;3;15;7,924072;100
100;3;15;7,924072;100
100;3;15;7,924072;100
100;2;2;7,924072;100
100;3;15;8,257324;100
100;2;2;8,257324;100
100;2;2;8,257324;100
100;2;2;8,257324;100
100;3;15;8,257324;100
100;2;2;8,257324;100
100;2;2;8,257324;100
100;2;2;8,257324;100
100;2;2;8,257324;100
100;2;2;8,257324;100
100;3;15;8,590576;100
100;2;2;8,590576;100
100;2;2;8,590576;100
100;3;15;8,590576;100
100;3;15;8,590576;100
100;2;2;8,590576;100
100;2;2;8,590576;100
100;2;2;8,590576;100
100;3;15;8,590576;100
100;2;2;8,923828;100
100;2;2;8,923828;100
100;3;15;8,923828;100
100;2;2;8,923828;100
100;3;15;8,923828;100
100;2;2;8,923828;100
100;3;15;9,25708;100
100;2;2;9,25708;100
100;2;2;9,25708;100
100;2;2;9,25708;100
100;3;15;9,25708;100
100;2;2;9,25708;100
100;2;2;9,25708;100
100;2;2;9,25708;100
100;2;2;9,590332;100
100;2;2;9,590332;100
100;3;15;9,590332;100
100;2;2;9,590332;100
100;3;15;9,590332;100
100;2;2;9,590332;100
100;2;2;9,590332;100
100;3;15;9,590332;100
100;2;2;9,923584;100
100;2;2;9,923584;100
100;2;2;9,923584;100
100;2;2;9,923584;100
100;3;15;9,923584;100
100;2;2;9,923584;100
100;2;2;10,25684;100
100;3;15;10,25684;100
100;2;2;10,25684;100
100;3;15;10,25684;100
100;2;2;10,25684;100
100;3;15;10,25684;100
100;2;2;10,25684;100
100;3;15;10,25684;100
100;2;2;10,25684;100
100;2;2;10,25684;100
100;2;2;10,59009;100
100;2;2;10,59009;100
100;3;15;10,59009;100
100;2;2;10,59009;100
100;2;2;10,59009;100
100;3;15;10,59009;100
100;3;15;10,59009;100
100;2;2;10,59009;100
100;3;15;10,59009;100
100;2;2;10,59009;100
100;2;2;10,92334;100
100;2;2;10,92334;100
100;3;15;10,92334;100
100;2;2;10,92334;100
100;3;15;10,92334;100
100;3;15;10,92334;100
100;2;2;10,92334;100
100;2;2;10,92334;100
100;2;2;10,92334;100
100;3;15;11,25659;100
100;2;2;11,25659;100
100;2;2;11,25659;100
100;2;2;11,25659;100
100;2;2;11,25659;100
100;2;2;11,25659;100
100;2;2;11,25659;100
100;2;2;11,58984;100
100;2;2;11,58984;100
100;2;2;11,58984;100
100;2;2;11,58984;100
100;2;2;11,58984;100
100;3;15;11,58984;100
100;2;2;11,58984;100
100;2;2;11,58984;100
100;3;15;11,9231;100
100;2;2;11,9231;100
100;2;2;11,9231;100
100;3;15;11,9231;100
100;3;15;11,9231;100
100;2;2;11,9231;100
100;3;15;11,9231;100
100;3;15;11,9231;100
100;2;2;11,9231;100
100;3;15;11,9231;100
100;2;2;12,25635;100
100;3;15;12,25635;100
100;2;2;12,25635;100
100;2;2;12,25635;100
100;2;2;12,25635;100
100;2;2;12,25635;100
100;3;15;12,25635;100
100;2;2;12,25635;100
100;2;2;12,25635;100
100;3;15;12,25635;100
100;3;15;12,25635;100
100;2;2;12,5896;100
100;2;2;12,5896;100
100;2;2;12,5896;100
100;3;15;12,5896;100
100;2;2;12,5896;100
100;2;2;12,5896;100
100;2;2;12,5896;100
100;2;2;12,5896;100
100;3;15;12,5896;100
100;2;2;12,92285;100
100;2;2;12,92285;100
100;3;15;12,92285;100
100;2;2;12,92285;100
100;3;15;12,92285;100
100;3;15;12,92285;100
100;2;2;12,92285;100
100;3;15;12,92285;100
100;2;2;12,92285;100
100;2;2;13,2561;100
100;3;15;13,2561;100
100;2;2;13,2561;100
100;2;2;13,2561;100
100;2;2;13,2561;100
100;3;15;13,2561;100
100;3;15;13,2561;100
100;2;2;13,2561;100
100;2;2;13,2561;100
100;3;15;13,2561;100
100;2;2;13,58936;100
100;2;2;13,58936;100
100;3;15;13,58936;100
100;2;2;13,58936;100
100;3;15;13,58936;100
100;2;2;13,58936;100
100;2;2;13,58936;100
100;2;2;13,58936;100
100;2;2;13,58936;100
100;3;15;13,92261;100
100;2;2;13,92261;100
100;2;2;13,92261;100
100;3;15;13,92261;100
100;2;2;13,92261;100
100;3;15;13,92261;100
100;2;2;13,92261;100
100;2;2;14,25586;100
100;2;2;14,25586;100
100;3;15;14,25586;100
100;2;2;14,25586;100
100;2;2;14,25586;100
100;2;2;14,25586;100
100;3;15;14,25586;100
100;2;2;14,25586;100
100;2;2;14,25586;100
100;2;2;14,58911;100
100;2;2;14,58911;100
100;2;2;14,58911;100
100;3;15;14,58911;100
100;2;2;14,58911;100
100;3;15;14,58911;100
100;2;2;14,58911;100
100;3;15;14,58911;100
100;2;2;14,58911;100
100;2;2;14,92236;100
100;2;2;14,92236;100
100;2;2;14,92236;100
100;2;2;14,92236;100
100;2;2;14,92236;100
100;3;15;14,92236;100
100;3;15;15,25562;100
100;2;2;15,25562;100
100;2;2;15,25562;100
100;2;2;15,25562;100
100;2;2;15,58887;100
100;2;2;15,58887;100
100;2;2;15,58887;100
100;2;2;15,58887;100
100;3;15;15,58887;100
100;2;2;15,58887;100
100;2;2;15,58887;100
100;2;2;15,58887;100
100;2;2;15,58887;100
100;2;2;15,92212;100
100;2;2;15,92212;100
100;3;15;15,92212;100
100;3;15;15,92212;100
100;2;2;15,92212;100
100;2;2;15,92212;100
100;2;2;16,25537;100
100;2;2;16,25537;100
100;2;2;16,25537;100
100;2;2;16,25537;100
100;3;15;16,25537;100
100;2;2;16,25537;100
100;2;2;16,25537;100
100;2;2;16,58862;100
100;3;15;16,58862;100
100;2;2;16,58862;100
100;2;2;16,58862;100
100;2;2;16,58862;100
100;2;2;16,58862;100
100;3;15;16,58862;100
100;3;15;16,92188;100
100;3;15;16,92188;100
100;2;2;16,92188;100
100;2;2;16,92188;100
100;3;15;16,92188;100
100;2;2;16,92188;100
100;3;15;16,92188;100
100;3;15;16,92188;100
100;2;2;16,92188;100
100;3;15;17,25513;100
100;3;15;17,25513;100
100;3;15;17,25513;100
100;3;15;17,25513;100
100;2;2;17,25513;100
100;2;2;17,25513;100
100;3;15;17,25513;100
100;2;2;17,25513;100
100;2;2;17,25513;100
100;2;2;17,25513;100
100;2;2;17,25513;100
100;2;2;17,58838;100
100;3;15;17,58838;100
100;3;15;17,58838;100
100;3;15;17,58838;100
100;3;15;17,58838;100
100;2;2;17,58838;100
100;2;2;17,58838;100
100;2;2;17,58838;100
100;3;15;17,58838;100
100;2;2;17,58838;100
100;2;2;17,58838;100
100;2;2;17,58838;100
100;2;2;17,92163;100
100;3;15;17,92163;100
100;2;2;17,92163;100
100;2;2;17,92163;100
100;2;2;18,25488;100
100;2;2;18,25488;100
100;3;15;18,25488;100
100;2;2;18,25488;100
100;2;2;18,25488;100
100;3;15;18,25488;100
100;3;15;18,25488;100
100;2;2;18,25488;100
100;2;2;18,58813;100
100;2;2;18,58813;100
100;2;2;18,58813;100
100;2;2;18,58813;100
100;3;15;18,58813;100
100;3;15;18,58813;100
100;3;15;18,58813;100
100;3;15;18,58813;100
100;2;2;18,92139;100
100;3;15;18,92139;100
100;2;2;18,92139;100
100;2;2;18,92139;100
100;2;2;18,92139;100
100;2;2;18,92139;100
100;2;2;19,25464;100
100;2;2;19,25464;100
100;3;15;19,25464;100
100;2;2;19,25464;100
100;3;15;19,25464;100
100;3;15;19,25464;100
100;2;2;19,25464;100
100;2;2;19,25464;100
100;2;2;19,25464;100
100;2;2;19,25464;100
100;2;2;19,25464;100
100;2;2;19,58789;100
100;3;15;19,58789;100
100;2;2;19,58789;100
100;2;2;19,58789;100
100;2;2;19,58789;100
100;2;2;19,58789;100
100;2;2;19,58789;100
100;3;15;19,58789;100
100;2;2;19,58789;100
100;2;2;19,92114;100
100;3;15;19,92114;100
100;3;15;19,92114;100
100;3;15;19,92114;100
100;3;15;19,92114;100
100;2;2;20,25439;100
100;2;2;20,25439;100
100;2;2;20,25439;100
100;2;2;20,25439;100
100;2;2;20,25439;100
100;2;2;20,25439;100
100;2;2;20,25439;100
100;3;15;20,25439;100
100;3;15;20,25439;100
100;2;2;20,25439;100
100;2;2;20,25439;100
100;3;15;20,25439;100
100;3;15;20,58765;100
100;2;2;20,58765;100
100;2;2;20,58765;100
100;2;2;20,58765;100
100;3;15;20,58765;100
100;2;2;20,58765;100
100;3;15;20,58765;100
100;2;2;20,58765;100
100;3;15;20,9209;100
100;2;2;20,9209;100
100;3;15;20,9209;100
100;3;15;20,9209;100
100;3;15;20,9209;100
100;3;15;20,9209;100
100;3;15;20,9209;100
100;2;2;20,9209;100
100;3;15;21,25415;100
100;3;15;21,25415;100
100;2;2;21,25415;100
100;3;15;21,25415;100
100;2;2;21,25415;100
100;2;2;21,25415;100
100;3;15;21,25415;100
100;3;15;21,25415;100
100;2;2;21,25415;100
100;2;2;21,25415;100
100;2;2;21,25415;100
100;3;15;21,25415;100
100;2;2;21,5874;100
100;3;15;21,5874;100
100;3;15;21,5874;100
100;3;15;21,5874;100
100;3;15;21,5874;100
100;2;2;21,92065;100
100;3;15;21,92065;100
100;3;15;21,92065;100
100;3;15;21,92065;100
100;3;15;21,92065;100
100;3;15;21,92065;100
100;2;2;21,92065;100
100;3;15;22,25391;100
100;3;15;22,25391;100
100;3;15;22,25391;100
100;2;2;22,25391;100
100;2;2;22,25391;100
100;2;2;22,25391;100
100;3;15;22,25391;100
100;2;2;22,58716;100
100;2;2;22,58716;100
100;2;2;22,58716;100
100;3;15;22,58716;100
100;2;2;22,58716;100
100;3;15;22,58716;100
100;3;15;22,58716;100
100;3;15;22,58716;100
100;2;2;22,58716;100
100;2;2;22,58716;100
100;2;2;22,58716;100
100;2;2;22,58716;100
100;2;2;22,58716;100
100;2;2;22,58716;100
100;3;15;22,92041;100
100;2;2;22,92041;100
100;2;2;22,92041;100
100;2;2;22,92041;100
100;2;2;22,92041;100
100;3;15;22,92041;100
100;2;2;22,92041;100
100;2;2;22,92041;100
100;2;2;22,92041;100
100;2;2;22,92041;100
100;2;2;22,92041;100
100;2;2;22,92041;100
100;3;15;23,25366;100
100;3;15;23,25366;100
100;2;2;23,25366;100
100;2;2;23,25366;100
100;2;2;23,25366;100
100;2;2;23,25366;100
100;3;15;23,25366;100
100;2;2;23,58691;100
100;3;15;23,58691;100
100;2;2;23,58691;100
100;3;15;23,58691;100
100;2;2;23,58691;100
100;3;15;23,58691;100
100;3;15;23,58691;100
100;3;15;23,92017;100
100;2;2;23,92017;100
100;2;2;23,92017;100
100;2;2;23,92017;100
100;2;2;23,92017;100
100;2;2;23,92017;100
100;2;2;23,92017;100
100;2;2;23,92017;100
100;3;15;24,25342;100
100;2;2;24,25342;100
100;3;15;24,25342;100
100;2;2;24,25342;100
100;2;2;24,25342;100
100;3;15;24,25342;100
100;2;2;24,25342;100
100;2;2;24,25342;100
100;2;2;24,25342;100
100;2;2;24,25342;100
100;2;2;24,25342;100
100;2;2;24,58667;100
100;2;2;24,58667;100
100;2;2;24,58667;100
100;2;2;24,58667;100
100;2;2;24,58667;100
100;3;15;24,58667;100
100;2;2;24,91992;100
100;2;2;24,91992;100
100;3;15;24,91992;100
100;2;2;24,91992;100
100;2;2;24,91992;100
100;3;15;24,91992;100
100;3;15;24,91992;100
100;3;15;24,91992;100
100;3;15;24,91992;100
100;3;15;24,91992;100
100;2;2;24,91992;100
100;3;15;25,25317;100
100;2;2;25,25317;100
100;3;15;25,25317;100
100;3;15;25,25317;100
100;2;2;25,25317;100
100;2;2;25,25317;100
100;3;15;25,25317;100
100;2;2;25,25317;100
100;2;2;25,25317;100
100;2;2;25,25317;100
100;2;2;25,25317;100
100;3;15;25,58643;100
100;2;2;25,58643;100
100;2;2;25,58643;100
100;2;2;25,58643;100
100;3;15;25,58643;100
100;2;2;25,58643;100
100;3;15;25,58643;100
100;2;2;25,58643;100
100;2;2;25,58643;100
100;2;2;25,58643;100
100;2;2;25,91968;100
100;2;2;25,91968;100
100;3;15;25,91968;100
100;2;2;25,91968;100
100;3;15;25,91968;100
100;3;15;25,91968;100
100;3;15;26,25293;100
100;2;2;26,25293;100
100;2;2;26,25293;100
100;2;2;26,25293;100
100;2;2;26,25293;100
100;3;15;26,25293;100
100;2;2;26,25293;100
100;2;2;26,58618;100
100;3;15;26,58618;100
100;3;15;26,58618;100
100;2;2;26,58618;100
100;2;2;26,58618;100
100;2;2;26,58618;100
100;3;15;26,58618;100
100;3;15;26,58618;100
100;3;15;26,58618;100
100;2;2;26,58618;100
100;2;2;26,58618;100
100;2;2;26,91943;100
100;3;15;26,91943;100
100;2;2;26,91943;100
100;2;2;26,91943;100
100;2;2;26,91943;100
100;3;15;26,91943;100
100;3;15;26,91943;100
100;2;2;26,91943;100
100;2;2;26,91943;100
100;3;15;26,91943;100
100;2;2;27,25269;100
100;2;2;27,25269;100
100;3;15;27,25269;100
100;2;2;27,25269;100
100;2;2;27,25269;100
100;3;15;27,25269;100
100;2;2;27,25269;100
100;2;2;27,25269;100
100;2;2;27,25269;100
100;2;2;27,25269;100
100;2;2;27,25269;100
100;2;2;27,25269;100
100;2;2;27,58594;100
100;3;15;27,58594;100
100;2;2;27,58594;100
100;2;2;27,58594;100
100;2;2;27,58594;100
100;2;2;27,58594;100
100;2;2;27,58594;100
100;2;2;27,91919;100
100;2;2;27,91919;100
100;2;2;27,91919;100
100;2;2;27,91919;100
100;2;2;27,91919;100
100;2;2;28,25244;100
100;2;2;28,25244;100
100;3;15;28,25244;100
100;3;15;28,25244;100
100;2;2;28,25244;100
100;2;2;28,25244;100
100;2;2;28,25244;100
100;2;2;28,25244;100
100;2;2;28,25244;100
100;3;15;28,58569;100
100;2;2;28,58569;100
100;2;2;28,58569;100
100;2;2;28,58569;100
100;2;2;28,58569;100
100;2;2;28,58569;100
100;2;2;28,58569;100
100;3;15;28,58569;100
100;2;2;28,58569;100
100;3;15;28,91895;100
100;2;2;28,91895;100
100;3;15;28,91895;100
100;3;15;28,91895;100
100;2;2;28,91895;100
100;2;2;28,91895;100
100;2;2;28,91895;100
100;2;2;29,2522;100
100;2;2;29,2522;100
100;2;2;29,2522;100
100;2;2;29,2522;100
100;2;2;29,2522;100
100;3;15;29,2522;100
100;2;2;29,2522;100
100;2;2;29,2522;100
100;2;2;29,2522;100
100;2;2;29,58545;100
100;2;2;29,58545;100
100;2;2;29,58545;100
100;2;2;29,58545;100
100;3;15;29,58545;100
100;2;2;29,58545;100
100;2;2;29,58545;100
100;2;2;29,58545;100
100;2;2;29,58545;100
100;2;2;29,58545;100
100;2;2;29,9187;100
100;2;2;29,9187;100
100;2;2;29,9187;100
100;2;2;29,9187;100
100;3;15;29,9187;100
100;3;15;29,9187;100
100;2;2;29,9187;100
100;3;15;30,25195;100
100;2;2;30,25195;100
100;3;15;30,25195;100
100;2;2;30,25195;100
100;2;2;30,25195;100
100;2;2;30,25195;100
100;2;2;30,25195;100
100;3;15;30,58521;100
100;3;15;30,58521;100
100;3;15;30,58521;100
100;3;15;30,58521;100
100;2;2;30,58521;100
100;2;2;30,58521;100
100;2;2;30,58521;100
100;2;2;30,58521;100
100;2;2;30,58521;100
100;2;2;30,58521;100
100;2;2;30,58521;100
100;2;2;30,91846;100
100;3;15;30,91846;100
100;2;2;30,91846;100
100;3;15;30,91846;100
100;2;2;30,91846;100
100;3;15;30,91846;100
100;2;2;30,91846;100
100;2;2;30,91846;100
100;2;2;30,91846;100
100;3;15;31,25171;100
100;2;2;31,25171;100
100;2;2;31,25171;100
100;2;2;31,25171;100
100;2;2;31,25171;100
100;2;2;31,25171;100
100;3;15;31,25171;85
100;2;2;31,58496;85
100;3;15;31,58496;70
76;2;2;31,58496;68
36;2;2;31,58496;66
20;3;15;31,58496;51
12;3;15;31,58496;36
Boss