100;2;2;14,06909;100
100;2;2;14,06909;100
100;2;2;14,06909;100
100;2;2;14,06909;100
100;2;2;14,06909;100
100;2;2;14,06909;100
100;2;2;14,06909;100
100;2;2;14,40234;100
100;3;15;14,40234;100
100;2;2;14,40234;100
100;3;15;14,40234;100
100;3;15;14,40234;100
100;3;15;14,40234;100
100;2;2;14,40234;100
100;3;15;14,40234;100
100;2;2;14,40234;100
100;2;2;14,40234;100
100;3;15;14,7356;100
100;3;15;14,7356;100
100;2;2;14,7356;100
100;3;15;14,7356;100
100;3;15;14,7356;100
100;3;15;14,7356;100
100;2;2;14,7356;100
100;3;15;14,7356;100
100;2;2;14,7356;100
100;3;15;14,7356;100
100;2;2;14,7356;100
100;2;2;14,7356;100
100;3;15;14,7356;100
100;3;15;14,7356;100
100;3;15;15,06885;100
100;2;2;15,06885;100
100;3;15;15,06885;100
100;3;15;15,06885;100
100;3;15;15,06885;100
100;3;15;15,06885;100
100;2;2;15,06885;100
100;2;2;15,06885;100
100;2;2;15,06885;100
100;3;15;15,06885;100
100;2;2;15,4021;100
100;3;15;15,4021;100
100;2;2;15,4021;100
100;2;2;15,4021;100
100;3;15;15,4021;100
100;2;2;15,4021;100
100;3;15;15,4021;100
100;2;2;15,4021;100
100;2;2;15,4021;100
100;2;2;15,4021;100
100;3;15;15,4021;100
100;3;15;15,73535;100
100;3;15;15,73535;100
100;2;2;15,73535;100
100;3;15;15,73535;100
100;2;2;15,73535;100
100;2;2;15,73535;100
100;2;2;16,0686;100
100;2;2;16,0686;100
100;3;15;16,0686;100
100;3;15;16,0686;100
100;3;15;16,0686;100
100;2;2;16,0686;100
100;3;15;16,0686;100
100;3;15;16,0686;100
100;2;2;16,0686;100
100;2;2;16,40186;100
100;2;2;16,40186;100
100;2;2;16,40186;100
100;2;2;16,40186;100
100;2;2;16,40186;100
100;3;15;16,40186;100
100;2;2;16,40186;100
100;3;15;16,40186;100
100;2;2;16,40186;100
100;2;2;16,40186;100
100;2;2;16,73511;100
100;3;15;16,73511;100
100;2;2;16,73511;100
100;2;2;16,73511;100
100;2;2;16,73511;100
100;3;15;16,73511;100
100;2;2;16,73511;100
100;3;15;16,73511;100
100;3;15;16,73511;100
100;2;2;17,06836;100
100;3;15;17,06836;100
100;2;2;17,06836;100
100;3;15;17,06836;100
100;2;2;17,40161;100
100;2;2;17,40161;100
100;3;15;17,40161;100
100;3;15;17,40161;100
100;3;15;17,40161;100
100;2;2;17,40161;100
100;2;2;17,40161;100
100;2;2;17,40161;100
100;2;2;17,40161;100
100;3;15;17,73486;100
100;3;15;17,73486;100
100;3;15;17,73486;100
100;2;2;17,73486;100
100;2;2;17,73486;100
100;3;15;17,73486;100
100;2;2;17,73486;100
100;2;2;17,73486;100
100;2;2;17,73486;100
100;2;2;17,73486;100
100;3;15;18,06812;100
100;3;15;18,06812;100
100;2;2;18,06812;100
100;2;2;18,06812;100
100;3;15;18,06812;100
100;3;15;18,06812;100
100;3;15;18,06812;100
100;3;15;18,06812;100
100;2;2;18,40137;100
100;2;2;18,40137;100
100;2;2;18,40137;100
100;2;2;18,40137;100
100;3;15;18,40137;100
100;2;2;18,40137;100
100;2;2;18,40137;100
100;3;15;18,40137;100
100;2;2;18,73462;100
100;2;2;18,73462;100
100;2;2;18,73462;100
100;2;2;18,73462;100
100;3;15;18,73462;100
100;3;15;18,73462;100
100;3;15;18,73462;100
100;2;2;18,73462;100
100;2;2;18,73462;100
100;3;15;19,06787;100
100;2;2;19,06787;100
100;2;2;19,06787;100
100;3;15;19,06787;100
100;3;15;19,06787;100
100;2;2;19,06787;100
100;2;2;19,06787;100
100;2;2;19,40112;100
100;3;15;19,40112;100
100;2;2;19,40112;100
100;3;15;19,40112;100
100;2;2;19,40112;100
100;2;2;19,73438;100
100;3;15;19,73438;100
100;2;2;19,73438;100
100;2;2;19,73438;100
100;2;2;19,73438;100
100;3;15;19,73438;100
100;3;15;19,73438;100
100;2;2;19,73438;100
100;2;2;19,73438;100
100;2;2;20,06763;100
100;3;15;20,06763;100
100;3;15;20,06763;100
100;2;2;20,06763;100
100;2;2;20,06763;100
100;2;2;20,06763;100
100;2;2;20,06763;100
100;2;2;20,06763;100
100;2;2;20,06763;100
100;2;2;20,40088;100
100;2;2;20,40088;100
100;2;2;20,40088;100
100;3;15;20,40088;100
100;3;15;20,40088;100
100;2;2;20,40088;100
100;3;15;20,73413;100
100;2;2;20,73413;100
100;2;2;20,73413;100
100;2;2;20,73413;100
100;3;15;20,73413;100
100;2;2;20,73413;100
100;2;2;20,73413;100
100;2;2;20,73413;100
100;3;15;20,73413;100
100;2;2;20,73413;100
100;2;2;20,73413;100
100;3;15;21,06738;100
100;3;15;21,06738;100
100;2;2;21,06738;100
100;2;2;21,06738;100
100;2;2;21,06738;100
100;2;2;21,06738;100
100;2;2;21,06738;100
100;2;2;21,06738;100
100;2;2;21,06738;100
100;2;2;21,06738;100
100;2;2;21,06738;100
100;2;2;21,06738;100
100;3;15;21,40063;100
100;2;2;21,40063;100
100;3;15;21,40063;100
100;2;2;21,40063;100
100;2;2;21,40063;100
100;2;2;21,40063;100
100;2;2;21,40063;100
100;2;2;21,40063;100
100;3;15;21,40063;100
100;3;15;21,40063;100
100;2;2;21,73389;100
100;3;15;21,73389;100
100;2;2;21,73389;100
100;3;15;21,73389;100
100;3;15;21,73389;100
100;3;15;21,73389;100
100;2;2;21,73389;100
100;2;2;21,73389;100
100;3;15;21,73389;100
100;3;15;21,73389;100
100;2;2;21,73389;100
100;3;15;21,73389;100
100;3;15;22,06714;100
100;2;2;22,06714;100
100;2;2;22,06714;100
100;3;15;22,06714;100
100;3;15;22,06714;100
100;2;2;22,06714;100
100;2;2;22,06714;100
100;2;2;22,06714;100
100;2;2;22,06714;100
100;2;2;22,40039;100
100;3;15;22,40039;100
100;3;15;22,40039;100
100;2;2;22,40039;100
100;2;2;22,40039;100
100;2;2;22,40039;100
100;3;15;22,40039;100
100;2;2;22,40039;100
100;2;2;22,40039;100
100;3;15;22,73364;100
100;2;2;22,73364;100
100;3;15;22,73364;100
100;3;15;22,73364;100
100;2;2;22,73364;100
100;2;2;22,73364;100
100;3;15;22,73364;100
100;3;15;22,73364;100
100;2;2;23,06689;100
100;2;2;23,06689;100
100;3;15;23,06689;100
100;3;15;23,06689;100
100;2;2;23,06689;100
100;3;15;23,06689;100
100;3;15;23,06689;100
100;2;2;23,06689;100
100;3;15;23,40015;100
100;2;2;23,40015;100
100;2;2;23,40015;100
100;2;2;23,40015;100
100;2;2;23,40015;100
100;3;15;23,40015;100
100;2;2;23,40015;100
100;3;15;23,40015;100
100;2;2;23,7334;100
100;3;15;23,7334;100
100;2;2;23,7334;100
100;2;2;23,7334;100
100;2;2;23,7334;100
100;3;15;23,7334;100
100;2;2;23,7334;100
100;3;15;23,7334;100
100;3;15;23,7334;100
100;2;2;23,7334;100
100;2;2;24,06665;100
100;3;15;24,06665;100
100;2;2;24,06665;100
100;3;15;24,06665;100
100;3;15;24,06665;100
100;3;15;24,3999;100
100;3;15;24,3999;100
100;3;15;24,3999;100
100;2;2;24,3999;100
100;2;2;24,3999;100
100;2;2;24,3999;100
100;3;15;24,3999;100
100;2;2;24,73315;100
100;2;2;24,73315;100
100;2;2;24,73315;100
100;3;15;24,73315;100
100;3;15;24,73315;100
100;3;15;24,73315;100
100;3;15;24,73315;100
100;3;15;24,73315;100
100;3;15;24,73315;100
100;2;2;24,73315;100
100;2;2;24,73315;100
100;3;15;25,06641;100
100;2;2;25,06641;100
100;2;2;25,06641;100
100;2;2;25,06641;100
100;3;15;25,06641;100
100;2;2;25,06641;100
100;3;15;25,06641;100
100;2;2;25,06641;100
100;3;15;25,06641;100
100;2;2;25,39966;100
100;2;2;25,39966;100
100;2;2;25,39966;100
100;2;2;25,39966;100
100;2;2;25,39966;100
100;3;15;25,39966;100
100;2;2;25,39966;100
100;2;2;25,39966;100
100;3;15;25,39966;100
100;3;15;25,73291;100
100;3;15;25,73291;100
100;2;2;25,73291;100
100;2;2;25,73291;100
100;2;2;25,73291;100
100;2;2;25,73291;100
100;2;2;25,73291;100
100;3;15;25,73291;100
100;3;15;25,73291;100
100;3;15;25,73291;100
100;3;15;26,06616;100
100;2;2;26,06616;100
100;2;2;26,06616;100
100;2;2;26,06616;100
100;3;15;26,06616;100
100;2;2;26,06616;100
100;2;2;26,06616;100
100;3;15;26,06616;100
100;2;2;26,39941;100
100;2;2;26,39941;100
100;2;2;26,39941;100
100;3;15;26,39941;100
100;2;2;26,39941;100
100;3;15;26,39941;100
100;3;15;26,39941;100
100;3;15;26,39941;100
100;3;15;26,39941;100
100;2;2;26,39941;100
100;2;2;26,73267;100
100;2;2;26,73267;100
100;3;15;26,73267;100
100;2;2;26,73267;100
100;2;2;26,73267;100
100;3;15;26,73267;100
100;2;2;26,73267;100
100;2;2;26,73267;100
100;2;2;26,73267;100
100;2;2;26,73267;100
100;2;2;26,73267;100
100;3;15;27,06592;100
100;3;15;27,06592;100
100;3;15;27,06592;100
100;3;15;27,06592;100
100;2;2;27,06592;100
100;3;15;27,06592;100
100;3;15;27,06592;100
100;3;15;27,06592;100
100;3;15;27,06592;100
100;2;2;27,39917;100
100;2;2;27,39917;100
100;2;2;27,39917;100
100;2;2;27,39917;100
100;3;15;27,39917;100
100;2;2;27,39917;100
100;3;15;27,39917;100
100;3;15;27,39917;100
100;2;2;27,39917;100
100;3;15;27,73242;100
100;3;15;27,73242;100
100;3;15;27,73242;100
100;2;2;27,73242;100
100;3;15;27,73242;100
100;3;15;27,73242;100
100;3;15;27,73242;100
100;3;15;27,73242;100
100;2;2;27,73242;100
100;2;2;27,73242;100
100;3;15;28,06567;100
100;3;15;28,06567;100
100;3;15;28,06567;100
100;3;15;28,06567;100
100;2;2;28,06567;100
100;2;2;28,06567;100
100;2;2;28,39893;100
100;3;15;28,39893;100
100;3;15;28,39893;100
100;3;15;28,39893;100
100;3;15;28,39893;100
100;3;15;28,39893;100
100;2;2;28,39893;100
100;2;2;28,39893;100
100;3;15;28,39893;100
100;3;15;28,73218;100
100;2;2;28,73218;100
100;3;15;28,73218;100
100;2;2;28,73218;100
100;2;2;28,73218;100
100;2;2;28,73218;100
100;3;15;28,73218;100
100;2;2;28,73218;100
100;2;2;28,73218;100
100;3;15;29,06543;100
100;3;15;29,06543;100
100;3;15;29,06543;100
100;3;15;29,06543;100
100;2;2;29,06543;100
100;2;2;29,06543;100
100;2;2;29,06543;100
100;2;2;29,39868;100
100;3;15;29,39868;100
100;3;15;29,39868;100
100;3;15;29,39868;100
100;3;15;29,39868;100
100;2;2;29,39868;100
100;2;2;29,39868;100
100;2;2;29,39868;100
100;2;2;29,39868;100
100;2;2;29,39868;100
100;3;15;29,39868;100
100;2;2;29,73193;100
100;2;2;29,73193;100
100;2;2;29,73193;100
100;3;15;29,73193;100
100;2;2;29,73193;100
100;2;2;29,73193;100
100;3;15;29,73193;100
100;2;2;29,73193;100
100;2;2;29,73193;100
100;2;2;29,73193;100
100;2;2;29,73193;100
100;2;2;29,73193;100
100;2;2;29,73193;100
100;3;15;30,06519;100
100;3;15;30,06519;100
100;2;2;30,06519;100
100;2;2;30,06519;100
100;3;15;30,06519;100
100;3;15;30,06519;100
100;3;15;30,06519;100
100;2;2;30,06519;100
100;3;15;30,39844;100
100;2;2;30,39844;100
100;3;15;30,39844;100
100;2;2;30,39844;100
100;2;2;30,39844;100
100;2;2;30,39844;100
100;3;15;30,39844;100
100;2;2;30,39844;100
100;3;15;30,39844;100
100;2;2;30,39844;100
100;2;2;30,39844;100
100;3;15;30,39844;100
100;3;15;30,39844;100
100;2;2;30,73169;100
100;2;2;30,73169;100
100;2;2;30,73169;100
100;2;2;30,73169;100
100;2;2;30,73169;100
100;3;15;30,73169;100
100;3;15;30,73169;100
100;2;2;30,73169;100
100;3;15;30,73169;100
100;3;15;30,73169;100
100;3;15;30,73169;100
100;2;2;31,06494;100
100;3;15;31,06494;100
100;3;15;31,06494;100
100;2;2;31,06494;100
100;2;2;31,06494;100
100;2;2;31,06494;100
100;3;15;31,06494;100
100;3;15;31,06494;100
100;2;2;31,06494;100
100;2;2;31,06494;100
100;3;15;31,39819;100
100;3;15;31,39819;100
100;2;2;31,39819;100
100;2;2;31,39819;100
100;2;2;31,39819;100
100;2;2;31,39819;100
100;3;15;31,39819;100
100;2;2;31,39819;100
100;3;15;31,39819;100
100;2;2;31,39819;100
100;2;2;31,39819;100
100;3;15;31,39819;100
100;2;2;31,39819;100
100;2;2;31,73145;100
100;3;15;31,73145;100
100;3;15;31,73145;100
100;3;15;31,73145;100
100;3;15;31,73145;100
100;3;15;31,73145;100
100;2;2;31,73145;100
100;3;15;31,73145;100
100;3;15;32,0647;100
100;2;2;32,0647;100
100;2;2;32,0647;100
100;2;2;32,0647;100
100;3;15;32,0647;100
100;2;2;32,0647;100
100;3;15;32,0647;100
100;2;2;32,0647;100
100;2;2;32,0647;100
100;3;15;32,0647;100
100;3;15;32,39795;100
100;3;15;32,39795;100
100;2;2;32,39795;100
100;2;2;32,39795;100
100;2;2;32,39795;100
100;3;15;32,39795;100
100;3;15;32,39795;100
100;2;2;32,7312;100
100;3;15;32,7312;100
100;3;15;32,7312;100
100;3;15;32,7312;100
100;2;2;32,7312;100
100;2;2;32,7312;100
100;2;2;33,06445;100
100;3;15;33,06445;100
100;3;15;33,06445;100
100;3;15;33,06445;100
100;3;15;33,06445;100
100;2;2;33,06445;100
100;2;2;33,06445;100
100;3;15;33,39771;100
100;3;15;33,39771;100
100;2;2;33,39771;100
100;2;2;33,39771;100
100;3;15;33,39771;100
100;3;15;33,39771;100
100;2;2;33,39771;100
100;3;15;33,39771;100
100;3;15;33,39771;100
100;3;15;33,39771;100
100;3;15;33,39771;100
100;2;2;33,39771;100
100;2;2;33,73096;100
100;3;15;33,73096;100
100;3;15;33,73096;100
100;3;15;33,73096;100
100;3;15;33,73096;100
100;3;15;33,73096;100
100;2;2;33,73096;100
100;3;15;33,73096;100
100;2;2;33,73096;100
100;3;15;33,73096;100
100;2;2;33,73096;100
100;2;2;33,73096;100
100;3;15;33,73096;100
100;2;2;34,06421;100
100;3;15;34,06421;100
100;2;2;34,06421;100
100;2;2;34,06421;100
100;2;2;34,06421;100
100;3;15;34,06421;100
100;2;2;34,06421;100
100;2;2;34,06421;100
100;2;2;34,06421;100
100;3;15;34,06421;100
100;3;15;34,06421;100
100;2;2;34,06421;100
100;2;2;34,06421;100
100;2;2;34,06421;100
100;2;2;34,39746;100
100;3;15;34,39746;100
100;2;2;34,39746;100
100;3;15;34,39746;100
100;2;2;34,39746;100
100;2;2;34,39746;100
100;3;15;34,39746;100
100;2;2;34,39746;100
100;2;2;34,39746;100
100;3;15;34,39746;100
100;2;2;34,73071;100
100;3;15;34,73071;100
100;3;15;34,73071;100
100;2;2;34,73071;100
100;2;2;34,73071;100
100;2;2;34,73071;100
100;3;15;34,73071;100
100;2;2;34,73071;100
100;2;2;34,73071;100
100;2;2;34,73071;100
100;3;15;35,06396;100
100;2;2;35,06396;100
100;3;15;35,06396;100
100;3;15;35,06396;100
100;2;2;35,06396;100
100;2;2;35,06396;100
100;2;2;35,06396;100
100;3;15;35,06396;100
100;2;2;35,06396;100
100;2;2;35,06396;100
100;3;15;35,06396;100
100;3;15;35,06396;100
100;3;15;35,06396;100
100;3;15;35,39722;100
100;2;2;35,39722;100
100;2;2;35,39722;100
100;3;15;35,39722;100
100;2;2;35,39722;100
100;2;2;35,39722;100
100;2;2;35,39722;100
100;2;2;35,39722;100
100;2;2;35,39722;100
100;2;2;35,73047;100
100;2;2;35,73047;100
100;2;2;35,73047;100
100;3;15;35,73047;100
100;2;2;35,73047;100
100;2;2;35,73047;100
100;3;15;35,73047;100
100;3;15;35,73047;100
100;2;2;35,73047;100
100;2;2;36,06372;100
100;2;2;36,06372;100
100;2;2;36,06372;100
100;3;15;36,06372;100
100;2;2;36,06372;100
100;2;2;36,06372;100
100;2;2;36,06372;100
100;3;15;36,06372;100
100;2;2;36,39697;100
100;3;15;36,39697;100
100;3;15;36,39697;100
100;3;15;36,39697;100
100;3;15;36,39697;100
100;3;15;36,39697;100
100;3;15;36,39697;100
100;3;15;36,39697;100
100;3;15;36,73022;100
100;2;2;36,73022;100
100;3;15;36,73022;100
100;2;2;36,73022;100
100;2;2;36,73022;100
100;3;15;36,73022;100
100;3;15;36,73022;100
100;3;15;36,73022;100
100;2;2;37,06348;100
100;3;15;37,06348;100
100;3;15;37,06348;100
100;3;15;37,06348;100
100;2;2;37,06348;100
100;3;15;37,06348;100
100;2;2;37,06348;100
100;3;15;37,06348;100
100;3;15;37,06348;100
100;3;15;37,06348;100
100;3;15;37,06348;100
100;2;2;37,39673;100
100;2;2;37,39673;100
100;2;2;37,39673;100
100;2;2;37,39673;100
100;2;2;37,39673;100
100;2;2;37,39673;100
100;2;2;37,39673;100
100;2;2;37,39673;100
100;3;15;37,72998;100
100;2;2;37,72998;100
100;3;15;37,72998;100
100;2;2;37,72998;100
100;3;15;37,72998;100
100;3;15;37,72998;100
100;3;15;37,72998;100
100;2;2;37,72998;100
100;2;2;37,72998;100
100;2;2;37,72998;100
100;3;15;38,06323;100
100;2;2;38,06323;100
100;2;2;38,06323;100
100;2;2;38,06323;100
100;2;2;38,06323;100
100;2;2;38,06323;100
100;2;2;38,06323;100
100;3;15;38,06323;100
100;2;2;38,39648;100
100;3;15;38,39648;100
100;2;2;38,39648;100
100;2;2;38,39648;100
100;3;15;38,39648;100
100;2;2;38,39648;100
100;3;15;38,39648;100
100;2;2;38,39648;100
100;2;2;38,39648;100
100;3;15;38,39648;100
100;2;2;38,39648;100
100;3;15;38,39648;100
100;2;2;38,39648;100
100;2;2;38,72974;100
100;3;15;38,72974;100
100;2;2;38,72974;100
100;2;2;38,72974;100
100;3;15;38,72974;100
100;3;15;38,72974;100
100;2;2;38,72974;100
100;2;2;38,72974;100
100;2;2;39,06299;100
100;2;2;39,06299;100
100;2;2;39,06299;100
100;3;15;39,06299;85
100;2;2;39,06299;85
100;2;2;39,06299;85
100;3;15;39,06299;70
100;2;2;39,39624;70
100;3;15;39,39624;55
100;3;15;39,39624;40
100;2;2;39,39624;40
100;3;15;39,39624;25
100;2;2;39,39624;25
100;2;2;39,72949;25
100;2;2;39,72949;25
100;3;15;39,72949;10
100;2;2;39,72949;10
100;2;2;39,72949;10
100;3;15;39,72949;-5
Player