100;3;15;1,387207;100
100;2;2;1,720459;100
100;2;2;1,720459;100
100;2;2;1,720459;100
100;2;2;1,720459;100
100;2;2;1,720459;100
100;3;15;1,720459;100
100;3;15;1,720459;100
100;3;15;1,720459;100
100;2;2;1,720459;100
100;2;2;1,720459;100
100;2;2;2,053711;100
100;3;15;2,053711;100
100;2;2;2,053711;100
100;3;15;2,053711;100
100;3;15;2,053711;100
100;2;2;2,053711;100
100;3;15;2,053711;100
100;2;2;2,053711;100
100;3;15;2,053711;100
100;3;15;2,386963;100
100;3;15;2,386963;100
100;2;2;2,386963;100
100;3;15;2,386963;100
100;2;2;2,386963;100
100;3;15;2,386963;100
100;3;15;2,386963;100
100;3;15;2,386963;100
100;2;2;2,386963;100
100;3;15;2,386963;100
100;3;15;2,386963;100
100;2;2;2,720215;100
100;2;2;2,720215;100
100;2;2;2,720215;100
100;2;2;2,720215;100
100;3;15;2,720215;100
100;2;2;2,720215;100
100;3;15;3,053467;100
100;2;2;3,053467;100
100;3;15;3,053467;100
100;2;2;3,053467;100
100;3;15;3,053467;100
100;2;2;3,053467;100
100;2;2;3,053467;100
100;2;2;3,053467;100
100;3;15;3,053467;100
100;2;2;3,386719;100
100;3;15;3,386719;100
100;3;15;3,386719;100
100;2;2;3,386719;100
100;2;2;3,386719;100
100;3;15;3,386719;100
100;3;15;3,386719;100
100;2;2;3,719971;100
100;2;2;3,719971;100
100;2;2;3,719971;100
100;3;15;3,719971;100
100;3;15;3,719971;100
100;2;2;4,053223;100
100;2;2;4,053223;100
100;3;15;4,053223;100
100;3;15;4,053223;100
100;2;2;4,053223;100
100;3;15;4,053223;100
100;2;2;4,053223;100
100;2;2;4,053223;100
100;3;15;4,053223;100
100;2;2;4,053223;100
100;3;15;4,053223;100
100;3;15;4,053223;100
100;3;15;4,386475;100
100;3;15;4,386475;100
100;3;15;4,386475;100
100;2;2;4,386475;100
100;2;2;4,386475;100
100;3;15;4,386475;100
100;2;2;4,386475;100
100;3;15;4,719727;100
100;2;2;4,719727;100
100;2;2;4,719727;100
100;3;15;4,719727;100
100;2;2;4,719727;100
100;3;15;4,719727;100
100;3;15;4,719727;100
100;3;15;4,719727;100
100;3;15;4,719727;100
100;3;15;4,719727;100
100;3;15;4,719727;100
100;2;2;4,719727;100
100;3;15;5,052979;100
100;3;15;5,052979;100
100;3;15;5,052979;100
100;3;15;5,052979;100
100;3;15;5,052979;100
100;3;15;5,052979;100
100;3;15;5,052979;100
100;2;2;5,052979;100
100;3;15;5,38623;100
100;3;15;5,38623;100
100;2;2;5,38623;100
100;2;2;5,38623;100
100;2;2;5,38623;100
100;3;15;5,38623;100
100;3;15;5,38623;100
100;3;15;5,38623;100
100;3;15;5,38623;100
100;2;2;5,719482;100
100;3;15;5,719482;100
100;2;2;5,719482;100
100;2;2;5,719482;100
100;3;15;5,719482;100
100;3;15;5,719482;100
100;3;15;5,719482;100
100;2;2;5,719482;100
100;2;2;5,719482;100
100;3;15;6,052734;100
100;3;15;6,052734;100
100;2;2;6,052734;100
100;3;15;6,052734;100
100;3;15;6,052734;100
100;2;2;6,052734;100
100;3;15;6,052734;100
100;3;15;6,385986;100
100;3;15;6,385986;100
100;2;2;6,385986;100
100;2;2;6,385986;100
100;2;2;6,385986;100
100;2;2;6,385986;100
100;2;2;6,385986;100
100;2;2;6,385986;100
100;3;15;6,385986;100
100;2;2;6,719238;100
100;3;15;6,719238;100
100;2;2;6,719238;100
100;2;2;6,719238;100
100;2;2;6,719238;100
100;3;15;6,719238;100
100;2;2;6,719238;100
100;2;2;6,719238;100
100;3;15;6,719238;100
100;3;15;6,719238;100
100;3;15;6,719238;100
100;2;2;6,719238;100
100;2;2;7,05249;100
100;3;15;7,05249;100
100;3;15;7,05249;100
100;2;2;7,05249;100
100;2;2;7,05249;100
100;3;15;7,05249;100
100;2;2;7,05249;100
100;2;2;7,05249;100
100;2;2;7,385742;100
100;3;15;7,385742;100
100;3;15;7,385742;100
100;2;2;7,385742;100
100;2;2;7,385742;100
100;3;15;7,385742;100
100;2;2;7,385742;100
100;2;2;7,385742;100
100;3;15;7,385742;100
100;3;15;7,385742;100
100;3;15;7,718994;100
100;3;15;7,718994;100
100;3;15;7,718994;100
100;3;15;7,718994;100
100;3;15;7,718994;100
100;3;15;7,718994;100
100;2;2;8,052246;100
100;2;2;8,052246;100
100;2;2;8,052246;100
100;3;15;8,052246;100
100;3;15;8,052246;100
100;3;15;8,052246;100
100;2;2;8,052246;100
100;2;2;8,052246;100
100;2;2;8,052246;100
100;2;2;8,052246;100
100;2;2;8,052246;100
100;3;15;8,052246;100
100;3;15;8,052246;100
100;2;2;8,385498;100
100;2;2;8,385498;100
100;3;15;8,385498;100
100;3;15;8,385498;100
100;2;2;8,385498;100
100;2;2;8,385498;100
100;2;2;8,385498;100
100;3;15;8,385498;100
100;3;15;8,385498;100
100;3;15;8,385498;100
100;3;15;8,385498;100
100;3;15;8,71875;100
100;3;15;8,71875;100
100;2;2;8,71875;100
100;3;15;8,71875;100
100;3;15;8,71875;100
100;2;2;8,71875;100
100;2;2;8,71875;100
100;2;2;8,71875;100
100;2;2;8,71875;100
100;3;15;8,71875;100
100;3;15;9,052002;100
100;3;15;9,052002;100
100;3;15;9,052002;100
100;3;15;9,052002;100
100;3;15;9,052002;100
100;3;15;9,052002;100
100;3;15;9,052002;100
100;3;15;9,385254;100
100;3;15;9,385254;100
100;2;2;9,385254;100
100;3;15;9,385254;100
100;3;15;9,385254;100
100;3;15;9,385254;100
100;3;15;9,385254;100
100;3;15;9,718506;100
100;2;2;9,718506;100
100;2;2;9,718506;100
100;2;2;9,718506;100
100;2;2;9,718506;100
100;3;15;9,718506;100
100;2;2;9,718506;100
100;2;2;9,718506;100
100;3;15;9,718506;100
100;3;15;9,718506;100
100;3;15;9,718506;100
100;2;2;9,718506;100
100;3;15;10,05176;100
100;3;15;10,05176;100
100;2;2;10,05176;100
100;3;15;10,05176;100
100;2;2;10,05176;100
100;3;15;10,05176;100
100;3;15;10,05176;100
100;3;15;10,38501;100
100;3;15;10,38501;100
100;3;15;10,38501;100
100;3;15;10,38501;100
100;3;15;10,38501;100
100;3;15;10,38501;100
100;3;15;10,38501;100
100;2;2;10,38501;100
100;3;15;10,38501;100
100;3;15;10,38501;100
100;2;2;10,38501;100
100;2;2;10,71826;100
100;2;2;10,71826;100
100;3;15;10,71826;100
100;2;2;10,71826;100
100;3;15;10,71826;100
100;3;15;10,71826;100
100;3;15;10,71826;100
100;3;15;11,05151;100
100;3;15;11,05151;100
100;2;2;11,05151;100
100;2;2;11,05151;100
100;3;15;11,05151;100
100;3;15;11,05151;100
100;2;2;11,05151;100
100;3;15;11,38477;100
100;2;2;11,38477;100
100;2;2;11,38477;100
100;3;15;11,38477;85
100;3;15;11,38477;70
100;3;15;11,38477;55
100;3;15;11,38477;40
100;2;2;11,38477;40
100;3;15;11,38477;25
100;3;15;11,38477;10
100;2;2;11,38477;10
100;3;15;11,38477;-5
Player