100;3;15;50,93896;100
100;3;15;50,93896;100
100;3;15;50,93896;100
100;3;15;50,93896;100
100;3;15;50,93896;100
100;3;15;50,93896;100
100;3;15;50,93896;100
100;3;15;50,93896;100
100;3;15;50,93896;100
100;3;15;51,27246;100
100;2;2;51,27246;100
100;2;2;51,27246;100
100;3;15;51,27246;100
100;3;15;51,27246;100
100;2;2;51,27246;100
100;3;15;51,27246;100
100;2;2;51,27246;100
100;3;15;51,60596;100
100;2;2;51,60596;100
100;3;15;51,60596;100
100;3;15;51,60596;100
100;3;15;51,60596;100
100;2;2;51,60596;100
100;3;15;51,60596;100
100;2;2;51,60596;100
100;3;15;51,60596;100
100;3;15;51,60596;100
100;3;15;51,93945;100
100;3;15;51,93945;100
100;2;2;51,93945;100
100;3;15;51,93945;100
100;2;2;51,93945;100
100;3;15;51,93945;100
100;3;15;51,93945;100
100;3;15;51,93945;100
100;3;15;51,93945;100
100;3;15;51,93945;100
100;3;15;51,93945;100
100;3;15;51,93945;100
100;3;15;52,27295;100
100;2;2;52,27295;100
100;2;2;52,27295;100
100;3;15;52,27295;100
100;3;15;52,27295;100
100;3;15;52,27295;100
100;3;15;52,27295;100
100;3;15;52,27295;100
100;3;15;52,27295;100
100;3;15;52,60645;100
100;2;2;52,60645;100
100;3;15;52,60645;100
100;3;15;52,60645;100
100;3;15;52,60645;100
100;3;15;52,60645;100
100;3;15;52,60645;100
100;3;15;52,60645;100
100;2;2;52,60645;100
100;3;15;52,60645;100
100;2;2;52,60645;100
100;3;15;52,60645;100
100;3;15;52,60645;100
100;3;15;52,60645;100
100;3;15;52,60645;100
100;2;2;52,93994;100
100;2;2;52,93994;100
100;3;15;52,93994;100
100;3;15;52,93994;100
100;3;15;52,93994;100
100;3;15;52,93994;100
100;3;15;52,93994;100
100;2;2;52,93994;100
100;2;2;52,93994;100
100;2;2;52,93994;100
100;3;15;52,93994;100
100;3;15;52,93994;100
100;3;15;53,27344;100
100;3;15;53,27344;100
100;2;2;53,27344;100
100;3;15;53,27344;100
100;2;2;53,27344;100
100;3;15;53,27344;100
100;3;15;53,27344;100
100;3;15;53,27344;100
100;3;15;53,27344;100
100;2;2;53,27344;100
100;2;2;53,27344;100
100;3;15;53,27344;100
100;2;2;53,60693;100
100;2;2;53,60693;100
100;2;2;53,60693;100
100;3;15;53,60693;100
100;3;15;53,60693;100
100;2;2;53,60693;100
100;3;15;53,60693;100
100;2;2;53,60693;100
100;3;15;53,60693;100
100;3;15;53,60693;100
100;2;2;53,94043;100
100;3;15;53,94043;100
100;3;15;53,94043;100
100;3;15;53,94043;100
100;3;15;53,94043;100
100;3;15;53,94043;100
100;2;2;53,94043;100
100;3;15;53,94043;100
100;3;15;54,27393;100
100;3;15;54,27393;100
100;2;2;54,27393;100
100;2;2;54,27393;100
100;3;15;54,27393;100
100;3;15;54,27393;100
100;3;15;54,27393;100
100;3;15;54,27393;100
100;2;2;54,27393;100
100;2;2;54,27393;100
100;3;15;54,60742;100
100;3;15;54,60742;100
100;2;2;54,60742;100
100;3;15;54,60742;100
100;2;2;54,60742;100
100;3;15;54,60742;100
100;3;15;54,60742;100
100;3;15;54,60742;100
100;3;15;54,60742;100
100;3;15;54,60742;100
100;3;15;54,60742;100
100;3;15;54,60742;100
100;3;15;54,60742;100
100;3;15;54,60742;100
100;3;15;54,94092;100
100;3;15;54,94092;100
100;2;2;54,94092;100
100;3;15;54,94092;100
100;3;15;54,94092;100
100;3;15;54,94092;100
100;2;2;54,94092;100
100;2;2;54,94092;100
100;3;15;54,94092;100
100;2;2;54,94092;100
100;2;2;54,94092;100
100;3;15;54,94092;100
100;2;2;54,94092;100
100;3;15;55,27441;100
100;2;2;55,27441;100
100;3;15;55,27441;100
100;2;2;55,27441;100
100;3;15;55,27441;100
100;2;2;55,27441;100
100;3;15;55,27441;100
100;3;15;55,27441;100
100;3;15;55,27441;100
100;2;2;55,27441;100
100;3;15;55,60791;100
100;2;2;55,60791;100
100;3;15;55,60791;100
100;3;15;55,60791;100
100;3;15;55,60791;100
100;3;15;55,60791;100
100;3;15;55,60791;100
100;3;15;55,60791;100
100;3;15;55,94141;100
100;2;2;55,94141;100
100;3;15;55,94141;100
100;3;15;55,94141;100
100;2;2;55,94141;100
100;2;2;55,94141;100
100;3;15;55,94141;100
100;3;15;55,94141;100
100;2;2;55,94141;100
100;2;2;55,94141;100
100;3;15;55,94141;100
100;3;15;55,94141;100
100;3;15;56,2749;100
100;3;15;56,2749;100
100;2;2;56,2749;100
100;3;15;56,2749;100
100;3;15;56,2749;100
100;2;2;56,2749;100
100;2;2;56,2749;100
100;3;15;56,2749;100
100;3;15;56,2749;100
100;3;15;56,2749;100
100;3;15;56,2749;100
100;2;2;56,2749;100
100;2;2;56,2749;100
100;3;15;56,6084;100
100;3;15;56,6084;100
100;2;2;56,6084;100
100;2;2;56,6084;100
100;3;15;56,6084;100
100;3;15;56,6084;100
100;3;15;56,6084;100
100;3;15;56,6084;100
100;2;2;56,6084;100
100;3;15;56,94189;100
100;3;15;56,94189;100
100;3;15;56,94189;100
100;3;15;56,94189;100
100;3;15;56,94189;100
100;3;15;56,94189;100
100;2;2;56,94189;100
100;3;15;56,94189;100
100;3;15;56,94189;100
100;3;15;56,94189;100
100;3;15;56,94189;100
100;2;2;56,94189;100
100;2;2;57,27539;100
100;3;15;57,27539;100
100;3;15;57,27539;100
100;2;2;57,27539;100
100;3;15;57,27539;100
100;3;15;57,27539;100
100;3;15;57,27539;100
100;3;15;57,27539;100
100;3;15;57,27539;100
100;3;15;57,60889;100
100;3;15;57,60889;100
100;3;15;57,60889;100
100;3;15;57,60889;100
100;2;2;57,60889;100
100;2;2;57,60889;100
100;3;15;57,60889;100
100;3;15;57,60889;100
100;3;15;57,60889;100
100;3;15;57,60889;100
100;3;15;57,60889;100
100;3;15;57,94238;100
100;2;2;57,94238;100
100;3;15;57,94238;100
100;2;2;57,94238;100
100;3;15;57,94238;100
100;3;15;57,94238;100
100;3;15;57,94238;100
100;2;2;57,94238;100
100;3;15;57,94238;100
100;2;2;57,94238;100
100;3;15;58,27588;100
100;2;2;58,27588;100
100;2;2;58,27588;100
100;3;15;58,27588;100
100;3;15;58,27588;100
100;3;15;58,27588;100
100;2;2;58,27588;100
100;3;15;58,27588;100
100;3;15;58,27588;100
100;3;15;58,27588;100
100;3;15;58,27588;100
100;2;2;58,27588;100
100;3;15;58,60938;100
100;2;2;58,60938;100
100;3;15;58,60938;100
100;3;15;58,60938;100
100;2;2;58,60938;100
100;2;2;58,60938;100
100;3;15;58,60938;100
100;3;15;58,60938;100
100;2;2;58,60938;100
100;3;15;58,60938;100
100;3;15;58,94287;100
100;2;2;58,94287;100
100;2;2;58,94287;100
100;2;2;58,94287;100
100;3;15;58,94287;100
100;3;15;58,94287;100
100;2;2;58,94287;100
100;3;15;58,94287;100
100;3;15;58,94287;100
100;3;15;59,27637;100
100;3;15;59,27637;100
100;2;2;59,27637;100
100;2;2;59,27637;100
100;3;15;59,27637;100
100;3;15;59,27637;100
100;2;2;59,27637;100
100;3;15;59,27637;100
100;3;15;59,27637;100
100;2;2;59,27637;100
100;3;15;59,60986;100
100;3;15;59,60986;100
100;2;2;59,60986;100
100;2;2;59,60986;100
100;3;15;59,60986;100
100;3;15;59,60986;100
100;3;15;59,60986;100
100;3;15;59,60986;100
100;2;2;59,60986;100
100;3;15;59,60986;100
100;3;15;59,60986;100
100;3;15;59,60986;100
100;3;15;59,60986;100
100;2;2;59,60986;100
100;3;15;59,94336;100
100;2;2;59,94336;100
100;2;2;59,94336;100
100;3;15;59,94336;100
100;2;2;59,94336;100
100;2;2;59,94336;100
100;3;15;59,94336;100
100;2;2;59,94336;100
100;3;15;59,94336;100
100;2;2;59,94336;100
100;3;15;59,94336;100
100;2;2;59,94336;100
100;3;15;59,94336;100
100;3;15;59,94336;100
100;2;2;0,2768555;100
100;3;15;0,2768555;100
100;2;2;0,2768555;100
100;3;15;0,2768555;100
100;3;15;0,2768555;100
100;3;15;0,2768555;100
100;3;15;0,2768555;100
100;3;15;0,2768555;100
100;3;15;0,2768555;100
100;3;15;0,2768555;100
100;2;2;0,2768555;100
100;3;15;0,2768555;100
100;3;15;0,2768555;100
100;3;15;0,6103516;100
100;2;2;0,6103516;100
100;3;15;0,6103516;100
100;3;15;0,6103516;100
100;2;2;0,6103516;100
100;3;15;0,6103516;100
100;3;15;0,6103516;100
100;3;15;0,6103516;100
100;2;2;0,6103516;100
100;3;15;0,9438477;100
100;3;15;0,9438477;100
100;3;15;0,9438477;100
100;3;15;0,9438477;100
100;3;15;0,9438477;100
100;3;15;0,9438477;100
100;3;15;0,9438477;100
100;3;15;0,9438477;100
100;3;15;1,277344;100
100;3;15;1,277344;100
100;3;15;1,277344;100
100;3;15;1,277344;100
100;3;15;1,277344;100
100;3;15;1,277344;100
100;2;2;1,277344;100
100;3;15;1,277344;100
100;2;2;1,277344;100
100;3;15;1,277344;100
100;3;15;1,61084;100
100;3;15;1,61084;100
100;2;2;1,61084;100
100;2;2;1,61084;100
100;3;15;1,61084;100
100;3;15;1,61084;100
100;2;2;1,61084;100
100;3;15;1,61084;100
100;3;15;1,61084;100
100;3;15;1,61084;100
100;3;15;1,944336;100
100;3;15;1,944336;100
100;3;15;1,944336;100
100;2;2;1,944336;100
100;3;15;1,944336;100
100;3;15;1,944336;100
100;2;2;1,944336;100
100;3;15;1,944336;100
100;2;2;1,944336;100
100;3;15;2,277832;100
100;3;15;2,277832;100
100;3;15;2,277832;100
100;2;2;2,277832;100
100;3;15;2,277832;100
100;3;15;2,277832;100
100;3;15;2,277832;100
100;3;15;2,277832;100
100;2;2;2,277832;100
100;3;15;2,611328;100
100;3;15;2,611328;100
100;3;15;2,611328;100
100;3;15;2,611328;100
100;3;15;2,611328;100
100;3;15;2,611328;100
100;3;15;2,611328;100
100;2;2;2,611328;100
100;3;15;2,611328;100
100;3;15;2,611328;100
100;2;2;2,611328;100
100;2;2;2,944824;100
100;3;15;2,944824;100
100;2;2;2,944824;100
100;2;2;2,944824;100
100;2;2;2,944824;100
100;3;15;2,944824;100
100;3;15;2,944824;100
100;3;15;2,944824;100
100;3;15;2,944824;100
100;2;2;2,944824;100
100;3;15;2,944824;100
100;3;15;2,944824;100
100;2;2;2,944824;100
100;3;15;3,27832;100
100;3;15;3,27832;100
100;2;2;3,27832;100
100;3;15;3,27832;100
100;2;2;3,27832;100
100;3;15;3,27832;100
100;3;15;3,27832;100
100;3;15;3,27832;100
100;3;15;3,27832;100
100;2;2;3,27832;100
100;3;15;3,611816;100
100;2;2;3,611816;100
100;3;15;3,611816;100
100;3;15;3,611816;100
100;3;15;3,611816;100
100;3;15;3,611816;100
100;3;15;3,611816;100
100;2;2;3,611816;100
100;3;15;3,611816;100
100;3;15;3,611816;100
100;3;15;3,611816;100
100;3;15;3,611816;100
100;3;15;3,945313;100
100;3;15;3,945313;100
100;3;15;3,945313;100
100;3;15;3,945313;100
100;3;15;3,945313;100
100;3;15;3,945313;100
100;3;15;3,945313;100
100;3;15;3,945313;100
100;3;15;3,945313;100
100;3;15;3,945313;100
100;2;2;3,945313;100
100;3;15;3,945313;100
100;3;15;3,945313;100
100;3;15;3,945313;100
100;2;2;3,945313;100
100;3;15;4,278809;100
100;2;2;4,278809;100
100;2;2;4,278809;100
100;2;2;4,278809;100
100;3;15;4,278809;100
100;3;15;4,278809;100
100;2;2;4,278809;100
100;3;15;4,278809;100
100;2;2;4,278809;100
100;3;15;4,278809;100
100;2;2;4,278809;100
100;3;15;4,612305;100
100;3;15;4,612305;100
100;2;2;4,612305;100
100;3;15;4,612305;100
100;2;2;4,612305;100
100;3;15;4,612305;100
100;3;15;4,612305;100
100;3;15;4,612305;100
100;3;15;4,612305;100
100;2;2;4,612305;100
100;3;15;4,612305;100
100;3;15;4,945801;100
100;3;15;4,945801;100
100;3;15;4,945801;100
100;3;15;4,945801;100
100;3;15;4,945801;100
100;2;2;4,945801;100
100;3;15;4,945801;100
100;3;15;4,945801;100
100;2;2;4,945801;100
100;2;2;5,279297;100
100;3;15;5,279297;100
100;2;2;5,279297;100
100;3;15;5,279297;100
100;2;2;5,279297;100
100;3;15;5,279297;100
100;2;2;5,279297;100
100;3;15;5,279297;100
100;2;2;5,279297;100
100;3;15;5,279297;100
100;3;15;5,279297;100
100;3;15;5,612793;85
100;3;15;5,612793;70
100;3;15;5,612793;55
100;2;2;5,612793;55
100;3;15;5,612793;40
100;3;15;5,612793;25
100;3;15;5,612793;10
100;3;15;5,612793;-5
Player