100;3;15;35,33238;100
100;3;15;35,33238;100
100;2;2;35,33238;100
100;3;15;35,33238;100
100;3;15;35,33238;100
100;2;2;35,33238;100
100;3;15;35,33238;100
100;3;15;35,33238;100
100;2;2;35,33238;100
100;2;2;35,33238;100
100;2;2;35,66571;100
100;2;2;35,66571;100
100;3;15;35,66571;100
100;2;2;35,66571;100
100;2;2;35,66571;100
100;3;15;35,66571;100
100;2;2;35,66571;100
100;3;15;35,66571;100
100;2;2;35,99904;100
100;3;15;35,99904;100
100;3;15;35,99904;100
100;3;15;35,99904;100
100;3;15;35,99904;100
100;2;2;35,99904;100
100;2;2;35,99904;100
100;3;15;35,99904;100
100;2;2;35,99904;100
100;2;2;36,33237;100
100;2;2;36,33237;100
100;2;2;36,33237;100
100;3;15;36,33237;100
100;2;2;36,33237;100
100;2;2;36,33237;100
100;3;15;36,33237;100
100;3;15;36,33237;100
100;3;15;36,33237;100
100;3;15;36,33237;100
100;3;15;36,33237;100
100;3;15;36,6657;100
100;2;2;36,6657;100
100;3;15;36,6657;100
100;3;15;36,6657;100
100;3;15;36,6657;100
100;2;2;36,6657;100
100;2;2;36,6657;100
100;3;15;36,6657;100
100;3;15;36,99902;100
100;2;2;36,99902;100
100;3;15;36,99902;100
100;3;15;36,99902;100
100;3;15;36,99902;100
100;3;15;36,99902;100
100;3;15;36,99902;100
100;2;2;36,99902;100
100;3;15;37,33235;100
100;3;15;37,33235;100
100;2;2;37,33235;100
100;2;2;37,33235;100
100;3;15;37,33235;100
100;2;2;37,33235;100
100;2;2;37,33235;100
100;3;15;37,33235;100
100;3;15;37,66568;100
100;3;15;37,66568;100
100;2;2;37,66568;100
100;2;2;37,66568;100
100;3;15;37,66568;100
100;2;2;37,66568;100
100;2;2;37,66568;100
100;2;2;37,66568;100
100;2;2;37,66568;100
100;3;15;37,99901;100
100;3;15;37,99901;100
100;2;2;37,99901;100
100;3;15;37,99901;100
100;2;2;37,99901;100
100;2;2;37,99901;100
100;3;15;37,99901;100
100;3;15;38,33234;100
100;2;2;38,33234;100
100;2;2;38,33234;100
100;3;15;38,33234;100
100;2;2;38,33234;100
100;3;15;38,33234;100
100;2;2;38,33234;100
100;3;15;38,33234;100
100;2;2;38,33234;100
100;3;15;38,66566;100
100;3;15;38,66566;100
100;2;2;38,66566;100
100;3;15;38,66566;100
100;3;15;38,66566;100
100;2;2;38,66566;100
100;2;2;38,66566;100
100;3;15;38,66566;100
100;3;15;38,66566;100
100;3;15;38,66566;100
100;2;2;38,66566;100
100;2;2;38,66566;100
100;2;2;38,66566;100
100;2;2;38,99899;100
100;3;15;38,99899;100
100;3;15;38,99899;100
100;2;2;38,99899;100
100;3;15;38,99899;100
100;3;15;38,99899;100
100;3;15;39,33232;100
100;2;2;39,33232;100
100;3;15;39,33232;100
100;3;15;39,33232;100
100;3;15;39,33232;100
100;3;15;39,33232;100
100;3;15;39,33232;100
100;2;2;39,66565;100
100;2;2;39,66565;100
100;3;15;39,66565;100
100;3;15;39,66565;100
100;3;15;39,66565;100
100;2;2;39,99898;100
100;3;15;39,99898;100
100;2;2;39,99898;100
100;2;2;40,33231;100
100;3;15;40,33231;100
100;3;15;40,33231;100
100;3;15;40,33231;100
100;2;2;40,33231;100
100;3;15;40,33231;100
100;3;15;40,66563;100
100;3;15;40,66563;100
100;3;15;40,66563;100
100;3;15;40,66563;100
100;2;2;40,66563;100
100;2;2;40,66563;100
100;3;15;40,66563;100
100;2;2;40,66563;100
100;3;15;40,66563;100
100;2;2;40,66563;100
100;3;15;40,66563;100
100;2;2;40,99896;100
100;2;2;40,99896;100
100;2;2;40,99896;100
100;2;2;40,99896;100
100;2;2;40,99896;100
100;2;2;40,99896;100
100;2;2;40,99896;100
100;2;2;40,99896;100
100;2;2;41,33229;100
100;3;15;41,33229;100
100;3;15;41,33229;100
100;3;15;41,33229;100
100;3;15;41,33229;100
100;2;2;41,33229;100
100;3;15;41,66562;100
100;2;2;41,66562;100
100;2;2;41,66562;100
100;3;15;41,66562;100
100;2;2;41,66562;100
100;2;2;41,66562;100
100;3;15;41,66562;100
100;3;15;41,66562;100
100;3;15;41,66562;100
100;3;15;41,66562;100
100;2;2;41,99895;100
100;2;2;41,99895;100
100;2;2;41,99895;100
100;3;15;41,99895;100
100;3;15;41,99895;100
100;3;15;42,33228;100
100;3;15;42,33228;100
100;2;2;42,33228;100
100;2;2;42,33228;100
100;2;2;42,33228;100
100;3;15;42,33228;100
100;2;2;42,33228;100
100;2;2;42,33228;100
100;2;2;42,33228;100
100;3;15;42,33228;100
100;3;15;42,6656;100
100;3;15;42,6656;100
100;2;2;42,6656;100
100;2;2;42,6656;100
100;3;15;42,6656;100
100;3;15;42,6656;100
100;2;2;42,6656;100
100;3;15;42,6656;100
100;3;15;42,6656;100
100;3;15;42,6656;100
100;3;15;42,99893;100
100;3;15;42,99893;100
100;2;2;42,99893;100
100;2;2;42,99893;100
100;3;15;42,99893;100
100;3;15;43,33226;100
100;3;15;43,33226;100
100;3;15;43,33226;100
100;2;2;43,33226;100
100;2;2;43,33226;100
100;3;15;43,33226;100
100;3;15;43,33226;100
100;2;2;43,33226;100
100;2;2;43,33226;100
100;3;15;43,33226;100
100;3;15;43,66559;100
100;3;15;43,66559;100
100;2;2;43,66559;100
100;3;15;43,66559;100
100;3;15;43,66559;100
100;3;15;43,66559;100
100;3;15;43,66559;100
100;2;2;43,66559;100
100;3;15;43,66559;100
100;2;2;43,66559;100
100;3;15;43,66559;100
100;2;2;43,99892;100
100;3;15;43,99892;100
100;3;15;43,99892;100
100;2;2;43,99892;100
100;2;2;43,99892;100
100;2;2;43,99892;100
100;3;15;43,99892;100
100;2;2;43,99892;100
100;2;2;43,99892;100
100;2;2;44,33224;100
100;2;2;44,33224;100
100;2;2;44,33224;100
100;3;15;44,33224;100
100;2;2;44,33224;100
100;2;2;44,33224;100
100;3;15;44,33224;100
100;2;2;44,33224;100
100;2;2;44,33224;100
100;3;15;44,33224;100
100;2;2;44,33224;100
100;3;15;44,33224;100
100;2;2;44,66557;100
100;2;2;44,66557;100
100;3;15;44,66557;100
100;2;2;44,66557;100
100;3;15;44,66557;100
100;2;2;44,66557;100
100;2;2;44,9989;100
100;3;15;44,9989;100
100;2;2;44,9989;100
100;3;15;44,9989;100
100;3;15;44,9989;100
100;3;15;44,9989;100
100;2;2;44,9989;100
100;3;15;44,9989;100
100;2;2;44,9989;100
100;2;2;45,33223;100
100;2;2;45,33223;100
100;2;2;45,33223;100
100;2;2;45,33223;100
100;3;15;45,33223;100
100;2;2;45,33223;100
100;2;2;45,66556;100
100;2;2;45,66556;100
100;3;15;45,66556;100
100;2;2;45,66556;100
100;3;15;45,66556;100
100;3;15;45,66556;100
100;3;15;45,66556;100
100;3;15;45,66556;100
100;3;15;45,66556;100
100;2;2;45,66556;100
100;2;2;45,99889;100
100;2;2;45,99889;100
100;2;2;45,99889;100
100;3;15;45,99889;100
100;2;2;45,99889;100
100;3;15;45,99889;100
100;3;15;45,99889;100
100;2;2;45,99889;100
100;2;2;45,99889;100
100;2;2;45,99889;100
100;3;15;46,33221;100
100;2;2;46,33221;100
100;3;15;46,33221;100
100;2;2;46,33221;100
100;3;15;46,33221;100
100;2;2;46,33221;100
100;3;15;46,33221;100
100;3;15;46,33221;100
100;2;2;46,33221;100
100;3;15;46,66554;100
100;3;15;46,66554;100
100;2;2;46,66554;100
100;3;15;46,66554;100
100;2;2;46,66554;100
100;3;15;46,66554;100
100;3;15;46,66554;100
100;2;2;46,66554;100
100;3;15;46,66554;100
100;2;2;46,99887;100
100;3;15;46,99887;100
100;2;2;46,99887;100
100;2;2;46,99887;100
100;3;15;46,99887;100
100;3;15;46,99887;100
100;3;15;46,99887;100
100;2;2;46,99887;100
100;2;2;46,99887;100
100;3;15;47,3322;100
100;2;2;47,3322;100
100;3;15;47,3322;100
100;2;2;47,3322;100
100;3;15;47,3322;100
100;3;15;47,3322;100
100;2;2;47,3322;100
100;3;15;47,3322;100
100;2;2;47,66553;100
100;3;15;47,66553;100
100;3;15;47,66553;100
100;2;2;47,66553;100
100;2;2;47,66553;100
100;3;15;47,66553;100
100;2;2;47,66553;100
100;3;15;47,66553;100
100;2;2;47,66553;100
100;3;15;47,99886;100
100;3;15;47,99886;100
100;3;15;47,99886;100
100;3;15;47,99886;100
100;2;2;47,99886;100
100;2;2;47,99886;100
100;2;2;47,99886;100
100;3;15;47,99886;100
100;2;2;48,33218;100
100;3;15;48,33218;100
100;3;15;48,33218;100
100;3;15;48,33218;100
100;2;2;48,33218;100
100;2;2;48,33218;100
100;2;2;48,33218;100
100;3;15;48,33218;100
100;2;2;48,33218;100
100;2;2;48,66551;100
100;3;15;48,66551;100
100;2;2;48,66551;100
100;3;15;48,66551;100
100;2;2;48,66551;100
100;2;2;48,66551;100
100;3;15;48,66551;100
100;3;15;48,66551;100
100;3;15;48,66551;100
100;3;15;48,99884;100
100;2;2;48,99884;100
100;3;15;48,99884;100
100;3;15;48,99884;100
100;3;15;48,99884;100
100;2;2;48,99884;100
100;2;2;48,99884;100
100;3;15;48,99884;100
100;3;15;49,33217;100
100;2;2;49,33217;100
100;2;2;49,33217;100
100;3;15;49,33217;100
100;2;2;49,33217;100
100;3;15;49,33217;100
100;3;15;49,33217;100
100;3;15;49,33217;100
100;3;15;49,6655;100
100;3;15;49,6655;100
100;3;15;49,6655;100
100;3;15;49,6655;100
100;3;15;49,6655;100
100;3;15;49,99883;100
100;2;2;49,99883;100
100;3;15;49,99883;100
100;3;15;49,99883;100
100;2;2;49,99883;100
100;3;15;49,99883;100
100;3;15;49,99883;100
100;3;15;50,33215;100
100;2;2;50,33215;100
100;3;15;50,33215;100
100;3;15;50,33215;100
100;3;15;50,33215;100
100;2;2;50,33215;100
100;2;2;50,33215;100
100;2;2;50,33215;100
100;3;15;50,33215;100
100;2;2;50,33215;100
100;2;2;50,66548;100
100;3;15;50,66548;100
100;2;2;50,66548;100
100;2;2;50,66548;100
100;2;2;50,66548;100
100;3;15;50,66548;100
100;3;15;50,66548;100
100;2;2;50,66548;100
100;3;15;50,66548;100
100;2;2;50,66548;100
100;3;15;50,66548;100
100;3;15;50,99881;100
100;3;15;50,99881;100
100;3;15;50,99881;100
100;2;2;50,99881;100
100;2;2;50,99881;100
100;3;15;50,99881;100
100;2;2;50,99881;100
100;3;15;50,99881;100
100;2;2;50,99881;100
100;2;2;51,33214;100
100;2;2;51,33214;100
100;3;15;51,33214;100
100;2;2;51,33214;100
100;3;15;51,33214;100
100;2;2;51,33214;100
100;2;2;51,66547;100
100;3;15;51,66547;100
100;2;2;51,66547;100
100;3;15;51,66547;100
100;2;2;51,66547;100
100;3;15;51,66547;100
100;2;2;51,66547;100
100;2;2;51,66547;100
100;3;15;51,99879;100
100;3;15;51,99879;100
100;3;15;51,99879;100
100;2;2;51,99879;100
100;2;2;51,99879;100
100;3;15;51,99879;100
100;3;15;51,99879;100
100;3;15;51,99879;100
100;2;2;51,99879;100
100;3;15;51,99879;100
100;3;15;52,33212;100
100;3;15;52,33212;100
100;2;2;52,33212;100
100;3;15;52,33212;100
100;2;2;52,33212;100
100;2;2;52,33212;100
100;2;2;52,33212;100
100;3;15;52,33212;100
100;2;2;52,33212;100
100;3;15;52,66545;100
100;2;2;52,66545;100
100;3;15;52,66545;100
100;3;15;52,66545;100
100;3;15;52,66545;100
100;2;2;52,66545;100
100;2;2;52,66545;100
100;2;2;52,66545;100
100;2;2;52,99878;100
100;2;2;52,99878;100
100;2;2;52,99878;100
100;3;15;52,99878;100
100;3;15;52,99878;100
100;2;2;52,99878;100
100;2;2;52,99878;100
100;2;2;53,33211;100
100;3;15;53,33211;100
100;3;15;53,33211;100
100;3;15;53,33211;100
100;3;15;53,33211;100
100;2;2;53,33211;100
100;3;15;53,33211;100
100;2;2;53,33211;100
100;2;2;53,66544;100
100;3;15;53,66544;100
100;3;15;53,66544;100
100;3;15;53,66544;100
100;2;2;53,66544;100
100;3;15;53,66544;100
100;2;2;53,66544;100
100;3;15;53,66544;100
100;2;2;53,99876;100
100;2;2;53,99876;100
100;2;2;53,99876;100
100;3;15;53,99876;100
100;2;2;53,99876;100
100;2;2;53,99876;100
100;3;15;53,99876;100
100;3;15;54,33209;100
100;3;15;54,33209;100
100;2;2;54,33209;100
100;2;2;54,33209;100
100;2;2;54,33209;100
100;3;15;54,33209;100
100;2;2;54,33209;100
100;2;2;54,33209;100
100;3;15;54,33209;100
100;3;15;54,66542;100
100;3;15;54,66542;100
100;3;15;54,66542;100
100;3;15;54,66542;100
100;3;15;54,66542;100
100;3;15;54,66542;100
100;3;15;54,66542;100
100;3;15;54,66542;100
100;3;15;54,66542;100
100;2;2;54,66542;100
100;3;15;54,66542;100
100;3;15;54,99875;100
100;3;15;54,99875;100
100;3;15;54,99875;100
100;3;15;54,99875;100
100;2;2;54,99875;100
100;3;15;54,99875;100
100;3;15;54,99875;100
100;2;2;54,99875;100
100;3;15;55,33208;100
100;3;15;55,33208;100
100;3;15;55,33208;100
100;2;2;55,33208;100
100;2;2;55,33208;100
100;2;2;55,33208;100
100;3;15;55,33208;100
100;2;2;55,33208;100
100;3;15;55,33208;100
100;2;2;55,33208;100
100;2;2;55,33208;100
100;3;15;55,66541;100
100;2;2;55,66541;100
100;3;15;55,66541;100
100;2;2;55,66541;100
100;2;2;55,66541;100
100;3;15;55,66541;100
100;2;2;55,66541;100
100;3;15;55,66541;100
100;3;15;55,66541;100
100;2;2;55,66541;100
100;2;2;55,66541;100
100;3;15;55,99873;100
100;3;15;55,99873;100
100;3;15;55,99873;100
100;2;2;55,99873;100
100;3;15;55,99873;100
100;2;2;55,99873;100
100;2;2;55,99873;100
100;2;2;55,99873;100
100;2;2;55,99873;100
100;2;2;55,99873;100
100;3;15;55,99873;100
100;3;15;55,99873;100
100;3;15;56,33206;100
100;3;15;56,33206;100
100;2;2;56,33206;100
100;2;2;56,33206;100
100;3;15;56,33206;100
100;3;15;56,33206;100
100;2;2;56,66539;100
100;3;15;56,66539;100
100;3;15;56,66539;100
100;2;2;56,66539;100
100;2;2;56,66539;100
100;3;15;56,66539;100
100;3;15;56,66539;100
100;3;15;56,66539;100
100;3;15;56,99872;100
100;3;15;56,99872;100
100;3;15;56,99872;100
100;2;2;56,99872;100
100;2;2;56,99872;100
100;3;15;56,99872;100
100;2;2;56,99872;100
100;3;15;56,99872;100
100;2;2;56,99872;100
100;3;15;56,99872;100
100;3;15;57,33205;100
100;3;15;57,33205;100
100;3;15;57,33205;100
100;2;2;57,33205;100
100;3;15;57,33205;100
100;3;15;57,33205;100
100;3;15;57,33205;100
100;3;15;57,66537;100
100;3;15;57,66537;100
100;3;15;57,66537;100
100;3;15;57,66537;100
100;2;2;57,66537;100
100;3;15;57,66537;100
100;2;2;57,66537;100
100;2;2;57,66537;100
100;3;15;57,66537;100
100;2;2;57,9987;100
100;3;15;57,9987;100
100;2;2;57,9987;100
100;2;2;57,9987;100
100;3;15;57,9987;100
100;3;15;57,9987;100
100;3;15;57,9987;100
100;2;2;57,9987;100
100;2;2;58,33203;100
100;3;15;58,33203;100
100;2;2;58,33203;100
100;3;15;58,33203;100
100;3;15;58,33203;100
100;3;15;58,33203;100
100;3;15;58,33203;100
100;2;2;58,33203;100
100;2;2;58,66536;100
100;3;15;58,66536;100
100;2;2;58,66536;100
100;2;2;58,66536;100
100;3;15;58,66536;100
100;2;2;58,66536;100
100;3;15;58,66536;100
100;2;2;58,66536;100
100;3;15;58,66536;100
100;3;15;58,66536;100
100;3;15;58,99869;100
100;2;2;58,99869;100
100;2;2;58,99869;100
100;2;2;58,99869;100
100;3;15;58,99869;100
100;2;2;58,99869;100
100;3;15;58,99869;100
100;2;2;58,99869;100
100;3;15;59,33202;100
100;3;15;59,33202;100
100;3;15;59,33202;100
100;3;15;59,33202;100
100;3;15;59,33202;100
100;2;2;59,33202;100
100;2;2;59,33202;100
100;2;2;59,33202;100
100;3;15;59,33202;100
100;2;2;59,66534;100
100;2;2;59,66534;100
100;3;15;59,66534;100
100;3;15;59,66534;100
100;3;15;59,66534;100
100;3;15;59,66534;100
100;3;15;59,66534;100
100;3;15;59,66534;100
100;2;2;59,66534;100
100;2;2;59,66534;100
100;3;15;59,66534;100
100;2;2;59,66534;100
100;3;15;59,66534;100
100;2;2;59,66534;100
100;3;15;59,99867;100
100;2;2;59,99867;100
100;2;2;59,99867;100
100;3;15;59,99867;100
100;2;2;59,99867;100
100;2;2;59,99867;100
100;3;15;59,99867;100
100;3;15;59,99867;100
100;3;15;0,3320007;100
100;2;2;0,3320007;100
100;2;2;0,3320007;100
100;2;2;0,3320007;100
100;2;2;0,3320007;100
100;2;2;0,3320007;100
100;2;2;0,665329;100
100;3;15;0,665329;100
100;2;2;0,665329;100
100;2;2;0,665329;100
100;2;2;0,9986572;100
100;3;15;0,9986572;100
100;2;2;0,9986572;100
100;3;15;0,9986572;100
100;3;15;0,9986572;100
100;3;15;0,9986572;100
100;2;2;0,9986572;100
100;2;2;0,9986572;100
100;3;15;0,9986572;100
100;3;15;1,331985;100
100;3;15;1,331985;100
100;2;2;1,331985;100
100;3;15;1,331985;100
100;3;15;1,331985;100
100;3;15;1,331985;100
100;3;15;1,331985;100
100;3;15;1,331985;100
100;3;15;1,665314;100
100;3;15;1,665314;100
100;3;15;1,665314;100
100;3;15;1,665314;100
100;2;2;1,665314;100
100;3;15;1,665314;100
100;2;2;1,665314;100
100;3;15;1,665314;100
100;3;15;1,665314;100
100;2;2;1,665314;100
100;2;2;1,665314;100
100;2;2;1,998642;100
100;3;15;1,998642;100
100;2;2;1,998642;100
100;2;2;1,998642;100
100;3;15;1,998642;100
100;3;15;1,998642;100
100;2;2;1,998642;100
100;2;2;1,998642;100
100;2;2;1,998642;100
100;2;2;1,998642;100
100;3;15;1,998642;100
100;3;15;2,33197;100
100;3;15;2,33197;100
100;3;15;2,33197;100
100;2;2;2,33197;100
100;3;15;2,33197;100
100;3;15;2,33197;100
100;2;2;2,33197;100
100;3;15;2,33197;100
100;2;2;2,33197;100
100;2;2;2,665298;100
100;3;15;2,665298;100
100;3;15;2,665298;100
100;3;15;2,665298;100
100;2;2;2,665298;100
100;3;15;2,665298;100
100;3;15;2,665298;100
100;2;2;2,665298;100
100;2;2;2,665298;100
100;2;2;2,665298;100
100;2;2;2,998627;100
100;2;2;2,998627;100
100;3;15;2,998627;100
100;2;2;2,998627;100
100;3;15;2,998627;100
100;2;2;2,998627;100
100;3;15;2,998627;100
100;3;15;2,998627;100
100;2;2;2,998627;100
100;3;15;2,998627;100
100;2;2;2,998627;100
100;3;15;2,998627;100
