92;3;15;11,58984;100
92;3;15;11,58984;100
92;3;15;11,58984;100
92;3;15;11,58984;100
92;2;2;11,58984;100
92;2;2;11,58984;100
92;3;15;11,58984;100
92;2;2;11,58984;100
92;3;15;11,58984;100
92;3;15;11,9231;100
92;2;2;11,9231;100
92;2;2;11,9231;100
92;2;2;11,9231;100
92;2;2;11,9231;100
92;2;2;11,9231;100
92;2;2;11,9231;100
92;3;15;11,9231;100
92;3;15;11,9231;100
92;2;2;12,25635;100
92;3;15;12,25635;100
92;2;2;12,25635;100
92;2;2;12,25635;100
92;2;2;12,25635;100
92;2;2;12,25635;100
92;3;15;12,25635;100
92;2;2;12,25635;100
92;3;15;12,25635;100
92;3;15;12,25635;100
92;2;2;12,25635;100
92;3;15;12,25635;100
92;3;15;12,25635;100
92;2;2;12,5896;100
92;3;15;12,5896;100
92;2;2;12,5896;100
92;3;15;12,5896;100
92;3;15;12,5896;100
92;2;2;12,5896;100
92;2;2;12,5896;100
92;3;15;12,5896;100
92;2;2;12,5896;100
92;3;15;12,5896;100
92;2;2;12,5896;100
92;2;2;12,92285;100
92;3;15;12,92285;100
92;2;2;12,92285;100
92;3;15;12,92285;100
92;2;2;12,92285;100
92;2;2;12,92285;100
92;3;15;12,92285;100
92;2;2;13,2561;100
92;2;2;13,2561;100
92;3;15;13,2561;100
92;3;15;13,2561;100
92;2;2;13,2561;100
92;3;15;13,2561;100
92;2;2;13,2561;100
92;3;15;13,58936;100
92;2;2;13,58936;100
92;2;2;13,58936;100
92;3;15;13,58936;100
92;2;2;13,58936;100
92;3;15;13,58936;100
92;2;2;13,58936;100
92;3;15;13,58936;100
92;3;15;13,58936;100
92;2;2;13,58936;100
92;2;2;13,92261;100
92;3;15;13,92261;100
92;3;15;13,92261;100
92;3;15;13,92261;100
92;2;2;13,92261;100
92;3;15;13,92261;100
92;2;2;13,92261;100
92;2;2;13,92261;100
92;3;15;14,25586;100
92;3;15;14,25586;100
92;2;2;14,25586;100
92;3;15;14,25586;100
92;3;15;14,25586;100
92;2;2;14,25586;100
92;2;2;14,25586;100
92;2;2;14,58911;100
92;2;2;14,58911;100
92;3;15;14,58911;100
92;3;15;14,58911;100
92;2;2;14,58911;100
92;2;2;14,92236;100
92;3;15;14,92236;100
92;2;2;14,92236;100
92;2;2;14,92236;100
92;2;2;14,92236;100
92;3;15;14,92236;100
92;3;15;14,92236;100
92;2;2;14,92236;100
92;3;15;14,92236;100
92;3;15;14,92236;100
92;2;2;15,25562;100
92;2;2;15,25562;100
92;3;15;15,25562;100
92;2;2;15,25562;100
92;2;2;15,25562;100
92;3;15;15,25562;100
92;3;15;15,25562;100
92;2;2;15,25562;100
92;3;15;15,25562;100
92;2;2;15,25562;100
92;3;15;15,58887;100
92;3;15;15,58887;100
92;2;2;15,58887;100
92;3;15;15,58887;100
92;2;2;15,58887;100
92;2;2;15,58887;100
92;3;15;15,92212;100
92;2;2;15,92212;100
92;3;15;15,92212;100
92;2;2;15,92212;100
92;3;15;15,92212;100
92;2;2;15,92212;100
92;3;15;15,92212;100
92;2;2;16,25537;100
92;3;15;16,25537;100
92;3;15;16,25537;100
92;3;15;16,25537;100
92;3;15;16,25537;100
92;3;15;16,25537;100
92;3;15;16,25537;100
92;2;2;16,25537;100
92;2;2;16,25537;100
92;2;2;16,58862;100
92;2;2;16,58862;100
92;2;2;16,58862;100
92;2;2;16,58862;100
92;3;15;16,58862;100
92;3;15;16,58862;100
92;2;2;16,58862;100
92;2;2;16,58862;100
92;2;2;16,92188;100
92;3;15;16,92188;100
92;2;2;16,92188;100
92;2;2;16,92188;100
92;2;2;16,92188;100
92;3;15;16,92188;100
92;2;2;16,92188;100
92;3;15;16,92188;100
92;2;2;16,92188;100
92;3;15;17,25513;100
92;3;15;17,25513;100
92;2;2;17,25513;100
92;3;15;17,25513;100
92;3;15;17,25513;100
92;2;2;17,25513;100
92;3;15;17,58838;100
92;2;2;17,58838;100
92;2;2;17,58838;100
92;2;2;17,58838;100
92;3;15;17,58838;100
92;2;2;17,58838;100
92;2;2;17,58838;100
92;2;2;17,58838;100
92;3;15;17,58838;100
92;3;15;17,58838;100
92;2;2;17,92163;100
92;3;15;17,92163;100
92;2;2;17,92163;100
92;2;2;17,92163;100
92;3;15;17,92163;100
92;2;2;17,92163;100
92;2;2;17,92163;100
92;3;15;18,25488;100
92;3;15;18,25488;100
92;3;15;18,25488;100
92;2;2;18,25488;100
92;2;2;18,25488;100
92;2;2;18,25488;100
92;3;15;18,25488;100
92;3;15;18,25488;100
92;2;2;18,58813;100
92;2;2;18,58813;100
92;3;15;18,58813;100
92;2;2;18,58813;100
92;3;15;18,58813;100
92;3;15;18,58813;100
92;3;15;18,58813;100
92;3;15;18,58813;100
92;2;2;18,58813;100
92;3;15;18,58813;100
92;2;2;18,58813;100
92;2;2;18,58813;100
92;2;2;18,92139;100
92;2;2;18,92139;100
92;3;15;18,92139;100
92;2;2;18,92139;100
92;2;2;18,92139;100
92;2;2;18,92139;100
92;2;2;18,92139;100
92;2;2;18,92139;100
92;3;15;18,92139;100
92;2;2;18,92139;100
92;3;15;19,25464;100
92;3;15;19,25464;100
92;3;15;19,25464;100
92;3;15;19,25464;100
92;3;15;19,25464;100
92;2;2;19,25464;100
92;2;2;19,25464;100
92;3;15;19,25464;100
92;2;2;19,58789;100
92;2;2;19,58789;100
92;3;15;19,58789;100
92;3;15;19,58789;100
92;3;15;19,58789;100
92;3;15;19,58789;100
92;3;15;19,58789;100
92;2;2;19,92114;100
92;3;15;19,92114;100
92;2;2;19,92114;100
92;3;15;19,92114;100
92;3;15;19,92114;100
92;3;15;19,92114;100
92;3;15;19,92114;100
92;3;15;19,92114;100
92;3;15;19,92114;100
92;2;2;19,92114;100
92;3;15;20,25439;100
92;3;15;20,25439;100
92;2;2;20,25439;100
92;2;2;20,25439;100
92;2;2;20,25439;100
92;2;2;20,25439;100
92;3;15;20,25439;100
92;2;2;20,25439;100
92;3;15;20,25439;100
92;2;2;20,58765;100
92;2;2;20,58765;100
92;2;2;20,58765;100
92;2;2;20,58765;100
92;3;15;20,58765;100
92;3;15;20,58765;100
92;2;2;20,9209;100
92;3;15;20,9209;100
92;2;2;20,9209;100
92;3;15;20,9209;100
92;3;15;20,9209;100
92;3;15;20,9209;100
92;3;15;21,25415;100
92;3;15;21,25415;100
92;3;15;21,25415;100
92;3;15;21,25415;100
92;2;2;21,25415;100
92;2;2;21,25415;100
92;3;15;21,25415;100
92;3;15;21,5874;100
92;2;2;21,5874;100
92;3;15;21,5874;100
92;2;2;21,5874;100
92;2;2;21,5874;100
92;3;15;21,5874;100
92;2;2;21,5874;100
92;2;2;21,5874;100
92;3;15;21,92065;100
92;3;15;21,92065;100
92;2;2;21,92065;100
92;3;15;21,92065;100
92;3;15;21,92065;100
92;2;2;22,25391;100
92;2;2;22,25391;100
92;3;15;22,25391;100
92;3;15;22,25391;100
92;3;15;22,25391;100
92;3;15;22,25391;100
92;3;15;22,25391;100
92;3;15;22,25391;100
92;2;2;22,25391;100
92;2;2;22,25391;100
92;2;2;22,25391;100
92;3;15;22,58716;100
92;3;15;22,58716;100
92;2;2;22,58716;100
92;2;2;22,58716;100
92;2;2;22,58716;100
92;3;15;22,58716;100
92;3;15;22,58716;100
92;2;2;22,58716;100
92;2;2;22,92041;100
92;2;2;22,92041;100
92;3;15;22,92041;100
92;3;15;22,92041;100
92;3;15;22,92041;100
92;2;2;22,92041;100
92;2;2;22,92041;100
92;3;15;22,92041;100
92;2;2;22,92041;100
92;3;15;22,92041;100
92;3;15;22,92041;100
92;2;2;23,25366;100
92;2;2;23,25366;100
92;2;2;23,25366;100
92;2;2;23,25366;100
92;2;2;23,25366;100
92;2;2;23,25366;100
92;2;2;23,25366;100
92;2;2;23,25366;100
92;2;2;23,58691;100
92;2;2;23,58691;100
92;2;2;23,58691;100
92;2;2;23,58691;100
92;3;15;23,58691;100
92;2;2;23,58691;100
92;2;2;23,58691;100
92;2;2;23,58691;100
92;2;2;23,58691;100
92;3;15;23,92017;100
92;3;15;23,92017;100
92;3;15;23,92017;100
92;2;2;23,92017;100
92;2;2;23,92017;100
92;2;2;23,92017;100
92;2;2;23,92017;100
92;3;15;23,92017;100
92;2;2;24,25342;100
92;3;15;24,25342;100
92;3;15;24,25342;100
92;3;15;24,25342;100
92;2;2;24,25342;100
92;2;2;24,25342;100
92;2;2;24,25342;100
92;2;2;24,25342;100
92;3;15;24,25342;100
92;2;2;24,25342;100
92;3;15;24,58667;100
92;3;15;24,58667;100
92;2;2;24,58667;100
92;3;15;24,58667;100
92;2;2;24,58667;100
92;3;15;24,58667;100
92;2;2;24,58667;100
92;2;2;24,58667;100
92;2;2;24,91992;100
92;3;15;24,91992;100
92;2;2;24,91992;100
92;3;15;24,91992;100
92;3;15;24,91992;100
92;2;2;24,91992;100
92;3;15;24,91992;100
92;2;2;24,91992;100
92;2;2;24,91992;100
92;2;2;24,91992;100
92;2;2;24,91992;100
92;2;2;25,25317;100
92;3;15;25,25317;100
92;3;15;25,25317;100
92;3;15;25,25317;100
92;3;15;25,25317;100
92;3;15;25,25317;100
92;2;2;25,25317;100
92;2;2;25,25317;100
92;2;2;25,25317;100
92;3;15;25,25317;100
92;2;2;25,58643;100
92;2;2;25,58643;100
92;3;15;25,58643;100
92;2;2;25,58643;100
92;2;2;25,58643;100
92;3;15;25,58643;100
92;2;2;25,91968;100
92;3;15;25,91968;100
92;2;2;25,91968;100
92;3;15;25,91968;100
92;2;2;25,91968;100
92;2;2;26,25293;100
92;2;2;26,25293;100
92;2;2;26,25293;100
92;2;2;26,25293;100
92;3;15;26,25293;100
92;2;2;26,25293;100
92;3;15;26,25293;100
92;3;15;26,25293;100
92;2;2;26,58618;100
92;2;2;26,58618;100
92;3;15;26,58618;100
92;2;2;26,58618;100
92;2;2;26,58618;100
92;2;2;26,58618;100
92;2;2;26,58618;100
92;2;2;26,58618;100
92;2;2;26,58618;100
92;3;15;26,91943;100
92;2;2;26,91943;100
92;2;2;26,91943;100
92;2;2;26,91943;100
92;3;15;26,91943;100
92;3;15;26,91943;100
92;2;2;26,91943;100
92;3;15;27,25269;100
92;2;2;27,25269;100
92;2;2;27,25269;100
92;2;2;27,25269;100
92;3;15;27,25269;100
92;2;2;27,25269;100
92;2;2;27,58594;100
92;3;15;27,58594;100
92;2;2;27,58594;100
92;3;15;27,58594;100
92;2;2;27,58594;100
92;2;2;27,58594;100
92;2;2;27,58594;100
92;3;15;27,91919;100
92;3;15;27,91919;100
92;2;2;27,91919;100
92;2;2;27,91919;100
92;3;15;27,91919;100
92;2;2;27,91919;100
92;3;15;27,91919;100
92;2;2;27,91919;100
92;3;15;28,25244;100
92;2;2;28,25244;100
92;3;15;28,25244;100
92;2;2;28,25244;100
92;2;2;28,25244;100
92;3;15;28,25244;100
92;2;2;28,25244;100
92;3;15;28,25244;100
92;3;15;28,58569;100
92;3;15;28,58569;100
92;3;15;28,58569;100
92;3;15;28,58569;100
92;2;2;28,58569;100
92;2;2;28,58569;100
92;2;2;28,58569;100
92;2;2;28,58569;100
92;2;2;28,91895;100
92;2;2;28,91895;100
92;2;2;28,91895;100
92;3;15;28,91895;100
92;2;2;28,91895;100
92;2;2;28,91895;100
92;3;15;28,91895;100
92;2;2;28,91895;100
92;2;2;28,91895;100
92;3;15;28,91895;100
92;3;15;29,2522;100
92;3;15;29,2522;100
92;2;2;29,2522;100
92;2;2;29,2522;100
92;3;15;29,2522;100
92;2;2;29,2522;100
92;3;15;29,2522;100
92;2;2;29,2522;100
92;3;15;29,2522;100
92;2;2;29,58545;100
92;3;15;29,58545;100
92;3;15;29,58545;100
92;3;15;29,58545;100
92;3;15;29,58545;100
92;3;15;29,58545;100
92;2;2;29,9187;100
92;2;2;29,9187;100
92;3;15;29,9187;100
92;3;15;29,9187;100
92;2;2;29,9187;100
92;3;15;29,9187;100
92;3;15;29,9187;100
92;2;2;29,9187;100
92;2;2;30,25195;100
92;2;2;30,25195;100
92;3;15;30,25195;100
92;3;15;30,25195;100
92;2;2;30,25195;100
92;3;15;30,25195;100
92;2;2;30,25195;100
92;2;2;30,25195;100
92;3;15;30,58521;100
92;3;15;30,58521;100
92;2;2;30,58521;100
92;3;15;30,58521;100
92;3;15;30,58521;100
92;3;15;30,58521;100
92;2;2;30,58521;100
92;3;15;30,58521;100
92;3;15;30,91846;100
92;2;2;30,91846;100
92;2;2;30,91846;100
92;2;2;30,91846;100
92;3;15;30,91846;100
92;2;2;30,91846;100
92;2;2;30,91846;100
92;3;15;30,91846;100
92;2;2;30,91846;100
92;2;2;30,91846;100
92;3;15;30,91846;100
92;3;15;30,91846;100
92;2;2;30,91846;100
92;2;2;30,91846;100
92;3;15;31,25171;100
92;3;15;31,25171;100
92;2;2;31,25171;100
92;3;15;31,25171;100
92;3;15;31,25171;100
92;3;15;31,25171;100
92;3;15;31,25171;100
92;2;2;31,25171;100
92;3;15;31,25171;100
92;2;2;31,25171;100
92;2;2;31,58496;100
92;3;15;31,58496;100
92;2;2;31,58496;100
92;3;15;31,58496;100
92;2;2;31,58496;100
92;2;2;31,58496;100
92;3;15;31,58496;100
92;3;15;31,58496;100
92;3;15;31,58496;100
92;3;15;31,58496;100
92;3;15;31,91821;100
92;3;15;31,91821;100
92;3;15;31,91821;100
92;2;2;31,91821;100
92;2;2;31,91821;100
92;3;15;31,91821;100
92;2;2;31,91821;100
92;3;15;32,25146;100
92;3;15;32,25146;100
92;3;15;32,25146;100
92;2;2;32,25146;100
92;2;2;32,25146;100
92;3;15;32,25146;100
92;2;2;32,25146;100
92;2;2;32,25146;100
92;2;2;32,25146;100
92;3;15;32,25146;100
92;2;2;32,58472;100
92;2;2;32,58472;100
92;3;15;32,58472;100
92;3;15;32,58472;100
92;3;15;32,58472;100
92;3;15;32,58472;100
92;3;15;32,58472;100
92;2;2;32,58472;100
92;2;2;32,91797;100
92;2;2;32,91797;100
92;3;15;32,91797;100
92;3;15;32,91797;100
92;2;2;32,91797;100
92;3;15;32,91797;100
92;3;15;33,25122;100
92;3;15;33,25122;100
92;3;15;33,25122;100
92;2;2;33,25122;100
92;2;2;33,25122;100
92;3;15;33,25122;100
92;3;15;33,58447;100
92;2;2;33,58447;100
92;3;15;33,58447;100
92;2;2;33,58447;100
92;3;15;33,58447;100
92;3;15;33,58447;100
92;3;15;33,58447;100
92;3;15;33,58447;100
92;2;2;33,91772;100
92;3;15;33,91772;85
92;2;2;33,91772;85
92;3;15;33,91772;70
92;3;15;33,91772;55
92;3;15;34,25098;40
92;2;2;34,25098;40
92;2;2;34,25098;40
92;2;2;34,25098;40
92;3;15;34,25098;25
92;2;2;34,25098;25
92;3;15;34,58423;10
84;2;2;34,58423;8
76;3;15;34,58423;-7
Player