100;3;15;50,85107;100
100;3;15;50,85107;100
100;3;15;50,85107;100
100;3;15;50,85107;100
100;2;2;50,85107;100
100;2;2;50,85107;100
100;3;15;50,85107;100
100;3;15;50,85107;100
100;2;2;50,85107;100
100;2;2;50,85107;100
100;3;15;51,18457;100
100;2;2;51,18457;100
100;3;15;51,18457;100
100;3;15;51,18457;100
100;2;2;51,18457;100
100;3;15;51,18457;100
100;2;2;51,18457;100
100;3;15;51,18457;100
100;3;15;51,18457;100
100;3;15;51,18457;100
100;3;15;51,18457;100
100;3;15;51,18457;100
100;3;15;51,51807;100
100;3;15;51,51807;100
100;2;2;51,51807;100
100;3;15;51,51807;100
100;3;15;51,51807;100
100;3;15;51,51807;100
100;3;15;51,51807;100
100;2;2;51,51807;100
100;3;15;51,51807;100
100;2;2;51,51807;100
100;2;2;51,51807;100
100;3;15;51,51807;100
100;2;2;51,51807;100
100;3;15;51,51807;100
100;3;15;51,85156;100
100;3;15;51,85156;100
100;3;15;51,85156;100
100;2;2;51,85156;100
100;2;2;51,85156;100
100;2;2;51,85156;100
100;2;2;51,85156;100
100;3;15;51,85156;100
100;3;15;51,85156;100
100;3;15;52,18506;100
100;3;15;52,18506;100
100;2;2;52,18506;100
100;3;15;52,18506;100
100;3;15;52,18506;100
100;3;15;52,18506;100
100;2;2;52,18506;100
100;2;2;52,18506;100
100;3;15;52,18506;100
100;2;2;52,18506;100
100;3;15;52,18506;100
100;2;2;52,18506;100
100;2;2;52,18506;100
100;3;15;52,18506;100
100;2;2;52,18506;100
100;2;2;52,51855;100
100;2;2;52,51855;100
100;2;2;52,51855;100
100;3;15;52,51855;100
100;2;2;52,51855;100
100;3;15;52,51855;100
100;2;2;52,51855;100
100;3;15;52,85205;100
100;3;15;52,85205;100
100;3;15;52,85205;100
100;3;15;52,85205;100
100;2;2;52,85205;100
100;3;15;52,85205;100
100;3;15;52,85205;100
100;2;2;52,85205;100
100;3;15;52,85205;100
100;2;2;52,85205;100
100;2;2;53,18555;100
100;3;15;53,18555;100
100;2;2;53,18555;100
100;3;15;53,18555;100
100;3;15;53,18555;100
100;3;15;53,18555;100
100;3;15;53,18555;100
100;3;15;53,18555;100
100;3;15;53,18555;100
100;3;15;53,18555;100
100;3;15;53,18555;100
100;2;2;53,18555;100
100;3;15;53,18555;100
100;3;15;53,18555;100
100;3;15;53,51904;100
100;3;15;53,51904;100
100;2;2;53,51904;100
100;3;15;53,51904;100
100;3;15;53,51904;100
100;3;15;53,51904;100
100;2;2;53,51904;100
100;2;2;53,51904;100
100;3;15;53,51904;100
100;3;15;53,51904;100
100;2;2;53,51904;100
100;3;15;53,85254;100
100;3;15;53,85254;100
100;3;15;53,85254;100
100;3;15;53,85254;100
100;3;15;53,85254;100
100;3;15;53,85254;100
100;2;2;53,85254;100
100;3;15;53,85254;100
100;2;2;53,85254;100
100;3;15;53,85254;100
100;3;15;53,85254;100
100;3;15;54,18604;100
100;3;15;54,18604;100
100;3;15;54,18604;100
100;2;2;54,18604;100
100;2;2;54,18604;100
100;2;2;54,18604;100
100;2;2;54,18604;100
100;2;2;54,18604;100
100;2;2;54,18604;100
100;3;15;54,51953;100
100;3;15;54,51953;100
100;3;15;54,51953;100
100;3;15;54,51953;100
100;2;2;54,51953;100
100;3;15;54,51953;100
100;2;2;54,51953;100
100;2;2;54,51953;100
100;3;15;54,51953;100
100;3;15;54,51953;100
100;2;2;54,85303;100
100;2;2;54,85303;100
100;3;15;54,85303;100
100;3;15;54,85303;100
100;2;2;54,85303;100
100;3;15;54,85303;100
100;3;15;54,85303;100
100;3;15;54,85303;100
100;2;2;54,85303;100
100;2;2;54,85303;100
100;2;2;55,18652;100
100;3;15;55,18652;100
100;3;15;55,18652;100
100;2;2;55,18652;100
100;3;15;55,18652;100
100;2;2;55,18652;100
100;3;15;55,18652;100
100;3;15;55,18652;100
100;3;15;55,18652;100
100;2;2;55,18652;100
100;2;2;55,52002;100
100;2;2;55,52002;100
100;2;2;55,52002;100
100;2;2;55,52002;100
100;3;15;55,52002;100
100;2;2;55,52002;100
100;3;15;55,52002;100
100;2;2;55,52002;100
100;3;15;55,52002;100
100;3;15;55,52002;100
100;3;15;55,52002;100
100;3;15;55,52002;100
100;3;15;55,85352;100
100;3;15;55,85352;100
100;2;2;55,85352;100
100;3;15;55,85352;100
100;3;15;55,85352;100
100;3;15;55,85352;100
100;3;15;55,85352;100
100;3;15;55,85352;100
100;2;2;55,85352;100
100;3;15;56,18701;100
100;3;15;56,18701;100
100;2;2;56,18701;100
100;3;15;56,18701;100
100;2;2;56,18701;100
100;2;2;56,18701;100
100;3;15;56,18701;100
100;2;2;56,18701;100
100;3;15;56,18701;100
100;3;15;56,18701;100
100;3;15;56,52051;100
100;3;15;56,52051;100
100;3;15;56,52051;100
100;3;15;56,52051;100
100;3;15;56,52051;100
100;3;15;56,52051;100
100;3;15;56,52051;100
100;3;15;56,52051;100
100;2;2;56,52051;100
100;3;15;56,52051;100
100;3;15;56,52051;100
100;3;15;56,52051;100
100;3;15;56,854;100
100;3;15;56,854;100
100;3;15;56,854;100
100;3;15;56,854;100
100;2;2;56,854;100
100;3;15;56,854;100
100;3;15;56,854;100
100;3;15;56,854;100
100;3;15;56,854;100
100;2;2;56,854;100
100;2;2;57,1875;100
100;3;15;57,1875;100
100;2;2;57,1875;100
100;2;2;57,1875;100
100;3;15;57,1875;100
100;2;2;57,1875;100
100;2;2;57,1875;100
100;3;15;57,1875;100
100;3;15;57,1875;100
100;2;2;57,1875;100
100;3;15;57,521;100
100;3;15;57,521;100
100;3;15;57,521;100
100;3;15;57,521;100
100;3;15;57,521;100
100;3;15;57,521;100
100;3;15;57,521;100
100;3;15;57,521;100
100;3;15;57,521;100
100;3;15;57,521;100
100;2;2;57,521;100
100;3;15;57,521;100
100;3;15;57,85449;100
100;3;15;57,85449;100
100;3;15;57,85449;100
100;3;15;57,85449;100
100;3;15;57,85449;100
100;3;15;57,85449;100
100;3;15;57,85449;100
100;3;15;57,85449;100
100;2;2;57,85449;100
100;3;15;57,85449;100
100;3;15;57,85449;100
100;3;15;57,85449;100
100;3;15;57,85449;100
100;3;15;57,85449;100
100;3;15;58,18799;100
100;3;15;58,18799;100
100;3;15;58,18799;100
100;2;2;58,18799;100
100;3;15;58,18799;100
100;3;15;58,18799;100
100;3;15;58,18799;100
100;2;2;58,18799;100
100;3;15;58,18799;100
100;3;15;58,18799;100
100;3;15;58,18799;100
100;2;2;58,18799;100
100;3;15;58,18799;100
100;3;15;58,18799;100
100;3;15;58,52148;100
100;3;15;58,52148;100
100;2;2;58,52148;100
100;3;15;58,52148;100
100;3;15;58,52148;100
100;3;15;58,52148;100
100;3;15;58,52148;100
100;3;15;58,52148;100
100;3;15;58,52148;100
100;3;15;58,85498;100
100;3;15;58,85498;100
100;2;2;58,85498;100
100;3;15;58,85498;100
100;2;2;58,85498;100
100;2;2;58,85498;100
100;3;15;58,85498;100
100;2;2;58,85498;100
100;2;2;58,85498;100
100;2;2;58,85498;100
100;3;15;58,85498;100
100;2;2;58,85498;100
100;2;2;58,85498;100
100;3;15;59,18848;100
100;3;15;59,18848;100
100;2;2;59,18848;100
100;3;15;59,18848;100
100;2;2;59,18848;100
100;3;15;59,18848;100
100;3;15;59,18848;100
100;2;2;59,18848;100
100;3;15;59,18848;100
100;2;2;59,18848;100
100;3;15;59,18848;100
100;3;15;59,52197;100
100;2;2;59,52197;100
100;2;2;59,52197;100
100;3;15;59,52197;100
100;3;15;59,52197;100
100;2;2;59,52197;100
100;2;2;59,52197;100
100;2;2;59,52197;100
100;2;2;59,52197;100
100;3;15;59,52197;100
100;3;15;59,52197;100
100;3;15;59,52197;100
100;3;15;59,85547;100
100;3;15;59,85547;100
100;2;2;59,85547;100
100;3;15;59,85547;100
100;3;15;59,85547;100
100;3;15;59,85547;100
100;3;15;59,85547;100
100;3;15;59,85547;100
100;2;2;0,1889648;100
100;3;15;0,1889648;100
100;3;15;0,1889648;100
100;3;15;0,1889648;100
100;3;15;0,1889648;100
100;3;15;0,1889648;100
100;2;2;0,1889648;100
100;3;15;0,1889648;100
100;3;15;0,1889648;100
100;2;2;0,1889648;100
100;2;2;0,5224609;100
100;2;2;0,5224609;100
100;2;2;0,5224609;100
100;3;15;0,5224609;100
100;2;2;0,5224609;100
100;3;15;0,5224609;100
100;3;15;0,5224609;100
100;3;15;0,5224609;100
100;3;15;0,5224609;100
100;2;2;0,5224609;100
100;2;2;0,5224609;100
100;3;15;0,5224609;100
100;2;2;0,855957;100
100;3;15;0,855957;100
100;2;2;0,855957;100
100;3;15;0,855957;100
100;2;2;0,855957;100
100;3;15;0,855957;100
100;3;15;0,855957;100
100;2;2;0,855957;100
100;2;2;0,855957;100
100;2;2;0,855957;100
100;2;2;1,189453;100
100;3;15;1,189453;100
100;3;15;1,189453;100
100;3;15;1,189453;100
100;2;2;1,189453;100
100;3;15;1,189453;100
100;3;15;1,189453;100
100;3;15;1,189453;100
100;3;15;1,189453;100
100;3;15;1,189453;100
100;3;15;1,189453;100
100;2;2;1,522949;100
100;3;15;1,522949;100
100;3;15;1,522949;100
100;2;2;1,522949;100
100;2;2;1,522949;100
100;3;15;1,522949;100
100;3;15;1,522949;100
100;2;2;1,522949;100
100;3;15;1,522949;100
100;3;15;1,522949;100
100;3;15;1,522949;100
100;3;15;1,856445;100
100;2;2;1,856445;100
100;2;2;1,856445;100
100;3;15;1,856445;100
100;2;2;1,856445;100
100;3;15;1,856445;100
100;2;2;1,856445;100
100;2;2;1,856445;100
100;3;15;2,189941;100
100;3;15;2,189941;100
100;3;15;2,189941;100
100;3;15;2,189941;100
100;3;15;2,189941;100
100;3;15;2,189941;100
100;2;2;2,189941;100
100;3;15;2,189941;100
100;3;15;2,189941;100
100;3;15;2,523438;100
100;3;15;2,523438;85
100;3;15;2,523438;70
100;3;15;2,523438;55
100;2;2;2,523438;55
100;2;2;2,523438;55
100;3;15;2,523438;40
100;2;2;2,523438;40
100;3;15;2,523438;25
100;3;15;2,523438;10
100;3;15;2,523438;-5
Player