100;2;2;33,97266;100
100;3;15;33,97266;100
100;3;15;33,97266;100
100;3;15;33,97266;100
100;3;15;33,97266;100
100;2;2;33,97266;100
100;3;15;33,97266;100
100;2;2;33,97266;100
100;2;2;34,30591;100
100;3;15;34,30591;100
100;3;15;34,30591;100
100;3;15;34,30591;100
100;2;2;34,63916;100
100;2;2;34,63916;100
100;2;2;34,63916;100
100;3;15;34,63916;100
100;3;15;34,63916;100
100;2;2;34,63916;100
100;3;15;34,63916;100
100;2;2;34,63916;100
100;3;15;34,97241;100
100;3;15;34,97241;100
100;2;2;34,97241;100
100;3;15;34,97241;100
100;2;2;34,97241;100
100;3;15;34,97241;100
100;3;15;34,97241;100
100;2;2;34,97241;100
100;2;2;34,97241;100
100;2;2;34,97241;100
100;3;15;34,97241;100
100;2;2;35,30566;100
100;3;15;35,30566;100
100;3;15;35,30566;100
100;2;2;35,30566;100
100;3;15;35,30566;100
100;3;15;35,30566;100
100;3;15;35,30566;100
100;3;15;35,30566;100
100;2;2;35,63892;100
100;2;2;35,63892;100
100;3;15;35,63892;100
100;3;15;35,63892;100
100;2;2;35,63892;100
100;2;2;35,63892;100
100;2;2;35,63892;100
100;2;2;35,63892;100
100;3;15;35,63892;100
100;3;15;35,63892;100
100;3;15;35,97217;100
100;3;15;35,97217;100
100;2;2;35,97217;100
100;2;2;35,97217;100
100;2;2;35,97217;100
100;3;15;35,97217;100
100;2;2;35,97217;100
100;3;15;35,97217;100
100;3;15;36,30542;100
100;3;15;36,30542;100
100;2;2;36,30542;100
100;3;15;36,30542;100
100;2;2;36,30542;100
100;2;2;36,30542;100
100;3;15;36,30542;100
100;2;2;36,30542;100
100;3;15;36,63867;100
100;3;15;36,63867;100
100;3;15;36,63867;100
100;3;15;36,63867;100
100;2;2;36,63867;100
100;3;15;36,63867;100
100;3;15;36,63867;100
100;2;2;36,97192;100
100;3;15;36,97192;100
100;3;15;36,97192;100
100;2;2;36,97192;100
100;3;15;36,97192;100
100;2;2;36,97192;100
100;2;2;36,97192;100
100;3;15;36,97192;100
100;2;2;36,97192;100
100;3;15;37,30518;100
100;3;15;37,30518;100
100;2;2;37,30518;100
100;2;2;37,30518;100
100;3;15;37,30518;100
100;3;15;37,30518;100
100;3;15;37,30518;100
100;2;2;37,30518;100
100;2;2;37,63843;100
100;3;15;37,63843;100
100;2;2;37,63843;100
100;3;15;37,63843;100
100;3;15;37,63843;100
100;3;15;37,63843;100
100;3;15;37,63843;100
100;3;15;37,63843;100
100;3;15;37,63843;100
100;3;15;37,63843;100
100;3;15;37,97168;100
100;2;2;37,97168;100
100;3;15;37,97168;100
100;3;15;37,97168;100
100;3;15;37,97168;100
100;2;2;37,97168;100
100;3;15;37,97168;100
100;3;15;37,97168;100
100;3;15;37,97168;100
100;2;2;37,97168;100
100;3;15;38,30493;100
100;3;15;38,30493;100
100;2;2;38,30493;100
100;3;15;38,30493;100
100;2;2;38,30493;100
100;2;2;38,30493;100
100;3;15;38,30493;100
100;3;15;38,30493;100
100;2;2;38,30493;100
100;2;2;38,30493;100
100;3;15;38,30493;100
100;2;2;38,30493;100
100;2;2;38,63818;100
100;2;2;38,63818;100
100;2;2;38,63818;100
100;2;2;38,63818;100
100;3;15;38,63818;100
100;3;15;38,63818;100
100;2;2;38,63818;100
100;2;2;38,63818;100
100;3;15;38,63818;100
100;2;2;38,97144;100
100;3;15;38,97144;100
100;2;2;38,97144;100
100;3;15;38,97144;100
100;3;15;38,97144;100
100;2;2;38,97144;100
100;3;15;38,97144;100
100;3;15;39,30469;100
100;2;2;39,30469;100
100;2;2;39,30469;100
100;2;2;39,30469;100
100;2;2;39,30469;100
100;3;15;39,30469;100
100;3;15;39,30469;100
100;2;2;39,30469;100
100;2;2;39,30469;100
100;3;15;39,30469;100
100;3;15;39,30469;100
100;3;15;39,30469;100
100;2;2;39,63794;100
100;2;2;39,63794;100
100;3;15;39,63794;100
100;3;15;39,63794;100
100;3;15;39,63794;100
100;3;15;39,97119;100
100;3;15;39,97119;100
100;2;2;39,97119;100
100;3;15;39,97119;100
100;3;15;39,97119;100
100;2;2;39,97119;100
100;3;15;39,97119;100
100;2;2;39,97119;100
100;2;2;39,97119;100
100;3;15;39,97119;100
100;2;2;39,97119;100
100;2;2;39,97119;100
100;2;2;39,97119;100
100;2;2;39,97119;100
100;3;15;40,30444;100
100;3;15;40,30444;100
100;3;15;40,30444;100
100;2;2;40,30444;100
100;2;2;40,30444;100
100;3;15;40,30444;100
100;3;15;40,30444;100
100;2;2;40,30444;100
100;3;15;40,6377;100
100;3;15;40,6377;100
100;2;2;40,6377;100
100;2;2;40,6377;100
100;3;15;40,6377;100
100;3;15;40,6377;100
100;2;2;40,6377;100
100;2;2;40,6377;100
100;3;15;40,6377;100
100;3;15;40,6377;100
100;3;15;40,6377;100
100;3;15;40,97095;100
100;2;2;40,97095;100
100;3;15;40,97095;100
100;3;15;40,97095;100
100;2;2;40,97095;100
100;3;15;40,97095;100
100;2;2;40,97095;100
100;3;15;40,97095;100
100;3;15;40,97095;100
100;3;15;40,97095;100
100;3;15;40,97095;100
100;2;2;41,3042;100
100;2;2;41,3042;100
100;3;15;41,3042;100
100;3;15;41,3042;100
100;2;2;41,3042;100
100;2;2;41,3042;100
100;3;15;41,3042;100
100;3;15;41,63745;100
100;2;2;41,63745;100
100;2;2;41,63745;100
100;2;2;41,63745;100
100;3;15;41,63745;100
100;3;15;41,63745;100
100;3;15;41,63745;100
100;2;2;41,63745;100
100;3;15;41,63745;100
100;3;15;41,63745;100
100;2;2;41,63745;100
100;3;15;41,9707;100
100;2;2;41,9707;100
100;2;2;41,9707;100
100;2;2;41,9707;100
100;3;15;41,9707;100
100;2;2;41,9707;100
100;3;15;42,30396;100
100;3;15;42,30396;100
100;2;2;42,30396;100
100;3;15;42,30396;100
100;2;2;42,30396;100
100;3;15;42,30396;100
100;2;2;42,30396;100
100;2;2;42,30396;100
100;3;15;42,30396;100
100;3;15;42,30396;100
100;2;2;42,30396;100
100;3;15;42,30396;100
100;2;2;42,30396;100
100;3;15;42,63721;100
100;3;15;42,63721;100
100;3;15;42,63721;100
100;2;2;42,63721;100
100;3;15;42,63721;100
100;3;15;42,63721;100
100;2;2;42,63721;100
100;2;2;42,63721;100
100;3;15;42,63721;100
100;2;2;42,63721;100
100;2;2;42,97046;100
100;2;2;42,97046;100
100;3;15;42,97046;100
100;3;15;42,97046;100
100;2;2;42,97046;100
100;3;15;42,97046;100
100;3;15;42,97046;100
100;2;2;42,97046;100
100;2;2;42,97046;100
100;3;15;42,97046;100
100;3;15;42,97046;100
100;2;2;43,30371;100
100;3;15;43,30371;100
100;2;2;43,30371;100
100;3;15;43,30371;100
100;2;2;43,30371;100
100;2;2;43,30371;100
100;3;15;43,30371;100
100;2;2;43,30371;100
100;3;15;43,30371;100
100;3;15;43,30371;100
100;3;15;43,30371;100
100;3;15;43,30371;100
100;2;2;43,63696;100
100;2;2;43,63696;100
100;3;15;43,63696;100
100;2;2;43,63696;100
100;2;2;43,63696;100
100;3;15;43,97021;100
100;3;15;43,97021;100
100;2;2;43,97021;100
100;2;2;43,97021;100
100;2;2;43,97021;100
100;2;2;43,97021;100
100;2;2;43,97021;100
100;2;2;43,97021;100
100;3;15;43,97021;100
100;3;15;44,30347;100
100;3;15;44,30347;100
100;3;15;44,30347;100
100;2;2;44,30347;100
100;2;2;44,30347;100
100;3;15;44,30347;100
100;2;2;44,63672;100
100;2;2;44,63672;100
100;3;15;44,63672;100
100;2;2;44,63672;100
100;3;15;44,63672;100
100;3;15;44,63672;100
100;3;15;44,63672;100
100;3;15;44,63672;100
100;2;2;44,63672;100
100;3;15;44,63672;100
100;3;15;44,63672;100
100;3;15;44,96997;100
100;2;2;44,96997;100
100;2;2;44,96997;100
100;3;15;44,96997;100
100;3;15;44,96997;100
100;2;2;45,30322;100
100;2;2;45,30322;100
100;2;2;45,30322;100
100;2;2;45,30322;100
100;2;2;45,30322;100
100;2;2;45,30322;100
100;2;2;45,30322;100
100;2;2;45,30322;100
100;2;2;45,30322;100
100;2;2;45,63647;100
100;3;15;45,63647;100
100;2;2;45,63647;100
100;2;2;45,63647;100
100;2;2;45,63647;100
100;2;2;45,63647;100
100;3;15;45,63647;100
100;3;15;45,63647;100
100;2;2;45,63647;100
100;2;2;45,96973;100
100;3;15;45,96973;100
100;2;2;45,96973;100
100;2;2;45,96973;100
100;2;2;45,96973;100
100;2;2;45,96973;100
100;2;2;45,96973;100
100;2;2;45,96973;100
100;2;2;45,96973;100
100;3;15;45,96973;100
100;3;15;45,96973;100
100;2;2;46,30298;100
100;2;2;46,30298;100
100;2;2;46,30298;100
100;2;2;46,30298;100
100;2;2;46,30298;100
100;2;2;46,30298;100
100;2;2;46,30298;100
100;2;2;46,30298;100
100;2;2;46,30298;100
100;3;15;46,30298;100
100;2;2;46,30298;100
100;2;2;46,63623;100
100;2;2;46,63623;100
100;3;15;46,63623;100
100;2;2;46,63623;100
100;3;15;46,63623;100
100;2;2;46,63623;100
100;2;2;46,63623;100
100;3;15;46,63623;100
100;2;2;46,63623;100
100;3;15;46,63623;100
100;3;15;46,63623;100
100;3;15;46,63623;100
100;3;15;46,96948;100
100;2;2;46,96948;100
100;3;15;46,96948;100
100;3;15;46,96948;100
100;3;15;46,96948;100
100;3;15;46,96948;100
100;2;2;46,96948;100
100;3;15;47,30273;100
100;3;15;47,30273;100
100;3;15;47,30273;100
100;3;15;47,30273;100
100;3;15;47,30273;100
100;3;15;47,30273;100
100;2;2;47,30273;100
100;2;2;47,30273;100
100;2;2;47,30273;100
100;3;15;47,30273;100
100;3;15;47,63599;100
100;2;2;47,63599;100
100;3;15;47,63599;100
100;3;15;47,63599;100
100;3;15;47,63599;100
100;3;15;47,63599;100
100;2;2;47,63599;100
100;3;15;47,63599;100
100;2;2;47,63599;100
100;3;15;47,96924;100
100;3;15;47,96924;100
100;3;15;47,96924;100
100;2;2;47,96924;100
100;3;15;47,96924;100
100;3;15;47,96924;100
100;3;15;47,96924;100
100;2;2;47,96924;100
100;2;2;47,96924;100
100;3;15;47,96924;100
100;2;2;47,96924;100
100;2;2;48,30249;100
100;2;2;48,30249;100
100;2;2;48,30249;100
100;3;15;48,30249;100
100;3;15;48,30249;100
100;2;2;48,30249;100
100;3;15;48,30249;100
100;2;2;48,30249;100
100;2;2;48,63574;100
100;3;15;48,63574;100
100;2;2;48,63574;100
100;2;2;48,63574;100
100;3;15;48,63574;100
100;2;2;48,63574;100
100;3;15;48,63574;100
100;2;2;48,63574;100
100;2;2;48,63574;100
100;3;15;48,63574;100
100;3;15;48,96899;100
100;2;2;48,96899;100
100;3;15;48,96899;100
100;2;2;48,96899;100
100;3;15;48,96899;100
100;3;15;48,96899;100
100;2;2;48,96899;100
100;2;2;48,96899;100
100;3;15;48,96899;100
100;3;15;48,96899;100
100;3;15;49,30225;100
100;2;2;49,30225;100
100;2;2;49,30225;100
100;3;15;49,30225;100
100;3;15;49,30225;100
100;3;15;49,6355;100
100;2;2;49,6355;100
100;3;15;49,6355;100
100;2;2;49,6355;100
100;3;15;49,6355;100
100;2;2;49,6355;100
100;2;2;49,6355;100
100;3;15;49,6355;100
100;3;15;49,96875;100
100;3;15;49,96875;100
100;3;15;49,96875;100
100;3;15;49,96875;100
100;2;2;49,96875;100
100;2;2;49,96875;100
100;3;15;49,96875;100
100;3;15;50,302;100
100;2;2;50,302;100
100;2;2;50,302;100
100;3;15;50,302;100
100;3;15;50,302;100
100;3;15;50,302;100
100;3;15;50,302;100
100;2;2;50,302;100
100;2;2;50,302;100
100;3;15;50,302;100
100;2;2;50,63525;100
100;3;15;50,63525;100
100;2;2;50,63525;100
100;3;15;50,63525;100
100;3;15;50,63525;100
100;2;2;50,63525;100
100;3;15;50,63525;100
100;2;2;50,63525;100
100;2;2;50,63525;100
100;2;2;50,63525;100
100;3;15;50,63525;100
100;3;15;50,96851;100
100;3;15;50,96851;100
100;3;15;50,96851;100
100;3;15;50,96851;100
100;3;15;50,96851;100
100;2;2;50,96851;100
100;3;15;50,96851;100
100;2;2;50,96851;100
100;3;15;50,96851;100
100;2;2;50,96851;100
100;2;2;50,96851;100
100;2;2;50,96851;100
100;2;2;51,30176;100
100;2;2;51,30176;100
100;3;15;51,30176;100
100;3;15;51,30176;100
100;3;15;51,30176;100
100;3;15;51,30176;100
100;2;2;51,30176;100
100;3;15;51,30176;100
100;3;15;51,30176;100
100;3;15;51,30176;100
100;3;15;51,30176;100
100;3;15;51,63501;100
100;3;15;51,63501;100
100;2;2;51,63501;100
100;3;15;51,63501;100
100;3;15;51,63501;100
100;3;15;51,63501;100
100;3;15;51,63501;100
100;2;2;51,96826;100
100;2;2;51,96826;100
100;3;15;51,96826;100
100;2;2;51,96826;100
100;2;2;51,96826;100
100;3;15;51,96826;100
100;2;2;51,96826;100
100;2;2;52,30151;100
100;2;2;52,30151;100
100;2;2;52,30151;100
100;2;2;52,30151;100
100;3;15;52,30151;100
100;3;15;52,30151;100
100;3;15;52,30151;100
100;2;2;52,30151;100
100;3;15;52,30151;100
100;3;15;52,30151;100
100;2;2;52,30151;100
100;3;15;52,30151;100
100;2;2;52,63477;100
100;2;2;52,63477;100
100;2;2;52,63477;100
100;3;15;52,63477;100
100;3;15;52,63477;100
100;2;2;52,63477;100
100;2;2;52,63477;100
100;2;2;52,96802;100
100;2;2;52,96802;100
100;2;2;52,96802;100
100;3;15;52,96802;100
100;2;2;52,96802;100
100;2;2;52,96802;100
100;2;2;52,96802;100
100;3;15;52,96802;100
100;2;2;52,96802;100
100;3;15;52,96802;100
100;3;15;53,30127;100
100;2;2;53,30127;100
100;2;2;53,30127;100
100;3;15;53,30127;100
100;3;15;53,30127;100
100;2;2;53,30127;100
100;2;2;53,30127;100
100;2;2;53,30127;100
100;3;15;53,30127;100
100;2;2;53,63452;100
100;3;15;53,63452;100
100;2;2;53,63452;100
100;3;15;53,63452;100
100;3;15;53,63452;100
100;3;15;53,63452;100
100;2;2;53,63452;100
100;3;15;53,63452;100
100;2;2;53,63452;100
100;3;15;53,63452;100
100;3;15;53,96777;100
100;3;15;53,96777;100
100;2;2;53,96777;100
100;3;15;53,96777;100
100;2;2;53,96777;100
100;3;15;53,96777;100
100;2;2;53,96777;100
100;2;2;53,96777;100
100;3;15;53,96777;100
100;2;2;53,96777;100
100;3;15;53,96777;100
100;2;2;53,96777;100
100;2;2;54,30103;100
100;2;2;54,30103;100
100;2;2;54,30103;100
100;3;15;54,30103;100
100;2;2;54,30103;100
100;3;15;54,30103;100
100;3;15;54,30103;100
100;3;15;54,30103;100
100;3;15;54,30103;100
100;2;2;54,30103;100
100;2;2;54,63428;100
100;2;2;54,63428;100
100;2;2;54,63428;100
100;3;15;54,63428;100
100;2;2;54,63428;100
100;2;2;54,63428;100
100;3;15;54,63428;100
100;2;2;54,63428;100
100;3;15;54,63428;100
100;3;15;54,63428;100
100;3;15;54,96753;100
100;2;2;54,96753;100
100;2;2;54,96753;100
100;3;15;54,96753;100
100;2;2;54,96753;100
100;2;2;54,96753;100
100;3;15;54,96753;100
100;2;2;54,96753;100
100;2;2;54,96753;100
100;3;15;54,96753;100
100;3;15;54,96753;100
100;3;15;55,30078;100
100;2;2;55,30078;100
100;3;15;55,30078;100
100;3;15;55,30078;100
100;2;2;55,30078;100
100;2;2;55,30078;100
100;3;15;55,30078;100
100;2;2;55,30078;100
100;3;15;55,30078;100
100;3;15;55,30078;100
100;2;2;55,63403;100
100;3;15;55,63403;100
100;2;2;55,63403;100
100;3;15;55,63403;100
100;3;15;55,63403;100
100;2;2;55,63403;100
100;2;2;55,63403;100
100;3;15;55,63403;100
100;3;15;55,63403;100
100;2;2;55,63403;100
100;2;2;55,63403;100
100;3;15;55,63403;100
100;2;2;55,96729;100
100;2;2;55,96729;100
100;2;2;55,96729;100
100;2;2;55,96729;100
100;2;2;55,96729;100
100;2;2;55,96729;100
100;3;15;55,96729;100
100;3;15;56,30054;100
100;2;2;56,30054;100
100;2;2;56,30054;100
100;2;2;56,30054;100
100;2;2;56,30054;100
100;2;2;56,30054;100
100;3;15;56,30054;100
100;2;2;56,30054;100
100;3;15;56,30054;100
100;3;15;56,30054;100
100;3;15;56,30054;100
100;2;2;56,30054;100
100;2;2;56,30054;100
100;3;15;56,63379;100
100;2;2;56,63379;100
100;2;2;56,63379;100
100;2;2;56,63379;100
100;3;15;56,63379;100
100;3;15;56,63379;100
100;3;15;56,63379;100
100;3;15;56,63379;100
100;2;2;56,63379;100
100;2;2;56,63379;100
100;3;15;56,63379;100
100;3;15;56,96704;100
100;3;15;56,96704;100
100;2;2;56,96704;100
100;3;15;56,96704;100
100;3;15;56,96704;100
100;3;15;56,96704;100
100;2;2;56,96704;100
100;2;2;56,96704;100
100;2;2;56,96704;100
100;2;2;56,96704;100
100;2;2;57,30029;100
100;3;15;57,30029;100
100;2;2;57,30029;100
100;2;2;57,30029;100
100;2;2;57,30029;100
100;2;2;57,30029;100
100;2;2;57,30029;100
100;2;2;57,30029;100
100;3;15;57,30029;100
100;3;15;57,30029;100
100;2;2;57,63354;100
100;2;2;57,63354;100
100;3;15;57,63354;85
100;3;15;57,63354;70
100;2;2;57,63354;70
100;3;15;57,63354;55
100;3;15;57,63354;40
100;2;2;57,9668;40
100;2;2;57,9668;40
100;3;15;57,9668;25
100;2;2;57,9668;25
100;2;2;57,9668;25
100;3;15;57,9668;10
100;3;15;57,9668;-5
Player