100;3;15;21,15869;100
100;3;15;21,15869;100
100;3;15;21,15869;100
100;3;15;21,49219;100
100;3;15;21,49219;100
100;3;15;21,49219;100
100;3;15;21,49219;100
100;2;2;21,49219;100
100;3;15;21,49219;100
100;3;15;21,49219;100
100;2;2;21,49219;100
100;2;2;21,49219;100
100;2;2;21,49219;100
100;2;2;21,82568;100
100;2;2;21,82568;100
100;3;15;21,82568;100
100;3;15;21,82568;100
100;3;15;21,82568;100
100;2;2;21,82568;100
100;2;2;21,82568;100
100;3;15;21,82568;100
100;2;2;21,82568;100
100;2;2;22,15918;100
100;3;15;22,15918;100
100;3;15;22,15918;100
100;3;15;22,15918;100
100;3;15;22,15918;100
100;3;15;22,15918;100
100;3;15;22,15918;100
100;2;2;22,15918;100
100;3;15;22,15918;100
100;2;2;22,49268;100
100;3;15;22,49268;100
100;3;15;22,49268;100
100;3;15;22,49268;100
100;3;15;22,49268;100
100;3;15;22,49268;100
100;2;2;22,49268;100
100;2;2;22,49268;100
100;3;15;22,49268;100
100;3;15;22,82617;100
100;2;2;22,82617;100
100;3;15;22,82617;100
100;2;2;22,82617;100
100;2;2;22,82617;100
100;2;2;22,82617;100
100;3;15;22,82617;100
100;3;15;22,82617;100
100;2;2;22,82617;100
100;3;15;22,82617;100
100;3;15;22,82617;100
100;3;15;23,15967;100
100;3;15;23,15967;100
100;3;15;23,15967;100
100;3;15;23,15967;100
100;3;15;23,15967;100
100;2;2;23,15967;100
100;2;2;23,15967;100
100;2;2;23,15967;100
100;3;15;23,15967;100
100;2;2;23,15967;100
100;3;15;23,15967;100
100;3;15;23,49316;100
100;3;15;23,49316;100
100;3;15;23,49316;100
100;3;15;23,49316;100
100;3;15;23,49316;100
100;2;2;23,49316;100
100;2;2;23,49316;100
100;3;15;23,49316;100
100;3;15;23,49316;100
100;2;2;23,49316;100
100;2;2;23,49316;100
100;3;15;23,49316;100
100;3;15;23,82666;100
100;3;15;23,82666;100
100;2;2;23,82666;100
100;3;15;23,82666;100
100;3;15;23,82666;100
100;2;2;23,82666;100
100;3;15;23,82666;100
100;3;15;24,16016;100
100;3;15;24,16016;100
100;3;15;24,16016;100
100;3;15;24,16016;100
100;2;2;24,16016;100
100;2;2;24,16016;100
100;3;15;24,16016;100
100;3;15;24,49365;100
100;2;2;24,49365;100
100;2;2;24,49365;100
100;3;15;24,49365;100
100;2;2;24,49365;100
100;2;2;24,49365;100
100;3;15;24,49365;100
100;3;15;24,49365;100
100;3;15;24,82715;100
100;2;2;24,82715;100
100;3;15;24,82715;100
100;3;15;24,82715;100
100;2;2;24,82715;100
100;3;15;24,82715;100
100;3;15;24,82715;100
100;3;15;24,82715;100
100;3;15;24,82715;100
100;2;2;24,82715;100
100;3;15;25,16064;100
100;3;15;25,16064;100
100;3;15;25,16064;100
100;3;15;25,16064;100
100;3;15;25,16064;100
100;3;15;25,16064;100
100;2;2;25,16064;100
100;3;15;25,16064;100
100;3;15;25,16064;100
100;3;15;25,16064;100
100;3;15;25,49414;100
100;3;15;25,49414;100
100;3;15;25,49414;100
100;3;15;25,49414;100
100;3;15;25,49414;100
100;3;15;25,49414;100
100;2;2;25,49414;100
100;2;2;25,82764;100
100;3;15;25,82764;100
100;3;15;25,82764;100
100;2;2;25,82764;100
100;3;15;25,82764;100
100;2;2;25,82764;100
100;3;15;25,82764;100
100;2;2;25,82764;100
100;3;15;25,82764;100
100;3;15;25,82764;100
100;3;15;26,16113;100
100;3;15;26,16113;100
100;3;15;26,16113;100
100;3;15;26,16113;100
100;2;2;26,16113;100
100;3;15;26,16113;100
100;3;15;26,16113;100
100;3;15;26,16113;100
100;3;15;26,16113;100
100;3;15;26,16113;100
100;3;15;26,49463;100
100;2;2;26,49463;100
100;2;2;26,49463;100
100;3;15;26,49463;100
100;3;15;26,49463;100
100;3;15;26,49463;100
100;2;2;26,49463;100
100;3;15;26,49463;100
100;2;2;26,49463;100
100;3;15;26,49463;100
100;3;15;26,82813;100
100;3;15;26,82813;100
100;3;15;26,82813;100
100;2;2;26,82813;100
100;3;15;26,82813;100
100;3;15;26,82813;100
100;2;2;26,82813;100
100;3;15;26,82813;100
100;3;15;26,82813;100
100;2;2;27,16162;100
100;3;15;27,16162;100
100;3;15;27,16162;100
100;2;2;27,16162;100
100;2;2;27,16162;100
100;2;2;27,16162;100
100;2;2;27,16162;100
100;3;15;27,16162;100
100;2;2;27,16162;100
100;3;15;27,16162;100
100;2;2;27,16162;100
100;2;2;27,16162;100
100;3;15;27,16162;100
100;2;2;27,16162;100
100;3;15;27,49512;100
100;3;15;27,49512;100
100;2;2;27,49512;100
100;3;15;27,49512;100
100;2;2;27,49512;100
100;2;2;27,49512;100
100;3;15;27,49512;100
100;3;15;27,49512;100
100;2;2;27,49512;100
100;3;15;27,49512;100
100;2;2;27,82861;100
100;2;2;27,82861;100
100;2;2;27,82861;100
100;3;15;27,82861;100
100;2;2;27,82861;100
100;3;15;27,82861;100
100;3;15;27,82861;100
100;3;15;27,82861;100
100;3;15;27,82861;100
100;3;15;27,82861;100
100;2;2;28,16211;100
100;2;2;28,16211;100
100;3;15;28,16211;100
100;3;15;28,16211;100
100;2;2;28,16211;100
100;3;15;28,16211;100
100;2;2;28,16211;100
100;3;15;28,16211;100
100;3;15;28,16211;100
100;3;15;28,16211;100
100;3;15;28,16211;100
100;2;2;28,16211;100
100;3;15;28,49561;100
100;2;2;28,49561;100
100;3;15;28,49561;100
100;3;15;28,49561;100
100;2;2;28,49561;100
100;3;15;28,49561;100
100;3;15;28,49561;100
100;2;2;28,49561;100
100;2;2;28,49561;100
100;3;15;28,8291;100
100;3;15;28,8291;100
100;3;15;28,8291;100
100;3;15;28,8291;100
100;3;15;28,8291;100
100;2;2;28,8291;100
100;2;2;28,8291;100
100;2;2;28,8291;100
100;3;15;28,8291;100
100;2;2;28,8291;100
100;2;2;28,8291;100
100;3;15;29,1626;100
100;3;15;29,1626;100
100;3;15;29,1626;100
100;2;2;29,1626;100
100;3;15;29,1626;100
100;3;15;29,1626;100
100;3;15;29,1626;100
100;3;15;29,1626;100
100;3;15;29,1626;100
100;2;2;29,49609;100
100;3;15;29,49609;100
100;3;15;29,49609;100
100;2;2;29,49609;100
100;2;2;29,49609;100
100;3;15;29,49609;100
100;2;2;29,49609;100
100;3;15;29,49609;100
100;3;15;29,49609;100
100;2;2;29,49609;100
100;3;15;29,82959;100
100;3;15;29,82959;100
100;3;15;29,82959;100
100;3;15;29,82959;100
100;3;15;29,82959;100
100;3;15;29,82959;100
100;2;2;29,82959;100
100;2;2;29,82959;100
100;2;2;29,82959;100
100;3;15;30,16309;100
100;3;15;30,16309;100
100;3;15;30,16309;100
100;3;15;30,16309;100
100;3;15;30,16309;100
100;2;2;30,16309;100
100;2;2;30,16309;100
100;3;15;30,16309;100
100;3;15;30,16309;100
100;3;15;30,16309;100
100;3;15;30,16309;100
100;3;15;30,16309;100
100;3;15;30,49658;100
100;3;15;30,49658;100
100;3;15;30,49658;100
100;2;2;30,49658;100
100;2;2;30,49658;100
100;3;15;30,49658;100
100;3;15;30,49658;100
100;2;2;30,49658;100
100;3;15;30,49658;100
100;3;15;30,49658;100
100;3;15;30,83008;100
100;2;2;30,83008;100
100;3;15;30,83008;100
100;3;15;30,83008;100
100;3;15;30,83008;100
100;2;2;30,83008;100
100;2;2;30,83008;100
100;3;15;30,83008;100
100;3;15;30,83008;100
100;3;15;30,83008;100
100;3;15;30,83008;100
100;2;2;31,16357;100
100;3;15;31,16357;100
100;3;15;31,16357;100
100;3;15;31,16357;100
100;2;2;31,16357;100
100;3;15;31,16357;100
100;2;2;31,16357;100
100;3;15;31,16357;100
100;2;2;31,16357;100
100;3;15;31,16357;100
100;2;2;31,16357;100
100;3;15;31,16357;100
100;3;15;31,49707;100
100;2;2;31,49707;100
100;3;15;31,49707;100
100;3;15;31,49707;100
100;3;15;31,49707;100
100;2;2;31,49707;100
100;3;15;31,49707;100
100;3;15;31,49707;100
100;3;15;31,49707;100
100;3;15;31,49707;100
100;3;15;31,49707;100
100;3;15;31,83057;100
100;3;15;31,83057;100
100;2;2;31,83057;100
100;3;15;31,83057;100
100;2;2;31,83057;100
100;3;15;31,83057;100
100;3;15;31,83057;100
100;3;15;31,83057;100
100;3;15;31,83057;100
100;3;15;31,83057;100
100;3;15;31,83057;100
100;3;15;32,16406;85
100;3;15;32,16406;70
100;2;2;32,16406;70
100;3;15;32,16406;55
100;3;15;32,16406;40
100;2;2;32,16406;40
100;3;15;32,16406;25
100;2;2;32,16406;25
100;3;15;32,49756;10
100;3;15;32,49756;-5
Player