92;3;15;23,07788;100
92;2;2;23,07788;100
92;2;2;23,07788;100
92;2;2;23,07788;100
92;2;2;23,07788;100
92;2;2;23,07788;100
92;2;2;23,07788;100
92;3;15;23,41113;100
92;3;15;23,41113;100
92;2;2;23,41113;100
92;2;2;23,41113;100
92;2;2;23,41113;100
92;2;2;23,41113;100
92;3;15;23,41113;100
92;2;2;23,41113;100
92;3;15;23,41113;100
92;2;2;23,41113;100
92;2;2;23,41113;100
92;3;15;23,41113;100
92;2;2;23,74438;100
92;3;15;23,74438;100
92;2;2;23,74438;100
92;2;2;23,74438;100
92;2;2;23,74438;100
92;2;2;23,74438;100
92;2;2;23,74438;100
92;3;15;23,74438;100
92;3;15;24,07764;100
92;2;2;24,07764;100
92;2;2;24,07764;100
92;3;15;24,07764;100
92;2;2;24,07764;100
92;3;15;24,07764;100
92;3;15;24,07764;100
92;3;15;24,07764;100
92;3;15;24,41089;100
92;2;2;24,41089;100
92;3;15;24,41089;100
92;3;15;24,41089;100
92;2;2;24,41089;100
92;3;15;24,41089;100
92;2;2;24,41089;100
92;2;2;24,41089;100
92;3;15;24,41089;100
92;2;2;24,41089;100
92;3;15;24,41089;100
92;3;15;24,74414;100
92;3;15;24,74414;100
92;2;2;24,74414;100
92;2;2;24,74414;100
92;3;15;24,74414;100
92;2;2;24,74414;100
92;2;2;24,74414;100
92;3;15;25,07739;100
92;3;15;25,07739;100
92;3;15;25,07739;100
92;2;2;25,07739;100
92;3;15;25,07739;100
92;3;15;25,07739;100
92;3;15;25,07739;100
92;3;15;25,07739;100
92;2;2;25,07739;100
92;2;2;25,07739;100
92;2;2;25,07739;100
92;2;2;25,07739;100
92;3;15;25,41064;100
92;2;2;25,41064;100
92;2;2;25,41064;100
92;2;2;25,41064;100
92;3;15;25,41064;100
92;2;2;25,41064;100
92;3;15;25,41064;100
92;3;15;25,41064;100
92;2;2;25,41064;100
92;3;15;25,41064;100
92;2;2;25,41064;100
92;2;2;25,7439;100
92;2;2;25,7439;100
92;2;2;25,7439;100
92;2;2;25,7439;100
92;3;15;25,7439;100
92;3;15;25,7439;100
92;3;15;25,7439;100
92;2;2;25,7439;100
92;3;15;25,7439;100
92;2;2;25,7439;100
92;2;2;26,07715;100
92;2;2;26,07715;100
92;2;2;26,07715;100
92;3;15;26,07715;100
92;3;15;26,07715;100
92;3;15;26,07715;100
92;2;2;26,07715;100
92;2;2;26,07715;100
92;3;15;26,07715;100
92;2;2;26,07715;100
92;2;2;26,4104;100
92;2;2;26,4104;100
92;2;2;26,4104;100
92;3;15;26,4104;100
92;2;2;26,4104;100
92;2;2;26,4104;100
92;3;15;26,4104;100
92;2;2;26,4104;100
92;3;15;26,4104;100
92;3;15;26,4104;100
92;2;2;26,74365;100
92;3;15;26,74365;100
92;2;2;26,74365;100
92;3;15;26,74365;100
92;3;15;26,74365;100
92;2;2;26,74365;100
92;2;2;26,74365;100
92;3;15;26,74365;100
92;3;15;26,74365;100
92;3;15;26,74365;100
92;3;15;26,74365;100
92;2;2;27,0769;100
92;2;2;27,0769;100
92;2;2;27,0769;100
92;3;15;27,0769;100
92;2;2;27,0769;100
92;2;2;27,0769;100
92;3;15;27,0769;100
92;2;2;27,0769;100
92;2;2;27,41016;100
92;3;15;27,41016;100
92;2;2;27,41016;100
92;3;15;27,41016;100
92;2;2;27,74341;100
92;2;2;27,74341;100
92;3;15;27,74341;100
92;2;2;27,74341;100
92;3;15;27,74341;100
92;2;2;27,74341;100
92;3;15;27,74341;100
92;3;15;27,74341;100
92;3;15;28,07666;100
92;3;15;28,07666;100
92;3;15;28,07666;100
92;2;2;28,07666;100
92;3;15;28,07666;100
92;2;2;28,07666;100
92;3;15;28,07666;100
92;3;15;28,40991;100
92;3;15;28,40991;100
92;3;15;28,40991;100
92;3;15;28,40991;100
92;3;15;28,40991;100
92;2;2;28,40991;100
92;2;2;28,40991;100
92;3;15;28,40991;100
92;2;2;28,40991;100
92;2;2;28,40991;100
92;2;2;28,74316;100
92;2;2;28,74316;100
92;2;2;28,74316;100
92;3;15;28,74316;100
92;3;15;28,74316;100
92;2;2;28,74316;100
92;3;15;29,07642;100
92;3;15;29,07642;100
92;2;2;29,07642;100
92;2;2;29,07642;100
92;3;15;29,07642;100
92;2;2;29,07642;100
92;2;2;29,07642;100
92;2;2;29,07642;100
92;2;2;29,07642;100
92;2;2;29,40967;100
92;3;15;29,40967;100
92;3;15;29,40967;100
92;3;15;29,40967;100
92;2;2;29,40967;100
92;3;15;29,40967;100
92;2;2;29,40967;100
92;2;2;29,40967;100
92;3;15;29,40967;100
92;3;15;29,74292;100
92;3;15;29,74292;100
92;3;15;29,74292;100
92;2;2;29,74292;100
92;2;2;29,74292;100
92;2;2;29,74292;100
92;2;2;29,74292;100
92;3;15;29,74292;100
92;3;15;29,74292;100
92;2;2;30,07617;100
92;2;2;30,07617;100
92;3;15;30,07617;100
92;2;2;30,07617;100
92;2;2;30,07617;100
92;2;2;30,07617;100
92;2;2;30,07617;100
92;2;2;30,07617;100
92;3;15;30,07617;100
92;3;15;30,07617;100
92;3;15;30,07617;100
92;3;15;30,07617;100
92;2;2;30,40942;100
92;3;15;30,40942;100
92;2;2;30,40942;100
92;2;2;30,40942;100
92;3;15;30,40942;100
92;3;15;30,40942;100
92;2;2;30,40942;100
92;3;15;30,40942;100
92;3;15;30,40942;100
92;3;15;30,40942;100
92;3;15;30,40942;100
92;2;2;30,74268;100
92;3;15;30,74268;100
92;2;2;30,74268;100
92;2;2;30,74268;100
92;2;2;30,74268;100
92;3;15;30,74268;100
92;2;2;30,74268;100
92;3;15;30,74268;100
92;3;15;30,74268;100
92;2;2;30,74268;100
92;3;15;31,07593;100
92;3;15;31,07593;100
92;2;2;31,07593;100
92;3;15;31,07593;100
92;3;15;31,07593;100
92;3;15;31,07593;100
92;2;2;31,07593;100
92;2;2;31,40918;100
92;2;2;31,40918;100
92;2;2;31,40918;100
92;2;2;31,40918;100
92;3;15;31,40918;100
92;3;15;31,40918;100
92;2;2;31,40918;100
92;3;15;31,40918;100
92;3;15;31,40918;100
92;2;2;31,40918;100
92;2;2;31,40918;100
92;2;2;31,74243;100
92;2;2;31,74243;100
92;2;2;31,74243;100
92;2;2;31,74243;100
92;2;2;31,74243;100
92;3;15;31,74243;100
92;3;15;32,07568;100
92;3;15;32,07568;100
92;3;15;32,07568;100
92;2;2;32,07568;100
92;3;15;32,07568;100
92;3;15;32,07568;100
92;2;2;32,07568;100
92;2;2;32,07568;100
92;3;15;32,07568;100
92;3;15;32,40894;100
92;3;15;32,40894;100
92;3;15;32,40894;100
92;2;2;32,40894;100
92;3;15;32,40894;100
92;2;2;32,40894;100
92;2;2;32,40894;100
92;2;2;32,40894;100
92;2;2;32,74219;100
92;2;2;32,74219;100
92;2;2;32,74219;100
92;3;15;32,74219;100
92;2;2;32,74219;100
92;2;2;32,74219;100
92;3;15;32,74219;100
92;3;15;32,74219;100
92;3;15;33,07544;100
92;3;15;33,07544;100
92;2;2;33,07544;100
92;2;2;33,07544;100
92;3;15;33,07544;100
92;2;2;33,07544;100
92;2;2;33,07544;100
92;3;15;33,07544;100
92;2;2;33,07544;100
92;3;15;33,07544;100
92;3;15;33,07544;100
92;3;15;33,07544;100
92;3;15;33,40869;100
92;3;15;33,40869;100
92;2;2;33,40869;100
92;2;2;33,40869;100
92;3;15;33,40869;100
92;2;2;33,40869;100
92;3;15;33,74194;100
92;2;2;33,74194;100
92;2;2;33,74194;100
92;2;2;33,74194;100
92;2;2;33,74194;100
92;2;2;33,74194;100
92;2;2;33,74194;100
92;3;15;33,74194;100
92;2;2;33,74194;100
92;2;2;33,74194;100
92;2;2;34,0752;100
92;3;15;34,0752;100
92;3;15;34,0752;100
92;3;15;34,0752;100
92;2;2;34,0752;100
92;2;2;34,0752;100
92;3;15;34,0752;100
92;3;15;34,40845;100
92;3;15;34,40845;100
92;3;15;34,40845;100
92;3;15;34,40845;100
92;2;2;34,40845;100
92;2;2;34,40845;100
92;2;2;34,40845;100
92;2;2;34,40845;100
92;3;15;34,40845;100
92;2;2;34,40845;100
92;2;2;34,40845;100
92;3;15;34,40845;100
92;2;2;34,7417;100
92;3;15;34,7417;100
92;3;15;34,7417;100
92;2;2;34,7417;100
92;2;2;34,7417;100
92;3;15;34,7417;100
92;3;15;34,7417;100
92;2;2;34,7417;100
92;3;15;34,7417;100
92;3;15;35,07495;100
92;2;2;35,07495;100
92;2;2;35,07495;100
92;3;15;35,07495;100
92;3;15;35,07495;100
92;2;2;35,07495;100
92;3;15;35,07495;100
92;2;2;35,07495;100
92;2;2;35,07495;100
92;3;15;35,07495;100
92;2;2;35,4082;100
92;2;2;35,4082;100
92;3;15;35,4082;100
92;3;15;35,4082;100
92;2;2;35,4082;100
92;3;15;35,4082;100
92;2;2;35,4082;100
92;3;15;35,4082;100
92;2;2;35,4082;100
92;2;2;35,4082;100
92;2;2;35,4082;100
92;2;2;35,74146;100
92;2;2;35,74146;100
92;2;2;35,74146;100
92;3;15;35,74146;100
92;2;2;35,74146;100
92;2;2;35,74146;100
92;3;15;35,74146;100
92;2;2;35,74146;100
92;2;2;36,07471;100
92;2;2;36,07471;100
92;3;15;36,07471;100
92;2;2;36,07471;100
92;3;15;36,07471;100
92;3;15;36,07471;100
92;2;2;36,07471;100
92;3;15;36,07471;100
92;3;15;36,07471;100
92;2;2;36,07471;100
92;3;15;36,40796;100
92;2;2;36,40796;100
92;3;15;36,40796;100
92;2;2;36,40796;100
92;2;2;36,40796;100
92;3;15;36,40796;100
92;3;15;36,40796;100
92;3;15;36,40796;100
92;3;15;36,40796;100
92;3;15;36,40796;100
92;2;2;36,74121;100
92;2;2;36,74121;100
92;3;15;36,74121;100
92;3;15;36,74121;100
92;3;15;36,74121;100
92;2;2;36,74121;100
92;2;2;36,74121;100
92;2;2;36,74121;100
92;2;2;36,74121;100
92;3;15;37,07446;100
92;3;15;37,07446;100
92;2;2;37,07446;100
92;2;2;37,07446;100
92;2;2;37,07446;100
92;3;15;37,07446;100
92;3;15;37,07446;100
92;2;2;37,40771;100
92;2;2;37,40771;100
92;2;2;37,40771;100
92;3;15;37,40771;100
92;2;2;37,40771;100
92;3;15;37,40771;100
92;2;2;37,40771;100
92;3;15;37,40771;100
92;2;2;37,74097;100
92;2;2;37,74097;100
92;2;2;37,74097;100
92;2;2;37,74097;100
92;2;2;37,74097;100
92;2;2;37,74097;100
92;3;15;37,74097;85
92;2;2;37,74097;85
92;2;2;37,74097;85
92;3;15;38,07422;70
92;3;15;38,07422;70
92;2;2;38,07422;70
92;2;2;38,07422;70
92;3;15;38,07422;70
92;3;15;38,07422;70
92;2;2;38,07422;70
92;3;15;38,07422;70
92;3;15;38,07422;70
92;3;15;38,07422;70
92;2;2;38,07422;70
92;3;15;38,07422;70
92;2;2;38,07422;70
92;2;2;38,40747;70
92;3;15;38,40747;55
92;2;2;38,40747;55
92;2;2;38,40747;55
92;2;2;38,40747;55
92;2;2;38,40747;55
92;3;15;38,40747;40
92;3;15;38,40747;25
92;2;2;38,40747;25
92;3;15;38,74072;10
92;3;15;38,74072;-5
Player