100;2;2;0,08349609;100
100;2;2;0,08349609;100
100;3;15;0,416748;100
100;3;15;0,416748;100
100;3;15;0,416748;100
100;3;15;0,416748;100
100;2;2;0,416748;100
100;3;15;0,416748;100
100;2;2;0,416748;100
100;3;15;0,416748;100
100;3;15;0,416748;100
100;2;2;0,416748;100
100;3;15;0,75;100
100;2;2;0,75;100
100;3;15;0,75;100
100;3;15;0,75;100
100;3;15;0,75;100
100;3;15;1,083252;100
100;2;2;1,083252;100
100;3;15;1,083252;100
100;3;15;1,083252;100
100;2;2;1,083252;100
100;2;2;1,083252;100
100;3;15;1,416504;100
100;3;15;1,416504;100
100;3;15;1,416504;100
100;3;15;1,416504;100
100;3;15;1,416504;100
100;3;15;1,416504;100
100;3;15;1,416504;100
100;3;15;1,416504;100
100;2;2;1,416504;100
100;3;15;1,416504;100
100;3;15;1,416504;100
100;3;15;1,416504;100
100;2;2;1,749756;100
100;3;15;1,749756;100
100;2;2;1,749756;100
100;2;2;1,749756;100
100;3;15;1,749756;100
100;2;2;1,749756;100
100;3;15;1,749756;100
100;3;15;1,749756;100
100;3;15;1,749756;100
100;2;2;1,749756;100
100;2;2;2,083008;100
100;3;15;2,083008;100
100;2;2;2,083008;100
100;2;2;2,083008;100
100;2;2;2,083008;100
100;3;15;2,083008;100
100;3;15;2,083008;100
100;3;15;2,083008;100
100;2;2;2,083008;100
100;2;2;2,083008;100
100;3;15;2,083008;100
100;2;2;2,083008;100
100;2;2;2,41626;100
100;3;15;2,41626;100
100;3;15;2,41626;100
100;3;15;2,41626;100
100;3;15;2,41626;100
100;2;2;2,41626;100
100;3;15;2,41626;100
100;3;15;2,41626;100
100;3;15;2,41626;100
100;3;15;2,749512;100
100;3;15;2,749512;100
100;2;2;2,749512;100
100;3;15;2,749512;100
100;3;15;2,749512;100
100;3;15;2,749512;100
100;2;2;2,749512;100
100;3;15;2,749512;100
100;2;2;3,082764;100
100;2;2;3,082764;100
100;3;15;3,082764;100
100;2;2;3,082764;100
100;3;15;3,082764;100
100;2;2;3,082764;100
100;3;15;3,082764;100
100;2;2;3,082764;100
100;2;2;3,082764;100
100;3;15;3,082764;100
100;3;15;3,416016;100
100;2;2;3,416016;100
100;3;15;3,416016;100
100;3;15;3,416016;100
100;2;2;3,416016;100
100;3;15;3,416016;100
100;3;15;3,416016;100
100;2;2;3,416016;100
100;3;15;3,416016;100
100;3;15;3,416016;100
100;3;15;3,416016;100
100;3;15;3,416016;100
100;3;15;3,416016;100
100;3;15;3,416016;100
100;2;2;3,416016;100
100;3;15;3,749268;100
100;2;2;3,749268;100
100;3;15;3,749268;100
100;2;2;3,749268;100
100;2;2;3,749268;100
100;3;15;3,749268;100
100;2;2;4,08252;100
100;2;2;4,08252;100
100;3;15;4,08252;100
100;2;2;4,08252;100
100;3;15;4,08252;100
100;2;2;4,08252;100
100;2;2;4,08252;100
100;2;2;4,415771;100
100;2;2;4,415771;100
100;3;15;4,415771;100
100;2;2;4,415771;100
100;3;15;4,415771;100
100;3;15;4,415771;100
100;2;2;4,415771;100
100;2;2;4,415771;100
100;2;2;4,415771;100
100;3;15;4,749023;100
100;2;2;4,749023;100
100;3;15;4,749023;100
100;2;2;4,749023;100
100;2;2;4,749023;100
100;3;15;4,749023;100
100;2;2;4,749023;100
100;2;2;5,082275;100
100;2;2;5,082275;100
100;2;2;5,082275;100
100;2;2;5,082275;100
100;3;15;5,082275;100
100;2;2;5,082275;100
100;3;15;5,082275;100
100;2;2;5,082275;100
100;2;2;5,082275;100
100;2;2;5,415527;100
100;3;15;5,415527;100
100;3;15;5,415527;100
100;3;15;5,415527;100
100;3;15;5,415527;100
100;3;15;5,415527;100
100;2;2;5,415527;100
100;2;2;5,415527;100
100;2;2;5,415527;100
100;3;15;5,748779;100
100;2;2;5,748779;100
100;2;2;5,748779;100
100;3;15;5,748779;100
100;3;15;5,748779;100
100;3;15;5,748779;100
100;2;2;5,748779;100
100;2;2;5,748779;100
100;2;2;5,748779;100
100;3;15;5,748779;100
100;3;15;5,748779;100
100;2;2;6,082031;100
100;3;15;6,082031;100
100;3;15;6,082031;100
100;2;2;6,082031;100
100;2;2;6,082031;100
100;3;15;6,082031;100
100;2;2;6,082031;100
100;2;2;6,415283;100
100;2;2;6,415283;100
100;3;15;6,415283;100
100;2;2;6,415283;100
100;2;2;6,415283;100
100;3;15;6,415283;100
100;2;2;6,415283;100
100;3;15;6,415283;100
100;3;15;6,415283;100
100;2;2;6,415283;100
100;2;2;6,415283;100
100;2;2;6,748535;100
100;3;15;6,748535;100
100;3;15;6,748535;100
100;3;15;6,748535;100
100;2;2;6,748535;100
100;3;15;6,748535;100
100;2;2;7,081787;100
100;3;15;7,081787;100
100;3;15;7,081787;100
100;2;2;7,415039;100
100;3;15;7,415039;100
100;3;15;7,415039;100
100;2;2;7,415039;100
100;2;2;7,415039;100
100;2;2;7,415039;100
100;3;15;7,415039;100
100;2;2;7,748291;100
100;3;15;7,748291;100
100;2;2;7,748291;100
100;3;15;7,748291;100
100;3;15;7,748291;100
100;3;15;7,748291;100
100;3;15;8,081543;100
100;2;2;8,081543;100
100;3;15;8,081543;100
100;2;2;8,081543;100
100;2;2;8,081543;100
100;3;15;8,081543;100
100;3;15;8,081543;100
100;3;15;8,414795;100
100;2;2;8,414795;100
100;3;15;8,414795;100
100;2;2;8,414795;100
100;2;2;8,414795;100
100;3;15;8,414795;100
100;2;2;8,414795;100
100;2;2;8,414795;100
100;2;2;8,414795;100
100;2;2;8,414795;100
100;3;15;8,748047;100
100;3;15;8,748047;100
100;3;15;8,748047;100
100;2;2;8,748047;100
100;3;15;8,748047;100
100;3;15;8,748047;100
100;3;15;8,748047;100
100;2;2;8,748047;100
100;3;15;8,748047;100
100;3;15;9,081299;100
100;3;15;9,081299;100
100;2;2;9,081299;100
100;3;15;9,081299;100
100;2;2;9,081299;100
100;2;2;9,081299;100
100;2;2;9,081299;100
100;3;15;9,414551;100
100;3;15;9,414551;100
100;2;2;9,414551;100
100;3;15;9,414551;100
100;3;15;9,414551;100
100;3;15;9,414551;100
100;3;15;9,414551;100
100;2;2;9,414551;100
100;3;15;9,414551;100
100;2;2;9,747803;100
100;2;2;9,747803;100
100;3;15;9,747803;100
100;2;2;9,747803;100
100;3;15;9,747803;100
100;3;15;9,747803;100
100;3;15;9,747803;100
100;2;2;9,747803;100
100;2;2;9,747803;100
100;2;2;9,747803;100
100;3;15;10,08105;100
100;2;2;10,08105;100
100;2;2;10,08105;100
100;3;15;10,08105;85
100;3;15;10,08105;70
100;2;2;10,08105;70
100;3;15;10,08105;55
100;2;2;10,08105;55
100;2;2;10,08105;55
100;3;15;10,08105;40
100;2;2;10,41431;40
100;2;2;10,41431;40
100;3;15;10,41431;40
100;3;15;10,41431;40
100;3;15;10,41431;40
100;3;15;10,41431;40
100;3;15;10,41431;40
100;3;15;10,41431;40
100;3;15;10,41431;40
100;3;15;10,41431;40
100;2;2;10,41431;40
100;3;15;10,41431;40
100;2;2;10,41431;40
100;2;2;10,41431;40
100;3;15;10,74756;25
100;2;2;10,74756;25
100;2;2;10,74756;25
100;2;2;10,74756;25
100;3;15;10,74756;10
100;2;2;10,74756;10
100;2;2;10,74756;10
100;3;15;10,74756;-5
Player