100;3;15;50,04443;100
100;2;2;50,04443;100
100;3;15;50,37793;100
100;2;2;50,37793;100
100;2;2;50,37793;100
100;3;15;50,37793;100
100;2;2;50,37793;100
100;3;15;50,37793;100
100;3;15;50,37793;100
100;3;15;50,37793;100
100;3;15;50,37793;100
100;3;15;50,37793;100
100;3;15;50,37793;100
100;2;2;50,37793;100
100;3;15;50,71143;100
100;3;15;50,71143;100
100;2;2;50,71143;100
100;3;15;50,71143;100
100;3;15;50,71143;100
100;3;15;50,71143;100
100;3;15;50,71143;100
100;3;15;50,71143;100
100;2;2;50,71143;100
100;3;15;50,71143;100
100;3;15;51,04492;100
100;3;15;51,04492;100
100;3;15;51,04492;100
100;2;2;51,04492;100
100;3;15;51,04492;100
100;3;15;51,04492;100
100;2;2;51,04492;100
100;2;2;51,04492;100
100;3;15;51,04492;100
100;2;2;51,04492;100
100;2;2;51,04492;100
100;3;15;51,04492;100
100;3;15;51,04492;100
100;3;15;51,04492;100
100;2;2;51,37842;100
100;3;15;51,37842;100
100;3;15;51,37842;100
100;3;15;51,37842;100
100;2;2;51,37842;100
100;3;15;51,37842;100
100;3;15;51,37842;100
100;3;15;51,37842;100
100;2;2;51,37842;100
100;3;15;51,37842;100
100;2;2;51,37842;100
100;3;15;51,71191;100
100;3;15;51,71191;100
100;3;15;51,71191;100
100;3;15;51,71191;100
100;2;2;51,71191;100
100;3;15;51,71191;100
100;2;2;51,71191;100
100;3;15;51,71191;100
100;3;15;51,71191;100
100;3;15;51,71191;100
100;3;15;51,71191;100
100;3;15;51,71191;100
100;3;15;51,71191;100
100;3;15;52,04541;100
100;3;15;52,04541;100
100;3;15;52,04541;100
100;3;15;52,04541;100
100;3;15;52,04541;100
100;3;15;52,04541;100
100;3;15;52,04541;100
100;3;15;52,04541;100
100;2;2;52,04541;100
100;3;15;52,04541;100
100;3;15;52,04541;100
100;2;2;52,37891;100
100;2;2;52,37891;100
100;3;15;52,37891;100
100;3;15;52,37891;100
100;3;15;52,37891;100
100;2;2;52,37891;100
100;2;2;52,37891;100
100;3;15;52,37891;100
100;2;2;52,37891;100
100;2;2;52,37891;100
100;2;2;52,37891;100
100;3;15;52,7124;100
100;3;15;52,7124;100
100;3;15;52,7124;100
100;2;2;52,7124;100
100;2;2;52,7124;100
100;3;15;52,7124;100
100;3;15;52,7124;100
100;3;15;52,7124;100
100;2;2;52,7124;100
100;3;15;52,7124;100
100;3;15;52,7124;100
100;3;15;53,0459;100
100;3;15;53,0459;100
100;3;15;53,0459;100
100;3;15;53,0459;100
100;3;15;53,0459;100
100;2;2;53,0459;100
100;3;15;53,0459;100
100;2;2;53,0459;100
100;3;15;53,0459;100
100;3;15;53,0459;100
100;2;2;53,0459;100
100;3;15;53,0459;100
100;2;2;53,0459;100
100;2;2;53,0459;100
100;3;15;53,37939;100
100;3;15;53,37939;100
100;3;15;53,37939;100
100;3;15;53,37939;100
100;3;15;53,37939;100
100;2;2;53,37939;100
100;3;15;53,37939;100
100;2;2;53,37939;100
100;3;15;53,37939;100
100;3;15;53,37939;100
100;2;2;53,37939;100
100;3;15;53,71289;100
100;2;2;53,71289;100
100;3;15;53,71289;100
100;3;15;53,71289;100
100;3;15;53,71289;100
100;3;15;53,71289;100
100;2;2;53,71289;100
100;3;15;53,71289;100
100;2;2;53,71289;100
100;2;2;53,71289;100
100;3;15;53,71289;100
100;3;15;53,71289;100
100;3;15;54,04639;100
100;3;15;54,04639;100
100;3;15;54,04639;100
100;3;15;54,04639;100
100;3;15;54,04639;100
100;3;15;54,04639;100
100;2;2;54,04639;100
100;3;15;54,04639;100
100;3;15;54,04639;100
100;2;2;54,04639;100
100;3;15;54,04639;100
100;2;2;54,37988;100
100;3;15;54,37988;100
100;2;2;54,37988;100
100;3;15;54,37988;100
100;3;15;54,37988;100
100;2;2;54,37988;100
100;3;15;54,37988;100
100;2;2;54,37988;100
100;3;15;54,37988;100
100;2;2;54,37988;100
100;3;15;54,71338;100
100;3;15;54,71338;100
100;3;15;54,71338;100
100;3;15;54,71338;100
100;3;15;54,71338;100
100;3;15;54,71338;100
100;3;15;54,71338;100
100;3;15;54,71338;100
100;3;15;54,71338;100
100;2;2;54,71338;100
100;2;2;55,04688;100
100;2;2;55,04688;100
100;3;15;55,04688;100
100;3;15;55,04688;100
100;3;15;55,04688;100
100;3;15;55,04688;100
100;3;15;55,04688;100
100;3;15;55,04688;100
100;3;15;55,04688;100
100;3;15;55,04688;100
100;3;15;55,04688;100
100;3;15;55,04688;100
100;3;15;55,04688;100
100;3;15;55,38037;100
100;3;15;55,38037;100
100;2;2;55,38037;100
100;3;15;55,38037;100
100;3;15;55,38037;100
100;2;2;55,38037;100
100;3;15;55,38037;100
100;3;15;55,38037;100
100;3;15;55,71387;100
100;3;15;55,71387;100
100;3;15;55,71387;100
100;2;2;55,71387;100
100;3;15;55,71387;100
100;2;2;55,71387;100
100;3;15;55,71387;100
100;2;2;55,71387;100
100;3;15;55,71387;100
100;3;15;55,71387;100
100;3;15;55,71387;100
100;2;2;55,71387;100
100;3;15;55,71387;100
100;3;15;55,71387;100
100;3;15;55,71387;100
100;3;15;56,04736;100
100;2;2;56,04736;100
100;3;15;56,04736;100
100;3;15;56,04736;100
100;3;15;56,04736;100
100;2;2;56,04736;100
100;3;15;56,04736;100
100;3;15;56,04736;100
100;3;15;56,04736;100
100;3;15;56,04736;100
100;3;15;56,04736;100
100;2;2;56,38086;100
100;3;15;56,38086;100
100;2;2;56,38086;100
100;3;15;56,38086;100
100;3;15;56,38086;100
100;2;2;56,38086;100
100;3;15;56,38086;100
100;2;2;56,38086;100
100;3;15;56,71436;100
100;3;15;56,71436;100
100;3;15;56,71436;100
100;3;15;56,71436;100
100;3;15;56,71436;100
100;3;15;56,71436;100
100;3;15;56,71436;100
100;3;15;56,71436;100
100;2;2;57,04785;100
100;2;2;57,04785;100
100;2;2;57,04785;100
100;2;2;57,04785;100
100;3;15;57,04785;100
100;3;15;57,04785;100
100;3;15;57,04785;100
100;3;15;57,04785;100
100;3;15;57,04785;100
100;3;15;57,04785;100
100;3;15;57,04785;100
100;3;15;57,38135;100
100;2;2;57,38135;100
100;3;15;57,38135;100
100;3;15;57,38135;100
100;3;15;57,38135;100
100;3;15;57,38135;100
100;3;15;57,38135;100
100;3;15;57,38135;100
100;3;15;57,38135;100
100;3;15;57,38135;100
100;3;15;57,38135;100
100;3;15;57,38135;100
100;3;15;57,38135;100
100;3;15;57,38135;100
100;3;15;57,71484;100
100;3;15;57,71484;100
100;2;2;57,71484;100
100;2;2;57,71484;100
100;3;15;57,71484;100
100;3;15;57,71484;100
100;3;15;57,71484;100
100;2;2;57,71484;100
100;3;15;57,71484;100
100;3;15;57,71484;100
100;3;15;57,71484;100
100;2;2;58,04834;100
100;3;15;58,04834;100
100;3;15;58,04834;100
100;3;15;58,04834;100
100;3;15;58,04834;100
100;3;15;58,04834;100
100;3;15;58,04834;100
100;3;15;58,04834;100
100;3;15;58,04834;100
100;3;15;58,04834;100
100;3;15;58,04834;100
100;2;2;58,04834;100
100;3;15;58,04834;100
100;3;15;58,04834;100
100;3;15;58,38184;100
100;3;15;58,38184;100
100;3;15;58,38184;100
100;3;15;58,38184;100
100;3;15;58,38184;100
100;3;15;58,38184;100
100;3;15;58,38184;100
100;2;2;58,38184;100
100;3;15;58,38184;100
100;3;15;58,38184;100
100;2;2;58,71533;100
100;3;15;58,71533;100
100;2;2;58,71533;100
100;2;2;58,71533;100
100;3;15;58,71533;100
100;3;15;58,71533;100
100;3;15;58,71533;100
100;3;15;58,71533;100
100;3;15;58,71533;100
100;3;15;58,71533;100
100;2;2;58,71533;100
100;3;15;59,04883;100
100;3;15;59,04883;100
100;2;2;59,04883;100
100;2;2;59,04883;100
100;3;15;59,04883;100
100;2;2;59,04883;100
100;3;15;59,04883;100
100;3;15;59,04883;100
100;3;15;59,04883;100
100;3;15;59,38232;100
100;3;15;59,38232;100
100;3;15;59,38232;100
100;3;15;59,38232;100
100;2;2;59,38232;100
100;2;2;59,38232;100
100;3;15;59,38232;100
100;3;15;59,38232;100
100;3;15;59,38232;100
100;2;2;59,38232;100
100;3;15;59,38232;100
100;2;2;59,38232;100
100;2;2;59,71582;100
100;2;2;59,71582;100
100;3;15;59,71582;100
100;3;15;59,71582;100
100;3;15;59,71582;100
100;3;15;59,71582;100
100;3;15;59,71582;100
100;3;15;59,71582;100
100;2;2;59,71582;100
100;2;2;59,71582;100
100;3;15;59,71582;100
100;3;15;59,71582;100
100;3;15;59,71582;100
100;3;15;0,04931641;100
100;3;15;0,04931641;100
100;2;2;0,04931641;100
100;3;15;0,04931641;100
100;3;15;0,04931641;100
100;3;15;0,04931641;100
100;3;15;0,04931641;100
100;3;15;0,04931641;100
100;3;15;0,04931641;100
100;2;2;0,04931641;100
100;3;15;0,04931641;100
100;2;2;0,04931641;100
100;3;15;0,04931641;100
100;2;2;0,04931641;100
100;3;15;0,3828125;100
100;3;15;0,3828125;100
100;3;15;0,3828125;100
100;3;15;0,3828125;100
100;2;2;0,3828125;100
100;2;2;0,3828125;100
100;3;15;0,3828125;100
100;3;15;0,3828125;100
100;3;15;0,3828125;100
100;3;15;0,3828125;100
100;3;15;0,3828125;100
100;3;15;0,3828125;100
100;3;15;0,7163086;100
100;3;15;0,7163086;100
100;3;15;0,7163086;100
100;3;15;0,7163086;100
100;2;2;0,7163086;100
100;3;15;0,7163086;100
100;3;15;0,7163086;100
100;3;15;0,7163086;100
100;2;2;0,7163086;100
100;3;15;0,7163086;100
100;3;15;1,049805;100
100;3;15;1,049805;85
100;3;15;1,049805;70
100;3;15;1,049805;55
100;3;15;1,049805;40
100;3;15;1,049805;25
100;2;2;1,049805;25
100;3;15;1,049805;10
100;3;15;1,049805;-5
Player