100;3;15;16,40186;100
100;3;15;16,40186;100
100;3;15;16,40186;100
100;2;2;16,73535;100
100;2;2;16,73535;100
100;2;2;16,73535;100
100;2;2;16,73535;100
100;3;15;16,73535;100
100;3;15;16,73535;100
100;2;2;16,73535;100
100;2;2;16,73535;100
100;3;15;16,73535;100
100;3;15;16,73535;100
100;3;15;16,73535;100
100;2;2;16,73535;100
100;2;2;16,73535;100
100;3;15;16,73535;100
100;3;15;17,06885;100
100;3;15;17,06885;100
100;2;2;17,06885;100
100;3;15;17,06885;100
100;3;15;17,06885;100
100;3;15;17,06885;100
100;2;2;17,06885;100
100;2;2;17,06885;100
100;3;15;17,06885;100
100;2;2;17,40234;100
100;3;15;17,40234;100
100;2;2;17,40234;100
100;3;15;17,40234;100
100;3;15;17,40234;100
100;2;2;17,40234;100
100;3;15;17,40234;100
100;3;15;17,40234;100
100;2;2;17,40234;100
100;3;15;17,40234;100
100;2;2;17,40234;100
100;2;2;17,40234;100
100;3;15;17,40234;100
100;3;15;17,40234;100
100;3;15;17,73584;100
100;3;15;17,73584;100
100;3;15;17,73584;100
100;3;15;17,73584;100
100;3;15;17,73584;100
100;3;15;17,73584;100
100;3;15;17,73584;100
100;3;15;17,73584;100
100;2;2;17,73584;100
100;3;15;17,73584;100
100;3;15;18,06934;100
100;3;15;18,06934;100
100;3;15;18,06934;100
100;3;15;18,06934;100
100;2;2;18,06934;100
100;2;2;18,06934;100
100;3;15;18,06934;100
100;3;15;18,40283;100
100;2;2;18,40283;100
100;3;15;18,40283;100
100;3;15;18,40283;100
100;3;15;18,40283;100
100;2;2;18,40283;100
100;3;15;18,40283;100
100;3;15;18,40283;100
100;3;15;18,40283;100
100;2;2;18,40283;100
100;3;15;18,40283;100
100;3;15;18,73633;100
100;3;15;18,73633;100
100;3;15;18,73633;100
100;3;15;18,73633;100
100;3;15;18,73633;100
100;3;15;18,73633;100
100;3;15;18,73633;100
100;3;15;18,73633;100
100;2;2;18,73633;100
100;2;2;18,73633;100
100;3;15;18,73633;100
100;2;2;18,73633;100
100;3;15;18,73633;100
100;3;15;18,73633;100
100;3;15;19,06982;100
100;2;2;19,06982;100
100;3;15;19,06982;100
100;3;15;19,06982;100
100;2;2;19,06982;100
100;2;2;19,06982;100
100;3;15;19,06982;100
100;3;15;19,06982;100
100;2;2;19,40332;100
100;2;2;19,40332;100
100;3;15;19,40332;100
100;3;15;19,40332;100
100;3;15;19,40332;100
100;3;15;19,40332;100
100;3;15;19,40332;100
100;2;2;19,40332;100
100;3;15;19,40332;100
100;3;15;19,40332;100
100;2;2;19,40332;100
100;3;15;19,73682;100
100;2;2;19,73682;100
100;3;15;19,73682;100
100;3;15;19,73682;100
100;3;15;19,73682;100
100;3;15;19,73682;100
100;3;15;19,73682;100
100;3;15;19,73682;100
100;3;15;19,73682;100
100;3;15;19,73682;100
100;3;15;19,73682;100
100;2;2;19,73682;100
100;2;2;19,73682;100
100;3;15;19,73682;100
100;2;2;20,07031;100
100;2;2;20,07031;100
100;3;15;20,07031;100
100;2;2;20,07031;100
100;3;15;20,07031;100
100;3;15;20,07031;100
100;3;15;20,07031;100
100;3;15;20,07031;100
100;2;2;20,40381;100
100;2;2;20,40381;100
100;3;15;20,40381;100
100;3;15;20,40381;100
100;3;15;20,40381;100
100;3;15;20,40381;100
100;3;15;20,40381;100
100;3;15;20,40381;100
100;3;15;20,40381;100
100;2;2;20,7373;100
100;3;15;20,7373;100
100;3;15;20,7373;100
100;3;15;20,7373;100
100;2;2;20,7373;100
100;3;15;20,7373;100
100;3;15;20,7373;100
100;3;15;20,7373;100
100;2;2;20,7373;100
100;3;15;20,7373;100
100;3;15;20,7373;100
100;3;15;20,7373;100
100;3;15;21,0708;100
100;3;15;21,0708;100
100;2;2;21,0708;100
100;2;2;21,0708;100
100;3;15;21,0708;100
100;3;15;21,0708;100
100;2;2;21,0708;100
100;3;15;21,0708;100
100;2;2;21,0708;100
100;3;15;21,0708;100
100;3;15;21,4043;100
100;2;2;21,4043;100
100;2;2;21,4043;100
100;3;15;21,4043;100
100;2;2;21,4043;100
100;3;15;21,4043;100
100;3;15;21,4043;100
100;3;15;21,4043;100
100;3;15;21,4043;100
100;3;15;21,4043;100
100;2;2;21,4043;100
100;3;15;21,4043;100
100;3;15;21,73779;100
100;2;2;21,73779;100
100;3;15;21,73779;100
100;2;2;21,73779;100
100;3;15;21,73779;100
100;3;15;21,73779;100
100;2;2;21,73779;100
100;3;15;21,73779;100
100;3;15;21,73779;100
100;3;15;21,73779;100
100;3;15;21,73779;100
100;3;15;21,73779;100
100;3;15;22,07129;100
100;3;15;22,07129;100
100;3;15;22,07129;100
100;2;2;22,07129;100
100;3;15;22,07129;100
100;3;15;22,40479;100
100;3;15;22,40479;100
100;2;2;22,40479;100
100;3;15;22,40479;100
100;3;15;22,40479;100
100;3;15;22,40479;100
100;3;15;22,40479;100
100;2;2;22,40479;100
100;3;15;22,40479;100
100;3;15;22,40479;100
100;3;15;22,40479;100
100;3;15;22,40479;100
100;3;15;22,40479;100
100;3;15;22,40479;100
100;3;15;22,40479;100
100;3;15;22,73828;100
100;2;2;22,73828;100
100;2;2;22,73828;100
100;3;15;22,73828;100
100;3;15;22,73828;100
100;3;15;22,73828;100
100;3;15;22,73828;100
100;2;2;22,73828;100
100;2;2;22,73828;100
100;2;2;22,73828;100
100;3;15;22,73828;100
100;3;15;22,73828;100
100;3;15;23,07178;100
100;2;2;23,07178;100
100;3;15;23,07178;100
100;3;15;23,07178;100
100;3;15;23,07178;100
100;3;15;23,07178;100
100;2;2;23,07178;100
100;3;15;23,40527;100
100;3;15;23,40527;100
100;3;15;23,40527;100
100;2;2;23,40527;100
100;2;2;23,40527;100
100;2;2;23,40527;100
100;2;2;23,40527;100
100;2;2;23,40527;100
100;3;15;23,40527;100
100;3;15;23,40527;100
100;3;15;23,40527;100
100;3;15;23,73877;100
100;3;15;23,73877;100
100;3;15;23,73877;100
100;3;15;23,73877;100
100;2;2;23,73877;100
100;3;15;23,73877;100
100;2;2;23,73877;100
100;3;15;23,73877;100
100;3;15;23,73877;100
100;2;2;24,07227;100
100;3;15;24,07227;100
100;2;2;24,07227;100
100;3;15;24,07227;100
100;3;15;24,07227;100
100;3;15;24,07227;100
100;3;15;24,07227;100
100;2;2;24,07227;100
100;2;2;24,07227;100
100;2;2;24,07227;100
100;3;15;24,07227;100
100;2;2;24,07227;100
100;3;15;24,07227;100
100;3;15;24,07227;100
100;3;15;24,40576;100
100;3;15;24,40576;100
100;2;2;24,40576;100
100;3;15;24,40576;100
100;3;15;24,40576;100
100;2;2;24,40576;100
100;3;15;24,40576;100
100;3;15;24,40576;100
100;3;15;24,40576;100
100;3;15;24,40576;100
100;2;2;24,40576;100
100;2;2;24,40576;100
100;2;2;24,40576;100
100;3;15;24,73926;100
100;3;15;24,73926;100
100;3;15;24,73926;100
100;3;15;24,73926;100
100;2;2;24,73926;100
100;3;15;24,73926;100
100;2;2;24,73926;100
100;3;15;24,73926;100
100;3;15;24,73926;100
100;3;15;24,73926;100
100;2;2;25,07275;100
100;3;15;25,07275;100
100;3;15;25,07275;100
100;3;15;25,07275;100
100;2;2;25,07275;100
100;3;15;25,07275;100
100;3;15;25,07275;100
100;3;15;25,07275;100
100;3;15;25,07275;100
100;3;15;25,07275;100
100;2;2;25,07275;100
100;2;2;25,40625;100
100;2;2;25,40625;100
100;3;15;25,40625;100
100;2;2;25,40625;100
100;3;15;25,40625;100
100;3;15;25,40625;100
100;3;15;25,40625;100
100;3;15;25,40625;100
100;3;15;25,73975;100
100;3;15;25,73975;100
100;3;15;25,73975;100
100;3;15;25,73975;100
100;3;15;25,73975;100
100;3;15;25,73975;100
100;3;15;25,73975;100
100;3;15;25,73975;100
100;2;2;25,73975;100
100;3;15;25,73975;100
100;3;15;25,73975;100
100;2;2;25,73975;100
100;3;15;25,73975;100
100;3;15;25,73975;100
100;3;15;26,07324;100
100;3;15;26,07324;100
100;3;15;26,07324;100
100;3;15;26,07324;100
100;2;2;26,07324;100
100;2;2;26,07324;100
100;2;2;26,07324;100
100;2;2;26,07324;100
100;2;2;26,07324;100
100;2;2;26,07324;100
100;3;15;26,07324;100
100;2;2;26,07324;100
100;3;15;26,07324;100
100;3;15;26,40674;100
100;3;15;26,40674;100
100;3;15;26,40674;100
100;3;15;26,40674;100
100;3;15;26,40674;100
100;3;15;26,40674;100
100;2;2;26,40674;100
100;3;15;26,40674;100
100;3;15;26,40674;100
100;3;15;26,40674;100
100;3;15;26,40674;100
100;2;2;26,40674;100
100;3;15;26,74023;100
100;3;15;26,74023;100
100;2;2;26,74023;100
100;3;15;26,74023;100
100;2;2;26,74023;100
100;3;15;26,74023;100
100;2;2;26,74023;100
100;2;2;26,74023;100
100;3;15;26,74023;100
100;3;15;26,74023;100
100;3;15;26,74023;100
100;2;2;26,74023;100
100;3;15;27,07373;100
100;3;15;27,07373;100
100;2;2;27,07373;100
100;3;15;27,07373;100
100;2;2;27,07373;100
100;2;2;27,07373;100
100;3;15;27,07373;100
100;2;2;27,07373;100
100;3;15;27,07373;100
100;2;2;27,07373;100
100;3;15;27,40723;100
100;2;2;27,40723;100
100;2;2;27,40723;100
100;3;15;27,40723;100
100;3;15;27,40723;100
100;3;15;27,40723;100
100;2;2;27,40723;100
100;3;15;27,40723;100
100;3;15;27,40723;100
100;2;2;27,40723;100
100;2;2;27,40723;100
100;3;15;27,74072;100
100;3;15;27,74072;100
100;3;15;27,74072;100
100;3;15;27,74072;100
100;3;15;27,74072;100
100;3;15;27,74072;100
100;3;15;27,74072;100
100;3;15;27,74072;100
100;3;15;27,74072;100
100;3;15;27,74072;100
100;3;15;27,74072;100
100;3;15;27,74072;100
100;2;2;27,74072;100
100;3;15;27,74072;100
100;3;15;28,07422;100
100;3;15;28,07422;100
100;3;15;28,07422;100
100;2;2;28,07422;100
100;3;15;28,07422;100
100;3;15;28,07422;100
100;3;15;28,07422;100
100;3;15;28,07422;100
100;3;15;28,07422;100
100;3;15;28,07422;100
100;3;15;28,07422;100
100;3;15;28,40771;100
100;3;15;28,40771;100
100;3;15;28,40771;100
100;3;15;28,40771;100
100;3;15;28,40771;100
100;3;15;28,40771;100
100;3;15;28,40771;100
100;3;15;28,40771;100
100;2;2;28,74121;100
100;3;15;28,74121;100
100;3;15;28,74121;100
100;2;2;28,74121;100
100;3;15;28,74121;100
100;3;15;28,74121;100
100;2;2;28,74121;100
100;3;15;28,74121;100
100;3;15;28,74121;100
100;2;2;28,74121;100
100;3;15;28,74121;100
100;3;15;28,74121;100
100;3;15;28,74121;100
100;3;15;29,07471;100
100;2;2;29,07471;100
100;3;15;29,07471;100
100;3;15;29,07471;100
100;3;15;29,07471;100
100;3;15;29,07471;100
100;3;15;29,07471;100
100;3;15;29,07471;100
100;3;15;29,07471;100
100;3;15;29,07471;100
100;3;15;29,07471;100
100;3;15;29,4082;100
100;3;15;29,4082;100
100;3;15;29,4082;100
100;3;15;29,4082;100
100;3;15;29,4082;100
100;3;15;29,4082;100
100;3;15;29,4082;100
100;3;15;29,4082;100
100;3;15;29,4082;100
100;3;15;29,4082;100
100;3;15;29,4082;100
100;3;15;29,4082;100
100;3;15;29,4082;100
100;3;15;29,7417;100
100;3;15;29,7417;100
100;2;2;29,7417;100
100;2;2;29,7417;100
100;3;15;29,7417;100
100;3;15;29,7417;100
100;3;15;29,7417;100
100;3;15;29,7417;100
100;3;15;29,7417;100
100;3;15;29,7417;100
100;3;15;29,7417;100
100;3;15;29,7417;100
100;3;15;29,7417;100
100;3;15;30,0752;100
100;3;15;30,0752;100
100;3;15;30,0752;100
100;2;2;30,0752;100
100;3;15;30,0752;100
100;3;15;30,0752;100
100;3;15;30,0752;100
100;3;15;30,0752;100
100;2;2;30,0752;100
100;3;15;30,0752;100
100;2;2;30,40869;100
100;3;15;30,40869;100
100;2;2;30,40869;100
100;2;2;30,40869;100
100;3;15;30,40869;100
100;3;15;30,40869;100
100;3;15;30,40869;100
100;3;15;30,40869;100
100;3;15;30,40869;100
100;3;15;30,40869;100
100;3;15;30,40869;100
100;3;15;30,74219;100
100;2;2;30,74219;100
100;2;2;30,74219;100
100;3;15;30,74219;100
100;3;15;30,74219;100
100;3;15;30,74219;100
100;3;15;30,74219;100
100;3;15;30,74219;100
100;3;15;30,74219;100
100;3;15;30,74219;100
100;3;15;30,74219;100
100;3;15;30,74219;100
100;2;2;31,07568;100
100;3;15;31,07568;100
100;2;2;31,07568;100
100;3;15;31,07568;100
100;3;15;31,07568;100
100;3;15;31,07568;100
100;3;15;31,07568;100
100;3;15;31,07568;100
100;3;15;31,07568;100
100;3;15;31,07568;100
100;2;2;31,07568;100
100;2;2;31,07568;100
100;2;2;31,07568;100
100;2;2;31,40918;100
100;2;2;31,40918;100
100;3;15;31,40918;100
100;2;2;31,40918;100
100;3;15;31,40918;100
100;2;2;31,40918;100
100;3;15;31,40918;100
100;3;15;31,40918;100
100;2;2;31,40918;100
100;3;15;31,40918;100
100;3;15;31,40918;100
100;3;15;31,40918;100
100;3;15;31,40918;100
100;2;2;31,40918;100
100;3;15;31,40918;100
100;3;15;31,40918;100
100;2;2;31,74268;100
100;2;2;31,74268;100
100;3;15;31,74268;100
100;3;15;31,74268;100
100;3;15;31,74268;100
100;3;15;31,74268;100
100;3;15;31,74268;100
100;3;15;31,74268;100
100;2;2;31,74268;100
100;3;15;31,74268;100
100;3;15;31,74268;100
100;2;2;31,74268;100
100;3;15;31,74268;100
100;3;15;32,07617;100
100;3;15;32,07617;100
100;3;15;32,07617;100
100;2;2;32,07617;100
100;3;15;32,07617;100
100;2;2;32,07617;100
100;3;15;32,07617;100
100;3;15;32,07617;100
100;3;15;32,07617;100
100;2;2;32,07617;100
100;3;15;32,07617;100
100;3;15;32,40967;100
100;2;2;32,40967;100
100;3;15;32,40967;100
100;2;2;32,40967;100
100;2;2;32,40967;100
100;3;15;32,40967;100
100;2;2;32,40967;100
100;2;2;32,40967;100
100;3;15;32,40967;100
100;3;15;32,40967;100
100;3;15;32,40967;100
100;3;15;32,40967;100
100;3;15;32,40967;100
100;2;2;32,40967;100
100;3;15;32,74316;100
100;2;2;32,74316;100
100;3;15;32,74316;100
100;3;15;32,74316;100
100;2;2;32,74316;100
100;3;15;32,74316;100
100;2;2;32,74316;100
100;3;15;32,74316;100
100;2;2;32,74316;100
100;3;15;32,74316;100
100;3;15;32,74316;100
100;3;15;33,07666;100
100;2;2;33,07666;100
100;3;15;33,07666;100
100;2;2;33,07666;100
100;2;2;33,07666;100
100;3;15;33,07666;100
100;3;15;33,07666;100
100;3;15;33,07666;100
100;3;15;33,07666;100
100;3;15;33,07666;100
100;3;15;33,07666;100
100;3;15;33,41016;100
100;3;15;33,41016;100
100;2;2;33,41016;100
100;3;15;33,41016;100
100;3;15;33,41016;100
100;3;15;33,41016;100
100;3;15;33,41016;100
100;2;2;33,41016;100
100;3;15;33,41016;100
100;3;15;33,74365;100
100;2;2;33,74365;100
100;3;15;33,74365;100
100;3;15;33,74365;100
100;3;15;33,74365;100
100;3;15;33,74365;100
100;3;15;33,74365;100
100;3;15;33,74365;100
100;3;15;33,74365;100
100;3;15;34,07715;100
100;2;2;34,07715;100
100;3;15;34,07715;100
100;3;15;34,07715;100
100;3;15;34,07715;100
100;2;2;34,07715;100
100;3;15;34,07715;100
100;3;15;34,07715;100
100;3;15;34,41064;100
100;3;15;34,41064;100
100;3;15;34,41064;100
100;3;15;34,41064;100
100;3;15;34,41064;100
100;3;15;34,41064;100
100;3;15;34,41064;100
100;3;15;34,41064;100
100;2;2;34,41064;100
100;3;15;34,41064;100
100;3;15;34,41064;100
100;2;2;34,74414;100
100;3;15;34,74414;100
100;2;2;34,74414;100
100;3;15;34,74414;100
100;3;15;34,74414;100
100;3;15;34,74414;100
100;3;15;34,74414;100
100;2;2;34,74414;100
100;3;15;34,74414;100
100;2;2;34,74414;100
100;3;15;34,74414;100
100;3;15;34,74414;100
100;3;15;35,07764;100
100;3;15;35,07764;100
100;3;15;35,07764;100
100;3;15;35,07764;100
100;3;15;35,07764;100
100;3;15;35,07764;100
100;3;15;35,07764;100
100;3;15;35,07764;100
100;2;2;35,07764;100
100;3;15;35,07764;100
100;3;15;35,41113;100
100;3;15;35,41113;100
100;3;15;35,41113;100
100;2;2;35,41113;100
100;3;15;35,41113;100
100;3;15;35,41113;100
100;3;15;35,41113;100
100;2;2;35,41113;100
100;3;15;35,41113;100
100;3;15;35,41113;100
100;3;15;35,41113;100
100;3;15;35,74463;100
100;3;15;35,74463;100
100;3;15;35,74463;100
100;3;15;35,74463;100
100;3;15;35,74463;100
100;3;15;35,74463;100
100;3;15;35,74463;100
100;2;2;35,74463;100
100;2;2;35,74463;100
100;2;2;36,07813;100
100;2;2;36,07813;100
100;2;2;36,07813;100
100;3;15;36,07813;100
100;3;15;36,07813;100
100;3;15;36,07813;100
100;3;15;36,07813;100
100;3;15;36,07813;100
100;3;15;36,07813;100
100;3;15;36,41162;100
100;3;15;36,41162;100
100;2;2;36,41162;100
100;3;15;36,41162;100
100;3;15;36,41162;100
100;2;2;36,41162;100
100;2;2;36,41162;100
100;3;15;36,41162;100
100;2;2;36,41162;100
100;3;15;36,41162;100
100;3;15;36,41162;100
100;2;2;36,41162;100
100;3;15;36,41162;100
100;3;15;36,74512;100
100;3;15;36,74512;100
100;3;15;36,74512;100
100;3;15;36,74512;100
100;2;2;36,74512;100
100;3;15;36,74512;100
100;2;2;36,74512;100
100;3;15;36,74512;100
100;3;15;36,74512;100
100;3;15;36,74512;100
100;2;2;36,74512;100
100;3;15;37,07861;100
100;3;15;37,07861;100
100;3;15;37,07861;100
100;3;15;37,07861;100
100;3;15;37,07861;100
100;3;15;37,07861;100
100;2;2;37,07861;100
100;3;15;37,07861;100
100;3;15;37,07861;100
100;3;15;37,07861;100
100;2;2;37,07861;100
100;3;15;37,07861;100
100;3;15;37,41211;100
100;3;15;37,41211;100
100;3;15;37,41211;100
100;2;2;37,41211;100
100;3;15;37,41211;100
100;2;2;37,41211;100
100;2;2;37,41211;100
100;3;15;37,41211;100
100;2;2;37,41211;100
100;3;15;37,41211;100
100;2;2;37,74561;100
100;3;15;37,74561;100
100;2;2;37,74561;100
100;3;15;37,74561;100
100;3;15;37,74561;100
100;3;15;37,74561;100
100;3;15;37,74561;100
100;3;15;37,74561;100
100;3;15;37,74561;100
100;2;2;37,74561;100
100;3;15;37,74561;100
100;2;2;38,0791;100
100;3;15;38,0791;100
100;3;15;38,0791;100
100;3;15;38,0791;100
100;3;15;38,0791;100
100;3;15;38,0791;100
100;3;15;38,0791;100
100;2;2;38,0791;100
100;3;15;38,4126;100
100;3;15;38,4126;100
100;2;2;38,4126;100
100;2;2;38,4126;100
100;3;15;38,4126;100
100;3;15;38,4126;100
100;3;15;38,4126;100
100;3;15;38,74609;100
100;3;15;38,74609;100
100;2;2;38,74609;100
100;3;15;38,74609;100
100;3;15;38,74609;100
100;2;2;38,74609;100
100;3;15;38,74609;100
100;3;15;38,74609;100
100;3;15;38,74609;100
100;2;2;38,74609;100
100;2;2;38,74609;100
100;2;2;38,74609;100
100;2;2;39,07959;100
100;3;15;39,07959;100
100;3;15;39,07959;100
100;3;15;39,07959;100
100;3;15;39,07959;100
100;2;2;39,07959;100
100;3;15;39,07959;100
100;3;15;39,07959;100
100;2;2;39,41309;100
100;3;15;39,41309;100
100;2;2;39,41309;100
100;2;2;39,41309;100
100;2;2;39,41309;100
100;3;15;39,41309;100
100;3;15;39,41309;100
100;3;15;39,41309;100
100;2;2;39,41309;100
100;3;15;39,41309;100
100;3;15;39,41309;100
100;3;15;39,74658;100
100;3;15;39,74658;100
100;3;15;39,74658;100
100;3;15;39,74658;100
100;3;15;39,74658;100
100;3;15;39,74658;100
100;3;15;39,74658;100
100;3;15;39,74658;100
100;3;15;39,74658;100
100;2;2;39,74658;100
100;3;15;39,74658;100
100;3;15;39,74658;100
100;3;15;40,08008;100
100;3;15;40,08008;100
100;3;15;40,08008;100
100;2;2;40,08008;100
100;3;15;40,08008;100
100;3;15;40,08008;100
100;2;2;40,08008;100
100;3;15;40,08008;100
100;2;2;40,08008;100
100;2;2;40,08008;100
100;2;2;40,08008;100
100;2;2;40,08008;100
100;2;2;40,08008;100
100;3;15;40,41357;100
100;3;15;40,41357;100
100;2;2;40,41357;100
100;2;2;40,41357;100
100;2;2;40,41357;100
100;2;2;40,41357;100
100;3;15;40,41357;100
100;3;15;40,74707;100
100;3;15;40,74707;100
100;2;2;40,74707;100
100;3;15;40,74707;100
100;3;15;40,74707;100
100;2;2;40,74707;100
100;3;15;40,74707;100
100;3;15;40,74707;100
100;3;15;40,74707;100
100;3;15;40,74707;100
100;3;15;40,74707;100
100;3;15;40,74707;100
100;2;2;40,74707;100
100;2;2;41,08057;100
100;3;15;41,08057;100
100;3;15;41,08057;100
100;3;15;41,08057;100
100;2;2;41,08057;100
100;3;15;41,08057;100
100;3;15;41,08057;100
100;3;15;41,08057;100
100;3;15;41,08057;100
100;3;15;41,08057;100
100;2;2;41,41406;100
100;3;15;41,41406;100
100;2;2;41,41406;100
100;2;2;41,41406;100
100;2;2;41,41406;100
100;3;15;41,41406;100
100;3;15;41,41406;100
100;2;2;41,41406;100
100;3;15;41,41406;100
100;3;15;41,41406;100
100;3;15;41,41406;100
100;2;2;41,74756;100
100;3;15;41,74756;100
100;2;2;41,74756;100
100;3;15;41,74756;100
100;2;2;41,74756;100
100;3;15;41,74756;100
100;3;15;41,74756;100
100;3;15;41,74756;100
100;3;15;41,74756;100
100;2;2;41,74756;100
100;3;15;42,08105;100
100;3;15;42,08105;100
100;3;15;42,08105;100
100;3;15;42,08105;100
100;3;15;42,08105;100
100;3;15;42,08105;100
100;3;15;42,08105;100
100;3;15;42,08105;100
100;3;15;42,08105;100
100;3;15;42,08105;100
100;3;15;42,08105;100
100;3;15;42,41455;100
100;2;2;42,41455;100
100;2;2;42,41455;100
100;3;15;42,41455;100
100;2;2;42,41455;100
100;3;15;42,41455;100
100;3;15;42,41455;100
100;3;15;42,41455;100
100;2;2;42,41455;100
100;3;15;42,74805;100
100;2;2;42,74805;100
100;3;15;42,74805;100
100;3;15;42,74805;100
100;3;15;42,74805;100
100;3;15;42,74805;100
100;3;15;42,74805;100
100;2;2;42,74805;100
100;2;2;42,74805;100
100;2;2;42,74805;100
100;2;2;43,08154;100
100;3;15;43,08154;100
100;2;2;43,08154;100
100;3;15;43,08154;100
100;3;15;43,08154;100
100;2;2;43,08154;100
100;2;2;43,08154;100
100;3;15;43,08154;100
100;3;15;43,08154;100
100;2;2;43,08154;100
100;2;2;43,08154;100
100;3;15;43,08154;100
100;3;15;43,41504;100
100;2;2;43,41504;100
100;3;15;43,41504;100
100;3;15;43,41504;100
100;3;15;43,41504;100
100;3;15;43,41504;100
100;3;15;43,41504;100
100;2;2;43,41504;100
100;3;15;43,41504;100
100;3;15;43,41504;100
100;3;15;43,74854;100
100;2;2;43,74854;100
100;2;2;43,74854;100
100;2;2;43,74854;100
100;2;2;43,74854;100
100;2;2;43,74854;100
100;3;15;43,74854;100
100;3;15;43,74854;100
100;2;2;43,74854;100
100;3;15;43,74854;100
100;3;15;44,08203;100
100;2;2;44,08203;100
100;3;15;44,08203;100
100;3;15;44,08203;100
100;3;15;44,08203;100
100;2;2;44,08203;100
100;2;2;44,08203;100
100;3;15;44,08203;100
100;3;15;44,08203;100
100;3;15;44,08203;100
100;3;15;44,08203;100
100;3;15;44,41553;100
100;2;2;44,41553;100
100;3;15;44,41553;100
100;3;15;44,41553;100
100;3;15;44,41553;100
100;3;15;44,41553;100
100;3;15;44,41553;100
