100;3;15;23,53369;100
100;2;2;23,53369;100
100;3;15;23,53369;100
100;3;15;23,53369;100
100;3;15;23,53369;100
100;3;15;23,53369;100
100;2;2;23,53369;100
100;2;2;23,53369;100
100;2;2;23,53369;100
100;3;15;23,53369;100
100;2;2;23,53369;100
100;3;15;23,86719;100
100;3;15;23,86719;100
100;3;15;23,86719;100
100;3;15;23,86719;100
100;3;15;23,86719;100
100;3;15;23,86719;100
100;3;15;23,86719;100
100;3;15;23,86719;100
100;3;15;23,86719;100
100;3;15;23,86719;100
100;3;15;24,20068;100
100;2;2;24,20068;100
100;2;2;24,20068;100
100;3;15;24,20068;100
100;3;15;24,20068;100
100;3;15;24,20068;100
100;3;15;24,20068;100
100;2;2;24,20068;100
100;3;15;24,53418;100
100;2;2;24,53418;100
100;2;2;24,53418;100
100;3;15;24,53418;100
100;3;15;24,53418;100
100;3;15;24,53418;100
100;3;15;24,53418;100
100;2;2;24,53418;100
100;3;15;24,53418;100
100;2;2;24,53418;100
100;3;15;24,53418;100
100;3;15;24,53418;100
100;2;2;24,53418;100
100;3;15;24,53418;100
100;3;15;24,53418;100
100;2;2;24,86768;100
100;3;15;24,86768;100
100;3;15;24,86768;100
100;3;15;24,86768;100
100;2;2;24,86768;100
100;3;15;24,86768;100
100;2;2;24,86768;100
100;3;15;24,86768;100
100;3;15;24,86768;100
100;3;15;24,86768;100
100;3;15;24,86768;100
100;2;2;24,86768;100
100;2;2;25,20117;100
100;2;2;25,20117;100
100;3;15;25,20117;100
100;3;15;25,20117;100
100;3;15;25,20117;100
100;3;15;25,20117;100
100;2;2;25,20117;100
100;3;15;25,20117;100
100;3;15;25,20117;100
100;3;15;25,20117;100
100;3;15;25,20117;100
100;3;15;25,20117;100
100;3;15;25,20117;100
100;2;2;25,53467;100
100;3;15;25,53467;100
100;3;15;25,53467;100
100;3;15;25,53467;100
100;3;15;25,53467;100
100;3;15;25,53467;100
100;3;15;25,53467;100
100;3;15;25,53467;100
100;3;15;25,53467;100
100;3;15;25,53467;100
100;3;15;25,53467;100
100;3;15;25,53467;100
100;3;15;25,86816;100
100;3;15;25,86816;100
100;3;15;25,86816;100
100;2;2;25,86816;100
100;3;15;25,86816;100
100;2;2;25,86816;100
100;2;2;25,86816;100
100;3;15;25,86816;100
100;3;15;25,86816;100
100;3;15;25,86816;100
100;3;15;25,86816;100
100;2;2;25,86816;100
100;3;15;26,20166;100
100;3;15;26,20166;100
100;3;15;26,20166;100
100;2;2;26,20166;100
100;3;15;26,20166;100
100;3;15;26,20166;100
100;2;2;26,20166;100
100;3;15;26,20166;100
100;3;15;26,20166;100
100;3;15;26,20166;100
100;2;2;26,20166;100
100;3;15;26,20166;100
100;3;15;26,53516;100
100;3;15;26,53516;100
100;3;15;26,53516;100
100;3;15;26,53516;100
100;3;15;26,53516;100
100;3;15;26,53516;100
100;3;15;26,53516;100
100;2;2;26,53516;100
100;3;15;26,53516;100
100;2;2;26,86865;100
100;2;2;26,86865;100
100;3;15;26,86865;100
100;3;15;26,86865;100
100;2;2;26,86865;100
100;2;2;26,86865;100
100;3;15;26,86865;100
100;2;2;26,86865;100
100;3;15;26,86865;100
100;2;2;26,86865;100
100;3;15;26,86865;100
100;3;15;26,86865;100
100;3;15;27,20215;100
100;3;15;27,20215;100
100;3;15;27,20215;100
100;3;15;27,20215;100
100;2;2;27,20215;100
100;2;2;27,20215;100
100;3;15;27,20215;100
100;3;15;27,20215;100
100;3;15;27,20215;100
100;2;2;27,20215;100
100;2;2;27,20215;100
100;3;15;27,20215;100
100;3;15;27,20215;100
100;2;2;27,20215;100
100;3;15;27,53564;100
100;3;15;27,53564;100
100;3;15;27,53564;100
100;2;2;27,53564;100
100;3;15;27,53564;100
100;3;15;27,53564;100
100;2;2;27,53564;100
100;3;15;27,53564;100
100;3;15;27,53564;100
100;2;2;27,53564;100
100;3;15;27,53564;100
100;3;15;27,86914;100
100;2;2;27,86914;100
100;3;15;27,86914;100
100;3;15;27,86914;100
100;3;15;27,86914;100
100;3;15;27,86914;100
100;2;2;27,86914;100
100;3;15;27,86914;100
100;2;2;27,86914;100
100;2;2;27,86914;100
100;3;15;27,86914;100
100;3;15;27,86914;100
100;2;2;27,86914;100
100;2;2;28,20264;100
100;3;15;28,20264;100
100;2;2;28,20264;100
100;3;15;28,20264;100
100;3;15;28,20264;100
100;2;2;28,20264;100
100;2;2;28,20264;100
100;2;2;28,20264;100
100;2;2;28,20264;100
100;2;2;28,20264;100
100;2;2;28,20264;100
100;3;15;28,20264;100
100;3;15;28,20264;100
100;3;15;28,53613;100
100;3;15;28,53613;100
100;3;15;28,53613;100
100;3;15;28,53613;100
100;3;15;28,53613;100
100;3;15;28,53613;100
100;3;15;28,53613;100
100;3;15;28,53613;100
100;2;2;28,53613;100
100;2;2;28,53613;100
100;2;2;28,53613;100
100;2;2;28,53613;100
100;3;15;28,86963;100
100;2;2;28,86963;100
100;2;2;28,86963;100
100;3;15;28,86963;100
100;3;15;28,86963;100
100;2;2;28,86963;100
100;3;15;28,86963;100
100;2;2;28,86963;100
100;2;2;28,86963;100
100;2;2;28,86963;100
100;2;2;28,86963;100
100;3;15;29,20313;100
100;2;2;29,20313;100
100;2;2;29,20313;100
100;3;15;29,20313;100
100;2;2;29,20313;100
100;3;15;29,20313;100
100;2;2;29,20313;100
100;3;15;29,20313;100
100;2;2;29,53662;100
100;3;15;29,53662;100
100;2;2;29,53662;100
100;2;2;29,53662;100
100;3;15;29,53662;100
100;3;15;29,53662;100
100;3;15;29,53662;100
100;2;2;29,53662;100
100;2;2;29,53662;100
100;3;15;29,53662;100
100;3;15;29,53662;100
100;3;15;29,53662;100
100;3;15;29,87012;100
100;2;2;29,87012;100
100;2;2;29,87012;100
100;3;15;29,87012;100
100;3;15;29,87012;100
100;3;15;29,87012;100
100;2;2;29,87012;100
100;3;15;29,87012;100
100;3;15;29,87012;100
100;3;15;29,87012;100
100;3;15;29,87012;100
100;3;15;29,87012;100
100;3;15;30,20361;100
100;2;2;30,20361;100
100;2;2;30,20361;100
100;2;2;30,20361;100
100;3;15;30,20361;100
100;2;2;30,20361;100
100;3;15;30,20361;100
100;3;15;30,20361;100
100;3;15;30,20361;100
100;2;2;30,53711;100
100;3;15;30,53711;100
100;3;15;30,53711;100
100;3;15;30,53711;100
100;3;15;30,53711;100
100;2;2;30,53711;100
100;3;15;30,53711;100
100;2;2;30,53711;100
100;3;15;30,53711;100
100;3;15;30,87061;100
100;3;15;30,87061;100
100;3;15;30,87061;100
100;3;15;30,87061;100
100;2;2;30,87061;100
100;2;2;30,87061;100
100;3;15;30,87061;100
100;3;15;30,87061;100
100;3;15;30,87061;100
100;3;15;30,87061;100
100;2;2;30,87061;100
100;2;2;30,87061;100
100;3;15;30,87061;100
100;3;15;31,2041;100
100;2;2;31,2041;100
100;3;15;31,2041;100
100;2;2;31,2041;100
100;3;15;31,2041;100
100;3;15;31,2041;100
100;3;15;31,2041;100
100;3;15;31,2041;100
100;3;15;31,2041;100
100;2;2;31,2041;100
100;3;15;31,2041;100
100;3;15;31,2041;100
100;3;15;31,2041;100
100;3;15;31,5376;100
100;2;2;31,5376;100
100;3;15;31,5376;100
100;3;15;31,5376;100
100;3;15;31,5376;100
100;3;15;31,5376;100
100;3;15;31,5376;100
100;2;2;31,5376;100
100;3;15;31,5376;100
100;3;15;31,5376;100
100;3;15;31,5376;100
100;3;15;31,87109;100
100;3;15;31,87109;100
100;3;15;31,87109;100
100;3;15;31,87109;100
100;3;15;31,87109;100
100;3;15;31,87109;100
100;3;15;31,87109;100
100;3;15;31,87109;100
100;3;15;31,87109;100
100;2;2;31,87109;100
100;3;15;31,87109;100
100;2;2;31,87109;100
100;2;2;32,20459;100
100;3;15;32,20459;100
100;2;2;32,20459;100
100;3;15;32,20459;100
100;3;15;32,20459;100
100;2;2;32,20459;100
100;2;2;32,20459;100
100;3;15;32,20459;100
100;3;15;32,20459;100
100;2;2;32,20459;100
100;2;2;32,20459;100
100;3;15;32,53809;100
100;3;15;32,53809;100
100;2;2;32,53809;100
100;3;15;32,53809;100
100;3;15;32,53809;100
100;3;15;32,53809;100
100;3;15;32,53809;100
100;3;15;32,53809;100
100;2;2;32,53809;100
100;3;15;32,53809;100
100;2;2;32,53809;100
100;2;2;32,53809;100
100;3;15;32,53809;100
100;3;15;32,53809;100
100;2;2;32,87158;100
100;3;15;32,87158;100
100;2;2;32,87158;100
100;3;15;32,87158;100
100;2;2;32,87158;100
100;3;15;32,87158;100
100;2;2;32,87158;100
100;2;2;32,87158;100
100;3;15;32,87158;100
100;3;15;32,87158;100
100;3;15;33,20508;100
100;3;15;33,20508;100
100;3;15;33,20508;100
100;3;15;33,20508;100
100;3;15;33,20508;100
100;2;2;33,20508;100
100;3;15;33,20508;100
100;3;15;33,20508;100
100;3;15;33,20508;100
100;3;15;33,20508;100
100;2;2;33,20508;100
100;3;15;33,20508;100
100;3;15;33,20508;100
100;3;15;33,20508;100
100;2;2;33,53857;100
100;3;15;33,53857;100
100;3;15;33,53857;100
100;3;15;33,53857;100
100;3;15;33,53857;100
100;3;15;33,53857;100
100;3;15;33,53857;100
100;3;15;33,53857;100
100;2;2;33,53857;100
100;3;15;33,87207;100
100;3;15;33,87207;100
100;3;15;33,87207;100
100;3;15;33,87207;100
100;3;15;33,87207;100
100;2;2;34,20557;100
100;2;2;34,20557;100
100;3;15;34,20557;100
100;3;15;34,20557;100
100;2;2;34,20557;100
100;3;15;34,20557;100
100;2;2;34,20557;100
100;3;15;34,20557;100
100;3;15;34,20557;100
100;2;2;34,20557;100
100;2;2;34,20557;100
100;2;2;34,20557;100
100;2;2;34,53906;100
100;3;15;34,53906;100
100;2;2;34,53906;100
100;3;15;34,53906;100
100;3;15;34,53906;100
100;2;2;34,53906;100
100;2;2;34,53906;100
100;3;15;34,53906;100
100;3;15;34,53906;100
100;2;2;34,53906;100
100;2;2;34,53906;100
100;3;15;34,53906;100
100;2;2;34,87256;100
100;3;15;34,87256;100
100;3;15;34,87256;100
100;2;2;34,87256;100
100;3;15;34,87256;100
100;2;2;34,87256;100
100;3;15;34,87256;100
100;2;2;34,87256;100
100;3;15;34,87256;100
100;2;2;34,87256;100
100;3;15;34,87256;100
100;3;15;35,20605;100
100;3;15;35,20605;100
100;3;15;35,20605;100
100;3;15;35,20605;100
100;2;2;35,20605;100
100;2;2;35,20605;100
100;3;15;35,20605;100
100;3;15;35,20605;100
100;3;15;35,20605;100
100;3;15;35,20605;100
100;3;15;35,53955;100
100;3;15;35,53955;100
100;2;2;35,53955;100
100;2;2;35,53955;100
100;2;2;35,53955;100
100;2;2;35,53955;100
100;2;2;35,53955;100
100;3;15;35,53955;100
100;2;2;35,53955;100
100;3;15;35,53955;100
100;3;15;35,53955;100
100;3;15;35,87305;100
100;2;2;35,87305;100
100;2;2;35,87305;100
100;3;15;35,87305;100
100;2;2;35,87305;100
100;3;15;35,87305;100
100;2;2;35,87305;100
100;2;2;35,87305;100
100;3;15;35,87305;100
100;3;15;35,87305;100
100;3;15;35,87305;100
100;3;15;35,87305;100
100;3;15;36,20654;100
100;3;15;36,20654;100
100;2;2;36,20654;100
100;2;2;36,20654;100
100;2;2;36,20654;100
100;3;15;36,20654;100
100;2;2;36,20654;100
100;3;15;36,20654;100
100;2;2;36,20654;100
100;3;15;36,20654;100
100;3;15;36,54004;100
100;2;2;36,54004;100
100;3;15;36,54004;100
100;2;2;36,54004;100
100;2;2;36,54004;100
100;3;15;36,54004;100
100;3;15;36,54004;100
100;3;15;36,54004;100
100;3;15;36,54004;100
100;3;15;36,54004;100
100;2;2;36,54004;100
100;2;2;36,54004;100
100;3;15;36,54004;100
100;3;15;36,87354;100
100;3;15;36,87354;100
100;3;15;36,87354;100
100;3;15;36,87354;100
100;2;2;36,87354;100
100;2;2;36,87354;100
100;3;15;36,87354;100
100;3;15;36,87354;100
100;2;2;36,87354;100
100;3;15;36,87354;100
100;2;2;37,20703;100
100;3;15;37,20703;100
100;2;2;37,20703;100
100;3;15;37,20703;100
100;2;2;37,20703;100
100;2;2;37,20703;100
100;3;15;37,20703;100
100;3;15;37,20703;100
100;3;15;37,20703;100
100;3;15;37,20703;100
100;3;15;37,20703;100
100;3;15;37,54053;100
100;3;15;37,54053;100
100;2;2;37,54053;100
100;2;2;37,54053;100
100;2;2;37,54053;100
100;3;15;37,54053;100
100;3;15;37,54053;100
100;3;15;37,54053;100
100;3;15;37,54053;100
100;3;15;37,54053;100
100;3;15;37,54053;100
100;3;15;37,87402;100
100;3;15;37,87402;100
100;3;15;37,87402;100
100;3;15;37,87402;100
100;3;15;37,87402;100
100;3;15;37,87402;100
100;3;15;37,87402;100
100;3;15;37,87402;100
100;2;2;37,87402;100
100;3;15;37,87402;100
100;3;15;37,87402;100
100;3;15;38,20752;100
100;3;15;38,20752;100
100;3;15;38,20752;100
100;2;2;38,20752;100
100;3;15;38,20752;100
100;3;15;38,20752;100
100;2;2;38,20752;100
100;3;15;38,54102;100
100;3;15;38,54102;100
100;3;15;38,54102;100
100;2;2;38,54102;100
100;3;15;38,54102;100
100;2;2;38,54102;100
100;3;15;38,54102;100
100;3;15;38,54102;100
100;3;15;38,87451;100
100;2;2;38,87451;100
100;3;15;38,87451;100
100;2;2;38,87451;100
100;3;15;38,87451;100
100;2;2;38,87451;100
100;2;2;38,87451;100
100;3;15;38,87451;100
100;2;2;38,87451;100
100;3;15;38,87451;100
100;2;2;38,87451;100
100;3;15;39,20801;100
100;2;2;39,20801;100
100;2;2;39,20801;100
100;3;15;39,20801;100
100;3;15;39,20801;100
100;2;2;39,20801;100
100;3;15;39,20801;100
100;2;2;39,20801;100
100;3;15;39,20801;100
100;3;15;39,20801;100
100;3;15;39,5415;100
100;3;15;39,5415;100
100;3;15;39,5415;100
100;3;15;39,5415;100
100;3;15;39,5415;100
100;2;2;39,5415;100
100;3;15;39,5415;100
100;2;2;39,5415;100
100;3;15;39,5415;100
100;3;15;39,5415;100
100;3;15;39,5415;100
100;3;15;39,875;100
100;3;15;39,875;100
100;3;15;39,875;100
100;3;15;39,875;100
100;2;2;39,875;100
100;2;2;39,875;100
100;3;15;39,875;100
100;3;15;39,875;100
100;3;15;39,875;100
100;3;15;39,875;100
100;2;2;39,875;100
100;3;15;40,2085;100
100;2;2;40,2085;100
100;3;15;40,2085;100
100;2;2;40,2085;100
100;3;15;40,2085;100
100;3;15;40,2085;100
100;2;2;40,2085;100
100;3;15;40,2085;100
100;3;15;40,2085;100
100;3;15;40,2085;100
100;3;15;40,54199;100
100;3;15;40,54199;85
100;3;15;40,54199;70
100;2;2;40,54199;70
100;3;15;40,54199;55
100;2;2;40,54199;55
100;3;15;40,54199;40
100;3;15;40,54199;25
100;3;15;40,54199;10
100;3;15;40,54199;-5
Player