100;3;15;0,9287109;100
100;3;15;0,9287109;100
100;3;15;0,9287109;100
100;2;2;0,9287109;100
100;2;2;0,9287109;100
100;3;15;1,261719;100
100;2;2;1,261719;100
100;3;15;1,261719;100
100;2;2;1,261719;100
100;2;2;1,261719;100
100;3;15;1,261719;100
100;3;15;1,261719;100
100;2;2;1,261719;100
100;2;2;1,261719;100
100;3;15;1,594727;100
100;3;15;1,594727;100
100;2;2;1,594727;100
100;3;15;1,594727;100
100;3;15;1,594727;100
100;2;2;1,594727;100
100;3;15;1,594727;100
100;3;15;1,594727;100
100;2;2;1,594727;100
100;3;15;1,927734;100
100;2;2;1,927734;100
100;2;2;1,927734;100
100;2;2;1,927734;100
100;3;15;1,927734;100
100;3;15;1,927734;100
100;3;15;2,260742;100
100;2;2;2,260742;100
100;2;2;2,260742;100
100;3;15;2,260742;100
100;3;15;2,260742;100
100;3;15;2,260742;100
100;3;15;2,260742;100
100;2;2;2,260742;100
100;2;2;2,59375;100
100;2;2;2,59375;100
100;2;2;2,59375;100
100;3;15;2,59375;100
100;3;15;2,59375;100
100;3;15;2,59375;100
100;3;15;2,59375;100
100;3;15;2,59375;100
100;3;15;2,59375;100
100;2;2;2,59375;100
100;3;15;2,59375;100
100;2;2;2,59375;100
100;3;15;2,59375;100
100;3;15;2,926758;100
100;2;2;2,926758;100
100;2;2;2,926758;100
100;2;2;2,926758;100
100;3;15;2,926758;100
100;2;2;2,926758;100
100;3;15;2,926758;100
100;3;15;2,926758;100
100;2;2;3,259766;100
100;2;2;3,259766;100
100;3;15;3,259766;100
100;2;2;3,259766;100
100;3;15;3,259766;100
100;3;15;3,259766;100
100;3;15;3,259766;100
100;2;2;3,592773;100
100;2;2;3,592773;100
100;3;15;3,592773;100
100;3;15;3,592773;100
100;3;15;3,592773;100
100;2;2;3,592773;100
100;2;2;3,592773;100
100;2;2;3,592773;100
100;2;2;3,925781;100
100;3;15;3,925781;100
100;2;2;3,925781;100
100;3;15;3,925781;100
100;2;2;3,925781;100
100;3;15;3,925781;100
100;2;2;3,925781;100
100;3;15;3,925781;100
100;3;15;3,925781;100
100;2;2;4,258789;100
100;3;15;4,258789;100
100;3;15;4,258789;100
100;3;15;4,258789;100
100;2;2;4,258789;100
100;3;15;4,258789;100
100;3;15;4,258789;100
100;2;2;4,591797;100
100;3;15;4,591797;100
100;3;15;4,591797;100
100;2;2;4,591797;100
100;2;2;4,591797;100
100;3;15;4,591797;100
100;2;2;4,591797;100
100;3;15;4,591797;100
100;3;15;4,924805;100
100;2;2;4,924805;100
100;2;2;4,924805;100
100;2;2;4,924805;100
100;3;15;4,924805;100
100;3;15;4,924805;100
100;3;15;4,924805;100
100;3;15;4,924805;100
100;3;15;4,924805;100
100;3;15;5,257813;100
100;2;2;5,257813;100
100;3;15;5,257813;100
100;2;2;5,257813;100
100;2;2;5,257813;100
100;3;15;5,257813;100
100;2;2;5,257813;100
100;2;2;5,257813;100
100;3;15;5,59082;100
100;3;15;5,59082;100
100;2;2;5,59082;100
100;2;2;5,59082;100
100;3;15;5,59082;100
100;3;15;5,59082;100
100;2;2;5,59082;100
100;3;15;5,59082;100
100;3;15;5,923828;100
100;3;15;5,923828;100
100;3;15;5,923828;100
100;3;15;5,923828;100
100;2;2;5,923828;100
100;2;2;5,923828;100
100;2;2;5,923828;100
100;2;2;5,923828;100
100;2;2;5,923828;100
100;3;15;5,923828;100
100;3;15;5,923828;100
100;2;2;5,923828;100
100;2;2;5,923828;100
100;2;2;5,923828;100
100;3;15;6,256836;100
100;2;2;6,256836;100
100;2;2;6,256836;100
100;3;15;6,256836;100
100;2;2;6,256836;100
100;3;15;6,256836;100
100;3;15;6,256836;100
100;3;15;6,256836;100
100;3;15;6,589844;100
100;3;15;6,589844;100
100;3;15;6,589844;100
100;3;15;6,589844;100
100;2;2;6,589844;100
100;2;2;6,589844;100
100;3;15;6,589844;100
100;3;15;6,922852;100
100;3;15;6,922852;100
100;3;15;6,922852;100
100;2;2;6,922852;100
100;2;2;6,922852;100
100;3;15;6,922852;100
100;2;2;6,922852;100
100;3;15;6,922852;100
100;3;15;6,922852;100
100;2;2;6,922852;100
100;3;15;7,255859;100
100;2;2;7,255859;100
100;3;15;7,255859;100
100;2;2;7,255859;100
100;3;15;7,255859;100
100;2;2;7,255859;100
100;3;15;7,255859;100
100;2;2;7,255859;100
100;2;2;7,255859;100
100;3;15;7,255859;100
100;2;2;7,255859;100
100;2;2;7,255859;100
100;2;2;7,255859;100
100;2;2;7,588867;100
100;3;15;7,588867;100
100;2;2;7,588867;100
100;3;15;7,588867;100
100;3;15;7,588867;100
100;2;2;7,588867;100
100;2;2;7,588867;100
100;3;15;7,588867;100
100;3;15;7,921875;100
100;2;2;7,921875;100
100;3;15;7,921875;100
100;3;15;8,254883;100
100;2;2;8,254883;100
100;2;2;8,254883;100
100;2;2;8,254883;100
100;3;15;8,254883;100
100;2;2;8,254883;100
100;3;15;8,254883;100
100;3;15;8,587891;100
100;3;15;8,587891;100
100;2;2;8,587891;100
100;2;2;8,587891;100
100;3;15;8,587891;100
100;3;15;8,587891;100
100;2;2;8,920898;100
100;3;15;8,920898;100
100;2;2;8,920898;100
100;3;15;8,920898;100
100;2;2;8,920898;100
100;2;2;8,920898;100
100;3;15;8,920898;100
100;3;15;8,920898;100
100;2;2;8,920898;100
100;2;2;9,253906;100
100;2;2;9,253906;100
100;3;15;9,253906;100
100;3;15;9,253906;100
100;3;15;9,253906;100
100;3;15;9,253906;100
100;2;2;9,253906;100
100;3;15;9,253906;100
100;3;15;9,253906;100
100;3;15;9,253906;100
100;3;15;9,586914;100
100;2;2;9,586914;100
100;3;15;9,586914;100
100;2;2;9,586914;100
100;2;2;9,586914;100
100;2;2;9,586914;100
100;3;15;9,586914;100
100;3;15;9,586914;100
100;3;15;9,586914;100
100;2;2;9,586914;100
100;2;2;9,919922;100
100;2;2;9,919922;100
100;3;15;9,919922;100
100;2;2;9,919922;100
100;2;2;9,919922;100
100;2;2;9,919922;100
100;3;15;9,919922;100
100;3;15;9,919922;100
100;2;2;9,919922;100
100;2;2;9,919922;100
100;3;15;10,25293;100
100;3;15;10,25293;100
100;3;15;10,25293;100
100;2;2;10,25293;100
100;3;15;10,25293;100
100;2;2;10,25293;100
100;3;15;10,25293;100
100;3;15;10,25293;100
100;3;15;10,58594;100
100;3;15;10,58594;100
100;3;15;10,58594;100
100;3;15;10,58594;100
100;3;15;10,58594;100
100;3;15;10,58594;100
100;3;15;10,91895;100
100;2;2;10,91895;100
100;3;15;10,91895;100
100;3;15;10,91895;100
100;2;2;10,91895;100
100;2;2;10,91895;100
100;2;2;10,91895;100
100;2;2;10,91895;100
100;2;2;10,91895;100
100;3;15;11,25195;100
100;3;15;11,25195;100
100;2;2;11,25195;100
100;3;15;11,25195;100
100;3;15;11,25195;100
100;2;2;11,25195;100
100;2;2;11,25195;100
100;3;15;11,25195;100
100;3;15;11,25195;100
100;2;2;11,25195;100
100;2;2;11,25195;100
100;2;2;11,25195;100
100;3;15;11,25195;100
100;2;2;11,58496;100
100;2;2;11,58496;100
100;2;2;11,58496;100
100;3;15;11,58496;100
100;2;2;11,58496;100
100;3;15;11,58496;100
100;3;15;11,58496;100
100;3;15;11,58496;100
100;2;2;11,58496;100
100;2;2;11,91797;100
100;2;2;11,91797;100
100;2;2;11,91797;100
100;3;15;11,91797;100
100;2;2;11,91797;100
100;2;2;12,25098;100
100;3;15;12,25098;100
100;3;15;12,25098;100
100;3;15;12,25098;100
100;2;2;12,25098;100
100;3;15;12,25098;100
100;3;15;12,58398;100
100;3;15;12,58398;100
100;2;2;12,58398;100
100;3;15;12,58398;100
100;3;15;12,58398;100
100;3;15;12,58398;100
100;3;15;12,58398;100
100;2;2;12,58398;100
100;3;15;12,91699;100
100;3;15;12,91699;100
100;3;15;12,91699;100
100;3;15;12,91699;100
100;2;2;12,91699;100
100;2;2;12,91699;100
100;3;15;12,91699;100
100;2;2;12,91699;100
100;3;15;12,91699;100
100;2;2;12,91699;100
100;2;2;13,25;100
100;2;2;13,25;100
100;3;15;13,25;100
100;3;15;13,25;100
100;2;2;13,25;100
100;2;2;13,25;100
100;3;15;13,25;100
100;2;2;13,25;100
100;3;15;13,58301;100
100;2;2;13,58301;100
100;2;2;13,58301;100
100;3;15;13,58301;100
100;2;2;13,58301;100
100;2;2;13,58301;100
100;3;15;13,58301;100
100;2;2;13,58301;100
100;3;15;13,58301;100
100;3;15;13,91602;100
100;3;15;13,91602;100
100;2;2;13,91602;100
100;2;2;13,91602;100
100;2;2;13,91602;100
100;2;2;13,91602;100
100;2;2;13,91602;100
100;3;15;14,24902;100
100;2;2;14,24902;100
100;2;2;14,24902;100
100;2;2;14,24902;100
100;3;15;14,24902;100
100;3;15;14,24902;100
100;3;15;14,24902;100
100;3;15;14,24902;100
100;3;15;14,24902;100
100;3;15;14,24902;100
100;2;2;14,58203;100
100;3;15;14,58203;100
100;2;2;14,58203;100
100;3;15;14,58203;100
100;2;2;14,58203;100
100;2;2;14,58203;100
100;3;15;14,58203;100
100;3;15;14,58203;100
100;2;2;14,58203;100
100;2;2;14,58203;100
100;2;2;14,58203;100
100;2;2;14,58203;100
100;3;15;14,91504;100
100;2;2;14,91504;100
100;3;15;14,91504;100
100;3;15;14,91504;100
100;3;15;14,91504;100
100;3;15;14,91504;100
100;2;2;14,91504;100
100;2;2;15,24805;100
100;2;2;15,24805;100
100;2;2;15,24805;100
100;2;2;15,24805;100
100;3;15;15,24805;100
100;3;15;15,24805;100
100;2;2;15,24805;100
100;2;2;15,58105;100
100;2;2;15,58105;100
100;3;15;15,58105;100
100;3;15;15,58105;100
100;3;15;15,58105;100
100;3;15;15,58105;100
100;3;15;15,58105;100
100;3;15;15,91406;100
100;3;15;15,91406;100
100;3;15;15,91406;100
100;2;2;15,91406;100
100;3;15;15,91406;100
100;3;15;15,91406;100
100;3;15;16,24707;100
100;3;15;16,24707;100
100;3;15;16,24707;100
100;2;2;16,24707;100
100;2;2;16,24707;100
100;3;15;16,24707;100
100;3;15;16,24707;100
100;2;2;16,24707;100
100;3;15;16,24707;100
100;3;15;16,58008;100
100;2;2;16,58008;100
100;3;15;16,58008;100
100;2;2;16,58008;100
100;3;15;16,58008;100
100;3;15;16,58008;100
100;3;15;16,91309;100
100;2;2;16,91309;100
100;2;2;16,91309;100
100;2;2;16,91309;100
100;2;2;16,91309;100
100;2;2;16,91309;100
100;3;15;16,91309;100
100;3;15;16,91309;100
100;3;15;17,24609;100
100;2;2;17,24609;100
100;2;2;17,24609;100
100;2;2;17,24609;100
100;3;15;17,24609;100
100;3;15;17,5791;100
100;3;15;17,5791;100
100;2;2;17,5791;100
100;3;15;17,5791;100
100;3;15;17,5791;100
100;2;2;17,5791;100
100;3;15;17,5791;100
100;2;2;17,5791;100
100;3;15;17,5791;100
100;3;15;17,91211;100
100;3;15;17,91211;100
100;2;2;17,91211;100
100;2;2;17,91211;100
100;2;2;17,91211;100
100;3;15;17,91211;100
100;3;15;17,91211;100
100;3;15;17,91211;100
100;2;2;17,91211;100
100;2;2;18,24512;100
100;2;2;18,24512;100
100;2;2;18,24512;100
100;2;2;18,24512;100
100;3;15;18,24512;100
100;2;2;18,24512;100
100;2;2;18,24512;100
100;2;2;18,24512;100
100;3;15;18,24512;100
100;2;2;18,57813;100
100;3;15;18,57813;100
100;3;15;18,57813;100
100;2;2;18,57813;100
100;3;15;18,57813;100
100;2;2;18,57813;100
100;3;15;18,57813;100
100;3;15;18,57813;100
100;2;2;18,91113;100
100;2;2;18,91113;100
100;3;15;18,91113;100
100;3;15;18,91113;100
100;3;15;18,91113;100
100;3;15;18,91113;100
100;2;2;18,91113;100
100;3;15;19,24414;100
100;3;15;19,24414;100
100;3;15;19,24414;100
100;3;15;19,24414;100
100;2;2;19,24414;100
100;3;15;19,24414;100
100;3;15;19,24414;100
100;3;15;19,24414;100
100;3;15;19,57715;100
100;3;15;19,57715;100
100;2;2;19,57715;100
100;3;15;19,57715;100
100;2;2;19,57715;100
100;3;15;19,57715;100
100;3;15;19,57715;100
100;2;2;19,57715;100
100;2;2;19,57715;100
100;2;2;19,91016;100
100;2;2;19,91016;100
100;3;15;19,91016;100
100;2;2;19,91016;100
100;3;15;19,91016;100
100;2;2;19,91016;100
100;2;2;20,24316;100
100;2;2;20,24316;100
100;2;2;20,24316;100
100;2;2;20,24316;100
100;2;2;20,24316;100
100;3;15;20,24316;100
100;3;15;20,24316;100
100;2;2;20,24316;100
100;3;15;20,24316;100
100;3;15;20,24316;100
100;2;2;20,57617;100
100;3;15;20,57617;100
100;2;2;20,57617;100
100;2;2;20,57617;100
100;3;15;20,57617;100
100;2;2;20,57617;100
100;3;15;20,57617;100
100;3;15;20,57617;100
100;2;2;20,57617;100
100;3;15;20,57617;100
100;2;2;20,90918;100
100;2;2;20,90918;100
100;3;15;20,90918;100
100;3;15;20,90918;100
100;3;15;20,90918;100
100;3;15;20,90918;100
100;3;15;20,90918;100
100;2;2;21,24219;100
100;2;2;21,24219;100
100;3;15;21,24219;100
100;3;15;21,24219;100
100;3;15;21,24219;100
100;3;15;21,24219;100
100;3;15;21,24219;100
100;3;15;21,24219;100
100;3;15;21,24219;100
100;3;15;21,5752;100
100;3;15;21,5752;85
100;3;15;21,5752;70
100;3;15;21,5752;55
100;3;15;21,5752;40
100;3;15;21,5752;25
100;3;15;21,5752;10
100;2;2;21,5752;10
100;3;15;21,5752;-5
Player