92;2;2;30,62793;100
92;2;2;30,62793;100
92;2;2;30,62793;100
92;3;15;30,96094;100
92;3;15;30,96094;100
92;2;2;30,96094;100
92;3;15;30,96094;100
92;2;2;30,96094;100
92;2;2;30,96094;100
92;3;15;30,96094;100
92;3;15;30,96094;100
92;2;2;30,96094;100
92;2;2;31,29395;100
92;3;15;31,29395;100
92;2;2;31,29395;100
92;3;15;31,29395;100
92;3;15;31,29395;100
92;2;2;31,29395;100
92;3;15;31,29395;100
92;2;2;31,29395;100
92;2;2;31,62695;100
92;3;15;31,62695;100
92;2;2;31,62695;100
92;3;15;31,62695;100
92;2;2;31,62695;100
92;3;15;31,62695;100
92;3;15;31,62695;100
92;3;15;31,62695;100
92;2;2;31,62695;100
92;2;2;31,95996;100
92;3;15;31,95996;100
92;2;2;31,95996;100
92;3;15;31,95996;100
92;2;2;31,95996;100
92;2;2;31,95996;100
92;2;2;31,95996;100
92;2;2;31,95996;100
92;3;15;31,95996;100
92;3;15;32,29297;100
92;2;2;32,29297;100
92;3;15;32,29297;100
92;3;15;32,29297;100
92;2;2;32,29297;100
92;3;15;32,62598;100
92;2;2;32,62598;100
92;3;15;32,62598;100
92;3;15;32,62598;100
92;3;15;32,62598;100
92;3;15;32,62598;100
92;2;2;32,62598;100
92;2;2;32,95898;100
92;3;15;32,95898;100
92;2;2;32,95898;100
92;2;2;32,95898;100
92;2;2;32,95898;100
92;3;15;32,95898;100
92;2;2;32,95898;100
92;2;2;32,95898;100
92;2;2;33,29199;100
92;2;2;33,29199;100
92;3;15;33,29199;100
92;2;2;33,29199;100
92;3;15;33,29199;100
92;3;15;33,29199;100
92;2;2;33,29199;100
92;3;15;33,29199;100
92;3;15;33,29199;100
92;2;2;33,625;100
92;3;15;33,625;100
92;3;15;33,625;100
92;3;15;33,625;100
92;3;15;33,625;100
92;2;2;33,625;100
92;3;15;33,95801;100
92;2;2;33,95801;100
92;3;15;33,95801;100
92;2;2;33,95801;100
92;3;15;33,95801;100
92;2;2;33,95801;100
92;3;15;34,29102;100
92;2;2;34,29102;100
92;3;15;34,29102;100
92;3;15;34,29102;100
92;3;15;34,29102;100
92;2;2;34,29102;100
92;3;15;34,29102;100
92;2;2;34,62402;100
92;3;15;34,62402;100
92;3;15;34,62402;100
92;3;15;34,62402;100
92;3;15;34,62402;100
92;3;15;34,62402;100
92;2;2;34,62402;100
92;2;2;34,62402;100
92;2;2;34,95703;100
92;2;2;34,95703;100
92;3;15;34,95703;100
92;3;15;34,95703;100
92;3;15;34,95703;100
92;2;2;34,95703;100
92;3;15;34,95703;100
92;2;2;34,95703;100
92;2;2;34,95703;100
92;3;15;34,95703;100
92;2;2;35,29004;100
92;2;2;35,29004;100
92;2;2;35,29004;100
92;3;15;35,29004;100
92;3;15;35,29004;100
92;2;2;35,29004;100
92;2;2;35,29004;100
92;2;2;35,29004;100
92;2;2;35,62305;100
92;3;15;35,62305;100
92;2;2;35,62305;100
92;2;2;35,62305;100
92;3;15;35,62305;100
92;2;2;35,62305;100
92;2;2;35,62305;100
92;3;15;35,62305;100
92;3;15;35,95605;100
92;3;15;35,95605;100
92;2;2;35,95605;100
92;3;15;35,95605;100
92;2;2;35,95605;100
92;3;15;35,95605;100
92;2;2;35,95605;100
92;2;2;35,95605;100
92;3;15;36,28906;100
92;2;2;36,28906;100
92;2;2;36,28906;100
92;2;2;36,28906;100
92;3;15;36,28906;100
92;3;15;36,28906;100
92;3;15;36,28906;100
92;3;15;36,28906;100
92;3;15;36,28906;100
92;3;15;36,28906;100
92;3;15;36,28906;100
92;3;15;36,28906;100
92;3;15;36,62207;100
92;3;15;36,62207;100
92;2;2;36,62207;100
92;2;2;36,62207;100
92;3;15;36,62207;100
92;2;2;36,62207;100
92;3;15;36,62207;100
92;3;15;36,62207;100
92;3;15;36,95508;100
92;3;15;36,95508;100
92;3;15;36,95508;100
92;3;15;36,95508;100
92;2;2;36,95508;100
92;3;15;36,95508;100
92;2;2;36,95508;100
92;3;15;36,95508;100
92;3;15;36,95508;100
92;3;15;36,95508;100
92;2;2;37,28809;100
92;3;15;37,28809;100
92;3;15;37,28809;100
92;2;2;37,28809;100
92;2;2;37,28809;100
92;3;15;37,28809;100
92;2;2;37,28809;100
92;2;2;37,28809;100
92;2;2;37,28809;100
92;3;15;37,62109;100
92;2;2;37,62109;100
92;2;2;37,62109;100
92;2;2;37,62109;100
92;3;15;37,62109;100
92;2;2;37,62109;100
92;3;15;37,62109;100
92;3;15;37,9541;100
92;2;2;37,9541;100
92;2;2;37,9541;100
92;2;2;37,9541;100
92;2;2;37,9541;100
92;3;15;37,9541;100
92;2;2;37,9541;100
92;3;15;37,9541;100
92;2;2;37,9541;100
92;3;15;38,28711;100
92;2;2;38,28711;100
92;3;15;38,28711;100
92;2;2;38,28711;100
92;2;2;38,28711;100
92;2;2;38,28711;100
92;2;2;38,28711;100
92;2;2;38,28711;100
92;2;2;38,28711;100
92;3;15;38,28711;100
92;3;15;38,28711;100
92;3;15;38,62012;100
92;2;2;38,62012;100
92;3;15;38,62012;100
92;2;2;38,62012;100
92;2;2;38,62012;100
92;2;2;38,62012;100
92;3;15;38,62012;100
92;3;15;38,62012;100
92;3;15;38,95313;100
92;3;15;38,95313;100
92;2;2;38,95313;100
92;2;2;38,95313;100
92;3;15;38,95313;100
92;2;2;38,95313;100
92;3;15;38,95313;100
92;2;2;38,95313;100
92;2;2;39,28613;100
92;3;15;39,28613;100
92;3;15;39,28613;100
92;3;15;39,28613;100
92;2;2;39,28613;100
92;2;2;39,28613;100
92;2;2;39,28613;100
92;2;2;39,61914;100
92;3;15;39,61914;100
92;2;2;39,61914;100
92;2;2;39,61914;100
92;3;15;39,61914;100
92;2;2;39,61914;100
92;2;2;39,61914;100
92;2;2;39,61914;100
92;2;2;39,61914;100
92;3;15;39,95215;100
92;2;2;39,95215;100
92;3;15;39,95215;100
92;3;15;39,95215;100
92;3;15;39,95215;100
92;2;2;39,95215;100
92;3;15;39,95215;100
92;3;15;39,95215;100
92;3;15;40,28516;100
92;2;2;40,28516;100
92;2;2;40,28516;100
92;3;15;40,28516;100
92;3;15;40,28516;100
92;3;15;40,28516;100
92;2;2;40,28516;100
92;3;15;40,28516;100
92;3;15;40,28516;100
92;3;15;40,28516;100
92;3;15;40,61816;100
92;2;2;40,61816;100
92;2;2;40,61816;100
92;3;15;40,61816;100
92;3;15;40,61816;100
92;3;15;40,61816;100
92;3;15;40,61816;100
92;3;15;40,61816;100
92;2;2;40,61816;100
92;2;2;40,61816;100
92;2;2;40,61816;100
92;2;2;40,61816;100
92;3;15;40,95117;100
92;2;2;40,95117;100
92;3;15;40,95117;100
92;2;2;40,95117;100
92;3;15;40,95117;100
92;2;2;40,95117;100
92;2;2;40,95117;100
92;3;15;40,95117;100
92;3;15;40,95117;100
92;3;15;41,28418;100
92;3;15;41,28418;100
92;2;2;41,28418;100
92;2;2;41,28418;100
92;2;2;41,28418;100
92;2;2;41,28418;100
92;2;2;41,28418;100
92;3;15;41,61719;100
92;3;15;41,61719;100
92;2;2;41,61719;100
92;2;2;41,61719;100
92;3;15;41,61719;100
92;2;2;41,61719;100
92;3;15;41,61719;100
92;2;2;41,61719;100
92;3;15;41,61719;100
92;3;15;41,9502;100
92;2;2;41,9502;100
92;2;2;41,9502;100
92;3;15;41,9502;100
92;3;15;41,9502;100
92;3;15;41,9502;100
92;2;2;41,9502;100
92;2;2;41,9502;100
92;3;15;42,2832;100
92;2;2;42,2832;100
92;3;15;42,2832;100
92;3;15;42,2832;100
92;2;2;42,2832;100
92;3;15;42,2832;100
92;3;15;42,2832;100
92;3;15;42,2832;100
92;2;2;42,61621;100
92;2;2;42,61621;100
92;2;2;42,61621;100
92;3;15;42,61621;100
92;3;15;42,61621;100
92;2;2;42,61621;100
92;2;2;42,61621;100
92;3;15;42,61621;100
92;3;15;42,61621;100
92;3;15;42,61621;100
92;3;15;42,94922;100
92;2;2;42,94922;100
92;2;2;42,94922;100
92;2;2;42,94922;100
92;2;2;42,94922;100
92;3;15;42,94922;100
92;3;15;42,94922;100
92;3;15;42,94922;100
92;3;15;42,94922;100
92;2;2;42,94922;100
92;3;15;42,94922;100
92;3;15;43,28223;100
92;3;15;43,28223;100
92;3;15;43,28223;100
92;2;2;43,28223;100
92;2;2;43,28223;100
92;3;15;43,28223;100
92;3;15;43,28223;100
92;3;15;43,28223;100
92;3;15;43,61523;100
92;2;2;43,61523;100
92;2;2;43,61523;100
92;2;2;43,61523;100
92;2;2;43,61523;100
92;3;15;43,61523;100
92;3;15;43,61523;100
92;2;2;43,61523;100
92;2;2;43,61523;100
92;3;15;43,94824;100
92;2;2;43,94824;100
92;2;2;43,94824;100
92;3;15;43,94824;100
92;2;2;43,94824;100
92;2;2;43,94824;100
92;2;2;43,94824;100
92;3;15;43,94824;100
92;3;15;44,28125;100
92;3;15;44,28125;100
92;3;15;44,28125;100
92;3;15;44,28125;100
92;3;15;44,28125;100
92;3;15;44,61426;100
92;3;15;44,61426;100
92;2;2;44,61426;100
92;3;15;44,61426;100
92;3;15;44,61426;100
92;3;15;44,61426;100
92;2;2;44,61426;100
92;2;2;44,61426;100
92;3;15;44,61426;100
92;3;15;44,61426;100
92;2;2;44,94727;100
92;3;15;44,94727;100
92;2;2;44,94727;100
92;2;2;44,94727;100
92;3;15;44,94727;100
92;3;15;44,94727;100
92;2;2;44,94727;100
92;2;2;44,94727;100
92;3;15;44,94727;100
92;3;15;44,94727;100
92;3;15;44,94727;100
92;3;15;45,28027;100
92;2;2;45,28027;100
92;2;2;45,28027;100
92;2;2;45,28027;100
92;3;15;45,28027;100
92;3;15;45,28027;100
92;2;2;45,28027;100
92;3;15;45,28027;100
92;2;2;45,28027;100
92;2;2;45,28027;100
92;3;15;45,61328;100
92;2;2;45,61328;100
92;3;15;45,61328;100
92;3;15;45,61328;100
92;2;2;45,61328;100
92;3;15;45,61328;100
92;2;2;45,61328;100
92;2;2;45,61328;100
92;2;2;45,94629;100
92;3;15;45,94629;100
92;2;2;45,94629;100
92;2;2;45,94629;100
92;2;2;45,94629;100
92;2;2;45,94629;100
92;3;15;45,94629;100
92;3;15;45,94629;100
92;2;2;45,94629;100
92;3;15;46,2793;100
92;3;15;46,2793;100
92;2;2;46,2793;100
92;3;15;46,2793;100
92;2;2;46,2793;100
92;3;15;46,2793;100
92;3;15;46,2793;100
92;3;15;46,2793;100
92;2;2;46,6123;100
92;3;15;46,6123;100
92;3;15;46,6123;100
92;2;2;46,6123;100
92;2;2;46,6123;100
92;2;2;46,6123;100
92;3;15;46,6123;100
92;3;15;46,94531;100
92;3;15;46,94531;100
92;3;15;46,94531;100
92;2;2;46,94531;100
92;2;2;46,94531;100
92;3;15;46,94531;100
92;2;2;46,94531;100
92;3;15;46,94531;100
92;3;15;46,94531;100
92;2;2;47,27832;100
92;2;2;47,27832;100
92;3;15;47,27832;100
92;3;15;47,27832;100
92;2;2;47,27832;100
92;3;15;47,27832;100
92;2;2;47,27832;100
92;2;2;47,27832;100
92;3;15;47,27832;100
92;3;15;47,27832;100
92;3;15;47,61133;100
92;2;2;47,61133;100
92;3;15;47,61133;100
92;3;15;47,61133;100
92;2;2;47,61133;100
92;2;2;47,61133;100
92;2;2;47,61133;100
92;3;15;47,61133;100
92;2;2;47,61133;100
92;2;2;47,61133;100
92;3;15;47,61133;100
92;3;15;47,94434;100
92;2;2;47,94434;100
92;2;2;47,94434;100
92;3;15;47,94434;100
92;2;2;47,94434;100
92;2;2;47,94434;100
92;3;15;47,94434;100
92;2;2;48,27734;100
92;2;2;48,27734;100
92;2;2;48,27734;100
92;2;2;48,27734;100
92;3;15;48,27734;100
92;3;15;48,27734;100
92;2;2;48,27734;100
92;3;15;48,27734;100
92;2;2;48,27734;100
92;2;2;48,27734;100
92;2;2;48,61035;100
92;2;2;48,61035;100
92;3;15;48,61035;100
92;3;15;48,61035;100
92;2;2;48,61035;100
92;2;2;48,61035;100
92;3;15;48,61035;100
92;2;2;48,61035;100
92;2;2;48,61035;100
92;2;2;48,61035;100
92;2;2;48,94336;100
92;3;15;48,94336;100
92;3;15;48,94336;100
92;2;2;48,94336;100
92;2;2;48,94336;100
92;2;2;49,27637;100
92;2;2;49,27637;100
92;2;2;49,27637;100
92;2;2;49,27637;100
92;2;2;49,27637;100
92;2;2;49,27637;100
92;3;15;49,27637;100
92;3;15;49,27637;100
92;3;15;49,27637;100
92;3;15;49,27637;100
92;2;2;49,27637;100
92;2;2;49,60938;100
92;2;2;49,60938;100
92;2;2;49,60938;100
92;3;15;49,60938;100
92;3;15;49,60938;100
92;3;15;49,60938;100
92;3;15;49,60938;100
92;3;15;49,94238;100
92;2;2;49,94238;100
92;2;2;49,94238;100
92;2;2;49,94238;100
92;3;15;49,94238;100
92;2;2;49,94238;100
92;3;15;49,94238;100
92;3;15;50,27539;100
92;3;15;50,27539;100
92;2;2;50,27539;100
92;2;2;50,27539;100
92;2;2;50,27539;100
92;2;2;50,27539;100
92;2;2;50,27539;100
92;3;15;50,27539;100
92;3;15;50,27539;100
92;3;15;50,27539;100
92;3;15;50,27539;100
92;3;15;50,27539;100
92;3;15;50,6084;100
92;3;15;50,6084;100
92;3;15;50,6084;100
92;3;15;50,6084;100
92;3;15;50,6084;100
92;3;15;50,6084;100
92;2;2;50,6084;100
92;3;15;50,6084;100
92;2;2;50,6084;100
92;2;2;50,6084;100
92;3;15;50,94141;100
92;2;2;50,94141;100
92;2;2;50,94141;100
92;2;2;50,94141;100
92;3;15;50,94141;100
92;3;15;50,94141;100
92;2;2;50,94141;100
92;3;15;50,94141;100
92;2;2;50,94141;100
92;3;15;50,94141;100
92;3;15;50,94141;100
92;2;2;51,27441;100
92;2;2;51,27441;100
92;2;2;51,27441;100
92;2;2;51,27441;100
92;2;2;51,27441;100
92;3;15;51,27441;100
92;2;2;51,27441;100
92;2;2;51,27441;100
92;2;2;51,27441;100
92;2;2;51,60742;100
92;2;2;51,60742;100
92;3;15;51,60742;100
92;3;15;51,60742;100
92;3;15;51,60742;100
92;2;2;51,60742;100
92;3;15;51,60742;100
92;2;2;51,60742;100
92;3;15;51,94043;100
92;3;15;51,94043;100
92;3;15;51,94043;100
92;3;15;51,94043;100
92;2;2;51,94043;100
92;2;2;51,94043;100
92;3;15;51,94043;100
92;3;15;51,94043;100
92;3;15;51,94043;100
92;2;2;51,94043;100
92;3;15;51,94043;100
92;2;2;52,27344;100
92;3;15;52,27344;100
92;3;15;52,27344;100
92;3;15;52,27344;100
92;3;15;52,27344;100
92;3;15;52,27344;100
92;2;2;52,27344;100
92;3;15;52,27344;100
92;2;2;52,27344;100
92;3;15;52,60645;100
92;2;2;52,60645;100
92;3;15;52,60645;85
92;2;2;52,60645;85
92;3;15;52,60645;70
92;2;2;52,60645;70
92;2;2;52,60645;70
92;2;2;52,60645;70
92;2;2;52,60645;70
92;3;15;52,60645;55
92;2;2;52,60645;55
92;3;15;52,60645;40
92;3;15;52,93945;25
92;2;2;52,93945;25
92;2;2;52,93945;25
92;3;15;52,93945;10
92;3;15;52,93945;-5
Player