100;3;15;7,533203;100
100;2;2;7,533203;100
100;3;15;7,866211;100
100;3;15;7,866211;100
100;2;2;7,866211;100
100;3;15;7,866211;100
100;2;2;7,866211;100
100;3;15;7,866211;100
100;3;15;7,866211;100
100;2;2;7,866211;100
100;3;15;7,866211;100
100;2;2;8,199219;100
100;3;15;8,199219;100
100;3;15;8,199219;100
100;3;15;8,199219;100
100;2;2;8,199219;100
100;3;15;8,199219;100
100;3;15;8,199219;100
100;2;2;8,199219;100
100;3;15;8,199219;100
100;3;15;8,199219;100
100;2;2;8,199219;100
100;3;15;8,199219;100
100;2;2;8,199219;100
100;2;2;8,532227;100
100;3;15;8,532227;100
100;2;2;8,532227;100
100;2;2;8,532227;100
100;3;15;8,532227;100
100;2;2;8,532227;100
100;3;15;8,532227;100
100;3;15;8,532227;100
100;3;15;8,532227;100
100;3;15;8,865234;100
100;3;15;8,865234;100
100;2;2;8,865234;100
100;2;2;8,865234;100
100;2;2;8,865234;100
100;3;15;8,865234;100
100;2;2;8,865234;100
100;2;2;8,865234;100
100;3;15;8,865234;100
100;3;15;9,198242;100
100;3;15;9,198242;100
100;2;2;9,198242;100
100;2;2;9,198242;100
100;2;2;9,198242;100
100;2;2;9,198242;100
100;3;15;9,198242;100
100;2;2;9,198242;100
100;3;15;9,53125;100
100;2;2;9,53125;100
100;3;15;9,53125;100
100;3;15;9,53125;100
100;3;15;9,53125;100
100;2;2;9,53125;100
100;2;2;9,53125;100
100;2;2;9,53125;100
100;2;2;9,53125;100
100;2;2;9,53125;100
100;3;15;9,864258;100
100;2;2;9,864258;100
100;3;15;9,864258;100
100;3;15;9,864258;100
100;3;15;9,864258;100
100;2;2;9,864258;100
100;3;15;9,864258;100
100;2;2;9,864258;100
100;2;2;9,864258;100
100;2;2;10,19727;100
100;2;2;10,19727;100
100;2;2;10,19727;100
100;2;2;10,19727;100
100;2;2;10,19727;100
100;2;2;10,19727;100
100;3;15;10,19727;100
100;2;2;10,53027;100
100;2;2;10,53027;100
100;3;15;10,53027;100
100;3;15;10,53027;100
100;3;15;10,53027;100
100;3;15;10,53027;100
100;3;15;10,53027;100
100;3;15;10,53027;100
100;3;15;10,86328;100
100;3;15;10,86328;100
100;3;15;10,86328;100
100;3;15;10,86328;100
100;3;15;10,86328;100
100;2;2;10,86328;100
100;2;2;10,86328;100
100;3;15;11,19629;100
100;2;2;11,19629;100
100;3;15;11,19629;100
100;3;15;11,19629;100
100;2;2;11,19629;100
100;2;2;11,19629;100
100;2;2;11,19629;100
100;2;2;11,19629;100
100;3;15;11,19629;100
100;3;15;11,19629;100
100;3;15;11,19629;100
100;2;2;11,5293;100
100;3;15;11,5293;100
100;2;2;11,5293;100
100;2;2;11,5293;100
100;2;2;11,5293;100
100;2;2;11,5293;100
100;2;2;11,5293;100
100;2;2;11,5293;100
100;2;2;11,5293;100
100;3;15;11,5293;100
100;3;15;11,5293;100
100;2;2;11,8623;100
100;2;2;11,8623;100
100;3;15;11,8623;100
100;2;2;11,8623;100
100;2;2;11,8623;100
100;2;2;11,8623;100
100;2;2;11,8623;100
100;3;15;12,19531;100
100;3;15;12,19531;100
100;2;2;12,19531;100
100;2;2;12,19531;100
100;2;2;12,19531;100
100;3;15;12,19531;100
100;2;2;12,52832;100
100;3;15;12,52832;100
100;3;15;12,52832;100
100;2;2;12,52832;100
100;3;15;12,52832;100
100;3;15;12,52832;100
100;3;15;12,52832;100
100;3;15;12,52832;100
100;2;2;12,52832;100
100;3;15;12,86133;100
100;3;15;12,86133;100
100;3;15;12,86133;100
100;2;2;12,86133;100
100;3;15;12,86133;100
100;2;2;13,19434;100
100;2;2;13,19434;100
100;2;2;13,19434;100
100;3;15;13,19434;100
100;2;2;13,19434;100
100;3;15;13,19434;100
100;2;2;13,19434;100
100;2;2;13,19434;100
100;2;2;13,19434;100
100;2;2;13,19434;100
100;3;15;13,52734;100
100;3;15;13,52734;100
100;3;15;13,52734;100
100;3;15;13,52734;100
100;2;2;13,52734;100
100;3;15;13,52734;100
100;2;2;13,52734;100
100;2;2;13,52734;100
100;2;2;13,86035;100
100;3;15;13,86035;100
100;2;2;13,86035;100
100;3;15;13,86035;100
100;2;2;13,86035;100
100;3;15;13,86035;100
100;2;2;13,86035;100
100;2;2;13,86035;100
100;3;15;14,19336;100
100;2;2;14,19336;100
100;3;15;14,19336;100
100;2;2;14,19336;100
100;3;15;14,19336;100
100;2;2;14,19336;100
100;2;2;14,19336;100
100;3;15;14,19336;100
100;2;2;14,19336;100
100;3;15;14,52637;100
100;2;2;14,52637;100
100;2;2;14,52637;100
100;2;2;14,52637;100
100;3;15;14,52637;100
100;2;2;14,52637;100
100;2;2;14,52637;100
100;3;15;14,52637;100
100;2;2;14,85938;100
100;3;15;14,85938;100
100;3;15;14,85938;100
100;2;2;14,85938;100
100;3;15;14,85938;100
100;2;2;14,85938;100
100;2;2;14,85938;100
100;2;2;14,85938;100
100;2;2;14,85938;100
100;2;2;14,85938;100
100;2;2;15,19238;100
100;2;2;15,19238;100
100;3;15;15,19238;100
100;2;2;15,19238;100
100;3;15;15,19238;100
100;2;2;15,19238;100
100;2;2;15,19238;100
100;3;15;15,19238;100
100;2;2;15,19238;100
100;2;2;15,19238;100
100;2;2;15,52539;100
100;3;15;15,52539;100
100;2;2;15,52539;100
100;2;2;15,52539;100
100;3;15;15,52539;100
100;3;15;15,52539;100
100;3;15;15,52539;100
100;3;15;15,52539;100
100;3;15;15,52539;100
100;3;15;15,52539;100
100;2;2;15,8584;100
100;2;2;15,8584;100
100;3;15;15,8584;100
100;3;15;15,8584;100
100;2;2;15,8584;100
100;2;2;15,8584;100
100;3;15;15,8584;100
100;3;15;15,8584;100
100;3;15;16,19141;100
100;2;2;16,19141;100
100;2;2;16,19141;100
100;2;2;16,19141;100
100;3;15;16,19141;100
100;2;2;16,52441;100
100;2;2;16,52441;100
100;3;15;16,52441;100
100;3;15;16,52441;100
100;2;2;16,52441;100
100;3;15;16,52441;100
100;3;15;16,52441;100
100;3;15;16,52441;100
100;2;2;16,52441;100
100;2;2;16,52441;100
100;2;2;16,52441;100
100;3;15;16,85742;100
100;3;15;16,85742;100
100;2;2;16,85742;100
100;3;15;16,85742;100
100;3;15;16,85742;100
100;2;2;16,85742;100
100;2;2;17,19043;100
100;2;2;17,19043;100
100;2;2;17,19043;100
100;2;2;17,19043;100
100;3;15;17,19043;100
100;3;15;17,19043;100
100;2;2;17,19043;100
100;2;2;17,52344;100
100;2;2;17,52344;100
100;2;2;17,52344;100
100;2;2;17,52344;100
100;3;15;17,52344;100
100;3;15;17,52344;100
100;3;15;17,52344;100
100;3;15;17,52344;100
100;2;2;17,52344;100
100;3;15;17,52344;100
100;2;2;17,52344;100
100;2;2;17,85645;100
100;3;15;17,85645;100
100;3;15;17,85645;100
100;3;15;17,85645;100
100;3;15;17,85645;100
100;2;2;17,85645;100
100;3;15;18,18945;100
100;2;2;18,18945;100
100;3;15;18,18945;100
100;2;2;18,18945;100
100;3;15;18,18945;100
100;2;2;18,18945;100
100;2;2;18,18945;100
100;2;2;18,18945;100
100;3;15;18,18945;100
100;3;15;18,18945;100
100;2;2;18,52246;100
100;2;2;18,52246;100
100;2;2;18,52246;100
100;3;15;18,52246;100
100;3;15;18,52246;100
100;3;15;18,52246;100
100;2;2;18,52246;100
100;2;2;18,52246;100
100;3;15;18,85547;100
100;2;2;18,85547;100
100;2;2;18,85547;100
100;3;15;18,85547;100
100;3;15;18,85547;100
100;2;2;18,85547;100
100;3;15;18,85547;100
100;2;2;18,85547;100
100;2;2;18,85547;100
100;2;2;19,18848;100
100;3;15;19,18848;100
100;2;2;19,18848;100
100;2;2;19,18848;100
100;3;15;19,18848;100
100;2;2;19,18848;100
100;2;2;19,18848;100
100;2;2;19,18848;100
100;3;15;19,18848;100
100;3;15;19,18848;100
100;2;2;19,18848;100
100;3;15;19,18848;100
100;3;15;19,18848;100
100;2;2;19,52148;100
100;3;15;19,52148;100
100;3;15;19,52148;100
100;3;15;19,52148;100
100;3;15;19,52148;100
100;3;15;19,52148;100
100;2;2;19,52148;100
100;2;2;19,52148;100
100;3;15;19,52148;100
100;2;2;19,85449;100
100;2;2;19,85449;100
100;3;15;19,85449;100
100;2;2;19,85449;100
100;2;2;19,85449;100
100;3;15;19,85449;100
100;3;15;19,85449;100
100;2;2;20,1875;100
100;3;15;20,1875;100
100;3;15;20,1875;100
100;3;15;20,1875;100
100;2;2;20,1875;100
100;2;2;20,1875;100
100;2;2;20,1875;100
100;3;15;20,52051;100
100;2;2;20,52051;100
100;3;15;20,52051;100
100;3;15;20,52051;100
100;3;15;20,52051;100
100;2;2;20,52051;100
100;3;15;20,52051;100
100;2;2;20,52051;100
100;2;2;20,85352;100
100;2;2;20,85352;100
100;2;2;20,85352;100
100;2;2;20,85352;100
100;2;2;20,85352;100
100;2;2;20,85352;100
100;2;2;20,85352;100
100;2;2;20,85352;100
100;3;15;21,18652;100
100;3;15;21,18652;100
100;3;15;21,18652;100
100;2;2;21,18652;100
100;2;2;21,18652;100
100;3;15;21,18652;100
100;3;15;21,18652;100
100;3;15;21,51953;100
100;3;15;21,51953;100
100;3;15;21,51953;100
100;3;15;21,51953;100
100;3;15;21,51953;100
100;3;15;21,51953;100
100;3;15;21,51953;100
100;2;2;21,51953;100
100;2;2;21,85254;100
100;3;15;21,85254;100
100;3;15;21,85254;100
100;3;15;21,85254;100
100;3;15;21,85254;100
100;3;15;21,85254;100
100;2;2;21,85254;100
100;2;2;21,85254;100
100;3;15;22,18555;100
100;2;2;22,18555;100
100;3;15;22,18555;100
100;3;15;22,18555;100
100;3;15;22,18555;100
100;2;2;22,18555;100
100;2;2;22,18555;100
100;3;15;22,51855;100
100;2;2;22,51855;100
100;3;15;22,51855;100
100;2;2;22,51855;100
100;3;15;22,51855;100
100;3;15;22,51855;100
100;3;15;22,51855;100
100;3;15;22,51855;100
100;2;2;22,51855;100
100;3;15;22,51855;100
100;3;15;22,85156;100
100;2;2;22,85156;100
100;3;15;22,85156;100
100;3;15;22,85156;100
100;2;2;22,85156;100
100;3;15;22,85156;100
100;2;2;22,85156;100
100;2;2;23,18457;100
100;2;2;23,18457;100
100;3;15;23,18457;100
100;2;2;23,18457;100
100;3;15;23,18457;100
100;3;15;23,18457;100
100;2;2;23,18457;100
100;2;2;23,51758;100
100;3;15;23,51758;100
100;3;15;23,51758;100
100;2;2;23,51758;100
100;2;2;23,51758;100
100;3;15;23,51758;100
100;3;15;23,51758;100
100;2;2;23,51758;100
100;3;15;23,85059;100
100;3;15;23,85059;100
100;3;15;23,85059;100
100;2;2;23,85059;100
100;3;15;23,85059;100
100;2;2;23,85059;100
100;2;2;23,85059;100
100;3;15;23,85059;100
100;2;2;24,18359;100
100;2;2;24,18359;100
100;2;2;24,18359;100
100;2;2;24,18359;100
100;2;2;24,18359;100
100;3;15;24,5166;100
100;2;2;24,5166;100
100;2;2;24,5166;100
100;3;15;24,5166;100
100;2;2;24,5166;100
100;2;2;24,5166;100
100;2;2;24,84961;100
100;3;15;24,84961;100
100;2;2;24,84961;100
100;3;15;24,84961;100
100;3;15;24,84961;100
100;3;15;24,84961;100
100;3;15;24,84961;100
100;2;2;25,18262;100
100;2;2;25,18262;100
100;3;15;25,18262;100
100;3;15;25,18262;100
100;2;2;25,18262;100
100;2;2;25,18262;100
100;3;15;25,18262;100
100;3;15;25,18262;100
100;2;2;25,18262;100
100;3;15;25,51563;100
100;3;15;25,51563;100
100;2;2;25,51563;100
100;2;2;25,51563;100
100;3;15;25,51563;100
100;3;15;25,51563;100
100;3;15;25,51563;100
100;3;15;25,51563;100
100;2;2;25,51563;100
100;2;2;25,51563;100
100;3;15;25,84863;100
100;2;2;25,84863;100
100;3;15;25,84863;100
100;3;15;25,84863;100
100;2;2;25,84863;100
100;3;15;25,84863;100
100;3;15;25,84863;100
100;2;2;25,84863;100
100;2;2;25,84863;100
100;3;15;25,84863;100
100;3;15;26,18164;100
100;3;15;26,18164;100
100;3;15;26,18164;100
100;3;15;26,18164;100
100;2;2;26,18164;100
100;2;2;26,18164;100
100;2;2;26,18164;100
100;2;2;26,18164;100
100;2;2;26,51465;100
100;3;15;26,51465;100
100;2;2;26,51465;100
100;3;15;26,51465;100
100;2;2;26,51465;100
100;2;2;26,51465;100
100;3;15;26,51465;100
100;2;2;26,51465;100
100;3;15;26,51465;100
100;3;15;26,51465;100
100;3;15;26,84766;100
100;3;15;26,84766;100
100;3;15;26,84766;100
100;3;15;26,84766;100
100;3;15;26,84766;100
100;3;15;26,84766;100
100;3;15;26,84766;100
100;3;15;26,84766;100
100;2;2;27,18066;100
100;3;15;27,18066;100
100;3;15;27,18066;100
100;2;2;27,18066;100
100;2;2;27,18066;100
100;3;15;27,18066;100
100;2;2;27,18066;100
100;3;15;27,18066;100
100;2;2;27,18066;100
100;2;2;27,18066;100
100;2;2;27,18066;100
100;2;2;27,18066;100
100;2;2;27,18066;100
100;2;2;27,51367;100
100;2;2;27,51367;100
100;3;15;27,51367;100
100;3;15;27,51367;100
100;3;15;27,51367;100
100;2;2;27,51367;100
100;2;2;27,51367;100
100;3;15;27,84668;100
100;3;15;27,84668;100
100;3;15;27,84668;100
100;3;15;27,84668;100
100;3;15;27,84668;100
100;3;15;28,17969;100
100;2;2;28,17969;100
100;3;15;28,17969;100
100;2;2;28,17969;100
100;3;15;28,17969;100
100;3;15;28,17969;100
100;3;15;28,17969;100
100;2;2;28,17969;100
100;2;2;28,17969;100
100;2;2;28,17969;100
100;2;2;28,5127;100
100;3;15;28,5127;100
100;2;2;28,5127;100
100;2;2;28,5127;100
100;3;15;28,5127;100
100;3;15;28,5127;100
100;3;15;28,8457;100
100;3;15;28,8457;100
100;2;2;28,8457;100
100;3;15;28,8457;100
100;3;15;28,8457;100
100;2;2;28,8457;100
100;3;15;28,8457;100
100;2;2;28,8457;100
100;3;15;28,8457;100
100;3;15;28,8457;100
100;3;15;29,17871;100
100;2;2;29,17871;100
100;2;2;29,17871;100
100;2;2;29,17871;100
100;2;2;29,17871;100
100;2;2;29,17871;100
100;2;2;29,17871;100
100;3;15;29,51172;100
100;3;15;29,51172;100
100;2;2;29,51172;100
100;3;15;29,51172;100
100;2;2;29,51172;100
100;3;15;29,51172;100
100;2;2;29,51172;100
100;2;2;29,51172;100
100;2;2;29,51172;100
100;3;15;29,84473;100
100;2;2;29,84473;100
100;2;2;29,84473;100
100;2;2;29,84473;100
100;2;2;29,84473;100
100;2;2;29,84473;100
100;3;15;29,84473;100
100;2;2;29,84473;100
100;3;15;29,84473;100
100;2;2;29,84473;100
100;2;2;29,84473;100
100;3;15;30,17773;100
100;2;2;30,17773;100
100;2;2;30,17773;100
100;2;2;30,17773;100
100;3;15;30,17773;100
100;2;2;30,17773;100
100;3;15;30,17773;100
100;2;2;30,51074;100
100;2;2;30,51074;100
100;2;2;30,51074;100
100;3;15;30,51074;100
100;3;15;30,51074;100
100;2;2;30,51074;100
100;3;15;30,51074;100
100;3;15;30,51074;100
100;2;2;30,84375;100
100;2;2;30,84375;100
100;3;15;30,84375;100
100;3;15;30,84375;100
100;2;2;30,84375;100
100;3;15;30,84375;100
100;3;15;30,84375;100
100;2;2;30,84375;100
100;2;2;30,84375;100
100;3;15;31,17676;100
100;3;15;31,17676;100
100;2;2;31,17676;100
100;2;2;31,17676;100
100;3;15;31,17676;100
100;2;2;31,17676;100
100;3;15;31,17676;100
100;2;2;31,17676;100
100;2;2;31,50977;100
100;2;2;31,50977;100
100;3;15;31,50977;100
100;3;15;31,50977;100
100;3;15;31,50977;100
100;2;2;31,50977;100
100;3;15;31,84277;100
100;2;2;31,84277;100
100;2;2;31,84277;100
100;3;15;31,84277;100
100;2;2;31,84277;100
100;2;2;31,84277;100
100;3;15;32,17578;100
100;2;2;32,17578;100
100;2;2;32,17578;100
100;3;15;32,17578;100
100;2;2;32,17578;100
100;3;15;32,17578;100
100;2;2;32,17578;100
100;2;2;32,17578;100
100;3;15;32,17578;100
100;2;2;32,50879;100
100;3;15;32,50879;100
100;2;2;32,50879;100
100;3;15;32,50879;100
100;2;2;32,50879;100
100;2;2;32,50879;100
100;2;2;32,50879;100
100;2;2;32,50879;100
100;3;15;32,8418;100
100;2;2;32,8418;100
100;2;2;32,8418;100
100;3;15;32,8418;100
100;2;2;32,8418;100
100;2;2;32,8418;100
100;2;2;32,8418;100
100;3;15;33,1748;100
100;3;15;33,1748;100
100;3;15;33,1748;100
100;3;15;33,1748;100
100;3;15;33,1748;100
100;3;15;33,1748;100
100;3;15;33,1748;100
100;2;2;33,1748;100
100;3;15;33,1748;100
100;3;15;33,50781;100
100;3;15;33,50781;100
100;2;2;33,50781;100
100;3;15;33,50781;100
100;3;15;33,50781;100
100;3;15;33,50781;100
100;3;15;33,50781;100
100;2;2;33,50781;100
100;3;15;33,50781;100
100;2;2;33,84082;100
100;2;2;33,84082;100
100;2;2;33,84082;100
100;2;2;33,84082;100
100;3;15;33,84082;100
100;2;2;33,84082;100
100;3;15;33,84082;100
100;2;2;33,84082;100
100;2;2;34,17383;100
100;3;15;34,17383;100
100;2;2;34,17383;100
100;3;15;34,17383;100
100;2;2;34,17383;100
100;3;15;34,17383;100
100;2;2;34,17383;100
100;2;2;34,17383;100
100;3;15;34,17383;100
100;3;15;34,50684;100
100;2;2;34,50684;100
100;2;2;34,50684;100
100;2;2;34,50684;100
100;3;15;34,50684;100
100;2;2;34,50684;100
100;2;2;34,50684;100
100;3;15;34,50684;100
100;2;2;34,83984;100
100;3;15;34,83984;100
100;3;15;34,83984;100
100;3;15;35,17285;100
100;2;2;35,17285;100
100;2;2;35,17285;100
100;3;15;35,17285;100
100;2;2;35,17285;100
100;2;2;35,17285;100
100;2;2;35,17285;100
100;2;2;35,17285;100
100;3;15;35,17285;100
100;3;15;35,50586;100
100;2;2;35,50586;100
100;3;15;35,50586;100
100;3;15;35,50586;100
100;3;15;35,50586;100
100;2;2;35,50586;100
100;3;15;35,50586;100
100;2;2;35,50586;100
100;2;2;35,50586;100
100;3;15;35,83887;100
100;3;15;35,83887;100
100;2;2;35,83887;100
100;2;2;35,83887;100
100;3;15;35,83887;100
100;2;2;35,83887;100
100;2;2;35,83887;100
100;3;15;36,17188;100
100;3;15;36,17188;100
100;3;15;36,17188;100
100;3;15;36,17188;100
100;2;2;36,17188;100
100;2;2;36,17188;100
100;3;15;36,17188;100
100;3;15;36,17188;100
100;2;2;36,17188;100
100;2;2;36,50488;100
100;3;15;36,50488;100
100;2;2;36,50488;100
100;2;2;36,50488;100
100;3;15;36,50488;100
100;3;15;36,50488;100
100;3;15;36,50488;100
100;2;2;36,50488;100
100;3;15;36,50488;100
100;2;2;36,50488;100
100;2;2;36,83789;100
100;3;15;36,83789;100
100;2;2;36,83789;100
100;2;2;36,83789;100
100;3;15;36,83789;100
100;2;2;36,83789;100
100;2;2;36,83789;100
100;3;15;36,83789;100
100;2;2;36,83789;100
100;2;2;36,83789;100
100;3;15;36,83789;100
100;2;2;37,1709;100
100;2;2;37,1709;100
100;3;15;37,1709;100
100;2;2;37,1709;100
100;2;2;37,1709;100
100;2;2;37,1709;100
100;3;15;37,1709;100
100;3;15;37,1709;100
100;2;2;37,1709;100
100;3;15;37,50391;100
100;3;15;37,50391;100
100;3;15;37,50391;100
100;2;2;37,50391;100
100;3;15;37,83691;100
100;2;2;37,83691;100
100;3;15;37,83691;100
100;2;2;37,83691;100
100;3;15;37,83691;100
100;3;15;37,83691;100
100;3;15;38,16992;100
100;3;15;38,16992;100
100;2;2;38,16992;100
100;3;15;38,16992;100
100;3;15;38,16992;100
100;3;15;38,16992;100
100;3;15;38,16992;100
100;3;15;38,50293;100
100;3;15;38,50293;100
100;3;15;38,50293;100
100;2;2;38,50293;100
100;2;2;38,50293;100
100;3;15;38,50293;100
100;3;15;38,50293;100
100;2;2;38,50293;100
100;2;2;38,50293;100
100;3;15;38,50293;100
100;2;2;38,50293;100
100;3;15;38,50293;100
100;3;15;38,50293;100
100;2;2;38,83594;100
100;2;2;38,83594;100
100;2;2;38,83594;100
100;2;2;38,83594;100
100;2;2;38,83594;100
100;3;15;38,83594;100
100;3;15;38,83594;100
100;2;2;38,83594;100
100;2;2;39,16895;100
100;2;2;39,16895;100
100;2;2;39,16895;100
100;2;2;39,16895;100
100;2;2;39,16895;100
100;3;15;39,16895;100
100;2;2;39,50195;100
100;2;2;39,50195;100
100;3;15;39,50195;100
100;3;15;39,50195;100
100;3;15;39,50195;100
100;3;15;39,83496;100
100;3;15;39,83496;100
100;3;15;39,83496;100
100;2;2;39,83496;100
100;2;2;39,83496;100
100;3;15;39,83496;100
100;3;15;39,83496;100
100;2;2;40,16797;100
100;2;2;40,16797;100
100;2;2;40,16797;100
100;2;2;40,16797;100
100;3;15;40,16797;100
100;2;2;40,16797;100
100;2;2;40,16797;100
100;2;2;40,16797;100
100;3;15;40,16797;100
100;3;15;40,16797;100
100;2;2;40,16797;100
100;3;15;40,50098;100
100;3;15;40,50098;100
100;2;2;40,50098;100
100;2;2;40,50098;100
100;3;15;40,50098;100
100;2;2;40,50098;100
100;2;2;40,50098;100
100;3;15;40,50098;100
100;3;15;40,50098;100
100;2;2;40,50098;100
100;2;2;40,83398;100
100;3;15;40,83398;100
100;3;15;40,83398;100
100;3;15;40,83398;100
100;2;2;40,83398;100
100;2;2;40,83398;100
100;3;15;40,83398;100
100;2;2;40,83398;100
100;2;2;40,83398;100
100;2;2;41,16699;100
100;3;15;41,16699;100
100;2;2;41,16699;100
100;3;15;41,16699;100
100;2;2;41,16699;100
100;2;2;41,16699;100
100;3;15;41,16699;100
100;2;2;41,5;100
100;3;15;41,5;100
100;2;2;41,5;100
100;2;2;41,5;100
100;3;15;41,5;100
100;3;15;41,5;100
100;3;15;41,5;100
100;2;2;41,5;100
100;3;15;41,83301;100
100;2;2;41,83301;100
100;3;15;41,83301;100
100;2;2;42,16602;100
100;3;15;42,16602;100
100;2;2;42,16602;100
100;3;15;42,16602;100
100;3;15;42,16602;100
100;3;15;42,16602;100
100;2;2;42,16602;100
100;3;15;42,16602;100
100;3;15;42,16602;100
100;3;15;42,16602;100
100;3;15;42,16602;100
100;3;15;42,16602;100
100;3;15;42,16602;100
100;3;15;42,49902;100
100;3;15;42,49902;100
100;2;2;42,49902;100
100;3;15;42,49902;100
100;3;15;42,49902;100
100;2;2;42,49902;100
100;3;15;42,83203;100
100;2;2;42,83203;100
100;2;2;42,83203;100
100;3;15;42,83203;100
100;2;2;42,83203;100
100;3;15;42,83203;100
100;3;15;42,83203;100
100;3;15;42,83203;100
100;3;15;42,83203;100
100;3;15;42,83203;100
100;2;2;42,83203;100
100;2;2;43,16504;100
100;2;2;43,16504;100
100;2;2;43,16504;100
100;3;15;43,16504;100
100;2;2;43,16504;100
100;2;2;43,16504;100
100;2;2;43,16504;100
100;3;15;43,16504;100
100;2;2;43,16504;100
100;2;2;43,49805;100
100;2;2;43,49805;100
100;2;2;43,49805;100
100;3;15;43,49805;100
100;3;15;43,49805;100
100;3;15;43,49805;100
100;2;2;43,49805;100
100;3;15;43,83105;100
100;3;15;43,83105;100
100;3;15;43,83105;100
100;2;2;43,83105;100
100;2;2;43,83105;100
100;2;2;43,83105;100
100;2;2;44,16406;100
100;3;15;44,16406;100
100;3;15;44,16406;100
100;2;2;44,16406;100
100;2;2;44,16406;100
100;2;2;44,16406;100
100;2;2;44,49707;100
100;3;15;44,49707;100
100;3;15;44,49707;100
100;2;2;44,49707;100
100;3;15;44,49707;100
100;2;2;44,49707;100
100;3;15;44,49707;100
100;3;15;44,49707;100
100;2;2;44,49707;100
100;3;15;44,49707;100
100;3;15;44,83008;100
100;3;15;44,83008;100
100;3;15;44,83008;100
100;3;15;44,83008;100
100;2;2;44,83008;100
100;3;15;44,83008;100
100;2;2;44,83008;100
100;2;2;44,83008;100
100;2;2;45,16309;100
100;3;15;45,16309;100
100;2;2;45,16309;100
100;3;15;45,16309;100
100;2;2;45,16309;100
100;3;15;45,16309;100
100;2;2;45,16309;100
100;3;15;45,49609;100
100;3;15;45,49609;100
100;3;15;45,49609;100
100;2;2;45,49609;100
100;2;2;45,49609;100
100;3;15;45,49609;100
100;3;15;45,8291;100
100;3;15;45,8291;100
100;3;15;45,8291;100
100;3;15;45,8291;100
100;3;15;45,8291;100
100;3;15;45,8291;100
100;2;2;45,8291;100
100;2;2;46,16211;100
100;2;2;46,16211;100
100;2;2;46,16211;100
100;3;15;46,16211;100
100;2;2;46,16211;100
100;3;15;46,16211;100
100;2;2;46,16211;100
100;2;2;46,16211;100
100;2;2;46,16211;100
100;3;15;46,16211;100
100;2;2;46,16211;100
100;3;15;46,16211;100
100;2;2;46,49512;100
100;3;15;46,49512;100
100;3;15;46,49512;100
100;3;15;46,49512;100
100;3;15;46,49512;100
100;3;15;46,49512;100
100;2;2;46,49512;100
100;3;15;46,49512;100
100;2;2;46,82813;100
100;3;15;46,82813;100
100;2;2;46,82813;100
100;3;15;46,82813;100
100;3;15;46,82813;100
100;2;2;47,16113;100
100;2;2;47,16113;100
100;3;15;47,16113;100
100;2;2;47,16113;100
100;2;2;47,16113;100
100;2;2;47,16113;100
100;3;15;47,16113;100
100;3;15;47,16113;100
100;3;15;47,16113;100
100;3;15;47,16113;100
100;3;15;47,16113;100
100;2;2;47,16113;100
100;2;2;47,49414;100
100;2;2;47,49414;100
100;2;2;47,49414;100
100;2;2;47,49414;100
100;2;2;47,49414;100
100;2;2;47,49414;100
100;3;15;47,49414;100
100;2;2;47,49414;100
100;3;15;47,49414;100
100;2;2;47,49414;100
100;3;15;47,49414;100
100;3;15;47,49414;100
100;2;2;47,82715;100
100;3;15;47,82715;100
100;2;2;47,82715;100
100;3;15;47,82715;100
100;3;15;47,82715;100
100;3;15;47,82715;100
100;2;2;47,82715;100
100;3;15;47,82715;100
100;2;2;48,16016;100
100;2;2;48,16016;100
100;3;15;48,16016;100
100;3;15;48,16016;100
100;3;15;48,16016;100
100;2;2;48,49316;100
100;3;15;48,49316;100
100;3;15;48,49316;100
100;2;2;48,49316;100
100;3;15;48,49316;100
100;3;15;48,49316;100
100;2;2;48,49316;100
100;2;2;48,49316;100
100;3;15;48,49316;100
100;3;15;48,82617;100
100;2;2;48,82617;100
100;2;2;48,82617;100
100;3;15;48,82617;100
100;2;2;48,82617;100
100;2;2;48,82617;100
100;3;15;49,15918;100
100;3;15;49,15918;100
100;2;2;49,15918;100
100;2;2;49,15918;100
100;2;2;49,15918;100
100;2;2;49,15918;100
100;2;2;49,15918;100
100;3;15;49,49219;85
100;2;2;49,49219;85
100;3;15;49,49219;70
100;3;15;49,49219;55
100;3;15;49,49219;40
100;3;15;49,49219;25
100;2;2;49,49219;25
100;3;15;49,49219;10
100;3;15;49,8252;-5
Player