100;3;15;20,47754;100
100;2;2;20,81055;100
100;2;2;20,81055;100
100;3;15;20,81055;100
100;3;15;20,81055;100
100;3;15;20,81055;100
100;3;15;20,81055;100
100;3;15;20,81055;100
100;3;15;20,81055;100
100;3;15;20,81055;100
100;2;2;20,81055;100
100;2;2;20,81055;100
100;2;2;20,81055;100
100;3;15;21,14355;100
100;2;2;21,14355;100
100;2;2;21,14355;100
100;3;15;21,14355;100
100;2;2;21,14355;100
100;3;15;21,14355;100
100;2;2;21,14355;100
100;3;15;21,14355;100
100;3;15;21,14355;100
100;3;15;21,47656;100
100;2;2;21,47656;100
100;3;15;21,47656;100
100;3;15;21,47656;100
100;3;15;21,47656;100
100;2;2;21,47656;100
100;2;2;21,80957;100
100;3;15;21,80957;100
100;3;15;21,80957;100
100;2;2;21,80957;100
100;2;2;21,80957;100
100;3;15;21,80957;100
100;3;15;21,80957;100
100;3;15;22,14258;100
100;2;2;22,14258;100
100;3;15;22,14258;100
100;3;15;22,14258;100
100;3;15;22,14258;100
100;2;2;22,14258;100
100;3;15;22,14258;100
100;2;2;22,14258;100
100;3;15;22,14258;100
100;3;15;22,14258;100
100;3;15;22,47559;100
100;3;15;22,47559;100
100;3;15;22,47559;100
100;2;2;22,47559;100
100;2;2;22,47559;100
100;3;15;22,47559;100
100;3;15;22,47559;100
100;3;15;22,47559;100
100;3;15;22,80859;100
100;3;15;22,80859;100
100;3;15;22,80859;100
100;2;2;22,80859;100
100;2;2;22,80859;100
100;2;2;22,80859;100
100;2;2;22,80859;100
100;2;2;22,80859;100
100;3;15;22,80859;100
100;3;15;23,1416;100
100;2;2;23,1416;100
100;3;15;23,1416;100
100;2;2;23,1416;100
100;3;15;23,1416;100
100;2;2;23,1416;100
100;3;15;23,1416;100
100;2;2;23,1416;100
100;2;2;23,1416;100
100;2;2;23,47461;100
100;2;2;23,47461;100
100;3;15;23,47461;100
100;3;15;23,47461;100
100;2;2;23,47461;100
100;2;2;23,47461;100
100;3;15;23,47461;100
100;2;2;23,47461;100
100;3;15;23,47461;100
100;3;15;23,47461;100
100;3;15;23,47461;100
100;3;15;23,80762;100
100;3;15;23,80762;100
100;3;15;23,80762;100
100;3;15;23,80762;100
100;3;15;23,80762;100
100;2;2;23,80762;100
100;2;2;23,80762;100
100;2;2;23,80762;100
100;2;2;23,80762;100
100;3;15;24,14063;100
100;3;15;24,14063;100
100;3;15;24,14063;100
100;2;2;24,14063;100
100;2;2;24,14063;100
100;2;2;24,14063;100
100;2;2;24,14063;100
100;2;2;24,14063;100
100;3;15;24,14063;100
100;3;15;24,14063;100
100;2;2;24,47363;100
100;2;2;24,47363;100
100;2;2;24,47363;100
100;2;2;24,47363;100
100;3;15;24,47363;100
100;3;15;24,47363;100
100;2;2;24,47363;100
100;2;2;24,47363;100
100;3;15;24,47363;100
100;3;15;24,80664;100
100;3;15;24,80664;100
100;3;15;24,80664;100
100;2;2;24,80664;100
100;3;15;24,80664;100
100;3;15;24,80664;100
100;3;15;24,80664;100
100;2;2;25,13965;100
100;3;15;25,13965;100
100;3;15;25,13965;100
100;3;15;25,13965;100
100;2;2;25,13965;100
100;3;15;25,13965;100
100;2;2;25,13965;100
100;2;2;25,13965;100
100;2;2;25,47266;100
100;3;15;25,47266;100
100;2;2;25,47266;100
100;2;2;25,47266;100
100;2;2;25,47266;100
100;2;2;25,47266;100
100;3;15;25,80566;100
100;2;2;25,80566;100
100;2;2;25,80566;100
100;3;15;25,80566;100
100;3;15;25,80566;100
100;3;15;25,80566;100
100;3;15;25,80566;100
100;3;15;25,80566;100
100;2;2;25,80566;100
100;3;15;25,80566;100
100;3;15;26,13867;100
100;2;2;26,13867;100
100;3;15;26,13867;100
100;3;15;26,13867;100
100;2;2;26,13867;100
100;3;15;26,13867;100
100;3;15;26,47168;100
100;2;2;26,47168;100
100;2;2;26,47168;100
100;2;2;26,47168;100
100;2;2;26,47168;100
100;3;15;26,47168;100
100;2;2;26,47168;100
100;2;2;26,47168;100
100;2;2;26,47168;100
100;3;15;26,80469;100
100;3;15;26,80469;100
100;3;15;26,80469;100
100;3;15;26,80469;100
100;3;15;26,80469;100
100;2;2;26,80469;100
100;3;15;26,80469;100
100;3;15;26,80469;100
100;2;2;27,1377;100
100;3;15;27,1377;100
100;3;15;27,1377;100
100;2;2;27,1377;100
100;3;15;27,1377;100
100;3;15;27,1377;100
100;3;15;27,1377;100
100;3;15;27,1377;100
100;2;2;27,1377;100
100;3;15;27,1377;100
100;2;2;27,1377;100
100;3;15;27,4707;100
100;3;15;27,4707;100
100;3;15;27,4707;100
100;3;15;27,4707;100
100;3;15;27,4707;100
100;2;2;27,4707;100
100;3;15;27,80371;100
100;2;2;27,80371;100
100;3;15;27,80371;100
100;2;2;27,80371;100
100;2;2;27,80371;100
100;3;15;27,80371;100
100;2;2;27,80371;100
100;2;2;27,80371;100
100;3;15;27,80371;100
100;3;15;27,80371;100
100;3;15;27,80371;100
100;3;15;28,13672;100
100;3;15;28,13672;100
100;3;15;28,13672;100
100;2;2;28,13672;100
100;2;2;28,13672;100
100;3;15;28,13672;100
100;2;2;28,13672;100
100;3;15;28,13672;100
100;2;2;28,13672;100
100;2;2;28,13672;100
100;2;2;28,13672;100
100;2;2;28,13672;100
100;2;2;28,46973;100
100;2;2;28,46973;100
100;2;2;28,46973;100
100;2;2;28,46973;100
100;2;2;28,46973;100
100;3;15;28,46973;100
100;3;15;28,46973;100
100;3;15;28,46973;100
100;2;2;28,46973;100
100;3;15;28,46973;100
100;2;2;28,80273;100
100;2;2;28,80273;100
100;2;2;28,80273;100
100;2;2;28,80273;100
100;2;2;28,80273;100
100;3;15;28,80273;100
100;2;2;28,80273;100
100;3;15;28,80273;100
100;3;15;28,80273;100
100;2;2;29,13574;100
100;2;2;29,13574;100
100;2;2;29,13574;100
100;3;15;29,13574;100
100;2;2;29,13574;100
100;3;15;29,13574;100
100;3;15;29,13574;100
100;2;2;29,46875;100
100;2;2;29,46875;100
100;3;15;29,46875;100
100;3;15;29,46875;100
100;2;2;29,46875;100
100;3;15;29,46875;100
100;3;15;29,46875;100
100;2;2;29,46875;100
100;2;2;29,46875;100
100;2;2;29,80176;100
100;3;15;29,80176;100
100;3;15;29,80176;100
100;3;15;29,80176;100
100;2;2;29,80176;100
100;3;15;29,80176;100
100;2;2;29,80176;100
100;3;15;29,80176;100
100;3;15;29,80176;100
100;2;2;30,13477;100
100;3;15;30,13477;100
100;3;15;30,13477;100
100;2;2;30,13477;100
100;2;2;30,13477;100
100;3;15;30,13477;100
100;2;2;30,13477;100
100;3;15;30,13477;100
100;3;15;30,13477;100
100;3;15;30,13477;100
100;2;2;30,46777;100
100;2;2;30,46777;100
100;3;15;30,46777;100
100;2;2;30,46777;100
100;3;15;30,46777;100
100;3;15;30,46777;100
100;3;15;30,46777;100
100;3;15;30,46777;100
100;3;15;30,46777;100
100;3;15;30,80078;100
100;3;15;30,80078;100
100;2;2;30,80078;100
100;2;2;30,80078;100
100;2;2;30,80078;100
100;3;15;30,80078;100
100;2;2;30,80078;100
100;2;2;30,80078;100
100;3;15;30,80078;100
100;2;2;31,13379;100
100;3;15;31,13379;100
100;2;2;31,13379;100
100;3;15;31,13379;100
100;3;15;31,13379;100
100;2;2;31,13379;100
100;3;15;31,13379;100
100;3;15;31,13379;100
100;3;15;31,13379;100
100;3;15;31,13379;100
100;2;2;31,13379;100
100;2;2;31,4668;100
100;3;15;31,4668;100
100;3;15;31,4668;100
100;3;15;31,4668;100
100;2;2;31,4668;100
100;2;2;31,4668;100
100;2;2;31,4668;100
100;2;2;31,7998;100
100;3;15;31,7998;100
100;3;15;31,7998;100
100;3;15;31,7998;100
100;2;2;31,7998;100
100;3;15;31,7998;100
100;3;15;31,7998;100
100;3;15;31,7998;100
100;2;2;31,7998;100
100;3;15;31,7998;100
100;2;2;31,7998;100
100;3;15;31,7998;100
100;3;15;32,13281;100
100;2;2;32,13281;100
100;3;15;32,13281;100
100;2;2;32,13281;100
100;2;2;32,13281;100
100;3;15;32,13281;100
100;3;15;32,13281;100
100;2;2;32,13281;100
100;3;15;32,46582;100
100;3;15;32,46582;100
100;3;15;32,46582;100
100;2;2;32,46582;100
100;2;2;32,46582;100
100;2;2;32,46582;100
100;3;15;32,46582;100
100;3;15;32,46582;100
100;3;15;32,46582;100
100;2;2;32,46582;100
100;3;15;32,46582;100
100;2;2;32,79883;100
100;2;2;32,79883;100
100;2;2;32,79883;100
100;2;2;32,79883;100
100;3;15;32,79883;100
100;2;2;32,79883;100
100;3;15;32,79883;100
100;2;2;32,79883;100
100;2;2;32,79883;100
100;2;2;32,79883;100
100;3;15;33,13184;100
100;2;2;33,13184;100
100;3;15;33,13184;100
100;2;2;33,13184;100
100;3;15;33,13184;100
100;2;2;33,13184;100
100;3;15;33,13184;100
100;3;15;33,13184;100
100;3;15;33,46484;100
100;3;15;33,46484;100
100;3;15;33,46484;100
100;2;2;33,46484;100
100;2;2;33,46484;100
100;2;2;33,46484;100
100;2;2;33,79785;100
100;3;15;33,79785;100
100;3;15;33,79785;100
100;2;2;33,79785;100
100;2;2;33,79785;100
100;2;2;33,79785;100
100;2;2;33,79785;100
100;2;2;33,79785;100
100;3;15;33,79785;100
100;3;15;34,13086;100
100;3;15;34,13086;100
100;3;15;34,13086;100
100;3;15;34,13086;100
100;3;15;34,13086;100
100;3;15;34,13086;100
100;2;2;34,13086;100
100;3;15;34,13086;100
100;3;15;34,13086;100
100;3;15;34,46387;100
100;3;15;34,46387;100
100;3;15;34,46387;100
100;2;2;34,46387;100
100;2;2;34,46387;100
100;3;15;34,46387;100
100;2;2;34,46387;100
100;3;15;34,46387;100
100;2;2;34,46387;100
100;2;2;34,79688;100
100;2;2;34,79688;100
100;2;2;34,79688;100
100;2;2;34,79688;100
100;3;15;34,79688;100
100;3;15;34,79688;100
100;3;15;34,79688;100
100;3;15;34,79688;100
100;2;2;34,79688;100
100;2;2;34,79688;100
100;3;15;34,79688;100
100;3;15;35,12988;100
100;2;2;35,12988;100
100;2;2;35,12988;100
100;2;2;35,12988;100
100;2;2;35,12988;100
100;2;2;35,12988;100
100;2;2;35,12988;100
100;3;15;35,12988;100
100;2;2;35,12988;100
100;2;2;35,46289;100
100;2;2;35,46289;100
100;2;2;35,46289;100
100;2;2;35,46289;100
100;2;2;35,46289;100
100;3;15;35,46289;100
100;2;2;35,46289;100
100;3;15;35,46289;100
100;2;2;35,46289;100
100;3;15;35,46289;100
100;2;2;35,7959;100
100;3;15;35,7959;100
100;3;15;35,7959;100
100;2;2;35,7959;100
100;2;2;35,7959;100
100;3;15;35,7959;100
100;3;15;35,7959;100
100;2;2;35,7959;100
100;2;2;35,7959;100
100;3;15;35,7959;100
100;3;15;35,7959;100
100;2;2;35,7959;100
100;2;2;35,7959;100
100;3;15;36,12891;100
100;3;15;36,12891;100
100;3;15;36,12891;100
100;3;15;36,12891;100
100;2;2;36,12891;100
100;3;15;36,12891;100
100;3;15;36,12891;100
100;2;2;36,46191;100
100;3;15;36,46191;100
100;3;15;36,46191;100
100;2;2;36,46191;100
100;2;2;36,46191;100
100;3;15;36,46191;100
100;3;15;36,46191;100
100;3;15;36,46191;100
100;2;2;36,46191;100
100;2;2;36,46191;100
100;3;15;36,46191;100
100;2;2;36,79492;100
100;3;15;36,79492;100
100;2;2;36,79492;100
100;3;15;36,79492;100
100;3;15;36,79492;100
100;3;15;36,79492;100
100;2;2;36,79492;100
100;2;2;36,79492;100
100;2;2;36,79492;100
100;3;15;36,79492;100
100;2;2;36,79492;100
100;3;15;37,12793;100
100;3;15;37,12793;100
100;3;15;37,12793;100
100;3;15;37,12793;100
100;2;2;37,12793;100
100;3;15;37,12793;100
100;3;15;37,12793;100
100;2;2;37,12793;100
100;2;2;37,12793;100
100;2;2;37,46094;100
100;2;2;37,46094;100
100;3;15;37,46094;100
100;3;15;37,46094;100
100;2;2;37,46094;100
100;3;15;37,46094;100
100;3;15;37,46094;100
100;2;2;37,46094;100
100;3;15;37,46094;100
100;3;15;37,46094;100
100;3;15;37,79395;100
100;3;15;37,79395;100
100;2;2;37,79395;100
100;3;15;37,79395;100
100;3;15;37,79395;100
100;2;2;37,79395;100
100;2;2;37,79395;100
100;3;15;37,79395;100
100;2;2;37,79395;100
100;2;2;37,79395;100
100;2;2;37,79395;100
100;2;2;38,12695;100
100;2;2;38,12695;100
100;2;2;38,12695;100
100;3;15;38,12695;100
100;3;15;38,12695;100
100;2;2;38,12695;100
100;2;2;38,12695;100
100;3;15;38,12695;100
100;3;15;38,45996;100
100;3;15;38,45996;100
100;2;2;38,45996;100
100;2;2;38,45996;100
100;3;15;38,45996;100
100;3;15;38,45996;100
100;3;15;38,45996;100
100;2;2;38,45996;100
100;3;15;38,79297;100
100;2;2;38,79297;100
100;3;15;38,79297;100
100;3;15;38,79297;100
100;2;2;38,79297;100
100;2;2;38,79297;100
100;3;15;38,79297;100
100;2;2;38,79297;100
100;2;2;38,79297;100
100;3;15;39,12598;100
100;2;2;39,12598;100
100;3;15;39,12598;100
100;2;2;39,12598;100
100;3;15;39,12598;100
100;2;2;39,12598;100
100;3;15;39,12598;100
100;3;15;39,45898;100
100;3;15;39,45898;100
100;3;15;39,45898;100
100;3;15;39,45898;100
100;2;2;39,45898;100
100;3;15;39,45898;100
100;2;2;39,45898;100
100;2;2;39,45898;100
100;2;2;39,45898;100
100;3;15;39,45898;100
100;3;15;39,45898;100
100;2;2;39,79199;100
100;3;15;39,79199;100
100;2;2;39,79199;100
100;2;2;39,79199;100
100;3;15;39,79199;100
100;2;2;39,79199;100
100;3;15;39,79199;100
100;2;2;39,79199;100
100;3;15;40,125;100
100;2;2;40,125;100
100;3;15;40,125;100
100;3;15;40,125;100
100;3;15;40,125;100
100;2;2;40,125;100
100;2;2;40,125;100
100;3;15;40,125;100
100;3;15;40,125;100
100;3;15;40,125;100
100;3;15;40,45801;100
100;2;2;40,45801;100
100;3;15;40,45801;100
100;3;15;40,79102;100
100;2;2;40,79102;100
100;3;15;40,79102;100
100;3;15;40,79102;100
100;3;15;40,79102;100
100;2;2;40,79102;100
100;2;2;40,79102;100
100;3;15;40,79102;100
100;3;15;41,12402;100
100;3;15;41,12402;100
100;3;15;41,12402;100
100;2;2;41,12402;100
100;3;15;41,12402;100
100;2;2;41,12402;100
100;3;15;41,12402;100
100;2;2;41,12402;100
100;3;15;41,12402;100
100;3;15;41,45703;100
100;2;2;41,45703;100
100;2;2;41,45703;100
100;3;15;41,45703;100
100;3;15;41,45703;100
100;2;2;41,45703;100
100;3;15;41,45703;100
100;3;15;41,45703;100
100;2;2;41,45703;100
100;3;15;41,45703;100
100;3;15;41,79004;100
100;3;15;41,79004;100
100;3;15;41,79004;100
100;3;15;41,79004;100
100;3;15;41,79004;100
100;3;15;41,79004;100
100;3;15;41,79004;100
100;2;2;41,79004;100
100;2;2;42,12305;100
100;3;15;42,12305;100
100;2;2;42,12305;100
100;3;15;42,12305;100
100;2;2;42,12305;100
100;2;2;42,12305;100
100;3;15;42,12305;100
100;2;2;42,12305;100
100;3;15;42,12305;100
100;2;2;42,45605;100
100;3;15;42,45605;100
100;2;2;42,45605;100
100;2;2;42,45605;100
100;2;2;42,45605;100
100;3;15;42,45605;100
100;2;2;42,45605;100
100;2;2;42,45605;100
100;3;15;42,45605;100
100;3;15;42,45605;100
100;3;15;42,45605;100
100;3;15;42,45605;100
100;3;15;42,45605;100
100;2;2;42,78906;100
100;3;15;42,78906;100
100;3;15;42,78906;100
100;3;15;42,78906;100
100;3;15;42,78906;100
100;3;15;42,78906;100
100;2;2;42,78906;100
100;3;15;42,78906;100
100;3;15;43,12207;100
100;2;2;43,12207;100
100;3;15;43,12207;100
100;3;15;43,12207;100
100;3;15;43,12207;100
100;2;2;43,12207;100
100;3;15;43,45508;100
100;2;2;43,45508;100
100;2;2;43,45508;100
100;3;15;43,45508;100
100;2;2;43,45508;100
100;3;15;43,45508;100
100;2;2;43,45508;100
100;2;2;43,45508;100
100;2;2;43,45508;100
100;2;2;43,45508;100
100;3;15;43,78809;100
100;2;2;43,78809;100
100;2;2;43,78809;100
100;2;2;43,78809;100
100;2;2;43,78809;100
100;3;15;43,78809;100
100;2;2;43,78809;100
100;3;15;43,78809;100
100;3;15;44,12109;100
100;2;2;44,12109;100
100;2;2;44,12109;100
100;2;2;44,12109;100
100;2;2;44,12109;100
100;2;2;44,12109;100
100;3;15;44,12109;100
100;3;15;44,12109;100
100;3;15;44,12109;100
100;3;15;44,12109;100
100;3;15;44,4541;100
100;2;2;44,4541;100
100;2;2;44,4541;100
100;2;2;44,4541;100
100;2;2;44,4541;100
100;2;2;44,4541;100
100;3;15;44,4541;100
100;3;15;44,4541;100
100;3;15;44,4541;100
100;2;2;44,4541;100
100;3;15;44,4541;100
100;3;15;44,4541;100
100;2;2;44,78711;100
100;3;15;44,78711;100
100;2;2;44,78711;100
100;3;15;44,78711;100
100;3;15;44,78711;100
100;2;2;44,78711;100
100;3;15;44,78711;100
100;2;2;44,78711;100
100;2;2;44,78711;100
100;2;2;44,78711;100
100;2;2;45,12012;100
100;2;2;45,12012;100
100;2;2;45,12012;100
100;3;15;45,12012;100
100;2;2;45,12012;100
100;3;15;45,12012;100
100;3;15;45,12012;100
100;2;2;45,12012;100
100;2;2;45,12012;100
100;3;15;45,12012;100
100;2;2;45,12012;100
100;3;15;45,12012;100
100;3;15;45,45313;100
100;2;2;45,45313;100
100;2;2;45,45313;100
100;3;15;45,45313;100
100;3;15;45,45313;100
100;3;15;45,45313;100
100;2;2;45,45313;100
100;3;15;45,45313;100
100;3;15;45,45313;100
100;3;15;45,45313;100
100;3;15;45,78613;100
100;3;15;45,78613;100
100;3;15;45,78613;100
100;2;2;45,78613;100
100;2;2;45,78613;100
100;3;15;45,78613;100
100;3;15;45,78613;100
100;2;2;45,78613;100
100;2;2;46,11914;100
100;3;15;46,11914;100
100;2;2;46,11914;100
100;3;15;46,11914;100
100;3;15;46,45215;100
100;3;15;46,45215;100
100;2;2;46,45215;100
100;2;2;46,45215;100
100;3;15;46,45215;100
100;3;15;46,45215;100
100;3;15;46,45215;100
100;2;2;46,45215;100
100;3;15;46,45215;100
100;2;2;46,45215;100
100;2;2;46,45215;100
100;2;2;46,45215;100
100;3;15;46,78516;100
100;2;2;46,78516;100
100;2;2;46,78516;100
100;3;15;46,78516;100
100;2;2;46,78516;100
100;2;2;47,11816;100
100;2;2;47,11816;100
100;3;15;47,11816;100
100;2;2;47,11816;100
100;2;2;47,11816;100
100;2;2;47,11816;100
100;2;2;47,11816;100
100;2;2;47,11816;100
100;3;15;47,11816;100
100;2;2;47,45117;100
100;3;15;47,45117;100
100;2;2;47,45117;100
100;2;2;47,45117;100
100;3;15;47,45117;100
100;3;15;47,45117;100
100;2;2;47,45117;100
100;3;15;47,45117;100
100;3;15;47,78418;100
100;3;15;47,78418;100
100;2;2;47,78418;100
100;2;2;47,78418;100
100;3;15;47,78418;100
100;2;2;47,78418;100
100;3;15;47,78418;100
100;3;15;47,78418;100
100;2;2;47,78418;100
100;3;15;47,78418;100
100;2;2;48,11719;100
100;3;15;48,11719;100
100;2;2;48,11719;100
100;3;15;48,11719;100
100;2;2;48,4502;100
100;2;2;48,4502;100
100;2;2;48,4502;100
100;3;15;48,4502;100
100;3;15;48,4502;100
100;3;15;48,4502;100
100;3;15;48,4502;100
100;2;2;48,7832;100
100;2;2;48,7832;100
100;2;2;48,7832;100
100;3;15;48,7832;100
100;2;2;48,7832;100
100;2;2;48,7832;100
100;2;2;48,7832;100
100;3;15;48,7832;100
100;2;2;48,7832;100
100;2;2;48,7832;100
100;3;15;48,7832;100
100;2;2;49,11621;100
100;2;2;49,11621;100
100;2;2;49,11621;100
100;2;2;49,11621;100
100;2;2;49,11621;100
100;2;2;49,11621;100
100;2;2;49,11621;100
100;3;15;49,11621;100
100;3;15;49,11621;100
100;2;2;49,11621;100
100;2;2;49,11621;100
100;2;2;49,11621;100
100;2;2;49,44922;100
100;3;15;49,44922;100
100;3;15;49,44922;100
100;2;2;49,44922;100
100;2;2;49,44922;100
100;3;15;49,44922;100
100;3;15;49,44922;100
100;2;2;49,44922;100
100;2;2;49,44922;100
100;2;2;49,44922;100
100;3;15;49,78223;100
100;2;2;49,78223;100
100;2;2;49,78223;100
100;2;2;49,78223;100
100;3;15;49,78223;100
100;3;15;49,78223;100
100;2;2;50,11523;100
100;3;15;50,11523;100
100;3;15;50,11523;100
100;3;15;50,11523;100
100;2;2;50,11523;100
100;2;2;50,11523;100
100;2;2;50,11523;100
100;2;2;50,11523;100
100;2;2;50,11523;100
100;3;15;50,11523;100
100;2;2;50,11523;100
100;2;2;50,44824;100
100;2;2;50,44824;100
100;2;2;50,44824;100
100;2;2;50,44824;100
100;3;15;50,44824;100
100;3;15;50,44824;100
100;3;15;50,44824;100
100;2;2;50,44824;100
100;3;15;50,78125;100
100;3;15;50,78125;100
100;3;15;50,78125;100
100;3;15;50,78125;100
100;2;2;50,78125;100
100;2;2;50,78125;100
100;3;15;50,78125;100
100;2;2;51,11426;100
100;2;2;51,11426;100
100;3;15;51,11426;100
100;3;15;51,11426;100
100;2;2;51,11426;100
100;3;15;51,11426;100
100;3;15;51,44727;100
100;3;15;51,44727;100
100;3;15;51,44727;100
100;2;2;51,44727;100
100;3;15;51,44727;100
100;3;15;51,44727;100
100;3;15;51,78027;100
100;2;2;51,78027;100
100;3;15;51,78027;100
100;3;15;51,78027;100
100;2;2;51,78027;100
100;2;2;51,78027;100
100;3;15;51,78027;100
100;2;2;51,78027;100
100;2;2;51,78027;100
100;3;15;52,11328;100
100;3;15;52,11328;100
100;2;2;52,11328;100
100;3;15;52,11328;100
100;2;2;52,11328;100
100;3;15;52,44629;100
100;2;2;52,44629;100
100;2;2;52,44629;100
100;3;15;52,44629;100
100;3;15;52,44629;100
100;2;2;52,44629;100
100;3;15;52,44629;100
100;3;15;52,44629;100
100;2;2;52,7793;100
100;3;15;52,7793;100
100;2;2;52,7793;100
100;2;2;52,7793;100
100;3;15;52,7793;100
100;3;15;52,7793;100
100;3;15;52,7793;100
100;3;15;52,7793;100
100;3;15;52,7793;100
100;3;15;52,7793;100
100;3;15;52,7793;100
100;3;15;53,1123;100
100;3;15;53,1123;100
100;3;15;53,1123;100
100;3;15;53,1123;100
100;3;15;53,1123;100
100;2;2;53,1123;100
100;2;2;53,1123;100
100;3;15;53,1123;100
100;3;15;53,44531;100
100;2;2;53,44531;100
100;3;15;53,44531;100
100;3;15;53,44531;100
100;3;15;53,44531;100
100;2;2;53,44531;100
100;2;2;53,44531;100
100;2;2;53,44531;100
100;3;15;53,44531;100
100;3;15;53,77832;100
100;2;2;53,77832;100
100;3;15;53,77832;100
100;3;15;53,77832;100
100;2;2;53,77832;100
100;3;15;53,77832;100
100;2;2;53,77832;100
100;2;2;53,77832;100
100;2;2;54,11133;100
100;2;2;54,11133;100
100;2;2;54,11133;100
100;3;15;54,11133;100
100;3;15;54,11133;100
100;2;2;54,44434;100
100;3;15;54,44434;100
100;3;15;54,44434;100
100;2;2;54,44434;100
100;3;15;54,44434;100
100;2;2;54,44434;100
100;3;15;54,44434;100
100;2;2;54,44434;100
100;3;15;54,77734;100
100;3;15;54,77734;100
100;2;2;54,77734;100
100;2;2;54,77734;100
100;2;2;54,77734;100
100;2;2;54,77734;100
100;3;15;54,77734;100
100;3;15;54,77734;100
100;2;2;55,11035;100
100;2;2;55,11035;100
100;3;15;55,11035;100
100;3;15;55,11035;100
100;2;2;55,44336;100
100;2;2;55,44336;100
100;3;15;55,44336;100
100;3;15;55,44336;100
100;3;15;55,44336;100
100;3;15;55,44336;100
100;3;15;55,44336;100
100;3;15;55,44336;100
100;2;2;55,44336;100
100;2;2;55,44336;100
100;2;2;55,77637;100
100;2;2;55,77637;100
100;2;2;55,77637;100
100;2;2;55,77637;100
100;2;2;55,77637;100
100;2;2;55,77637;100
100;3;15;55,77637;100
100;3;15;56,10938;100
100;2;2;56,10938;100
100;3;15;56,10938;100
100;2;2;56,10938;100
100;2;2;56,10938;100
100;2;2;56,10938;100
100;2;2;56,10938;100
100;2;2;56,10938;100
100;2;2;56,44238;100
100;3;15;56,44238;100
100;3;15;56,44238;100
100;3;15;56,44238;100
100;2;2;56,44238;100
100;3;15;56,44238;100
100;3;15;56,44238;100
100;3;15;56,44238;100
100;3;15;56,44238;100
100;3;15;56,44238;100
100;2;2;56,44238;100
100;2;2;56,44238;100
100;3;15;56,77539;100
100;2;2;56,77539;100
100;3;15;56,77539;100
100;3;15;56,77539;100
100;3;15;56,77539;100
100;2;2;56,77539;100
100;2;2;56,77539;100
100;3;15;56,77539;100
100;3;15;56,77539;100
100;2;2;56,77539;100
100;3;15;56,77539;100
100;2;2;57,1084;100
100;3;15;57,1084;100
100;3;15;57,1084;100
100;3;15;57,1084;100
100;2;2;57,1084;100
100;3;15;57,1084;100
100;3;15;57,1084;100
100;3;15;57,1084;100
100;3;15;57,1084;100
100;2;2;57,44141;100
100;3;15;57,44141;100
100;2;2;57,44141;100
100;3;15;57,44141;100
100;3;15;57,44141;100
100;3;15;57,44141;100
100;3;15;57,44141;100
100;2;2;57,44141;100
100;2;2;57,44141;100
100;2;2;57,77441;100
100;3;15;57,77441;100
100;3;15;57,77441;100
100;2;2;57,77441;100
100;2;2;57,77441;100
100;2;2;57,77441;100
100;3;15;57,77441;100
100;2;2;57,77441;100
100;3;15;57,77441;100
100;3;15;57,77441;100
100;2;2;58,10742;100
100;3;15;58,10742;100
100;2;2;58,10742;100
100;3;15;58,10742;100
100;2;2;58,10742;100
100;3;15;58,10742;100
100;2;2;58,44043;100
100;3;15;58,44043;100
100;3;15;58,44043;100
100;2;2;58,44043;100
100;2;2;58,44043;100
100;3;15;58,77344;100
100;3;15;58,77344;100
100;3;15;58,77344;100
100;3;15;58,77344;100
100;2;2;58,77344;100
100;3;15;58,77344;100
100;2;2;58,77344;100
100;3;15;59,10645;100
100;3;15;59,10645;100
100;2;2;59,10645;100
100;3;15;59,10645;100
100;2;2;59,10645;100
100;2;2;59,10645;100
100;2;2;59,10645;100
100;3;15;59,10645;100
100;2;2;59,10645;100
100;2;2;59,43945;100
100;3;15;59,43945;100
100;2;2;59,43945;100
100;2;2;59,43945;100
100;3;15;59,43945;100
100;3;15;59,43945;100
100;2;2;59,43945;100
100;2;2;59,43945;100
100;2;2;59,43945;100
100;3;15;59,77246;100
100;3;15;59,77246;100
100;3;15;59,77246;100
100;3;15;59,77246;100
100;2;2;59,77246;100
100;2;2;59,77246;100
100;3;15;59,77246;100
100;2;2;59,77246;100
100;2;2;59,77246;100
100;2;2;59,77246;100
100;3;15;59,77246;100
100;2;2;0,1054688;100
100;3;15;0,1054688;100
100;2;2;0,1054688;100
100;2;2;0,1054688;100
100;3;15;0,1054688;100
100;2;2;0,1054688;100
100;2;2;0,1054688;100
100;3;15;0,1054688;100
100;3;15;0,1054688;100
100;3;15;0,4384766;100
100;2;2;0,4384766;100
100;3;15;0,4384766;100
100;2;2;0,4384766;100
100;3;15;0,4384766;100
100;2;2;0,4384766;100
100;2;2;0,4384766;100
100;3;15;0,7714844;100
100;3;15;0,7714844;100
100;3;15;0,7714844;100
100;3;15;0,7714844;100
100;3;15;0,7714844;100
100;3;15;0,7714844;100
100;3;15;0,7714844;100
100;2;2;0,7714844;100
100;3;15;0,7714844;100
100;3;15;0,7714844;100
100;3;15;1,104492;100
100;3;15;1,104492;100
100;3;15;1,104492;100
100;3;15;1,104492;100
100;2;2;1,104492;100
100;2;2;1,104492;100
100;3;15;1,104492;100
100;3;15;1,104492;100
100;3;15;1,104492;100
100;2;2;1,4375;100
100;2;2;1,4375;100
100;3;15;1,4375;100
100;3;15;1,4375;100
100;3;15;1,4375;100
100;2;2;1,4375;100
100;2;2;1,4375;100
100;3;15;1,4375;100
100;3;15;1,770508;100
100;2;2;1,770508;100
100;3;15;1,770508;100
100;2;2;1,770508;100
100;3;15;1,770508;100
100;2;2;1,770508;100
100;3;15;2,103516;100
100;2;2;2,103516;100
100;2;2;2,103516;100
100;3;15;2,103516;100
100;2;2;2,103516;100
100;2;2;2,103516;100
100;2;2;2,103516;100
100;3;15;2,103516;100
100;3;15;2,103516;100
100;3;15;2,103516;100
100;3;15;2,103516;100
100;3;15;2,436523;100
100;3;15;2,436523;100
100;2;2;2,436523;100
100;3;15;2,436523;100
100;3;15;2,436523;100
100;3;15;2,436523;100
100;3;15;2,436523;100
100;2;2;2,769531;100
100;3;15;2,769531;100
100;2;2;2,769531;100
100;2;2;2,769531;100
100;2;2;2,769531;100
100;2;2;2,769531;100
100;3;15;2,769531;100
100;3;15;2,769531;100
100;2;2;2,769531;100
100;2;2;2,769531;100
100;3;15;2,769531;100
100;3;15;3,102539;100
100;2;2;3,102539;100
100;3;15;3,102539;100
100;3;15;3,102539;100
100;3;15;3,102539;100
100;2;2;3,102539;100
100;2;2;3,102539;100
100;3;15;3,102539;100
100;3;15;3,102539;100
100;2;2;3,102539;100
100;3;15;3,435547;100
100;2;2;3,435547;100
100;3;15;3,435547;100
100;3;15;3,435547;100
100;3;15;3,435547;100
100;3;15;3,435547;100
100;2;2;3,435547;100
100;3;15;3,435547;100
100;2;2;3,435547;100
100;2;2;3,435547;100
100;2;2;3,435547;100
100;3;15;3,435547;100
100;3;15;3,435547;100
100;3;15;3,768555;100
100;2;2;3,768555;100
100;3;15;3,768555;100
100;2;2;3,768555;100
100;3;15;3,768555;100
100;2;2;3,768555;100
100;2;2;3,768555;100
100;3;15;3,768555;100
100;2;2;3,768555;100
100;3;15;3,768555;100
100;3;15;4,101563;100
100;3;15;4,101563;100
100;2;2;4,101563;100
100;3;15;4,101563;100
100;2;2;4,101563;100
100;3;15;4,101563;100
100;3;15;4,101563;100
100;3;15;4,101563;100
100;3;15;4,101563;100
100;2;2;4,101563;100
100;2;2;4,101563;100
100;2;2;4,43457;100
100;2;2;4,43457;100
100;2;2;4,43457;100
100;3;15;4,43457;100
100;2;2;4,43457;100
100;3;15;4,43457;100
100;3;15;4,43457;100
100;3;15;4,43457;100
100;2;2;4,767578;100
100;2;2;4,767578;100
100;3;15;4,767578;100
100;2;2;4,767578;100
100;3;15;4,767578;100
100;2;2;4,767578;100
100;2;2;4,767578;100
100;2;2;4,767578;100
100;3;15;5,100586;100
100;3;15;5,100586;100
100;2;2;5,100586;100
100;2;2;5,100586;100
100;2;2;5,100586;100
100;3;15;5,100586;100
100;3;15;5,100586;100
100;3;15;5,100586;100
100;2;2;5,100586;100
100;2;2;5,100586;100
100;3;15;5,433594;100
100;3;15;5,433594;100
100;2;2;5,433594;100
100;3;15;5,433594;100
100;2;2;5,433594;100
100;3;15;5,433594;100
100;3;15;5,433594;100
100;2;2;5,433594;100
100;3;15;5,433594;100
100;3;15;5,766602;100
100;3;15;5,766602;100
100;3;15;5,766602;100
100;3;15;5,766602;100
100;2;2;5,766602;100
100;3;15;5,766602;100
100;3;15;5,766602;100
100;3;15;5,766602;100
100;3;15;5,766602;100
100;2;2;5,766602;100
100;2;2;6,099609;100
100;3;15;6,099609;100
100;3;15;6,099609;100
100;3;15;6,099609;100
100;2;2;6,099609;100
100;2;2;6,099609;100
100;3;15;6,099609;100
100;3;15;6,099609;100
100;3;15;6,099609;100
100;3;15;6,432617;100
100;3;15;6,432617;100
100;3;15;6,432617;100
100;2;2;6,432617;100
100;3;15;6,432617;100
100;3;15;6,432617;100
100;3;15;6,432617;100
100;3;15;6,432617;100
100;2;2;6,432617;100
100;2;2;6,765625;100
100;2;2;6,765625;100
100;3;15;6,765625;100
100;2;2;6,765625;100
100;2;2;6,765625;100
100;2;2;6,765625;100
100;2;2;6,765625;100
100;2;2;6,765625;100
100;3;15;6,765625;100
100;3;15;6,765625;100
100;2;2;6,765625;100
100;3;15;6,765625;100
100;2;2;7,098633;100
100;2;2;7,098633;100
100;3;15;7,098633;100
100;3;15;7,098633;100
100;3;15;7,098633;100
100;2;2;7,098633;100
100;3;15;7,098633;100
100;2;2;7,098633;100
100;3;15;7,098633;100
100;3;15;7,098633;100
100;3;15;7,431641;100
100;3;15;7,431641;100
100;3;15;7,431641;100
100;3;15;7,431641;100
100;2;2;7,431641;100
100;3;15;7,431641;100
100;3;15;7,431641;100
100;2;2;7,764648;100
100;2;2;7,764648;100
100;2;2;7,764648;100
100;3;15;7,764648;100
100;3;15;7,764648;100
100;3;15;7,764648;100
100;3;15;7,764648;100
100;3;15;8,097656;100
100;3;15;8,097656;100
100;3;15;8,097656;100
100;3;15;8,097656;100
100;2;2;8,097656;100
100;2;2;8,097656;100
100;2;2;8,430664;100
100;2;2;8,430664;100
100;3;15;8,430664;100
100;2;2;8,430664;100
100;2;2;8,430664;100
100;2;2;8,430664;100
100;3;15;8,430664;100
100;2;2;8,430664;100
100;2;2;8,763672;100
100;2;2;8,763672;100
100;3;15;8,763672;100
100;2;2;8,763672;100
100;2;2;8,763672;100
100;3;15;8,763672;100
100;2;2;8,763672;100
100;2;2;8,763672;100
100;2;2;8,763672;100
100;3;15;8,763672;100
100;3;15;9,09668;100
100;2;2;9,09668;100
100;2;2;9,09668;100
100;2;2;9,09668;100
100;3;15;9,09668;100
100;3;15;9,09668;100
100;3;15;9,09668;100
100;2;2;9,429688;100
100;3;15;9,429688;100
100;3;15;9,429688;100
100;3;15;9,429688;100
100;3;15;9,429688;100
100;3;15;9,429688;100
100;3;15;9,429688;100
100;3;15;9,429688;100
100;2;2;9,762695;100
100;3;15;9,762695;100
100;2;2;9,762695;100
100;2;2;9,762695;100
100;2;2;9,762695;100
100;3;15;9,762695;100
100;3;15;10,0957;100
100;3;15;10,0957;100
100;3;15;10,0957;100
100;2;2;10,0957;100
100;2;2;10,0957;100
100;3;15;10,0957;100
100;3;15;10,0957;100
100;2;2;10,0957;100
100;3;15;10,42871;100
100;3;15;10,42871;100
100;3;15;10,42871;100
100;3;15;10,42871;100
100;2;2;10,42871;100
100;2;2;10,42871;100
100;3;15;10,42871;100
100;3;15;10,42871;100
100;3;15;10,42871;100
100;3;15;10,42871;100
100;3;15;10,42871;100
100;3;15;10,42871;100
100;3;15;10,76172;100
100;3;15;10,76172;100
100;3;15;10,76172;100
100;2;2;10,76172;100
100;3;15;10,76172;100
100;3;15;10,76172;100
100;2;2;10,76172;100
100;2;2;11,09473;100
100;2;2;11,09473;100
100;2;2;11,09473;100
100;2;2;11,09473;100
100;3;15;11,09473;100
100;3;15;11,09473;100
100;3;15;11,09473;100
100;3;15;11,09473;100
100;3;15;11,42773;100
100;2;2;11,42773;100
100;2;2;11,42773;100
100;3;15;11,42773;100
100;2;2;11,42773;100
100;2;2;11,42773;100
100;3;15;11,42773;100
100;2;2;11,42773;100
100;3;15;11,42773;100
100;2;2;11,42773;100
100;3;15;11,42773;100
100;2;2;11,42773;100
100;3;15;11,42773;100
100;2;2;11,76074;100
100;2;2;11,76074;100
100;3;15;11,76074;100
100;3;15;11,76074;100
100;3;15;11,76074;100
100;2;2;11,76074;100
100;2;2;11,76074;100
100;3;15;11,76074;100
100;2;2;11,76074;100
100;3;15;11,76074;100
100;2;2;11,76074;100
100;2;2;12,09375;100
100;3;15;12,09375;100
100;2;2;12,09375;100
100;2;2;12,09375;100
100;2;2;12,09375;100
100;2;2;12,09375;100
100;3;15;12,09375;100
100;2;2;12,09375;100
100;2;2;12,09375;100
100;3;15;12,42676;100
100;3;15;12,42676;100
100;3;15;12,42676;100
100;2;2;12,42676;100
100;3;15;12,42676;100
100;3;15;12,42676;100
100;3;15;12,42676;100
100;2;2;12,42676;100
100;3;15;12,75977;85
100;2;2;12,75977;85
100;3;15;12,75977;70
100;3;15;12,75977;55
100;3;15;12,75977;40
100;2;2;12,75977;40
100;3;15;12,75977;25
100;3;15;13,09277;10
100;2;2;13,09277;10
100;3;15;13,09277;-5
Player