100;2;2;20,61328;100
100;3;15;20,61328;100
100;2;2;20,61328;100
100;3;15;20,94653;100
100;3;15;20,94653;100
100;2;2;20,94653;100
100;3;15;20,94653;100
100;3;15;20,94653;100
100;2;2;20,94653;100
100;2;2;21,27979;100
100;2;2;21,27979;100
100;3;15;21,27979;100
100;3;15;21,27979;100
100;3;15;21,27979;100
100;3;15;21,27979;100
100;2;2;21,27979;100
100;3;15;21,27979;100
100;3;15;21,27979;100
100;3;15;21,27979;100
100;3;15;21,27979;100
100;2;2;21,27979;100
100;2;2;21,27979;100
100;3;15;21,27979;100
100;2;2;21,61304;100
100;3;15;21,61304;100
100;2;2;21,61304;100
100;3;15;21,61304;100
100;2;2;21,61304;100
100;2;2;21,61304;100
100;2;2;21,61304;100
100;3;15;21,61304;100
100;3;15;21,61304;100
100;3;15;21,61304;100
100;2;2;21,94629;100
100;3;15;21,94629;100
100;3;15;21,94629;100
100;2;2;21,94629;100
100;3;15;21,94629;100
100;3;15;21,94629;100
100;2;2;21,94629;100
100;2;2;22,27954;100
100;2;2;22,27954;100
100;3;15;22,27954;100
100;3;15;22,27954;100
100;3;15;22,27954;100
100;3;15;22,27954;100
100;2;2;22,27954;100
100;2;2;22,27954;100
100;3;15;22,27954;100
100;2;2;22,27954;100
100;3;15;22,61279;100
100;2;2;22,61279;100
100;3;15;22,61279;100
100;3;15;22,61279;100
100;3;15;22,61279;100
100;3;15;22,61279;100
100;2;2;22,94604;100
100;3;15;22,94604;100
100;2;2;22,94604;100
100;2;2;22,94604;100
100;2;2;22,94604;100
100;2;2;22,94604;100
100;3;15;22,94604;100
100;2;2;22,94604;100
100;2;2;22,94604;100
100;2;2;23,2793;100
100;2;2;23,2793;100
100;2;2;23,2793;100
100;2;2;23,2793;100
100;2;2;23,2793;100
100;2;2;23,2793;100
100;3;15;23,2793;100
100;2;2;23,2793;100
100;3;15;23,2793;100
100;2;2;23,2793;100
100;3;15;23,61255;100
100;3;15;23,61255;100
100;2;2;23,61255;100
100;2;2;23,61255;100
100;3;15;23,61255;100
100;3;15;23,61255;100
100;3;15;23,61255;100
100;2;2;23,61255;100
100;3;15;23,61255;100
100;3;15;23,61255;100
100;3;15;23,9458;100
100;2;2;23,9458;100
100;3;15;23,9458;100
100;3;15;23,9458;100
100;2;2;23,9458;100
100;2;2;23,9458;100
100;3;15;23,9458;100
100;2;2;23,9458;100
100;2;2;23,9458;100
100;3;15;23,9458;100
100;3;15;24,27905;100
100;3;15;24,27905;100
100;3;15;24,27905;100
100;2;2;24,27905;100
100;2;2;24,27905;100
100;2;2;24,27905;100
100;3;15;24,27905;100
100;3;15;24,27905;100
100;3;15;24,27905;100
100;3;15;24,6123;100
100;3;15;24,6123;100
100;3;15;24,6123;100
100;2;2;24,6123;100
100;3;15;24,6123;100
100;3;15;24,6123;100
100;2;2;24,6123;100
100;2;2;24,94556;100
100;3;15;24,94556;100
100;3;15;24,94556;100
100;2;2;24,94556;100
100;2;2;24,94556;100
100;2;2;24,94556;100
100;2;2;24,94556;100
100;3;15;25,27881;100
100;2;2;25,27881;100
100;2;2;25,27881;100
100;2;2;25,27881;100
100;3;15;25,27881;100
100;2;2;25,27881;100
100;2;2;25,61206;100
100;3;15;25,61206;100
100;3;15;25,61206;100
100;3;15;25,61206;100
100;2;2;25,61206;100
100;3;15;25,61206;100
100;3;15;25,61206;100
100;3;15;25,61206;100
100;3;15;25,61206;100
100;2;2;25,61206;100
100;3;15;25,61206;100
100;3;15;25,94531;100
100;3;15;25,94531;100
100;3;15;25,94531;100
100;3;15;25,94531;100
100;2;2;25,94531;100
100;3;15;25,94531;100
100;3;15;25,94531;100
100;2;2;25,94531;100
100;3;15;25,94531;100
100;2;2;25,94531;100
100;2;2;25,94531;100
100;3;15;25,94531;100
100;3;15;25,94531;100
100;2;2;26,27856;100
100;2;2;26,27856;100
100;2;2;26,27856;100
100;2;2;26,27856;100
100;2;2;26,27856;100
100;2;2;26,27856;100
100;3;15;26,27856;100
100;3;15;26,27856;100
100;3;15;26,27856;100
100;2;2;26,61182;100
100;3;15;26,61182;100
100;2;2;26,61182;100
100;3;15;26,61182;100
100;3;15;26,61182;100
100;3;15;26,61182;100
100;3;15;26,61182;100
100;3;15;26,61182;100
100;2;2;26,94507;100
100;3;15;26,94507;100
100;2;2;26,94507;100
100;2;2;26,94507;100
100;3;15;26,94507;100
100;2;2;26,94507;100
100;3;15;26,94507;100
100;2;2;26,94507;100
100;2;2;26,94507;100
100;2;2;26,94507;100
100;3;15;27,27832;100
100;2;2;27,27832;100
100;2;2;27,27832;100
100;2;2;27,27832;100
100;3;15;27,27832;100
100;3;15;27,27832;100
100;2;2;27,27832;100
100;3;15;27,61157;100
100;2;2;27,61157;100
100;2;2;27,61157;100
100;2;2;27,61157;100
100;2;2;27,61157;100
100;3;15;27,61157;100
100;3;15;27,61157;100
100;2;2;27,94482;100
100;3;15;27,94482;100
100;2;2;27,94482;100
100;3;15;27,94482;100
100;3;15;27,94482;100
100;2;2;27,94482;100
100;2;2;28,27808;100
100;3;15;28,27808;100
100;2;2;28,27808;100
100;2;2;28,27808;100
100;2;2;28,27808;100
100;2;2;28,61133;100
100;3;15;28,61133;100
100;2;2;28,61133;100
100;2;2;28,61133;100
100;3;15;28,61133;100
100;3;15;28,61133;100
100;2;2;28,61133;100
100;3;15;28,61133;100
100;2;2;28,61133;100
100;3;15;28,61133;100
100;3;15;28,94458;100
100;3;15;28,94458;100
100;2;2;28,94458;100
100;3;15;28,94458;100
100;2;2;28,94458;100
100;3;15;28,94458;100
100;3;15;28,94458;100
100;3;15;28,94458;100
100;2;2;28,94458;100
100;3;15;28,94458;100
100;2;2;28,94458;100
100;2;2;28,94458;100
100;2;2;28,94458;100
100;3;15;29,27783;100
100;2;2;29,27783;100
100;2;2;29,27783;100
100;3;15;29,27783;100
100;2;2;29,27783;100
100;3;15;29,27783;100
100;2;2;29,27783;100
100;3;15;29,61108;100
100;3;15;29,61108;100
100;2;2;29,61108;100
100;2;2;29,61108;100
100;3;15;29,61108;100
100;3;15;29,61108;100
100;2;2;29,61108;100
100;2;2;29,61108;100
100;3;15;29,61108;100
100;2;2;29,61108;100
100;3;15;29,94434;100
100;3;15;29,94434;100
100;2;2;29,94434;100
100;2;2;29,94434;100
100;2;2;29,94434;100
100;2;2;29,94434;100
100;2;2;29,94434;100
100;3;15;30,27759;100
100;3;15;30,27759;100
100;3;15;30,27759;100
100;3;15;30,27759;100
100;2;2;30,61084;100
100;2;2;30,61084;100
100;2;2;30,61084;100
100;3;15;30,61084;100
100;2;2;30,94409;100
100;2;2;30,94409;100
100;3;15;30,94409;100
100;3;15;30,94409;100
100;3;15;30,94409;100
100;3;15;30,94409;100
100;2;2;30,94409;100
100;3;15;30,94409;100
100;3;15;30,94409;100
100;3;15;30,94409;100
100;3;15;30,94409;100
100;3;15;31,27734;100
100;2;2;31,27734;100
100;3;15;31,27734;100
100;3;15;31,27734;100
100;3;15;31,27734;100
100;2;2;31,27734;100
100;3;15;31,27734;100
100;3;15;31,6106;100
100;3;15;31,6106;100
100;2;2;31,6106;100
100;2;2;31,6106;100
100;2;2;31,6106;100
100;2;2;31,6106;100
100;2;2;31,6106;100
100;3;15;31,94385;100
100;2;2;31,94385;100
100;3;15;31,94385;100
100;3;15;31,94385;100
100;3;15;31,94385;100
100;2;2;31,94385;100
100;3;15;31,94385;100
100;2;2;31,94385;100
100;3;15;32,2771;100
100;3;15;32,2771;100
100;2;2;32,2771;100
100;3;15;32,2771;100
100;3;15;32,2771;100
100;3;15;32,2771;100
100;2;2;32,2771;100
100;3;15;32,2771;100
100;3;15;32,61035;100
100;2;2;32,61035;100
100;3;15;32,61035;100
100;3;15;32,61035;100
100;3;15;32,61035;100
100;3;15;32,61035;100
100;3;15;32,61035;100
100;3;15;32,61035;100
100;3;15;32,61035;100
100;2;2;32,61035;100
100;2;2;32,61035;100
100;3;15;32,9436;100
100;2;2;32,9436;100
100;3;15;32,9436;100
100;3;15;32,9436;100
100;3;15;32,9436;100
100;2;2;32,9436;100
100;2;2;32,9436;100
100;3;15;32,9436;100
100;3;15;32,9436;100
100;2;2;32,9436;100
100;2;2;32,9436;100
100;3;15;33,27686;100
100;3;15;33,27686;100
100;3;15;33,27686;100
100;3;15;33,27686;100
100;3;15;33,27686;100
100;2;2;33,61011;100
100;3;15;33,61011;100
100;2;2;33,61011;100
100;2;2;33,61011;100
100;3;15;33,61011;100
100;2;2;33,61011;100
100;3;15;33,61011;100
100;2;2;33,61011;100
100;3;15;33,94336;100
100;3;15;33,94336;100
100;2;2;33,94336;100
100;3;15;33,94336;100
100;2;2;33,94336;100
100;3;15;33,94336;100
100;3;15;33,94336;100
100;2;2;33,94336;100
100;2;2;33,94336;100
100;2;2;34,27661;100
100;3;15;34,27661;100
100;3;15;34,27661;100
100;2;2;34,27661;100
100;2;2;34,27661;100
100;3;15;34,27661;100
100;2;2;34,60986;100
100;2;2;34,60986;100
100;2;2;34,60986;100
100;3;15;34,60986;100
100;3;15;34,60986;100
100;3;15;34,60986;100
100;3;15;34,60986;100
100;2;2;34,60986;100
100;2;2;34,60986;100
100;3;15;34,60986;100
100;3;15;34,60986;100
100;3;15;34,94312;100
100;2;2;34,94312;100
100;2;2;34,94312;100
100;3;15;34,94312;100
100;3;15;34,94312;100
100;2;2;34,94312;100
100;3;15;34,94312;100
100;2;2;34,94312;100
100;2;2;34,94312;100
100;2;2;35,27637;100
100;2;2;35,27637;100
100;2;2;35,27637;100
100;2;2;35,27637;100
100;2;2;35,27637;100
100;2;2;35,27637;100
100;3;15;35,27637;100
100;3;15;35,27637;100
100;2;2;35,27637;100
100;3;15;35,27637;100
100;2;2;35,60962;100
100;3;15;35,60962;100
100;3;15;35,60962;100
100;3;15;35,60962;100
100;2;2;35,60962;100
100;2;2;35,60962;100
100;3;15;35,60962;100
100;3;15;35,60962;100
100;2;2;35,94287;100
100;2;2;35,94287;100
100;2;2;35,94287;100
100;3;15;35,94287;100
100;3;15;35,94287;100
100;3;15;35,94287;100
100;3;15;35,94287;100
100;2;2;35,94287;100
100;3;15;35,94287;100
100;3;15;36,27612;100
100;3;15;36,27612;100
100;3;15;36,27612;100
100;2;2;36,27612;100
100;3;15;36,27612;100
100;3;15;36,27612;100
100;2;2;36,27612;100
100;2;2;36,27612;100
100;2;2;36,27612;100
100;2;2;36,60938;100
100;2;2;36,60938;100
100;2;2;36,60938;100
100;3;15;36,60938;100
100;3;15;36,60938;100
100;3;15;36,60938;100
100;2;2;36,60938;100
100;2;2;36,60938;100
100;3;15;36,60938;100
100;2;2;36,94263;100
100;3;15;36,94263;100
100;2;2;36,94263;100
100;2;2;36,94263;100
100;2;2;36,94263;100
100;3;15;36,94263;100
100;3;15;36,94263;100
100;2;2;36,94263;100
100;3;15;36,94263;100
100;3;15;36,94263;100
100;3;15;36,94263;100
100;2;2;36,94263;100
100;2;2;37,27588;100
100;3;15;37,27588;100
100;2;2;37,27588;100
100;2;2;37,27588;100
100;3;15;37,27588;100
100;3;15;37,27588;100
100;3;15;37,60913;100
100;3;15;37,60913;100
100;3;15;37,60913;100
100;2;2;37,60913;100
100;2;2;37,60913;100
100;3;15;37,60913;100
100;2;2;37,60913;100
100;3;15;37,60913;100
100;3;15;37,60913;100
100;3;15;37,60913;100
100;3;15;37,60913;100
100;3;15;37,94238;100
100;3;15;37,94238;100
100;3;15;37,94238;100
100;2;2;37,94238;100
100;3;15;37,94238;100
100;2;2;37,94238;100
100;2;2;37,94238;100
100;2;2;37,94238;100
100;3;15;37,94238;100
100;2;2;38,27563;100
100;2;2;38,27563;100
100;3;15;38,27563;100
100;3;15;38,27563;100
100;2;2;38,27563;100
100;2;2;38,27563;100
100;2;2;38,27563;100
100;2;2;38,27563;100
100;3;15;38,60889;100
100;3;15;38,60889;100
100;3;15;38,60889;100
100;2;2;38,60889;100
100;2;2;38,60889;100
100;3;15;38,60889;100
100;3;15;38,94214;100
100;2;2;38,94214;100
100;2;2;38,94214;100
100;2;2;38,94214;100
100;2;2;38,94214;100
100;3;15;38,94214;100
100;3;15;38,94214;100
100;2;2;38,94214;100
100;3;15;38,94214;100
100;3;15;38,94214;100
100;2;2;38,94214;100
100;2;2;38,94214;100
100;2;2;39,27539;100
100;3;15;39,27539;100
100;2;2;39,27539;100
100;3;15;39,27539;100
100;3;15;39,27539;100
100;3;15;39,27539;100
100;2;2;39,27539;100
100;2;2;39,27539;100
100;3;15;39,27539;100
100;3;15;39,27539;100
100;2;2;39,60864;100
100;2;2;39,60864;100
100;2;2;39,60864;100
100;3;15;39,60864;100
100;3;15;39,60864;100
100;3;15;39,60864;100
100;2;2;39,60864;100
100;3;15;39,94189;100
100;3;15;39,94189;100
100;2;2;39,94189;100
100;3;15;39,94189;100
100;3;15;39,94189;100
100;3;15;39,94189;100
100;3;15;40,27515;100
100;2;2;40,27515;100
100;2;2;40,27515;100
100;2;2;40,27515;100
100;3;15;40,27515;100
100;2;2;40,27515;100
100;3;15;40,27515;100
100;2;2;40,27515;100
100;3;15;40,27515;100
100;3;15;40,6084;100
100;2;2;40,6084;100
100;2;2;40,6084;100
100;2;2;40,6084;100
100;2;2;40,6084;100
100;2;2;40,6084;100
100;2;2;40,6084;100
100;3;15;40,6084;100
100;3;15;40,94165;100
100;3;15;40,94165;100
100;2;2;40,94165;100
100;2;2;40,94165;100
100;3;15;40,94165;100
100;2;2;40,94165;100
100;3;15;40,94165;100
100;3;15;40,94165;100
100;2;2;40,94165;100
100;2;2;41,2749;100
100;3;15;41,2749;100
100;3;15;41,2749;100
100;3;15;41,2749;100
100;3;15;41,2749;100
100;3;15;41,2749;100
100;3;15;41,2749;100
100;3;15;41,2749;100
100;2;2;41,60815;100
100;2;2;41,60815;100
100;2;2;41,60815;100
100;2;2;41,60815;100
100;2;2;41,60815;100
100;3;15;41,60815;85
100;3;15;41,94141;85
100;2;2;41,94141;85
100;2;2;41,94141;85
100;3;15;41,94141;85
100;3;15;41,94141;85
100;2;2;41,94141;85
100;3;15;41,94141;85
100;2;2;41,94141;85
100;3;15;42,27466;85
100;2;2;42,27466;85
100;3;15;42,27466;85
100;3;15;42,27466;85
100;3;15;42,27466;85
100;2;2;42,27466;85
100;2;2;42,27466;85
100;2;2;42,27466;85
100;2;2;42,27466;85
100;3;15;42,27466;85
100;2;2;42,27466;85
100;3;15;42,27466;85
100;2;2;42,27466;85
100;2;2;42,60791;85
100;2;2;42,60791;85
100;3;15;42,60791;85
100;2;2;42,60791;85
100;2;2;42,60791;85
100;3;15;42,60791;85
100;2;2;42,60791;85
100;3;15;42,60791;85
100;2;2;42,94116;85
100;2;2;42,94116;85
100;2;2;42,94116;85
100;3;15;42,94116;85
100;3;15;42,94116;85
100;2;2;42,94116;85
100;3;15;43,27441;85
100;3;15;43,27441;85
100;3;15;43,27441;85
100;2;2;43,27441;85
100;2;2;43,27441;85
100;2;2;43,27441;85
100;2;2;43,60767;85
100;3;15;43,60767;70
100;2;2;43,60767;70
100;3;15;43,60767;55
100;3;15;43,60767;40
100;2;2;43,60767;40
100;2;2;43,94092;38
84;2;2;43,94092;36
68;2;2;43,94092;34
60;3;15;43,94092;19
52;2;2;43,94092;17
44;3;15;43,94092;2
12;2;2;43,94092;0
Player