92;3;15;15,65771;100
92;3;15;15,65771;100
92;3;15;15,65771;100
92;3;15;15,65771;100
92;3;15;15,65771;100
92;2;2;15,65771;100
92;3;15;15,65771;100
92;2;2;15,65771;100
92;3;15;15,99109;100
92;3;15;15,99109;100
92;3;15;15,99109;100
92;3;15;15,99109;100
92;3;15;15,99109;100
92;3;15;16,32446;100
92;2;2;16,32446;100
92;2;2;16,32446;100
92;3;15;16,32446;100
92;2;2;16,32446;100
92;2;2;16,32446;100
92;2;2;16,32446;100
92;2;2;16,32446;100
92;2;2;16,65784;100
92;2;2;16,65784;100
92;2;2;16,65784;100
92;3;15;16,65784;100
92;2;2;16,65784;100
92;3;15;16,65784;100
92;3;15;16,65784;100
92;2;2;16,65784;100
92;3;15;16,65784;100
92;3;15;16,99121;100
92;3;15;16,99121;100
92;3;15;16,99121;100
92;2;2;16,99121;100
92;3;15;16,99121;100
92;2;2;17,32458;100
92;3;15;17,32458;100
92;3;15;17,32458;100
92;3;15;17,32458;100
92;2;2;17,32458;100
92;2;2;17,32458;100
92;2;2;17,65796;100
92;2;2;17,65796;100
92;2;2;17,65796;100
92;2;2;17,65796;100
92;2;2;17,65796;100
92;2;2;17,65796;100
92;2;2;17,65796;100
92;2;2;17,65796;100
92;2;2;17,65796;100
92;2;2;17,65796;100
92;2;2;17,99133;100
92;2;2;17,99133;100
92;2;2;17,99133;100
92;2;2;17,99133;100
92;2;2;17,99133;100
92;2;2;17,99133;100
92;2;2;18,32471;100
92;3;15;18,32471;100
92;3;15;18,32471;100
92;3;15;18,32471;100
92;2;2;18,32471;100
92;2;2;18,32471;100
92;3;15;18,32471;100
92;3;15;18,32471;100
92;3;15;18,32471;100
92;3;15;18,65808;100
92;3;15;18,65808;100
92;2;2;18,65808;100
92;2;2;18,99146;100
92;3;15;18,99146;100
92;2;2;18,99146;100
92;3;15;18,99146;100
92;3;15;18,99146;100
92;2;2;18,99146;100
92;3;15;18,99146;100
92;3;15;18,99146;100
92;2;2;18,99146;100
92;3;15;18,99146;100
92;2;2;19,32483;100
92;3;15;19,32483;100
92;3;15;19,32483;100
92;3;15;19,32483;100
92;2;2;19,32483;100
92;2;2;19,32483;100
92;2;2;19,32483;100
92;2;2;19,32483;100
92;3;15;19,32483;100
92;2;2;19,6582;100
92;3;15;19,6582;100
92;3;15;19,6582;100
92;2;2;19,6582;100
92;2;2;19,6582;100
92;3;15;19,6582;100
92;3;15;19,6582;100
92;2;2;19,6582;100
92;3;15;19,6582;100
92;2;2;19,6582;100
92;2;2;19,6582;100
92;3;15;19,99158;100
92;2;2;19,99158;100
92;3;15;19,99158;100
92;2;2;19,99158;100
92;3;15;19,99158;100
92;3;15;19,99158;100
92;3;15;20,32495;100
92;3;15;20,32495;100
92;2;2;20,32495;100
92;2;2;20,32495;100
92;3;15;20,32495;100
92;2;2;20,32495;100
92;3;15;20,32495;100
92;2;2;20,32495;100
92;3;15;20,32495;100
92;2;2;20,32495;100
92;3;15;20,65833;100
92;2;2;20,65833;100
92;3;15;20,65833;100
92;2;2;20,65833;100
92;3;15;20,65833;100
92;2;2;20,65833;100
92;2;2;20,65833;100
92;2;2;20,65833;100
92;3;15;20,65833;100
92;3;15;20,65833;100
92;3;15;20,65833;100
92;3;15;20,9917;100
92;3;15;20,9917;100
92;3;15;20,9917;100
92;3;15;20,9917;100
92;2;2;20,9917;100
92;2;2;20,9917;100
92;3;15;20,9917;100
92;3;15;20,9917;100
92;2;2;20,9917;100
92;2;2;20,9917;100
92;2;2;21,32507;100
92;2;2;21,32507;100
92;2;2;21,32507;100
92;3;15;21,32507;100
92;3;15;21,32507;100
92;2;2;21,32507;100
92;3;15;21,32507;100
92;2;2;21,65845;100
92;2;2;21,65845;100
92;2;2;21,65845;100
92;2;2;21,65845;100
92;2;2;21,65845;100
92;3;15;21,65845;100
92;3;15;21,65845;100
92;2;2;21,99182;100
92;3;15;21,99182;100
92;3;15;21,99182;100
92;3;15;21,99182;100
92;2;2;21,99182;100
92;2;2;21,99182;100
92;3;15;21,99182;100
92;3;15;21,99182;100
92;2;2;21,99182;100
92;3;15;22,3252;100
92;2;2;22,3252;100
92;2;2;22,3252;100
92;2;2;22,3252;100
92;2;2;22,3252;100
92;2;2;22,3252;100
92;2;2;22,3252;100
92;2;2;22,3252;100
92;3;15;22,65857;100
92;3;15;22,65857;100
92;3;15;22,65857;100
92;3;15;22,65857;100
92;2;2;22,65857;100
92;2;2;22,65857;100
92;2;2;22,65857;100
92;2;2;22,65857;100
92;3;15;22,65857;100
92;3;15;22,65857;100
92;2;2;22,65857;100
92;2;2;22,99194;100
92;3;15;22,99194;100
92;3;15;22,99194;100
92;3;15;22,99194;100
92;3;15;22,99194;100
92;2;2;22,99194;100
92;3;15;22,99194;100
92;3;15;23,32532;100
92;3;15;23,32532;100
92;3;15;23,32532;100
92;2;2;23,32532;100
92;3;15;23,32532;100
92;2;2;23,32532;100
92;3;15;23,32532;100
92;3;15;23,32532;100
92;2;2;23,32532;100
92;2;2;23,32532;100
92;3;15;23,32532;100
92;2;2;23,65869;100
92;2;2;23,65869;100
92;3;15;23,65869;100
92;3;15;23,65869;100
92;3;15;23,65869;100
92;3;15;23,65869;100
92;2;2;23,65869;100
92;3;15;23,65869;100
92;2;2;23,65869;100
92;2;2;23,65869;100
92;3;15;23,65869;100
92;2;2;23,99207;100
92;2;2;23,99207;100
92;3;15;23,99207;100
92;2;2;23,99207;100
92;2;2;23,99207;100
92;3;15;23,99207;100
92;2;2;23,99207;100
92;2;2;23,99207;100
92;3;15;23,99207;100
92;3;15;24,32544;100
92;2;2;24,32544;100
92;2;2;24,32544;100
92;3;15;24,32544;100
92;2;2;24,32544;100
92;2;2;24,32544;100
92;2;2;24,32544;100
92;3;15;24,32544;100
92;3;15;24,32544;100
92;3;15;24,32544;100
92;3;15;24,65881;100
92;3;15;24,65881;100
92;3;15;24,65881;100
92;2;2;24,65881;100
92;3;15;24,65881;100
92;3;15;24,65881;100
92;3;15;24,65881;100
92;3;15;24,65881;100
92;3;15;24,65881;100
92;3;15;24,65881;100
92;2;2;24,99219;100
92;3;15;24,99219;100
92;3;15;24,99219;100
92;3;15;24,99219;100
92;2;2;24,99219;100
92;3;15;24,99219;100
92;3;15;24,99219;100
92;2;2;25,32556;100
92;3;15;25,32556;100
92;3;15;25,32556;100
92;3;15;25,32556;100
92;2;2;25,32556;100
92;3;15;25,32556;100
92;3;15;25,32556;100
92;3;15;25,32556;100
92;2;2;25,65894;100
92;3;15;25,65894;100
92;2;2;25,65894;100
92;2;2;25,65894;100
92;2;2;25,65894;100
92;3;15;25,65894;100
92;3;15;25,65894;100
92;2;2;25,65894;100
92;2;2;25,99231;100
92;3;15;25,99231;100
92;2;2;25,99231;100
92;3;15;25,99231;100
92;3;15;25,99231;100
92;2;2;25,99231;100
92;3;15;25,99231;100
92;2;2;25,99231;100
92;3;15;25,99231;100
92;3;15;26,32568;100
92;2;2;26,32568;100
92;3;15;26,32568;100
92;2;2;26,32568;100
92;2;2;26,32568;100
92;3;15;26,32568;100
92;2;2;26,32568;100
92;2;2;26,65906;100
92;3;15;26,65906;100
92;2;2;26,65906;100
92;3;15;26,65906;100
92;2;2;26,65906;100
92;3;15;26,65906;100
92;3;15;26,65906;100
92;2;2;26,99243;100
92;2;2;26,99243;100
92;3;15;26,99243;100
92;3;15;26,99243;100
92;3;15;26,99243;100
92;2;2;27,32581;100
92;3;15;27,32581;100
92;3;15;27,32581;100
92;2;2;27,32581;100
92;3;15;27,32581;100
92;3;15;27,32581;100
92;3;15;27,32581;100
92;3;15;27,32581;100
92;3;15;27,32581;100
92;3;15;27,65918;100
92;3;15;27,65918;100
92;2;2;27,65918;100
92;3;15;27,65918;100
92;2;2;27,65918;100
92;2;2;27,65918;100
92;3;15;27,65918;100
92;3;15;27,65918;100
92;2;2;27,65918;100
92;3;15;27,99255;100
92;2;2;27,99255;100
92;2;2;27,99255;100
92;2;2;27,99255;100
92;3;15;27,99255;100
92;2;2;27,99255;100
92;2;2;27,99255;100
92;3;15;27,99255;100
92;2;2;27,99255;100
92;3;15;28,32593;100
92;2;2;28,32593;100
92;3;15;28,32593;100
92;2;2;28,32593;100
92;3;15;28,32593;100
92;3;15;28,32593;100
92;3;15;28,32593;100
92;2;2;28,32593;100
92;3;15;28,32593;100
92;2;2;28,32593;100
92;2;2;28,32593;100
92;3;15;28,32593;100
92;3;15;28,6593;100
92;3;15;28,6593;100
92;3;15;28,6593;100
92;3;15;28,6593;100
92;3;15;28,6593;100
92;2;2;28,6593;100
92;3;15;28,6593;100
92;2;2;28,6593;100
92;2;2;28,6593;100
92;3;15;28,6593;100
92;2;2;28,6593;100
92;3;15;28,99268;100
92;2;2;28,99268;100
92;2;2;28,99268;100
92;3;15;28,99268;100
92;3;15;28,99268;100
92;3;15;28,99268;100
92;3;15;28,99268;100
92;2;2;28,99268;100
92;3;15;28,99268;100
92;3;15;29,32605;100
92;2;2;29,32605;100
92;2;2;29,32605;100
92;3;15;29,32605;100
92;2;2;29,32605;100
92;3;15;29,32605;100
92;3;15;29,32605;100
92;3;15;29,32605;100
92;3;15;29,32605;100
92;3;15;29,32605;100
92;2;2;29,32605;100
92;2;2;29,65942;100
92;3;15;29,65942;100
92;2;2;29,65942;100
92;3;15;29,65942;100
92;2;2;29,65942;100
92;3;15;29,65942;100
92;2;2;29,65942;100
92;3;15;29,9928;100
92;2;2;29,9928;100
92;2;2;29,9928;100
92;3;15;29,9928;100
92;3;15;29,9928;100
92;2;2;29,9928;100
92;3;15;29,9928;100
92;3;15;29,9928;100
92;3;15;29,9928;100
92;2;2;29,9928;100
92;3;15;30,32617;100
92;2;2;30,32617;100
92;3;15;30,32617;100
92;3;15;30,32617;100
92;2;2;30,32617;100
92;2;2;30,32617;100
92;3;15;30,32617;100
92;2;2;30,32617;100
92;2;2;30,32617;100
92;3;15;30,32617;100
92;2;2;30,32617;100
92;3;15;30,65955;100
92;3;15;30,65955;100
92;3;15;30,65955;100
92;2;2;30,65955;100
92;2;2;30,65955;100
92;3;15;30,65955;100
92;3;15;30,65955;100
92;3;15;30,99292;100
92;2;2;30,99292;100
92;2;2;30,99292;100
92;2;2;30,99292;100
92;2;2;30,99292;100
92;3;15;30,99292;100
92;2;2;30,99292;100
92;2;2;31,32629;100
92;2;2;31,32629;100
92;2;2;31,32629;100
92;2;2;31,32629;100
92;2;2;31,32629;100
92;2;2;31,32629;100
92;2;2;31,65967;100
92;2;2;31,65967;100
92;3;15;31,65967;100
92;2;2;31,65967;100
92;3;15;31,65967;100
92;2;2;31,65967;100
92;2;2;31,65967;100
92;3;15;31,65967;100
92;2;2;31,65967;100
92;2;2;31,99304;100
92;2;2;31,99304;100
92;2;2;31,99304;100
92;3;15;31,99304;100
92;3;15;31,99304;100
92;2;2;31,99304;100
92;2;2;32,32642;100
92;2;2;32,32642;100
92;2;2;32,32642;100
92;3;15;32,32642;100
92;2;2;32,32642;100
92;3;15;32,65979;100
92;2;2;32,65979;100
92;2;2;32,65979;100
92;2;2;32,65979;100
92;3;15;32,65979;100
92;3;15;32,65979;100
92;3;15;32,65979;100
92;2;2;32,99316;100
92;3;15;32,99316;100
92;2;2;32,99316;100
92;3;15;32,99316;100
92;3;15;32,99316;100
92;3;15;32,99316;100
92;2;2;32,99316;100
92;3;15;32,99316;100
92;2;2;33,32654;100
92;2;2;33,32654;100
92;2;2;33,32654;100
92;2;2;33,32654;100
92;2;2;33,32654;100
92;3;15;33,65991;100
92;2;2;33,65991;100
92;2;2;33,65991;100
92;2;2;33,65991;100
92;3;15;33,65991;100
92;2;2;33,65991;100
92;2;2;33,65991;100
92;3;15;33,65991;100
92;2;2;33,65991;100
92;2;2;33,99329;100
92;3;15;33,99329;100
92;3;15;33,99329;100
92;2;2;33,99329;100
92;2;2;33,99329;100
92;2;2;33,99329;100
92;3;15;33,99329;100
92;2;2;33,99329;100
92;2;2;33,99329;100
92;2;2;33,99329;100
92;3;15;34,32666;100
92;3;15;34,32666;100
92;2;2;34,32666;100
92;3;15;34,32666;100
92;2;2;34,32666;100
92;3;15;34,32666;100
92;3;15;34,32666;100
92;2;2;34,66003;100
92;2;2;34,66003;100
92;3;15;34,66003;100
92;3;15;34,66003;100
92;2;2;34,66003;100
92;3;15;34,66003;100
92;2;2;34,99341;100
92;3;15;34,99341;100
92;2;2;34,99341;100
92;2;2;34,99341;100
92;3;15;34,99341;100
92;2;2;34,99341;100
92;3;15;35,32678;100
92;2;2;35,32678;100
92;3;15;35,32678;100
92;3;15;35,32678;100
92;2;2;35,32678;100
92;3;15;35,32678;100
92;3;15;35,32678;100
92;2;2;35,32678;100
92;2;2;35,32678;100
92;2;2;35,66016;100
92;2;2;35,66016;100
92;3;15;35,66016;100
92;3;15;35,66016;100
92;2;2;35,66016;100
92;3;15;35,66016;100
92;2;2;35,66016;100
92;2;2;35,99353;100
92;3;15;35,99353;100
92;2;2;35,99353;100
92;2;2;35,99353;100
92;3;15;35,99353;100
92;3;15;35,99353;100
92;3;15;35,99353;100
92;3;15;35,99353;100
92;2;2;36,3269;100
92;2;2;36,3269;100
92;2;2;36,3269;100
92;2;2;36,3269;100
92;3;15;36,3269;100
92;3;15;36,3269;100
92;2;2;36,3269;100
92;3;15;36,3269;100
92;3;15;36,3269;100
92;3;15;36,3269;100
92;2;2;36,66028;100
92;3;15;36,66028;100
92;3;15;36,66028;100
92;3;15;36,66028;100
92;2;2;36,66028;100
92;2;2;36,66028;100
92;3;15;36,99365;100
92;3;15;36,99365;100
92;2;2;36,99365;100
92;3;15;36,99365;100
92;2;2;36,99365;100
92;3;15;36,99365;100
92;2;2;36,99365;100
92;2;2;36,99365;100
92;2;2;37,32703;100
92;3;15;37,32703;100
92;3;15;37,32703;100
92;2;2;37,32703;100
92;2;2;37,32703;100
92;3;15;37,32703;100
92;3;15;37,32703;100
92;3;15;37,32703;100
92;3;15;37,6604;100
92;3;15;37,6604;100
92;3;15;37,6604;100
92;2;2;37,6604;100
92;3;15;37,6604;100
92;3;15;37,6604;100
92;2;2;37,6604;100
92;2;2;37,6604;100
92;2;2;37,6604;100
92;3;15;37,99377;100
92;2;2;37,99377;100
92;3;15;37,99377;100
92;2;2;37,99377;100
92;3;15;37,99377;100
92;3;15;37,99377;100
92;2;2;37,99377;100
92;2;2;37,99377;100
92;3;15;37,99377;100
92;3;15;38,32715;100
92;2;2;38,32715;100
92;3;15;38,32715;100
92;2;2;38,32715;100
92;2;2;38,32715;100
92;3;15;38,32715;100
92;2;2;38,32715;100
92;3;15;38,32715;100
92;2;2;38,32715;100
92;2;2;38,66052;100
92;2;2;38,66052;100
92;2;2;38,66052;100
92;3;15;38,66052;100
92;3;15;38,66052;100
92;2;2;38,66052;100
92;2;2;38,66052;100
92;3;15;38,66052;100
92;2;2;38,66052;100
92;3;15;38,66052;100
92;3;15;38,9939;100
92;2;2;38,9939;100
92;2;2;38,9939;100
92;3;15;38,9939;100
92;3;15;38,9939;100
92;2;2;38,9939;100
92;3;15;39,32727;100
92;3;15;39,32727;100
92;3;15;39,32727;100
92;2;2;39,32727;100
92;3;15;39,32727;100
92;2;2;39,32727;100
92;3;15;39,32727;100
92;3;15;39,32727;100
92;2;2;39,32727;100
92;2;2;39,66064;100
92;3;15;39,66064;100
92;3;15;39,66064;100
92;3;15;39,66064;100
92;3;15;39,66064;100
92;2;2;39,66064;100
92;3;15;39,66064;100
92;2;2;39,66064;100
92;3;15;39,99402;100
92;3;15;39,99402;100
92;2;2;39,99402;100
92;2;2;39,99402;100
92;3;15;39,99402;100
92;2;2;40,32739;100
92;3;15;40,32739;100
92;2;2;40,32739;100
92;2;2;40,32739;100
92;2;2;40,32739;100
92;2;2;40,32739;100
92;3;15;40,32739;100
92;2;2;40,32739;100
92;3;15;40,32739;100
92;2;2;40,32739;100
92;3;15;40,32739;100
92;2;2;40,66077;100
92;2;2;40,66077;100
92;2;2;40,66077;100
92;3;15;40,66077;100
92;3;15;40,66077;100
92;3;15;40,66077;100
92;3;15;40,66077;100
92;2;2;40,99414;100
92;2;2;40,99414;100
92;2;2;40,99414;100
92;2;2;40,99414;100
92;3;15;40,99414;100
92;2;2;40,99414;100
92;2;2;40,99414;100
92;3;15;41,32751;100
92;2;2;41,32751;100
92;3;15;41,32751;100
92;3;15;41,32751;100
92;2;2;41,32751;100
92;3;15;41,32751;100
92;3;15;41,32751;100
92;2;2;41,32751;100
92;3;15;41,32751;100
92;3;15;41,32751;100
92;2;2;41,32751;100
92;2;2;41,32751;100
92;2;2;41,32751;100
92;3;15;41,66089;100
92;3;15;41,66089;100
92;3;15;41,66089;100
92;2;2;41,66089;100
92;2;2;41,66089;100
92;2;2;41,66089;100
92;2;2;41,99426;100
92;2;2;41,99426;100
92;3;15;41,99426;100
92;2;2;41,99426;100
92;2;2;41,99426;100
92;3;15;41,99426;100
92;2;2;41,99426;100
92;3;15;41,99426;100
92;3;15;41,99426;100
92;3;15;42,32764;100
92;3;15;42,32764;100
92;3;15;42,32764;100
92;2;2;42,32764;100
92;2;2;42,32764;100
92;2;2;42,32764;100
92;3;15;42,32764;100
92;3;15;42,32764;100
92;3;15;42,32764;100
92;3;15;42,32764;100
92;2;2;42,32764;100
92;2;2;42,66101;100
92;3;15;42,66101;100
92;3;15;42,66101;100
92;3;15;42,66101;100
92;2;2;42,66101;100
92;2;2;42,66101;100
92;2;2;42,66101;100
92;3;15;42,66101;100
92;3;15;42,99438;100
92;2;2;42,99438;100
92;3;15;42,99438;100
92;3;15;42,99438;100
92;3;15;42,99438;100
92;2;2;42,99438;100
92;2;2;42,99438;100
92;3;15;42,99438;100
92;2;2;42,99438;100
92;2;2;42,99438;100
92;3;15;43,32776;100
92;3;15;43,32776;100
92;2;2;43,32776;100
92;2;2;43,32776;100
92;2;2;43,32776;100
92;2;2;43,32776;100
92;3;15;43,32776;100
92;3;15;43,32776;100
92;2;2;43,32776;100
92;3;15;43,32776;100
92;3;15;43,32776;100
92;3;15;43,66113;100
92;2;2;43,66113;100
92;3;15;43,66113;100
92;3;15;43,66113;100
92;3;15;43,66113;100
92;3;15;43,66113;100
92;3;15;43,66113;100
92;3;15;43,66113;100
92;2;2;43,66113;100
92;2;2;43,66113;100
92;3;15;43,66113;100
92;2;2;43,99451;100
92;2;2;43,99451;100
92;2;2;43,99451;100
92;3;15;43,99451;100
92;3;15;44,32788;100
92;2;2;44,32788;100
92;3;15;44,32788;100
92;3;15;44,32788;100
92;3;15;44,32788;100
92;2;2;44,66125;100
92;3;15;44,66125;100
92;2;2;44,66125;100
92;2;2;44,66125;100
92;2;2;44,66125;100
92;2;2;44,66125;100
92;2;2;44,66125;100
92;3;15;44,66125;100
92;3;15;44,66125;100
92;3;15;44,66125;100
92;2;2;44,66125;100
92;3;15;44,66125;100
92;2;2;44,99463;100
92;2;2;44,99463;100
92;2;2;44,99463;100
92;3;15;44,99463;100
92;2;2;44,99463;100
92;2;2;44,99463;100
92;2;2;45,328;100
92;3;15;45,328;100
92;3;15;45,328;100
92;2;2;45,328;100
92;2;2;45,328;100
92;2;2;45,328;100
92;3;15;45,328;100
92;3;15;45,328;100
92;2;2;45,328;100
92;3;15;45,328;100
92;2;2;45,66138;100
100;2;2;45,66138;100
100;3;15;45,66138;100
100;3;15;45,66138;100
100;3;15;45,66138;100
100;2;2;45,66138;100
100;2;2;45,66138;100
100;3;15;45,99475;100
100;2;2;45,99475;100
100;3;15;45,99475;100
100;3;15;45,99475;100
100;2;2;45,99475;100
100;2;2;45,99475;100
100;3;15;45,99475;100
100;2;2;45,99475;100
100;2;2;45,99475;100
100;3;15;46,32813;100
100;2;2;46,32813;100
100;3;15;46,32813;100
100;3;15;46,32813;100
100;3;15;46,32813;100
100;3;15;46,32813;100
100;3;15;46,32813;100
100;3;15;46,32813;100
100;3;15;46,32813;100
100;2;2;46,32813;100
100;3;15;46,6615;100
100;3;15;46,6615;100
100;3;15;46,6615;100
100;3;15;46,6615;100
100;3;15;46,6615;100
100;2;2;46,6615;100
100;3;15;46,6615;100
100;2;2;46,6615;100
100;2;2;46,6615;100
100;2;2;46,6615;100
100;2;2;46,6615;100
100;3;15;46,99487;100
100;2;2;46,99487;100
100;3;15;46,99487;100
100;2;2;46,99487;100
100;2;2;46,99487;100
100;3;15;46,99487;100
100;2;2;46,99487;100
100;3;15;47,32825;100
100;2;2;47,32825;100
100;3;15;47,32825;100
100;2;2;47,32825;100
100;3;15;47,32825;100
100;3;15;47,32825;100
100;2;2;47,32825;100
100;3;15;47,32825;100
100;2;2;47,66162;100
100;3;15;47,66162;100
100;2;2;47,66162;100
100;3;15;47,66162;100
100;2;2;47,66162;100
100;3;15;47,66162;100
100;2;2;47,66162;100
100;3;15;47,66162;100
100;2;2;47,66162;100
100;3;15;47,66162;100
100;3;15;47,995;100
100;3;15;47,995;100
100;3;15;47,995;100
100;3;15;47,995;100
100;2;2;47,995;100
100;2;2;47,995;100
100;2;2;47,995;100
100;3;15;48,32837;100
100;3;15;48,32837;100
100;3;15;48,32837;100
100;2;2;48,32837;100
100;3;15;48,32837;100
100;2;2;48,32837;100
100;2;2;48,32837;100
100;2;2;48,32837;100
100;3;15;48,32837;100
100;3;15;48,32837;100
100;2;2;48,66174;100
100;2;2;48,66174;100
100;2;2;48,66174;100
100;2;2;48,66174;100
100;3;15;48,66174;100
100;3;15;48,66174;100
100;2;2;48,99512;100
100;3;15;48,99512;100
100;2;2;48,99512;100
100;2;2;48,99512;100
100;2;2;49,32849;100
100;2;2;49,32849;100
100;3;15;49,32849;100
100;3;15;49,32849;100
100;2;2;49,32849;100
100;3;15;49,32849;100
100;3;15;49,32849;100
100;3;15;49,32849;100
100;3;15;49,32849;100
100;3;15;49,32849;100
100;2;2;49,66187;100
100;2;2;49,66187;100
100;3;15;49,66187;100
100;3;15;49,66187;100
100;2;2;49,66187;100
100;3;15;49,66187;100
100;2;2;49,66187;100
100;3;15;49,99524;100
100;3;15;49,99524;100
100;3;15;49,99524;100
100;3;15;49,99524;100
100;2;2;49,99524;100
100;3;15;49,99524;100
100;3;15;50,32861;100
100;3;15;50,32861;100
100;2;2;50,32861;100
100;2;2;50,32861;100
100;3;15;50,32861;100
100;2;2;50,66199;100
100;2;2;50,66199;100
100;3;15;50,66199;100
100;2;2;50,66199;100
100;3;15;50,66199;100
100;2;2;50,66199;100
100;3;15;50,99536;100
100;3;15;50,99536;100
100;2;2;50,99536;100
100;2;2;50,99536;100
100;3;15;50,99536;100
100;2;2;50,99536;100
100;2;2;50,99536;100
100;2;2;50,99536;100
100;2;2;50,99536;100
100;3;15;50,99536;100
100;3;15;50,99536;100
100;2;2;50,99536;100
100;3;15;51,32874;100
100;3;15;51,32874;100
100;3;15;51,32874;100
100;2;2;51,32874;100
100;3;15;51,32874;100
100;2;2;51,32874;100
100;3;15;51,32874;100
100;2;2;51,32874;100
100;3;15;51,66211;100
100;3;15;51,66211;100
100;3;15;51,66211;100
100;2;2;51,66211;100
100;3;15;51,66211;100
100;3;15;51,66211;100
100;3;15;51,99548;100
100;3;15;51,99548;100
100;2;2;51,99548;100
100;3;15;51,99548;100
100;2;2;51,99548;100
100;2;2;51,99548;100
100;2;2;52,32886;100
100;3;15;52,32886;100
100;2;2;52,32886;100
100;3;15;52,32886;100
100;2;2;52,32886;100
100;3;15;52,32886;100
100;3;15;52,32886;100
100;2;2;52,32886;100
100;3;15;52,32886;100
100;3;15;52,32886;100
100;3;15;52,32886;100
100;3;15;52,66223;100
100;2;2;52,66223;100
100;2;2;52,66223;100
100;3;15;52,66223;100
100;2;2;52,66223;100
100;2;2;52,66223;100
100;2;2;52,66223;100
100;3;15;52,66223;100
100;2;2;52,99561;100
100;3;15;52,99561;100
100;2;2;52,99561;100
100;2;2;52,99561;100
100;2;2;52,99561;100
100;3;15;52,99561;100
100;3;15;52,99561;100
100;3;15;52,99561;100
100;3;15;53,32898;100
100;2;2;53,32898;100
100;3;15;53,32898;100
100;2;2;53,32898;100
100;3;15;53,32898;100
100;3;15;53,32898;100
100;2;2;53,32898;100
100;3;15;53,32898;100
100;2;2;53,32898;100
100;3;15;53,32898;100
100;3;15;53,32898;100
100;3;15;53,66235;100
100;3;15;53,66235;100
100;3;15;53,66235;100
100;3;15;53,66235;100
100;3;15;53,66235;100
100;2;2;53,66235;100
100;2;2;53,66235;100
100;3;15;53,66235;100
100;3;15;53,99573;100
100;2;2;53,99573;100
100;2;2;53,99573;100
100;2;2;53,99573;100
100;3;15;53,99573;100
100;2;2;53,99573;100
100;3;15;54,3291;100
100;2;2;54,3291;100
100;2;2;54,3291;100
100;2;2;54,3291;100
100;3;15;54,3291;100
100;3;15;54,3291;100
100;2;2;54,3291;100
100;2;2;54,3291;100
100;2;2;54,3291;100
100;2;2;54,3291;100
100;2;2;54,66248;100
100;3;15;54,66248;100
100;3;15;54,66248;100
100;2;2;54,66248;100
100;2;2;54,66248;100
100;2;2;54,66248;100
100;2;2;54,66248;100
100;2;2;54,66248;100
100;2;2;54,66248;100
100;3;15;54,99585;100
100;2;2;54,99585;100
100;3;15;54,99585;100
100;2;2;54,99585;100
100;2;2;54,99585;100
100;2;2;54,99585;100
100;2;2;54,99585;100
100;3;15;54,99585;100
100;2;2;54,99585;100
100;2;2;55,32922;100
100;2;2;55,32922;100
100;2;2;55,32922;100
100;3;15;55,32922;100
100;2;2;55,32922;100
100;3;15;55,32922;100
100;3;15;55,6626;100
100;3;15;55,6626;100
100;2;2;55,6626;100
100;3;15;55,6626;100
100;3;15;55,6626;100
100;3;15;55,6626;100
100;2;2;55,6626;100
100;2;2;55,99597;100
100;2;2;55,99597;100
100;3;15;55,99597;100
100;3;15;55,99597;100
100;2;2;55,99597;100
100;2;2;55,99597;100
100;3;15;55,99597;100
100;2;2;55,99597;100
100;3;15;55,99597;100
100;2;2;55,99597;100
100;2;2;55,99597;100
100;3;15;55,99597;100
100;2;2;55,99597;100
100;3;15;56,32935;100
100;2;2;56,32935;100
100;3;15;56,32935;100
100;2;2;56,32935;100
100;2;2;56,32935;100
100;2;2;56,32935;100
100;3;15;56,32935;100
100;2;2;56,66272;100
100;2;2;56,66272;100
100;2;2;56,66272;100
100;2;2;56,66272;100
100;3;15;56,66272;100
100;3;15;56,66272;100
100;2;2;56,66272;100
100;3;15;56,66272;100
100;2;2;56,66272;100
100;2;2;56,66272;100
100;3;15;56,99609;100
100;3;15;56,99609;100
100;2;2;56,99609;100
100;3;15;56,99609;100
100;3;15;56,99609;100
100;3;15;56,99609;100
100;3;15;56,99609;100
100;3;15;56,99609;100
100;3;15;56,99609;100
100;2;2;57,32947;100
100;3;15;57,32947;100
100;2;2;57,32947;100
100;2;2;57,32947;100
100;3;15;57,32947;100
100;2;2;57,32947;100
100;2;2;57,32947;100
100;2;2;57,32947;100
100;2;2;57,32947;100
100;3;15;57,32947;100
100;2;2;57,66284;100
100;2;2;57,66284;100
100;2;2;57,66284;100
100;3;15;57,66284;100
100;3;15;57,66284;100
100;2;2;57,66284;100
100;3;15;57,66284;100
100;2;2;57,66284;100
100;2;2;57,99622;100
100;3;15;57,99622;100
100;3;15;57,99622;100
100;2;2;57,99622;100
100;3;15;57,99622;100
100;3;15;57,99622;100
100;3;15;57,99622;100
100;3;15;57,99622;100
100;2;2;57,99622;100
100;3;15;57,99622;100
100;2;2;58,32959;100
100;2;2;58,32959;100
100;3;15;58,32959;100
100;2;2;58,32959;100
100;3;15;58,32959;100
100;3;15;58,32959;100
100;3;15;58,32959;100
100;3;15;58,32959;100
100;2;2;58,66296;100
100;3;15;58,66296;100
100;3;15;58,66296;100
100;3;15;58,66296;100
100;3;15;58,66296;100
100;2;2;58,66296;100
100;3;15;58,66296;100
100;3;15;58,66296;100
100;2;2;58,99634;100
100;3;15;58,99634;100
100;3;15;58,99634;100
100;2;2;58,99634;100
100;3;15;58,99634;100
100;3;15;58,99634;100
100;2;2;58,99634;100
100;3;15;58,99634;100
100;3;15;58,99634;100
100;2;2;59,32971;100
100;2;2;59,32971;100
100;2;2;59,32971;100
100;3;15;59,32971;100
100;2;2;59,32971;100
100;3;15;59,32971;100
100;3;15;59,32971;100
100;2;2;59,66309;100
100;3;15;59,66309;100
100;2;2;59,66309;100
100;2;2;59,66309;100
100;2;2;59,66309;100
100;2;2;59,66309;100
100;3;15;59,66309;100
100;2;2;59,66309;100
100;2;2;59,66309;100
100;3;15;59,66309;100
100;2;2;59,66309;100
100;2;2;59,66309;100
100;3;15;59,99646;100
100;3;15;59,99646;100
100;3;15;59,99646;100
100;2;2;59,99646;100
100;3;15;59,99646;100
100;3;15;59,99646;100
100;3;15;59,99646;100
100;2;2;59,99646;100
100;3;15;59,99646;100
100;3;15;59,99646;100
100;2;2;0,329834;100
100;2;2;0,329834;100
100;2;2;0,329834;100
100;2;2;0,329834;100
100;2;2;0,329834;100
100;3;15;0,329834;100
100;3;15;0,329834;100
100;2;2;0,663208;100
100;2;2;0,663208;100
100;3;15;0,663208;100
100;2;2;0,663208;100
100;3;15;0,663208;100
100;3;15;0,663208;100
100;2;2;0,663208;100
100;3;15;0,663208;100
100;2;2;0,663208;100
100;3;15;0,996582;100
100;2;2;0,996582;100
100;2;2;0,996582;100
100;3;15;0,996582;100
100;3;15;0,996582;100
100;2;2;0,996582;100
100;2;2;0,996582;100
100;3;15;0,996582;100
100;2;2;0,996582;100
100;2;2;1,329956;100
100;3;15;1,329956;100
100;3;15;1,329956;100
100;2;2;1,329956;100
100;2;2;1,329956;100
100;3;15;1,329956;100
100;2;2;1,329956;100
100;2;2;1,329956;100
100;2;2;1,329956;100
100;3;15;1,329956;100
100;2;2;1,329956;100
100;3;15;1,329956;100
100;3;15;1,329956;100
100;3;15;1,66333;100
100;3;15;1,66333;100
100;2;2;1,66333;100
100;2;2;1,66333;100
100;2;2;1,66333;100
100;3;15;1,66333;100
100;3;15;1,66333;100
100;3;15;1,66333;100
100;2;2;1,66333;100
100;2;2;1,66333;100
100;3;15;1,996704;100
100;3;15;1,996704;100
100;2;2;1,996704;100
100;2;2;1,996704;100
100;2;2;1,996704;100
100;3;15;1,996704;100
100;3;15;1,996704;100
100;3;15;1,996704;100
100;3;15;2,330078;100
100;2;2;2,330078;100
100;3;15;2,330078;100
100;2;2;2,330078;100
100;3;15;2,330078;100
100;3;15;2,330078;100
100;3;15;2,330078;100
100;2;2;2,330078;100
100;3;15;2,330078;100
100;2;2;2,663452;100
100;3;15;2,663452;100
100;3;15;2,663452;100
100;2;2;2,663452;100
100;3;15;2,663452;100
100;2;2;2,663452;100
100;2;2;2,996826;100
100;3;15;2,996826;100
100;2;2;2,996826;100
100;3;15;2,996826;100
100;2;2;2,996826;100
100;3;15;2,996826;100
100;3;15;2,996826;100
100;2;2;2,996826;100
100;2;2;3,3302;100
100;2;2;3,3302;100
100;2;2;3,3302;100
100;2;2;3,3302;100
100;3;15;3,3302;100
100;2;2;3,3302;100
100;3;15;3,3302;100
100;3;15;3,3302;100
100;3;15;3,3302;100
100;2;2;3,663574;100
100;3;15;3,663574;100
100;3;15;3,663574;100
100;2;2;3,663574;100
100;2;2;3,663574;100
100;3;15;3,663574;100
100;2;2;3,663574;100
100;3;15;3,663574;100
100;2;2;3,663574;100
100;2;2;3,996948;100
100;2;2;3,996948;100
100;3;15;3,996948;100
100;2;2;3,996948;100
100;3;15;3,996948;100
100;3;15;3,996948;100
100;3;15;3,996948;100
100;3;15;4,330322;100
100;3;15;4,330322;100
100;3;15;4,330322;100
100;2;2;4,330322;100
100;3;15;4,330322;100
100;3;15;4,330322;100
100;3;15;4,330322;100
100;2;2;4,330322;100
100;3;15;4,330322;100
100;2;2;4,330322;100
100;2;2;4,663696;100
100;3;15;4,663696;100
100;3;15;4,663696;100
100;3;15;4,663696;100
100;2;2;4,663696;100
100;2;2;4,663696;100
100;2;2;4,663696;100
100;3;15;4,663696;100
100;3;15;4,99707;100
100;2;2;4,99707;100
100;3;15;4,99707;85
100;2;2;4,99707;85
100;3;15;4,99707;70
100;2;2;4,99707;70
100;2;2;4,99707;70
100;2;2;4,99707;70
100;3;15;4,99707;55
100;2;2;4,99707;55
100;2;2;5,330444;55
100;3;15;5,330444;55
100;3;15;5,330444;55
100;2;2;5,330444;55
100;3;15;5,330444;55
100;2;2;5,330444;55
100;2;2;5,663818;55
100;3;15;5,663818;55
100;2;2;5,663818;55
100;2;2;5,663818;55
100;3;15;5,663818;55
100;3;15;5,663818;55
100;2;2;5,663818;55
100;2;2;5,997192;55
100;3;15;5,997192;55
100;3;15;5,997192;55
100;2;2;5,997192;55
100;2;2;5,997192;55
100;2;2;6,330566;55
100;2;2;6,330566;55
100;3;15;6,330566;55
100;2;2;6,330566;55
100;3;15;6,330566;55
100;2;2;6,330566;55
100;2;2;6,330566;55
100;3;15;6,330566;55
100;2;2;6,330566;55
100;3;15;6,330566;55
100;2;2;6,66394;55
100;2;2;6,66394;55
100;3;15;6,66394;55
100;2;2;6,66394;55
100;3;15;6,66394;55
100;3;15;6,66394;55
100;2;2;6,997314;55
100;2;2;6,997314;55
100;3;15;6,997314;55
100;2;2;6,997314;55
100;3;15;6,997314;55
100;3;15;6,997314;55
100;3;15;6,997314;55
100;2;2;6,997314;55
100;2;2;6,997314;55
100;3;15;6,997314;55
100;2;2;7,330688;55
100;2;2;7,330688;55
100;2;2;7,330688;55
100;2;2;7,330688;55
100;3;15;7,330688;55
100;3;15;7,330688;55
100;2;2;7,330688;55
100;3;15;7,330688;55
100;3;15;7,330688;55
100;3;15;7,330688;55
100;2;2;7,330688;55
100;3;15;7,664063;55
100;3;15;7,664063;55
100;2;2;7,664063;55
100;2;2;7,664063;55
100;3;15;7,664063;55
100;3;15;7,664063;55
100;2;2;7,664063;55
100;2;2;7,664063;55
100;2;2;7,664063;55
100;3;15;7,664063;55
100;3;15;7,664063;55
100;2;2;7,664063;55
100;3;15;7,997437;55
100;3;15;7,997437;55
100;2;2;7,997437;55
100;3;15;7,997437;55
100;3;15;7,997437;55
100;2;2;7,997437;55
100;2;2;7,997437;55
100;2;2;7,997437;55
100;3;15;8,330811;55
100;2;2;8,330811;55
100;2;2;8,330811;55
100;2;2;8,330811;55
100;3;15;8,330811;55
100;2;2;8,330811;55
100;2;2;8,330811;55
100;3;15;8,664185;55
100;3;15;8,664185;55
100;2;2;8,664185;55
100;2;2;8,664185;55
100;3;15;8,664185;55
100;2;2;8,664185;55
100;2;2;8,664185;55
100;3;15;8,664185;55
100;3;15;8,664185;55
100;3;15;8,664185;55
100;2;2;8,664185;55
100;3;15;8,664185;55
100;2;2;8,664185;55
100;3;15;8,997559;55
100;2;2;8,997559;55
100;2;2;8,997559;55
100;3;15;8,997559;55
100;3;15;8,997559;55
100;3;15;8,997559;55
100;2;2;8,997559;55
100;2;2;8,997559;55
100;2;2;8,997559;55
100;3;15;8,997559;55
100;2;2;8,997559;55
100;3;15;8,997559;55
100;2;2;8,997559;55
100;2;2;9,330933;55
100;2;2;9,330933;55
100;3;15;9,330933;55
100;2;2;9,330933;55
100;2;2;9,330933;55
100;2;2;9,330933;55
100;2;2;9,664307;55
100;2;2;9,664307;55
100;3;15;9,664307;55
100;2;2;9,664307;55
100;2;2;9,664307;55
100;2;2;9,664307;55
100;2;2;9,664307;55
100;2;2;9,997681;55
100;3;15;9,997681;55
100;3;15;9,997681;55
100;3;15;9,997681;55
100;3;15;9,997681;55
100;2;2;9,997681;55
100;3;15;9,997681;55
100;2;2;9,997681;55
100;2;2;9,997681;55
100;3;15;9,997681;55
100;2;2;10,33105;55
100;3;15;10,33105;55
100;2;2;10,33105;55
100;3;15;10,33105;55
100;2;2;10,33105;55
100;3;15;10,33105;55
100;3;15;10,33105;55
100;3;15;10,33105;55
100;2;2;10,33105;55
100;2;2;10,66443;55
100;3;15;10,66443;55
100;3;15;10,66443;55
100;3;15;10,66443;55
100;2;2;10,66443;55
100;3;15;10,66443;55
100;2;2;10,66443;55
100;2;2;10,9978;55
100;2;2;10,9978;55
100;3;15;10,9978;55
100;2;2;10,9978;55
100;3;15;10,9978;55
100;2;2;10,9978;55
100;2;2;10,9978;55
100;2;2;10,9978;55
100;2;2;10,9978;55
100;2;2;10,9978;55
100;2;2;11,33118;55
100;3;15;11,33118;55
100;2;2;11,33118;55
100;2;2;11,33118;55
100;3;15;11,33118;55
100;3;15;11,33118;55
100;2;2;11,66455;55
100;2;2;11,66455;55
100;3;15;11,66455;55
100;2;2;11,66455;55
100;2;2;11,66455;55
100;2;2;11,66455;55
100;2;2;11,66455;55
100;3;15;11,66455;55
100;2;2;11,66455;55
100;3;15;11,66455;55
100;3;15;11,99792;55
100;3;15;11,99792;55
100;3;15;11,99792;55
100;3;15;11,99792;55
100;2;2;11,99792;55
100;2;2;11,99792;55
100;3;15;11,99792;55
100;3;15;11,99792;55
100;2;2;11,99792;55
100;2;2;11,99792;55
100;3;15;11,99792;55
100;3;15;12,3313;55
100;3;15;12,3313;55
100;2;2;12,3313;55
100;3;15;12,3313;55
100;3;15;12,3313;55
100;3;15;12,3313;55
100;2;2;12,66467;55
100;2;2;12,66467;55
100;2;2;12,66467;55
100;2;2;12,66467;55
100;3;15;12,66467;55
100;3;15;12,66467;55
100;3;15;12,66467;55
100;2;2;12,66467;55
100;2;2;12,99805;55
100;3;15;12,99805;55
100;2;2;12,99805;55
100;2;2;12,99805;55
100;2;2;12,99805;55
100;2;2;12,99805;55
100;3;15;12,99805;55
100;2;2;12,99805;55
100;3;15;12,99805;55
100;2;2;12,99805;55
100;3;15;13,33142;55
100;2;2;13,33142;55
100;2;2;13,33142;55
100;3;15;13,33142;55
100;2;2;13,33142;55
100;3;15;13,33142;55
100;3;15;13,33142;55
100;2;2;13,66479;55
100;3;15;13,66479;55
100;3;15;13,66479;55
100;3;15;13,66479;55
100;2;2;13,66479;55
100;3;15;13,66479;55
100;2;2;13,66479;55
100;2;2;13,99817;55
100;3;15;13,99817;55
100;2;2;13,99817;55
100;3;15;13,99817;55
100;3;15;13,99817;55
100;3;15;13,99817;55
100;2;2;13,99817;55
100;3;15;13,99817;55
100;3;15;14,33154;55
100;2;2;14,33154;55
100;3;15;14,33154;55
100;2;2;14,33154;55
100;2;2;14,33154;55
100;2;2;14,66492;55
100;3;15;14,66492;55
100;3;15;14,66492;55
100;3;15;14,66492;55
100;3;15;14,66492;55
100;2;2;14,66492;55
100;2;2;14,66492;55
100;2;2;14,66492;55
100;2;2;14,66492;55
100;3;15;14,99829;55
100;2;2;14,99829;55
100;3;15;14,99829;55
100;2;2;14,99829;55
100;2;2;14,99829;55
100;2;2;15,33167;55
100;2;2;15,33167;55
100;2;2;15,33167;55
100;3;15;15,33167;55
100;2;2;15,33167;55
100;3;15;15,33167;55
100;2;2;15,33167;55
100;2;2;15,33167;55
100;2;2;15,33167;55
100;2;2;15,66504;55
100;2;2;15,66504;55
100;3;15;15,66504;100
100;3;15;15,66504;100
100;2;2;15,66504;100
100;2;2;15,66504;100
100;2;2;15,66504;100
100;3;15;15,66504;100
100;2;2;15,66504;100
100;3;15;15,99841;100
100;2;2;15,99841;100
100;2;2;15,99841;100
100;2;2;15,99841;100
100;3;15;15,99841;100
100;2;2;15,99841;100
100;2;2;15,99841;100
100;2;2;15,99841;100
100;2;2;16,33179;100
100;2;2;16,33179;100
100;2;2;16,33179;100
100;2;2;16,33179;100
100;2;2;16,33179;100
100;2;2;16,66516;100
100;2;2;16,66516;100
100;3;15;16,66516;100
100;3;15;16,66516;100
100;2;2;16,66516;100
100;3;15;16,99854;100
100;3;15;16,99854;100
100;2;2;16,99854;100
100;2;2;16,99854;100
100;3;15;16,99854;100
100;2;2;16,99854;100
100;2;2;17,33191;100
100;2;2;17,33191;100
100;2;2;17,33191;100
100;3;15;17,33191;100
100;2;2;17,33191;100
100;2;2;17,33191;100
100;3;15;17,33191;100
100;3;15;17,33191;100
100;3;15;17,33191;100
100;3;15;17,33191;100
100;2;2;17,33191;100
100;3;15;17,66528;100
100;3;15;17,66528;100
100;3;15;17,66528;100
100;2;2;17,66528;100
100;3;15;17,66528;100
100;2;2;17,66528;100
100;2;2;17,99866;100
100;3;15;17,99866;100
100;2;2;17,99866;100
100;3;15;17,99866;100
100;3;15;17,99866;100
100;2;2;17,99866;100
100;2;2;17,99866;100
100;2;2;17,99866;100
100;3;15;17,99866;100
100;2;2;17,99866;100
100;2;2;18,33203;100
100;3;15;18,33203;100
100;2;2;18,33203;100
100;2;2;18,33203;100
100;2;2;18,33203;100
100;3;15;18,33203;100
100;2;2;18,33203;100
100;3;15;18,33203;100
100;2;2;18,33203;100
100;2;2;18,33203;100
100;3;15;18,66541;100
100;3;15;18,66541;100
100;3;15;18,66541;100
100;2;2;18,66541;100
100;3;15;18,66541;100
100;2;2;18,66541;100
100;2;2;18,66541;100
100;2;2;18,99878;100
100;3;15;18,99878;100
100;3;15;18,99878;100
100;3;15;18,99878;100
100;3;15;18,99878;100
100;2;2;18,99878;100
100;2;2;19,33215;100
100;3;15;19,33215;100
100;3;15;19,33215;100
100;3;15;19,33215;100
100;3;15;19,33215;100
100;3;15;19,33215;100
100;2;2;19,33215;100
100;3;15;19,33215;100
100;2;2;19,33215;100
100;2;2;19,66553;100
100;2;2;19,66553;100
100;3;15;19,66553;100
100;3;15;19,66553;100
100;3;15;19,66553;100
100;3;15;19,66553;100
100;2;2;19,66553;100
100;3;15;19,66553;100
100;2;2;19,66553;100
100;2;2;19,66553;100
100;3;15;19,66553;100
100;2;2;19,9989;100
100;3;15;19,9989;100
100;3;15;19,9989;100
100;3;15;19,9989;100
100;3;15;19,9989;100
100;3;15;19,9989;100
100;3;15;19,9989;100
100;2;2;20,33228;100
100;3;15;20,33228;100
100;3;15;20,33228;100
100;3;15;20,33228;100
100;2;2;20,33228;100
100;2;2;20,33228;100
100;2;2;20,33228;100
100;2;2;20,33228;100
100;3;15;20,33228;100
100;2;2;20,33228;100
100;2;2;20,66565;100
100;3;15;20,66565;100
100;3;15;20,66565;100
100;2;2;20,66565;100
100;2;2;20,66565;100
100;2;2;20,66565;100
100;2;2;20,66565;100
100;3;15;20,66565;100
100;3;15;20,66565;100
100;3;15;20,66565;100
100;2;2;20,66565;100
100;2;2;20,66565;100
100;3;15;20,99902;100
100;3;15;20,99902;100
100;3;15;20,99902;100
100;2;2;20,99902;100
100;2;2;20,99902;100
100;2;2;20,99902;100
100;3;15;20,99902;100
100;2;2;21,3324;100
100;2;2;21,3324;100
100;2;2;21,3324;100
100;2;2;21,3324;100
100;2;2;21,3324;100
100;3;15;21,3324;100
100;2;2;21,3324;100
100;2;2;21,3324;100
100;2;2;21,3324;100
100;2;2;21,66577;100
100;2;2;21,66577;100
100;2;2;21,66577;100
100;3;15;21,66577;100
100;2;2;21,66577;100
100;2;2;21,66577;100
100;2;2;21,66577;100
100;2;2;21,66577;100
100;2;2;21,66577;100
100;2;2;21,66577;100
100;2;2;21,66577;100
100;3;15;21,99915;100
100;2;2;21,99915;100
100;2;2;21,99915;100
100;3;15;21,99915;100
100;2;2;21,99915;100
100;3;15;21,99915;100
100;3;15;21,99915;100
100;3;15;21,99915;100
100;2;2;21,99915;100
100;2;2;22,33252;100
100;3;15;22,33252;100
100;2;2;22,33252;100
100;3;15;22,33252;100
100;2;2;22,33252;100
100;2;2;22,33252;100
100;2;2;22,66589;100
100;2;2;22,66589;100
100;2;2;22,66589;100
100;3;15;22,66589;100
100;3;15;22,66589;100
100;2;2;22,66589;100
100;3;15;22,66589;100
100;2;2;22,66589;100
100;3;15;22,66589;100
100;2;2;22,99927;100
100;3;15;22,99927;100
100;3;15;22,99927;100
100;2;2;22,99927;100
100;2;2;22,99927;100
100;2;2;22,99927;100
100;3;15;22,99927;100
100;2;2;22,99927;100
100;3;15;22,99927;100
100;2;2;22,99927;100
100;3;15;23,33264;100
100;3;15;23,33264;100
100;2;2;23,33264;100
100;2;2;23,33264;100
100;2;2;23,33264;100
100;2;2;23,33264;100
100;2;2;23,33264;100
100;2;2;23,33264;100
100;3;15;23,66602;100
100;3;15;23,66602;100
100;2;2;23,66602;100
100;2;2;23,66602;100
100;3;15;23,66602;100
100;3;15;23,66602;100
100;3;15;23,66602;100
100;2;2;23,66602;100
100;3;15;23,66602;100
100;3;15;23,66602;100
100;2;2;23,99939;100
100;2;2;23,99939;100
100;2;2;23,99939;100
100;3;15;23,99939;100
100;2;2;23,99939;100
100;2;2;23,99939;100
100;2;2;23,99939;100
100;2;2;23,99939;100
100;3;15;23,99939;100
100;3;15;24,33276;100
100;3;15;24,33276;100
100;3;15;24,33276;100
100;3;15;24,33276;100
100;2;2;24,33276;100
100;3;15;24,66614;100
100;2;2;24,66614;100
100;2;2;24,66614;100
100;2;2;24,66614;100
100;3;15;24,66614;100
100;3;15;24,66614;100
100;3;15;24,66614;100
100;3;15;24,66614;100
100;3;15;24,66614;100
100;3;15;24,66614;100
100;2;2;24,99951;100
100;3;15;24,99951;100
100;3;15;24,99951;100
100;2;2;24,99951;100
100;2;2;24,99951;100
100;2;2;24,99951;100
100;3;15;24,99951;100
100;3;15;24,99951;100
100;3;15;24,99951;100
100;3;15;25,33289;100
100;3;15;25,33289;100
100;3;15;25,33289;100
100;3;15;25,33289;100
100;2;2;25,33289;100
100;2;2;25,33289;100
100;2;2;25,33289;100
100;3;15;25,33289;100
100;2;2;25,33289;100
100;3;15;25,66626;100
100;3;15;25,66626;100
100;3;15;25,66626;100
100;3;15;25,66626;100
100;3;15;25,66626;100
100;3;15;25,99963;100
100;3;15;25,99963;100
100;2;2;25,99963;100
100;2;2;25,99963;100
100;3;15;25,99963;100
100;3;15;25,99963;100
100;2;2;25,99963;100
100;3;15;25,99963;100
100;3;15;26,33301;100
100;3;15;26,33301;100
100;3;15;26,33301;100
100;2;2;26,33301;100
100;2;2;26,33301;100
100;3;15;26,33301;100
100;3;15;26,33301;100
100;2;2;26,66638;100
100;2;2;26,66638;100
100;3;15;26,66638;100
100;2;2;26,66638;100
100;3;15;26,66638;100
100;3;15;26,66638;100
100;2;2;26,66638;100
100;2;2;26,66638;100
100;3;15;26,66638;100
100;3;15;26,99976;100
100;3;15;26,99976;100
100;3;15;26,99976;100
100;2;2;26,99976;100
100;3;15;26,99976;100
100;3;15;26,99976;100
100;3;15;27,33313;100
100;2;2;27,33313;100
100;2;2;27,33313;100
100;3;15;27,33313;100
100;3;15;27,33313;100
100;2;2;27,33313;100
100;2;2;27,33313;100
100;3;15;27,6665;100
100;3;15;27,6665;100
100;2;2;27,6665;100
100;2;2;27,6665;100
100;3;15;27,6665;100
100;3;15;27,6665;100
100;3;15;27,6665;100
100;2;2;27,99988;100
100;3;15;27,99988;100
100;3;15;27,99988;100
100;2;2;27,99988;100
100;2;2;27,99988;100
100;2;2;27,99988;100
100;3;15;27,99988;100
100;3;15;27,99988;100
100;3;15;27,99988;100
100;2;2;27,99988;100
100;2;2;27,99988;100
100;2;2;28,33325;100
100;3;15;28,33325;100
100;2;2;28,33325;100
100;2;2;28,33325;100
100;3;15;28,33325;100
100;2;2;28,33325;100
100;2;2;28,33325;100
100;2;2;28,33325;100
100;3;15;28,33325;100
100;2;2;28,66663;100
100;3;15;28,66663;100
100;3;15;28,66663;100
100;3;15;28,66663;100
100;3;15;28,66663;100
100;2;2;28,66663;100
100;3;15;28,66663;100
100;2;2;29;100
100;2;2;29;100
100;2;2;29;100
100;2;2;29;100
100;3;15;29;100
100;2;2;29;100
100;2;2;29;100
100;2;2;29;100
100;3;15;29;100
100;3;15;29,33337;100
100;3;15;29,33337;100
100;3;15;29,33337;100
100;3;15;29,33337;100
100;2;2;29,33337;100
100;3;15;29,33337;100
100;2;2;29,33337;100
100;3;15;29,66675;100
100;3;15;29,66675;100
100;2;2;29,66675;100
100;2;2;29,66675;100
100;2;2;29,66675;100
100;3;15;29,66675;100
100;2;2;29,66675;100
100;3;15;29,66675;100
100;2;2;29,66675;100
100;3;15;29,66675;100
100;2;2;30,00012;100
100;2;2;30,00012;100
100;2;2;30,00012;100
100;3;15;30,00012;100
100;3;15;30,00012;100
100;2;2;30,00012;100
100;2;2;30,00012;100
100;2;2;30,00012;100
100;3;15;30,3335;100
100;2;2;30,3335;100
100;2;2;30,3335;100
100;2;2;30,3335;100
100;3;15;30,3335;100
100;3;15;30,3335;100
100;3;15;30,3335;100
100;3;15;30,3335;100
100;2;2;30,66687;100
100;3;15;30,66687;100
100;3;15;30,66687;100
100;2;2;30,66687;100
100;2;2;30,66687;100
100;2;2;30,66687;100
100;3;15;30,66687;100
100;2;2;31,00024;100
100;3;15;31,00024;100
100;3;15;31,00024;100
100;3;15;31,00024;100
100;2;2;31,00024;100
100;3;15;31,00024;100
100;2;2;31,00024;100
100;2;2;31,00024;100
100;2;2;31,00024;100
100;2;2;31,33362;100
100;3;15;31,33362;100
100;2;2;31,33362;100
100;2;2;31,33362;100
100;2;2;31,33362;100
100;2;2;31,33362;100
100;2;2;31,33362;100
100;3;15;31,66699;100
100;3;15;31,66699;100
100;3;15;31,66699;100
100;3;15;31,66699;100
100;2;2;31,66699;100
100;2;2;31,66699;100
100;2;2;31,66699;100
100;3;15;31,66699;100
100;2;2;32,00037;100
100;3;15;32,00037;100
100;2;2;32,00037;100
100;3;15;32,00037;100
100;3;15;32,00037;100
100;2;2;32,00037;100
100;3;15;32,00037;100
100;2;2;32,00037;100
100;2;2;32,00037;100
100;2;2;32,00037;100
100;3;15;32,33374;100
100;2;2;32,33374;100
100;3;15;32,33374;100
100;3;15;32,33374;100
100;2;2;32,33374;100
100;3;15;32,33374;100
100;2;2;32,33374;100
100;2;2;32,33374;100
100;3;15;32,33374;100
100;3;15;32,33374;100
100;2;2;32,33374;100
100;2;2;32,66711;100
100;3;15;32,66711;100
100;3;15;32,66711;100
100;2;2;32,66711;100
100;2;2;32,66711;100
100;3;15;32,66711;100
100;2;2;32,66711;100
100;3;15;32,66711;100
100;2;2;32,66711;100
100;2;2;33,00049;100
100;3;15;33,00049;100
100;3;15;33,00049;100
100;2;2;33,00049;100
100;2;2;33,00049;100
100;3;15;33,00049;100
100;3;15;33,00049;100
100;2;2;33,00049;100
100;2;2;33,00049;100
100;3;15;33,00049;100
100;3;15;33,33386;100
100;3;15;33,33386;100
100;3;15;33,33386;100
100;3;15;33,33386;100
100;3;15;33,33386;100
100;3;15;33,33386;100
100;3;15;33,33386;100
100;2;2;33,33386;100
100;3;15;33,33386;100
100;2;2;33,33386;100
100;3;15;33,33386;100
100;2;2;33,66724;100
100;2;2;33,66724;100
100;3;15;33,66724;100
100;3;15;33,66724;100
100;3;15;33,66724;100
100;3;15;33,66724;100
100;2;2;33,66724;100
100;2;2;33,66724;100
100;3;15;34,00061;100
100;2;2;34,00061;100
100;3;15;34,00061;100
100;2;2;34,00061;100
100;2;2;34,00061;100
100;2;2;34,00061;100
100;2;2;34,33398;100
100;2;2;34,33398;100
100;2;2;34,33398;100
100;2;2;34,33398;100
100;2;2;34,33398;100
100;2;2;34,33398;100
100;3;15;34,33398;100
100;2;2;34,33398;100
100;3;15;34,66736;100
100;2;2;34,66736;100
100;2;2;34,66736;100
100;2;2;34,66736;100
100;2;2;34,66736;100
100;2;2;34,66736;100
100;2;2;34,66736;100
100;3;15;34,66736;100
100;3;15;34,66736;100
100;2;2;34,66736;100
100;2;2;34,66736;100
100;2;2;34,66736;100
100;2;2;35,00073;100
100;2;2;35,00073;100
100;3;15;35,00073;100
100;2;2;35,00073;100
100;2;2;35,00073;100
100;3;15;35,00073;100
100;3;15;35,00073;100
100;2;2;35,00073;100
100;3;15;35,33411;100
100;3;15;35,33411;100
100;3;15;35,33411;100
100;3;15;35,33411;100
100;3;15;35,33411;100
100;2;2;35,33411;100
100;2;2;35,33411;100
100;3;15;35,33411;100
100;3;15;35,33411;100
100;3;15;35,33411;100
100;3;15;35,33411;100
100;2;2;35,66748;100
100;2;2;35,66748;100
100;3;15;35,66748;100
100;3;15;35,66748;100
100;2;2;35,66748;100
100;2;2;35,66748;100
100;3;15;35,66748;100
100;2;2;36,00085;100
100;2;2;36,00085;100
100;3;15;36,00085;100
100;3;15;36,00085;100
100;2;2;36,00085;100
100;3;15;36,00085;100
100;3;15;36,00085;100
100;2;2;36,00085;100
100;3;15;36,00085;100
100;3;15;36,00085;100
100;3;15;36,00085;100
100;3;15;36,33423;100
100;2;2;36,33423;100
100;3;15;36,33423;100
100;2;2;36,33423;100
100;2;2;36,33423;100
100;3;15;36,33423;100
100;3;15;36,33423;100
100;2;2;36,33423;100
100;2;2;36,6676;100
100;2;2;36,6676;100
100;2;2;36,6676;100
100;3;15;36,6676;100
100;2;2;36,6676;100
100;2;2;36,6676;100
100;3;15;37,00098;100
100;2;2;37,00098;100
100;2;2;37,00098;100
100;2;2;37,00098;100
100;3;15;37,00098;100
100;2;2;37,00098;100
100;3;15;37,00098;100
100;3;15;37,33435;100
100;2;2;37,33435;100
100;2;2;37,33435;100
100;2;2;37,33435;100
100;2;2;37,33435;100
100;2;2;37,33435;100
100;2;2;37,33435;100
100;3;15;37,33435;100
100;3;15;37,66772;100
100;3;15;37,66772;100
100;3;15;37,66772;100
100;2;2;37,66772;100
100;2;2;37,66772;100
100;2;2;37,66772;100
100;3;15;38,0011;100
100;2;2;38,0011;100
100;3;15;38,0011;100
100;2;2;38,0011;100
100;2;2;38,0011;100
100;3;15;38,0011;100
100;3;15;38,0011;100
100;3;15;38,0011;100
100;3;15;38,33447;100
100;3;15;38,33447;100
100;2;2;38,33447;100
100;2;2;38,33447;100
100;3;15;38,33447;100
100;2;2;38,33447;100
100;2;2;38,33447;100
100;2;2;38,33447;100
100;3;15;38,66785;100
100;2;2;38,66785;100
100;3;15;38,66785;100
100;2;2;38,66785;100
100;2;2;38,66785;100
100;2;2;38,66785;100
100;3;15;38,66785;100
100;3;15;38,66785;100
100;2;2;39,00122;100
100;3;15;39,00122;100
100;3;15;39,00122;100
100;2;2;39,00122;100
100;3;15;39,00122;100
100;2;2;39,00122;100
100;3;15;39,00122;100
100;2;2;39,00122;100
100;3;15;39,00122;100
100;2;2;39,00122;100
100;2;2;39,33459;100
100;2;2;39,33459;100
100;2;2;39,33459;100
100;2;2;39,33459;100
100;3;15;39,33459;100
100;3;15;39,33459;100
100;3;15;39,33459;100
100;3;15;39,33459;100
100;2;2;39,66797;100
100;2;2;39,66797;100
100;3;15;39,66797;100
100;2;2;39,66797;100
100;3;15;39,66797;100
100;2;2;39,66797;100
100;2;2;39,66797;100
100;2;2;39,66797;100
100;3;15;40,00134;100
100;2;2;40,00134;100
100;3;15;40,00134;100
100;2;2;40,00134;100
100;3;15;40,00134;100
100;2;2;40,00134;100
100;3;15;40,00134;100
100;3;15;40,00134;100
100;2;2;40,33472;100
100;2;2;40,33472;100
100;3;15;40,33472;100
100;3;15;40,33472;100
100;2;2;40,33472;100
100;3;15;40,33472;100
100;2;2;40,33472;100
100;3;15;40,33472;100
100;2;2;40,66809;100
100;2;2;40,66809;100
100;2;2;40,66809;100
100;2;2;40,66809;100
100;2;2;40,66809;100
100;2;2;40,66809;100
100;2;2;40,66809;100
100;3;15;40,66809;100
100;2;2;40,66809;100
100;3;15;41,00146;100
100;3;15;41,00146;100
100;3;15;41,00146;100
100;3;15;41,00146;100
100;2;2;41,00146;100
100;2;2;41,00146;100
100;2;2;41,00146;100
100;3;15;41,00146;100
100;3;15;41,33484;100
100;3;15;41,33484;100
100;3;15;41,33484;100
100;2;2;41,33484;100
100;3;15;41,33484;100
100;3;15;41,33484;100
100;2;2;41,33484;100
100;3;15;41,33484;100
100;2;2;41,33484;100
100;2;2;41,33484;100
100;2;2;41,66821;100
100;2;2;41,66821;100
100;3;15;41,66821;100
100;2;2;41,66821;100
100;3;15;41,66821;100
100;3;15;41,66821;100
100;3;15;41,66821;100
100;2;2;41,66821;100
100;2;2;41,66821;100
100;2;2;41,66821;100
100;3;15;41,66821;100
100;3;15;41,66821;100
100;3;15;41,66821;100
100;3;15;42,00159;100
100;2;2;42,00159;100
100;3;15;42,00159;100
100;2;2;42,00159;100
100;3;15;42,00159;100
100;3;15;42,00159;100
100;3;15;42,00159;100
100;2;2;42,00159;100
100;2;2;42,00159;100
100;3;15;42,33496;100
100;3;15;42,33496;100
100;2;2;42,33496;100
100;3;15;42,33496;100
100;2;2;42,33496;100
100;2;2;42,33496;100
100;2;2;42,33496;100
100;2;2;42,33496;100
100;3;15;42,33496;100
100;3;15;42,66833;85
100;2;2;42,66833;85
100;3;15;42,66833;70
100;3;15;42,66833;55
100;2;2;42,66833;55
100;3;15;42,66833;40
100;3;15;42,66833;25
100;3;15;43,00171;25
100;2;2;43,00171;25
100;2;2;43,00171;25
100;2;2;43,00171;25
100;2;2;43,00171;25
100;3;15;43,00171;25
100;2;2;43,00171;25
100;2;2;43,33508;25
100;2;2;43,33508;25
100;2;2;43,33508;25
100;3;15;43,33508;10
100;2;2;43,33508;10
100;2;2;43,66846;10
100;3;15;43,66846;-5
Player