100;2;2;16,12695;100
100;2;2;16,12695;100
100;2;2;16,12695;100
100;3;15;16,12695;100
100;3;15;16,12695;100
100;2;2;16,12695;100
100;2;2;16,12695;100
100;2;2;16,12695;100
100;2;2;16,45996;100
100;2;2;16,45996;100
100;3;15;16,45996;100
100;2;2;16,45996;100
100;3;15;16,45996;100
100;2;2;16,45996;100
100;2;2;16,45996;100
100;3;15;16,45996;100
100;3;15;16,79297;100
100;3;15;16,79297;100
100;3;15;16,79297;100
100;3;15;16,79297;100
100;3;15;16,79297;100
100;2;2;16,79297;100
100;3;15;16,79297;100
100;3;15;17,12598;100
100;3;15;17,12598;100
100;2;2;17,12598;100
100;3;15;17,12598;100
100;3;15;17,12598;100
100;2;2;17,12598;100
100;3;15;17,12598;100
100;3;15;17,12598;100
100;2;2;17,12598;100
100;3;15;17,12598;100
100;3;15;17,12598;100
100;3;15;17,12598;100
100;3;15;17,45898;100
100;2;2;17,45898;100
100;3;15;17,45898;100
100;2;2;17,45898;100
100;3;15;17,45898;100
100;3;15;17,45898;100
100;3;15;17,45898;100
100;3;15;17,45898;100
100;3;15;17,45898;100
100;3;15;17,79199;100
100;3;15;17,79199;100
100;3;15;17,79199;100
100;3;15;17,79199;100
100;2;2;17,79199;100
100;2;2;17,79199;100
100;2;2;17,79199;100
100;2;2;17,79199;100
100;2;2;18,125;100
100;3;15;18,125;100
100;2;2;18,125;100
100;3;15;18,125;100
100;2;2;18,125;100
100;3;15;18,125;100
100;2;2;18,125;100
100;3;15;18,125;100
100;2;2;18,125;100
100;2;2;18,125;100
100;3;15;18,125;100
100;3;15;18,45801;100
100;2;2;18,45801;100
100;3;15;18,45801;100
100;3;15;18,45801;100
100;3;15;18,45801;100
100;2;2;18,45801;100
100;2;2;18,45801;100
100;2;2;18,45801;100
100;3;15;18,45801;100
100;2;2;18,79102;100
100;3;15;18,79102;100
100;2;2;18,79102;100
100;3;15;18,79102;100
100;3;15;18,79102;100
100;2;2;18,79102;100
100;3;15;18,79102;100
100;3;15;18,79102;100
100;3;15;18,79102;100
100;3;15;18,79102;100
100;3;15;18,79102;100
100;3;15;19,12402;100
100;3;15;19,12402;100
100;3;15;19,12402;100
100;2;2;19,12402;100
100;2;2;19,12402;100
100;3;15;19,12402;100
100;3;15;19,12402;100
100;2;2;19,12402;100
100;2;2;19,12402;100
100;3;15;19,12402;100
100;2;2;19,12402;100
100;2;2;19,12402;100
100;3;15;19,12402;100
100;2;2;19,45703;100
100;3;15;19,45703;100
100;3;15;19,45703;100
100;2;2;19,45703;100
100;2;2;19,45703;100
100;3;15;19,45703;100
100;2;2;19,45703;100
100;2;2;19,45703;100
100;2;2;19,45703;100
100;2;2;19,79004;100
100;2;2;19,79004;100
100;3;15;19,79004;100
100;3;15;19,79004;100
100;3;15;19,79004;100
100;3;15;19,79004;100
100;2;2;20,12305;100
100;3;15;20,12305;100
100;2;2;20,12305;100
100;2;2;20,12305;100
100;3;15;20,12305;100
100;3;15;20,12305;100
100;2;2;20,12305;100
100;2;2;20,45605;100
100;2;2;20,45605;100
100;2;2;20,45605;100
100;2;2;20,45605;100
100;2;2;20,45605;100
100;3;15;20,45605;100
100;2;2;20,45605;100
100;3;15;20,45605;100
100;3;15;20,45605;100
100;3;15;20,45605;100
100;2;2;20,78906;100
100;2;2;20,78906;100
100;2;2;20,78906;100
100;3;15;20,78906;100
100;3;15;20,78906;100
100;3;15;20,78906;100
100;3;15;21,12207;100
100;2;2;21,12207;100
100;2;2;21,12207;100
100;2;2;21,12207;100
100;2;2;21,12207;100
100;3;15;21,12207;100
100;3;15;21,12207;100
100;2;2;21,12207;100
100;2;2;21,12207;100
100;3;15;21,45508;100
100;3;15;21,45508;100
100;2;2;21,45508;100
100;3;15;21,45508;100
100;3;15;21,45508;100
100;2;2;21,45508;100
100;3;15;21,45508;100
100;3;15;21,45508;100
100;2;2;21,45508;100
100;2;2;21,45508;100
100;3;15;21,45508;100
100;2;2;21,45508;100
100;3;15;21,78809;100
100;2;2;21,78809;100
100;3;15;21,78809;100
100;3;15;21,78809;100
100;3;15;21,78809;100
100;3;15;21,78809;100
100;3;15;21,78809;100
100;2;2;21,78809;100
100;3;15;22,12109;100
100;2;2;22,12109;100
100;3;15;22,12109;100
100;3;15;22,12109;100
100;2;2;22,4541;100
100;2;2;22,4541;100
100;3;15;22,4541;100
100;3;15;22,4541;100
100;2;2;22,4541;100
100;3;15;22,4541;100
100;3;15;22,4541;100
100;3;15;22,78711;100
100;2;2;22,78711;100
100;3;15;22,78711;100
100;2;2;22,78711;100
100;2;2;22,78711;100
100;2;2;22,78711;100
100;3;15;23,12012;100
100;3;15;23,12012;100
100;2;2;23,12012;100
100;3;15;23,12012;100
100;3;15;23,12012;100
100;3;15;23,12012;100
100;2;2;23,12012;100
100;2;2;23,12012;100
100;2;2;23,45313;100
100;3;15;23,45313;100
100;3;15;23,45313;100
100;3;15;23,45313;100
100;3;15;23,45313;100
100;3;15;23,45313;100
100;3;15;23,45313;100
100;3;15;23,45313;100
100;3;15;23,45313;100
100;3;15;23,45313;100
100;2;2;23,78613;100
100;3;15;23,78613;100
100;3;15;23,78613;100
100;3;15;23,78613;100
100;2;2;23,78613;100
100;3;15;23,78613;100
100;3;15;23,78613;100
100;3;15;23,78613;100
100;3;15;23,78613;100
100;2;2;23,78613;100
100;2;2;24,11914;100
100;2;2;24,11914;100
100;2;2;24,11914;100
100;3;15;24,11914;100
100;2;2;24,11914;100
100;3;15;24,11914;100
100;2;2;24,11914;100
100;3;15;24,45215;100
100;2;2;24,45215;100
100;3;15;24,45215;100
100;3;15;24,45215;100
100;2;2;24,45215;100
100;3;15;24,45215;100
100;3;15;24,45215;100
100;2;2;24,45215;100
100;2;2;24,45215;100
100;3;15;24,45215;100
100;3;15;24,45215;100
100;3;15;24,45215;100
100;3;15;24,45215;100
100;3;15;24,45215;100
100;3;15;24,78516;100
100;3;15;24,78516;100
100;2;2;24,78516;100
100;3;15;24,78516;100
100;2;2;24,78516;100
100;3;15;24,78516;100
100;3;15;24,78516;100
100;3;15;24,78516;100
100;3;15;24,78516;100
100;2;2;25,11816;100
100;3;15;25,11816;100
100;3;15;25,11816;100
100;3;15;25,11816;100
100;3;15;25,11816;100
100;3;15;25,11816;100
100;3;15;25,45117;100
100;3;15;25,45117;100
100;3;15;25,45117;100
100;2;2;25,45117;100
100;2;2;25,45117;100
100;3;15;25,78418;100
100;2;2;25,78418;100
100;3;15;25,78418;100
100;2;2;26,11719;100
100;3;15;26,11719;100
100;3;15;26,11719;100
100;3;15;26,11719;100
100;3;15;26,11719;100
100;3;15;26,11719;100
100;3;15;26,11719;100
100;3;15;26,11719;100
100;2;2;26,11719;100
100;2;2;26,11719;100
100;2;2;26,4502;100
100;2;2;26,4502;100
100;3;15;26,4502;100
100;3;15;26,4502;100
100;3;15;26,4502;100
100;3;15;26,4502;100
100;2;2;26,4502;100
100;2;2;26,4502;100
100;3;15;26,4502;100
100;3;15;26,4502;100
100;3;15;26,4502;100
100;2;2;26,7832;100
100;2;2;26,7832;100
100;2;2;26,7832;100
100;2;2;26,7832;100
100;3;15;26,7832;100
100;2;2;26,7832;100
100;3;15;26,7832;100
100;3;15;26,7832;100
100;3;15;26,7832;100
100;2;2;26,7832;100
100;3;15;26,7832;100
100;3;15;26,7832;100
100;2;2;27,11621;100
100;3;15;27,11621;100
100;2;2;27,11621;100
100;2;2;27,11621;100
100;3;15;27,11621;100
100;2;2;27,11621;100
100;2;2;27,11621;100
100;2;2;27,44922;100
100;2;2;27,44922;100
100;2;2;27,44922;100
100;2;2;27,44922;100
100;2;2;27,44922;100
100;3;15;27,44922;100
100;2;2;27,44922;100
100;2;2;27,44922;100
100;3;15;27,44922;100
100;3;15;27,78223;100
100;3;15;27,78223;100
100;2;2;27,78223;100
100;3;15;27,78223;100
100;3;15;27,78223;100
100;2;2;27,78223;100
100;3;15;27,78223;100
100;2;2;27,78223;100
100;2;2;28,11523;100
100;3;15;28,11523;100
100;2;2;28,11523;100
100;3;15;28,11523;100
100;3;15;28,11523;100
100;3;15;28,11523;100
100;3;15;28,11523;100
100;3;15;28,11523;100
100;2;2;28,11523;100
100;3;15;28,11523;100
100;3;15;28,11523;100
100;3;15;28,44824;100
100;3;15;28,44824;100
100;2;2;28,44824;100
100;3;15;28,44824;100
100;3;15;28,44824;100
100;2;2;28,44824;100
100;2;2;28,44824;100
100;3;15;28,44824;100
100;3;15;28,44824;100
100;3;15;28,78125;100
100;2;2;28,78125;100
100;3;15;28,78125;100
100;2;2;28,78125;100
100;3;15;28,78125;100
100;2;2;28,78125;100
100;3;15;29,11426;100
100;2;2;29,11426;100
100;2;2;29,11426;100
100;3;15;29,11426;100
100;2;2;29,11426;100
100;2;2;29,11426;100
100;2;2;29,11426;100
100;2;2;29,11426;100
100;3;15;29,11426;100
100;2;2;29,11426;100
100;2;2;29,44727;100
100;3;15;29,44727;100
100;3;15;29,44727;100
100;2;2;29,44727;100
100;2;2;29,44727;100
100;3;15;29,44727;100
100;2;2;29,44727;100
100;3;15;29,44727;100
100;3;15;29,78027;100
100;3;15;29,78027;100
100;3;15;29,78027;100
100;2;2;29,78027;100
100;2;2;29,78027;100
100;2;2;29,78027;100
100;2;2;29,78027;100
100;2;2;29,78027;100
100;3;15;30,11328;100
100;2;2;30,11328;100
100;3;15;30,11328;100
100;2;2;30,11328;100
100;3;15;30,11328;100
100;3;15;30,11328;100
100;2;2;30,11328;100
100;3;15;30,11328;100
100;2;2;30,11328;100
100;3;15;30,11328;100
100;2;2;30,44629;100
100;2;2;30,44629;100
100;2;2;30,44629;100
100;2;2;30,44629;100
100;3;15;30,44629;100
100;2;2;30,44629;100
100;2;2;30,44629;100
100;3;15;30,44629;100
100;3;15;30,44629;100
100;2;2;30,7793;100
100;2;2;30,7793;100
100;2;2;30,7793;100
100;2;2;30,7793;100
100;2;2;30,7793;100
100;2;2;31,1123;100
100;2;2;31,1123;100
100;3;15;31,1123;100
100;2;2;31,1123;100
100;3;15;31,1123;100
100;3;15;31,1123;100
100;2;2;31,1123;100
100;2;2;31,1123;100
100;2;2;31,1123;100
100;3;15;31,1123;100
100;2;2;31,44531;100
100;2;2;31,44531;100
100;2;2;31,44531;100
100;3;15;31,44531;100
100;3;15;31,44531;100
100;2;2;31,44531;100
100;2;2;31,44531;100
100;2;2;31,44531;100
100;2;2;31,44531;100
100;2;2;31,44531;100
100;2;2;31,44531;100
100;3;15;31,77832;100
100;2;2;31,77832;100
100;3;15;31,77832;100
100;2;2;31,77832;100
100;2;2;31,77832;100
100;3;15;31,77832;100
100;3;15;31,77832;100
100;3;15;31,77832;100
100;2;2;31,77832;100
100;2;2;32,11133;100
100;3;15;32,11133;100
100;3;15;32,11133;100
100;2;2;32,11133;100
100;2;2;32,11133;100
100;2;2;32,11133;100
100;3;15;32,11133;100
100;2;2;32,11133;100
100;3;15;32,11133;100
100;3;15;32,44434;100
100;3;15;32,44434;100
100;2;2;32,44434;100
100;2;2;32,44434;100
100;2;2;32,44434;100
100;2;2;32,44434;100
100;3;15;32,44434;100
100;3;15;32,44434;100
100;2;2;32,44434;100
100;3;15;32,44434;100
100;3;15;32,77734;100
100;2;2;32,77734;100
100;2;2;32,77734;100
100;3;15;32,77734;100
100;2;2;32,77734;100
100;3;15;32,77734;100
100;2;2;32,77734;100
100;2;2;32,77734;100
100;3;15;32,77734;100
100;3;15;32,77734;100
100;2;2;33,11035;100
100;3;15;33,11035;100
100;3;15;33,11035;100
100;2;2;33,11035;100
100;2;2;33,11035;100
100;2;2;33,11035;100
100;3;15;33,44336;100
100;2;2;33,44336;100
100;2;2;33,44336;100
100;2;2;33,44336;100
100;2;2;33,44336;100
100;2;2;33,44336;100
100;3;15;33,44336;100
100;3;15;33,44336;100
100;3;15;33,44336;100
100;3;15;33,77637;100
100;2;2;33,77637;100
100;3;15;33,77637;100
100;3;15;33,77637;100
100;3;15;33,77637;100
100;2;2;33,77637;100
100;3;15;33,77637;100
100;2;2;33,77637;100
100;2;2;33,77637;100
100;2;2;33,77637;100
100;2;2;34,10938;100
100;2;2;34,10938;100
100;3;15;34,10938;100
100;2;2;34,10938;100
100;2;2;34,10938;100
100;3;15;34,10938;100
100;2;2;34,10938;100
100;3;15;34,10938;100
100;2;2;34,44238;100
100;2;2;34,44238;100
100;3;15;34,44238;100
100;2;2;34,44238;100
100;3;15;34,44238;100
100;3;15;34,44238;100
100;2;2;34,44238;100
100;2;2;34,77539;100
100;2;2;34,77539;100
100;2;2;34,77539;100
100;2;2;34,77539;100
100;2;2;34,77539;100
100;2;2;34,77539;100
100;2;2;34,77539;100
100;3;15;34,77539;100
100;2;2;34,77539;100
100;2;2;35,1084;100
100;3;15;35,1084;100
100;3;15;35,1084;100
100;2;2;35,1084;100
100;3;15;35,1084;100
100;3;15;35,1084;100
100;3;15;35,1084;100
100;3;15;35,44141;100
100;2;2;35,44141;100
100;2;2;35,44141;100
100;3;15;35,44141;100
100;3;15;35,44141;100
100;3;15;35,44141;100
100;3;15;35,44141;100
100;3;15;35,44141;100
100;3;15;35,44141;100
100;2;2;35,44141;100
100;3;15;35,77441;100
100;3;15;35,77441;100
100;2;2;35,77441;100
100;2;2;35,77441;100
100;3;15;35,77441;100
100;3;15;35,77441;100
100;3;15;35,77441;100
100;2;2;35,77441;100
100;2;2;35,77441;100
100;3;15;35,77441;100
100;3;15;36,10742;100
100;2;2;36,10742;100
100;3;15;36,10742;100
100;2;2;36,10742;100
100;2;2;36,10742;100
100;2;2;36,10742;100
100;2;2;36,10742;100
100;2;2;36,44043;100
100;2;2;36,44043;100
100;3;15;36,44043;100
100;3;15;36,44043;100
100;2;2;36,44043;100
100;3;15;36,44043;100
100;3;15;36,44043;100
100;3;15;36,44043;100
100;3;15;36,44043;100
100;2;2;36,77344;100
100;2;2;36,77344;100
100;2;2;36,77344;100
100;3;15;36,77344;100
100;2;2;36,77344;100
100;3;15;36,77344;100
100;2;2;36,77344;100
100;2;2;36,77344;100
100;2;2;37,10645;100
100;2;2;37,10645;100
100;3;15;37,10645;100
100;3;15;37,10645;100
100;3;15;37,10645;100
100;3;15;37,10645;100
100;3;15;37,10645;100
100;3;15;37,10645;100
100;3;15;37,43945;100
100;3;15;37,43945;100
100;2;2;37,43945;100
100;2;2;37,43945;100
100;3;15;37,43945;100
100;3;15;37,43945;100
100;3;15;37,43945;100
100;3;15;37,43945;100
100;3;15;37,43945;100
100;2;2;37,43945;100
100;3;15;37,77246;100
100;3;15;37,77246;100
100;2;2;37,77246;100
100;3;15;37,77246;100
100;2;2;37,77246;100
100;2;2;37,77246;100
100;2;2;37,77246;100
100;3;15;38,10547;100
100;3;15;38,10547;100
100;2;2;38,10547;100
100;2;2;38,10547;100
100;2;2;38,10547;100
100;3;15;38,10547;100
100;2;2;38,10547;100
100;2;2;38,43848;100
100;2;2;38,43848;100
100;3;15;38,43848;100
100;2;2;38,43848;100
100;3;15;38,43848;100
100;2;2;38,43848;100
100;3;15;38,43848;100
100;2;2;38,43848;100
100;3;15;38,43848;100
100;3;15;38,43848;100
100;2;2;38,77148;100
100;3;15;38,77148;100
100;2;2;38,77148;100
100;3;15;38,77148;100
100;2;2;38,77148;100
100;2;2;38,77148;100
100;3;15;38,77148;100
100;3;15;38,77148;100
100;2;2;39,10449;100
100;2;2;39,10449;100
100;3;15;39,10449;100
100;3;15;39,10449;100
100;2;2;39,10449;100
100;2;2;39,10449;100
100;2;2;39,10449;100
100;3;15;39,10449;100
100;2;2;39,10449;100
100;3;15;39,10449;100
100;2;2;39,10449;100
100;3;15;39,10449;100
100;3;15;39,4375;100
100;2;2;39,4375;100
100;3;15;39,4375;100
100;3;15;39,4375;100
100;2;2;39,4375;100
100;3;15;39,4375;100
100;2;2;39,4375;100
100;2;2;39,77051;100
100;2;2;39,77051;100
100;2;2;39,77051;100
100;3;15;39,77051;100
100;3;15;39,77051;100
100;2;2;39,77051;100
100;2;2;39,77051;100
100;3;15;39,77051;100
100;2;2;39,77051;100
100;3;15;40,10352;100
100;2;2;40,10352;100
100;3;15;40,10352;100
100;3;15;40,10352;100
100;2;2;40,10352;100
100;2;2;40,10352;100
100;2;2;40,43652;100
100;2;2;40,43652;100
100;2;2;40,43652;100
100;2;2;40,43652;100
100;2;2;40,43652;100
100;2;2;40,43652;100
100;2;2;40,43652;100
100;3;15;40,43652;100
100;3;15;40,43652;100
100;2;2;40,76953;100
100;2;2;40,76953;100
100;2;2;40,76953;100
100;2;2;40,76953;100
100;3;15;40,76953;100
100;2;2;40,76953;100
100;3;15;40,76953;100
100;2;2;40,76953;100
100;2;2;41,10254;100
100;2;2;41,10254;100
100;3;15;41,10254;100
100;3;15;41,10254;100
100;2;2;41,10254;100
100;2;2;41,10254;100
100;3;15;41,10254;100
100;2;2;41,10254;100
100;2;2;41,43555;100
100;3;15;41,43555;85
100;2;2;41,43555;85
100;2;2;41,43555;85
100;3;15;41,43555;70
100;3;15;41,43555;55
100;3;15;41,43555;40
100;3;15;41,43555;25
100;2;2;41,43555;25
100;3;15;41,76855;10
100;3;15;41,76855;10
100;3;15;41,76855;10
100;3;15;41,76855;10
100;3;15;41,76855;10
100;3;15;41,76855;10
100;3;15;41,76855;10
100;2;2;41,76855;10
100;2;2;41,76855;10
100;3;15;42,10156;-5
Player