100;3;15;28,42578;100
100;2;2;28,42578;100
100;2;2;28,75879;100
100;3;15;28,75879;100
100;3;15;28,75879;100
100;2;2;28,75879;100
100;3;15;28,75879;100
100;2;2;28,75879;100
100;3;15;28,75879;100
100;2;2;28,75879;100
100;3;15;29,0918;100
100;3;15;29,0918;100
100;3;15;29,0918;100
100;2;2;29,0918;100
100;3;15;29,0918;100
100;2;2;29,0918;100
100;3;15;29,0918;100
100;3;15;29,0918;100
100;3;15;29,4248;100
100;3;15;29,4248;100
100;3;15;29,4248;100
100;3;15;29,4248;100
100;3;15;29,75781;100
100;2;2;29,75781;100
100;2;2;29,75781;100
100;3;15;29,75781;100
100;3;15;29,75781;100
100;3;15;29,75781;100
100;3;15;29,75781;100
100;3;15;30,09082;100
100;2;2;30,09082;100
100;3;15;30,09082;100
100;3;15;30,09082;100
100;3;15;30,42383;100
100;3;15;30,42383;100
100;2;2;30,42383;100
100;3;15;30,42383;100
100;3;15;30,42383;100
100;3;15;30,42383;100
100;3;15;30,42383;100
100;3;15;30,42383;100
100;2;2;30,75684;100
100;2;2;30,75684;100
100;3;15;30,75684;100
100;3;15;30,75684;100
100;2;2;30,75684;100
100;3;15;30,75684;100
100;3;15;30,75684;100
100;2;2;31,08984;100
100;2;2;31,08984;100
100;3;15;31,08984;100
100;2;2;31,08984;100
100;2;2;31,08984;100
100;3;15;31,08984;100
100;2;2;31,42285;100
100;3;15;31,42285;100
100;3;15;31,42285;100
100;3;15;31,42285;100
100;3;15;31,42285;100
100;2;2;31,42285;100
100;2;2;31,42285;100
100;3;15;31,42285;100
100;3;15;31,42285;100
100;2;2;31,42285;100
100;3;15;31,42285;100
100;3;15;31,42285;100
100;2;2;31,42285;100
100;2;2;31,75586;100
100;3;15;31,75586;100
100;2;2;31,75586;100
100;3;15;31,75586;100
100;2;2;31,75586;100
100;3;15;31,75586;100
100;3;15;31,75586;100
100;3;15;31,75586;100
100;3;15;32,08887;100
100;3;15;32,08887;100
100;3;15;32,08887;100
100;2;2;32,42188;100
100;3;15;32,42188;100
100;3;15;32,42188;100
100;3;15;32,42188;100
100;3;15;32,42188;100
100;3;15;32,42188;100
100;2;2;32,42188;100
100;2;2;32,42188;100
100;3;15;32,42188;100
100;2;2;32,42188;100
100;2;2;32,42188;100
100;3;15;32,42188;100
100;2;2;32,75488;100
100;2;2;32,75488;100
100;2;2;32,75488;100
100;3;15;32,75488;100
100;3;15;32,75488;100
100;3;15;32,75488;100
100;3;15;32,75488;100
100;2;2;33,08789;100
100;3;15;33,08789;100
100;3;15;33,08789;100
100;3;15;33,08789;100
100;2;2;33,08789;100
100;3;15;33,08789;100
100;2;2;33,08789;100
100;2;2;33,08789;100
100;2;2;33,08789;100
100;2;2;33,08789;100
100;2;2;33,4209;100
100;2;2;33,4209;100
100;3;15;33,4209;100
100;3;15;33,4209;100
100;3;15;33,4209;100
100;2;2;33,4209;100
100;2;2;33,75391;100
100;2;2;33,75391;100
100;2;2;33,75391;100
100;3;15;33,75391;100
100;2;2;33,75391;100
100;3;15;33,75391;100
100;3;15;33,75391;100
100;2;2;33,75391;100
100;3;15;34,08691;100
100;3;15;34,08691;100
100;3;15;34,08691;100
100;2;2;34,08691;100
100;3;15;34,08691;100
100;2;2;34,41992;100
100;2;2;34,41992;100
100;2;2;34,41992;100
100;2;2;34,41992;100
100;2;2;34,41992;100
100;2;2;34,41992;100
100;2;2;34,41992;100
100;3;15;34,75293;100
100;3;15;34,75293;100
100;2;2;34,75293;100
100;3;15;34,75293;100
100;2;2;34,75293;100
100;3;15;34,75293;100
100;3;15;34,75293;100
100;2;2;34,75293;100
100;2;2;34,75293;100
100;2;2;35,08594;100
100;2;2;35,08594;100
100;2;2;35,08594;100
100;3;15;35,08594;100
100;2;2;35,08594;100
100;2;2;35,08594;100
100;3;15;35,08594;100
100;3;15;35,08594;100
100;2;2;35,08594;100
100;2;2;35,08594;100
100;3;15;35,08594;100
100;2;2;35,41895;100
100;3;15;35,41895;100
100;2;2;35,41895;100
100;2;2;35,41895;100
100;2;2;35,41895;100
100;3;15;35,41895;100
100;3;15;35,41895;100
100;3;15;35,41895;100
100;3;15;35,41895;100
100;3;15;35,41895;100
100;3;15;35,41895;100
100;2;2;35,41895;100
100;2;2;35,75195;100
100;2;2;35,75195;100
100;3;15;35,75195;100
100;3;15;35,75195;100
100;2;2;35,75195;100
100;3;15;35,75195;100
100;2;2;35,75195;100
100;3;15;35,75195;100
100;2;2;35,75195;100
100;3;15;36,08496;100
100;3;15;36,08496;100
100;2;2;36,08496;100
100;2;2;36,08496;100
100;3;15;36,08496;100
100;3;15;36,08496;100
100;2;2;36,08496;100
100;2;2;36,08496;100
100;3;15;36,08496;100
100;3;15;36,41797;100
100;3;15;36,41797;100
100;2;2;36,41797;100
100;2;2;36,41797;100
100;2;2;36,41797;100
100;3;15;36,41797;100
100;2;2;36,41797;100
100;3;15;36,41797;100
100;3;15;36,41797;100
100;2;2;36,41797;100
100;3;15;36,41797;100
100;3;15;36,75098;100
100;3;15;36,75098;100
100;2;2;36,75098;100
100;3;15;36,75098;100
100;2;2;36,75098;100
100;2;2;36,75098;100
100;2;2;36,75098;100
100;3;15;37,08398;100
100;3;15;37,08398;100
100;2;2;37,08398;100
100;2;2;37,08398;100
100;2;2;37,08398;100
100;3;15;37,08398;100
100;3;15;37,08398;100
100;3;15;37,41699;100
100;3;15;37,41699;100
100;3;15;37,41699;100
100;2;2;37,41699;100
100;2;2;37,41699;100
100;2;2;37,75;100
100;2;2;37,75;100
100;3;15;37,75;100
100;3;15;37,75;100
100;2;2;37,75;100
100;3;15;37,75;100
100;2;2;37,75;100
100;3;15;38,08301;100
100;2;2;38,08301;100
100;3;15;38,08301;100
100;2;2;38,08301;100
100;2;2;38,08301;100
100;3;15;38,08301;100
100;2;2;38,08301;100
100;3;15;38,41602;100
100;3;15;38,41602;100
100;2;2;38,41602;100
100;2;2;38,41602;100
100;2;2;38,41602;100
100;2;2;38,74902;100
100;2;2;38,74902;100
100;3;15;38,74902;100
100;2;2;38,74902;100
100;3;15;38,74902;100
100;3;15;38,74902;100
100;2;2;38,74902;100
100;3;15;38,74902;100
100;2;2;38,74902;100
100;2;2;38,74902;100
100;2;2;38,74902;100
100;3;15;39,08203;100
100;2;2;39,08203;100
100;3;15;39,08203;100
100;2;2;39,08203;100
100;2;2;39,08203;100
100;2;2;39,08203;100
100;2;2;39,08203;100
100;3;15;39,08203;100
100;2;2;39,08203;100
100;3;15;39,41504;100
100;2;2;39,41504;100
100;3;15;39,41504;100
100;3;15;39,41504;100
100;3;15;39,41504;100
100;3;15;39,41504;100
100;2;2;39,74805;100
100;2;2;39,74805;100
100;3;15;39,74805;100
100;2;2;39,74805;100
100;3;15;39,74805;100
100;3;15;39,74805;100
100;2;2;39,74805;100
100;2;2;40,08105;100
100;2;2;40,08105;100
100;3;15;40,08105;100
100;3;15;40,08105;100
100;2;2;40,08105;100
100;2;2;40,08105;100
100;2;2;40,08105;100
100;2;2;40,41406;100
100;3;15;40,41406;100
100;2;2;40,41406;100
100;3;15;40,41406;100
100;3;15;40,41406;100
100;3;15;40,41406;100
100;2;2;40,41406;100
100;3;15;40,74707;100
100;2;2;40,74707;100
100;3;15;40,74707;100
100;2;2;40,74707;100
100;3;15;40,74707;100
100;3;15;40,74707;100
100;3;15;40,74707;100
100;2;2;40,74707;100
100;2;2;40,74707;100
100;3;15;40,74707;100
100;3;15;40,74707;100
100;3;15;40,74707;100
100;3;15;41,08008;100
100;3;15;41,08008;100
100;3;15;41,08008;100
100;2;2;41,08008;100
100;3;15;41,08008;100
100;2;2;41,08008;100
100;2;2;41,08008;100
100;3;15;41,08008;100
100;2;2;41,08008;100
100;2;2;41,08008;100
100;3;15;41,08008;100
100;2;2;41,41309;100
100;3;15;41,41309;100
100;3;15;41,41309;100
100;3;15;41,41309;100
100;3;15;41,41309;100
100;2;2;41,41309;100
100;3;15;41,41309;100
100;3;15;41,41309;100
100;3;15;41,74609;100
100;3;15;41,74609;100
100;2;2;41,74609;100
100;2;2;41,74609;100
100;3;15;41,74609;100
100;2;2;41,74609;100
100;2;2;41,74609;100
100;3;15;41,74609;100
100;2;2;42,0791;100
100;3;15;42,0791;100
100;3;15;42,0791;100
100;2;2;42,0791;100
100;3;15;42,0791;100
100;3;15;42,0791;100
100;2;2;42,0791;100
100;2;2;42,41211;100
100;2;2;42,41211;100
100;2;2;42,41211;100
100;3;15;42,41211;100
100;3;15;42,41211;100
100;3;15;42,41211;100
100;2;2;42,74512;100
100;3;15;42,74512;100
100;3;15;42,74512;100
100;3;15;42,74512;100
100;3;15;42,74512;100
100;2;2;42,74512;100
100;3;15;42,74512;100
100;3;15;42,74512;100
100;3;15;43,07813;100
100;2;2;43,07813;100
100;3;15;43,07813;100
100;3;15;43,07813;100
100;3;15;43,07813;100
100;3;15;43,07813;100
100;3;15;43,07813;100
100;2;2;43,07813;100
100;3;15;43,41113;100
100;3;15;43,41113;100
100;2;2;43,41113;100
100;2;2;43,41113;100
100;3;15;43,74414;100
100;2;2;43,74414;100
100;3;15;43,74414;100
100;2;2;43,74414;100
100;2;2;43,74414;100
100;2;2;43,74414;100
100;3;15;43,74414;100
100;2;2;43,74414;100
100;3;15;43,74414;100
100;3;15;43,74414;100
100;2;2;43,74414;100
100;3;15;44,07715;100
100;3;15;44,07715;100
100;2;2;44,07715;100
100;2;2;44,07715;100
100;3;15;44,07715;100
100;3;15;44,07715;100
100;2;2;44,07715;100
100;3;15;44,07715;100
100;3;15;44,07715;100
100;3;15;44,07715;100
100;2;2;44,07715;100
100;3;15;44,41016;100
100;3;15;44,41016;100
100;3;15;44,41016;100
100;3;15;44,41016;100
100;3;15;44,41016;100
100;3;15;44,41016;100
100;2;2;44,41016;100
100;3;15;44,41016;100
100;3;15;44,74316;100
100;2;2;44,74316;100
100;2;2;44,74316;100
100;2;2;44,74316;100
100;3;15;44,74316;100
100;2;2;44,74316;100
100;3;15;45,07617;100
100;3;15;45,07617;100
100;3;15;45,07617;100
100;2;2;45,07617;100
100;3;15;45,07617;100
100;3;15;45,07617;100
100;3;15;45,07617;100
100;3;15;45,07617;100
100;2;2;45,07617;100
100;2;2;45,40918;100
100;3;15;45,40918;85
100;2;2;45,40918;85
100;3;15;45,40918;70
100;3;15;45,40918;55
100;2;2;45,40918;55
100;3;15;45,40918;40
100;3;15;45,40918;25
100;3;15;45,40918;10
92;2;2;45,74219;8
76;3;15;45,74219;-7
Player