100;3;15;16,36035;100
100;3;15;16,36035;100
100;2;2;16,36035;100
100;2;2;16,36035;100
100;2;2;16,36035;100
100;3;15;16,36035;100
100;2;2;16,69336;100
100;3;15;16,69336;100
100;2;2;16,69336;100
100;2;2;16,69336;100
100;2;2;17,02637;100
100;3;15;17,02637;100
100;3;15;17,02637;100
100;3;15;17,02637;100
100;2;2;17,02637;100
100;2;2;17,02637;100
100;3;15;17,02637;100
100;3;15;17,02637;100
100;2;2;17,02637;100
100;3;15;17,02637;100
100;3;15;17,35938;100
100;3;15;17,35938;100
100;3;15;17,35938;100
100;3;15;17,35938;100
100;3;15;17,35938;100
100;3;15;17,35938;100
100;3;15;17,35938;100
100;3;15;17,35938;100
100;3;15;17,35938;100
100;3;15;17,69238;100
100;3;15;17,69238;100
100;2;2;17,69238;100
100;2;2;17,69238;100
100;3;15;17,69238;100
100;3;15;18,02539;100
100;3;15;18,02539;100
100;3;15;18,02539;100
100;3;15;18,02539;100
100;3;15;18,02539;100
100;3;15;18,02539;100
100;3;15;18,02539;100
100;2;2;18,02539;100
100;2;2;18,02539;100
100;2;2;18,02539;100
100;2;2;18,02539;100
100;3;15;18,02539;100
100;2;2;18,02539;100
100;2;2;18,3584;100
100;3;15;18,3584;100
100;2;2;18,3584;100
100;3;15;18,3584;100
100;3;15;18,3584;100
100;2;2;18,3584;100
100;3;15;18,3584;100
100;3;15;18,3584;100
100;3;15;18,3584;100
100;3;15;18,69141;100
100;2;2;18,69141;100
100;2;2;18,69141;100
100;3;15;18,69141;100
100;3;15;18,69141;100
100;2;2;18,69141;100
100;3;15;18,69141;100
100;2;2;19,02441;100
100;2;2;19,02441;100
100;3;15;19,02441;100
100;3;15;19,02441;100
100;3;15;19,02441;100
100;3;15;19,02441;100
100;3;15;19,02441;100
100;2;2;19,02441;100
100;3;15;19,35742;100
100;3;15;19,35742;100
100;2;2;19,35742;100
100;3;15;19,35742;100
100;3;15;19,35742;100
100;3;15;19,35742;100
100;3;15;19,35742;100
100;2;2;19,69043;100
100;2;2;19,69043;100
100;2;2;19,69043;100
100;2;2;19,69043;100
100;3;15;20,02344;100
100;3;15;20,02344;100
100;3;15;20,02344;100
100;3;15;20,02344;100
100;2;2;20,02344;100
100;3;15;20,02344;100
100;3;15;20,02344;100
100;3;15;20,02344;100
100;2;2;20,02344;100
100;3;15;20,02344;100
100;3;15;20,35645;100
100;2;2;20,35645;100
100;3;15;20,35645;100
100;2;2;20,35645;100
100;2;2;20,35645;100
100;3;15;20,35645;100
100;2;2;20,68945;100
100;2;2;20,68945;100
100;2;2;20,68945;100
100;3;15;20,68945;100
100;3;15;20,68945;100
100;3;15;20,68945;100
100;2;2;20,68945;100
100;3;15;20,68945;100
100;2;2;21,02246;100
100;2;2;21,02246;100
100;2;2;21,02246;100
100;3;15;21,02246;100
100;2;2;21,02246;100
100;3;15;21,02246;100
100;2;2;21,35547;100
100;3;15;21,35547;100
100;3;15;21,35547;100
100;2;2;21,35547;100
100;2;2;21,35547;100
100;3;15;21,35547;100
100;3;15;21,68848;100
100;2;2;21,68848;100
100;3;15;21,68848;100
100;3;15;21,68848;100
100;2;2;21,68848;100
100;2;2;21,68848;100
100;2;2;21,68848;100
100;3;15;21,68848;100
100;2;2;21,68848;100
100;3;15;21,68848;100
100;2;2;22,02148;100
100;3;15;22,02148;100
100;2;2;22,02148;100
100;2;2;22,02148;100
100;3;15;22,02148;100
100;2;2;22,02148;100
100;2;2;22,02148;100
100;3;15;22,02148;100
100;3;15;22,35449;100
100;2;2;22,35449;100
100;3;15;22,35449;100
100;3;15;22,35449;100
100;2;2;22,35449;100
100;3;15;22,35449;100
100;2;2;22,35449;100
100;2;2;22,35449;100
100;3;15;22,6875;100
100;3;15;22,6875;100
100;2;2;22,6875;100
100;3;15;22,6875;100
100;2;2;22,6875;100
100;2;2;22,6875;100
100;2;2;22,6875;100
100;3;15;22,6875;100
100;2;2;22,6875;100
100;3;15;22,6875;100
100;2;2;22,6875;100
100;3;15;23,02051;100
100;3;15;23,02051;100
100;2;2;23,02051;100
100;2;2;23,02051;100
100;2;2;23,02051;100
100;2;2;23,02051;100
100;3;15;23,02051;100
100;3;15;23,02051;100
100;3;15;23,02051;100
100;2;2;23,35352;100
100;3;15;23,35352;100
100;3;15;23,35352;100
100;3;15;23,35352;100
100;3;15;23,35352;100
100;2;2;23,35352;100
100;2;2;23,35352;100
100;3;15;23,35352;100
100;3;15;23,35352;100
100;2;2;23,68652;100
100;2;2;23,68652;100
100;3;15;23,68652;100
100;3;15;23,68652;100
100;2;2;23,68652;100
100;3;15;23,68652;100
100;2;2;23,68652;100
100;3;15;23,68652;100
100;3;15;23,68652;100
100;3;15;23,68652;100
100;3;15;23,68652;100
100;3;15;23,68652;100
100;3;15;24,01953;100
100;2;2;24,01953;100
100;3;15;24,01953;100
100;3;15;24,01953;100
100;3;15;24,01953;100
100;3;15;24,01953;100
100;3;15;24,01953;100
100;2;2;24,01953;100
100;3;15;24,01953;100
100;2;2;24,35254;100
100;3;15;24,35254;100
100;2;2;24,35254;100
100;2;2;24,35254;100
100;3;15;24,35254;100
100;3;15;24,35254;100
100;3;15;24,35254;100
100;2;2;24,35254;100
100;3;15;24,35254;100
100;3;15;24,35254;100
100;3;15;24,68555;100
100;3;15;24,68555;100
100;2;2;24,68555;100
100;3;15;24,68555;100
100;3;15;24,68555;100
100;3;15;24,68555;100
100;3;15;24,68555;100
100;3;15;24,68555;100
100;2;2;24,68555;100
100;2;2;25,01855;100
100;3;15;25,01855;100
100;2;2;25,01855;100
100;3;15;25,01855;100
100;3;15;25,01855;100
100;2;2;25,01855;100
100;2;2;25,01855;100
100;3;15;25,01855;100
100;3;15;25,35156;100
100;3;15;25,35156;100
100;3;15;25,35156;100
100;3;15;25,35156;100
100;2;2;25,35156;100
100;2;2;25,35156;100
100;3;15;25,35156;100
100;3;15;25,68457;100
100;3;15;25,68457;100
100;3;15;25,68457;100
100;3;15;25,68457;100
100;3;15;25,68457;100
100;3;15;25,68457;100
100;3;15;25,68457;100
100;2;2;25,68457;100
100;2;2;26,01758;100
100;3;15;26,01758;100
100;3;15;26,01758;100
100;2;2;26,01758;100
100;2;2;26,01758;100
100;3;15;26,01758;100
100;2;2;26,01758;100
100;2;2;26,35059;100
100;3;15;26,35059;100
100;2;2;26,35059;100
100;3;15;26,35059;100
100;3;15;26,35059;100
100;2;2;26,35059;100
100;2;2;26,35059;100
100;3;15;26,35059;100
100;2;2;26,35059;100
100;3;15;26,35059;100
100;3;15;26,35059;100
100;2;2;26,68359;100
100;3;15;26,68359;100
100;3;15;26,68359;100
100;2;2;26,68359;100
100;2;2;26,68359;100
100;3;15;26,68359;100
100;3;15;26,68359;100
100;3;15;26,68359;100
100;3;15;26,68359;100
100;3;15;27,0166;100
100;2;2;27,0166;100
100;3;15;27,0166;100
100;2;2;27,0166;100
100;2;2;27,0166;100
100;2;2;27,0166;100
100;2;2;27,0166;100
100;2;2;27,34961;100
100;3;15;27,34961;100
100;2;2;27,34961;100
100;2;2;27,34961;100
100;2;2;27,34961;100
100;3;15;27,34961;100
100;2;2;27,34961;100
100;2;2;27,34961;100
100;2;2;27,68262;100
100;3;15;27,68262;100
100;3;15;27,68262;100
100;3;15;27,68262;100
100;3;15;27,68262;100
100;3;15;27,68262;100
100;2;2;27,68262;100
100;3;15;27,68262;100
100;2;2;27,68262;100
100;2;2;28,01563;100
100;3;15;28,01563;100
100;3;15;28,01563;100
100;3;15;28,01563;100
100;3;15;28,01563;100
100;3;15;28,01563;100
100;3;15;28,01563;100
100;2;2;28,01563;100
100;3;15;28,01563;100
100;3;15;28,01563;100
100;3;15;28,34863;100
100;3;15;28,34863;100
100;2;2;28,34863;100
100;2;2;28,34863;100
100;3;15;28,34863;100
100;3;15;28,34863;100
100;3;15;28,34863;100
100;2;2;28,68164;100
100;2;2;28,68164;100
100;2;2;28,68164;100
100;2;2;28,68164;100
100;3;15;28,68164;100
100;2;2;29,01465;100
100;3;15;29,01465;100
100;2;2;29,01465;100
100;3;15;29,01465;100
100;2;2;29,01465;100
100;3;15;29,01465;100
100;3;15;29,01465;100
100;2;2;29,01465;100
100;3;15;29,01465;100
100;3;15;29,34766;100
100;3;15;29,34766;100
100;2;2;29,34766;100
100;2;2;29,34766;100
100;2;2;29,34766;100
100;3;15;29,34766;100
100;3;15;29,34766;100
100;2;2;29,34766;100
100;2;2;29,34766;100
100;3;15;29,34766;100
100;2;2;29,68066;100
100;2;2;29,68066;100
100;2;2;29,68066;100
100;3;15;29,68066;100
100;3;15;29,68066;100
100;3;15;29,68066;100
100;2;2;29,68066;100
100;3;15;29,68066;100
100;3;15;29,68066;100
100;2;2;29,68066;100
100;3;15;30,01367;85
100;3;15;30,01367;70
100;3;15;30,01367;55
100;2;2;30,01367;55
100;3;15;30,34668;40
100;3;15;30,34668;25
100;3;15;30,34668;10
100;3;15;30,34668;-5
Player