100;2;2;41,56152;100
100;3;15;41,56152;100
100;3;15;41,56152;100
100;3;15;41,56152;100
100;2;2;41,89453;100
100;2;2;41,89453;100
100;3;15;41,89453;100
100;2;2;41,89453;100
100;2;2;41,89453;100
100;2;2;41,89453;100
100;3;15;41,89453;100
100;3;15;41,89453;100
100;3;15;41,89453;100
100;3;15;42,22754;100
100;3;15;42,22754;100
100;3;15;42,22754;100
100;2;2;42,22754;100
100;3;15;42,22754;100
100;3;15;42,22754;100
100;3;15;42,22754;100
100;2;2;42,56055;100
100;3;15;42,56055;100
100;2;2;42,56055;100
100;2;2;42,56055;100
100;3;15;42,56055;100
100;3;15;42,56055;100
100;3;15;42,56055;100
100;3;15;42,56055;100
100;3;15;42,56055;100
100;3;15;42,56055;100
100;3;15;42,89355;100
100;3;15;42,89355;100
100;3;15;42,89355;100
100;2;2;42,89355;100
100;2;2;42,89355;100
100;3;15;42,89355;100
100;2;2;42,89355;100
100;3;15;42,89355;100
100;2;2;42,89355;100
100;2;2;43,22656;100
100;3;15;43,22656;100
100;2;2;43,22656;100
100;2;2;43,22656;100
100;3;15;43,22656;100
100;2;2;43,22656;100
100;3;15;43,22656;100
100;3;15;43,22656;100
100;2;2;43,55957;100
100;2;2;43,55957;100
100;3;15;43,55957;100
100;3;15;43,55957;100
100;3;15;43,55957;100
100;2;2;43,55957;100
100;2;2;43,55957;100
100;2;2;43,55957;100
100;3;15;43,55957;100
100;3;15;43,55957;100
100;3;15;43,89258;100
100;3;15;43,89258;100
100;3;15;43,89258;100
100;3;15;43,89258;100
100;3;15;43,89258;100
100;3;15;43,89258;100
100;2;2;43,89258;100
100;2;2;43,89258;100
100;3;15;43,89258;100
100;2;2;43,89258;100
100;2;2;44,22559;100
100;2;2;44,22559;100
100;3;15;44,22559;100
100;3;15;44,22559;100
100;2;2;44,22559;100
100;2;2;44,22559;100
100;3;15;44,22559;100
100;3;15;44,22559;100
100;2;2;44,22559;100
100;3;15;44,22559;100
100;2;2;44,22559;100
100;2;2;44,55859;100
100;3;15;44,55859;100
100;3;15;44,55859;100
100;3;15;44,55859;100
100;2;2;44,55859;100
100;3;15;44,55859;100
100;2;2;44,55859;100
100;2;2;44,55859;100
100;2;2;44,8916;100
100;3;15;44,8916;100
100;2;2;44,8916;100
100;2;2;44,8916;100
100;3;15;44,8916;100
100;3;15;44,8916;100
100;2;2;44,8916;100
100;2;2;44,8916;100
100;3;15;44,8916;100
100;2;2;44,8916;100
100;2;2;45,22461;100
100;3;15;45,22461;100
100;2;2;45,22461;100
100;3;15;45,22461;100
100;2;2;45,55762;100
100;2;2;45,55762;100
100;3;15;45,55762;100
100;2;2;45,55762;100
100;3;15;45,55762;100
100;3;15;45,55762;100
100;3;15;45,55762;100
100;3;15;45,55762;100
100;2;2;45,55762;100
100;2;2;45,89063;100
100;3;15;45,89063;100
100;2;2;45,89063;100
100;2;2;45,89063;100
100;3;15;45,89063;100
100;3;15;45,89063;100
100;3;15;45,89063;100
100;3;15;45,89063;100
100;3;15;45,89063;100
100;3;15;46,22363;100
100;3;15;46,22363;100
100;3;15;46,22363;100
100;2;2;46,22363;100
100;2;2;46,22363;100
100;2;2;46,22363;100
100;3;15;46,22363;100
100;3;15;46,55664;100
100;2;2;46,55664;100
100;3;15;46,55664;100
100;2;2;46,55664;100
100;3;15;46,55664;100
100;3;15;46,55664;100
100;3;15;46,55664;100
100;3;15;46,55664;100
100;3;15;46,88965;100
100;2;2;46,88965;100
100;3;15;46,88965;100
100;2;2;46,88965;100
100;2;2;46,88965;100
100;2;2;46,88965;100
100;3;15;47,22266;100
100;2;2;47,22266;100
100;3;15;47,22266;100
100;3;15;47,22266;100
100;3;15;47,22266;100
100;3;15;47,22266;100
100;3;15;47,22266;100
100;2;2;47,22266;100
100;3;15;47,22266;100
100;2;2;47,22266;100
100;2;2;47,55566;100
100;3;15;47,55566;100
100;3;15;47,55566;100
100;3;15;47,55566;100
100;3;15;47,55566;100
100;3;15;47,55566;100
100;3;15;47,55566;100
100;3;15;47,55566;100
100;3;15;47,55566;100
100;3;15;47,88867;100
100;2;2;47,88867;100
100;2;2;47,88867;100
100;3;15;47,88867;100
100;2;2;47,88867;100
100;3;15;47,88867;100
100;2;2;47,88867;100
100;3;15;47,88867;100
100;3;15;47,88867;100
100;3;15;47,88867;100
100;2;2;48,22168;100
100;3;15;48,22168;100
100;2;2;48,22168;100
100;2;2;48,22168;100
100;3;15;48,22168;100
100;3;15;48,22168;100
100;3;15;48,22168;100
100;3;15;48,22168;100
100;2;2;48,22168;100
100;2;2;48,22168;100
100;2;2;48,55469;100
100;3;15;48,55469;100
100;2;2;48,55469;100
100;3;15;48,55469;100
100;3;15;48,55469;100
100;3;15;48,55469;100
100;3;15;48,55469;100
100;3;15;48,55469;100
100;2;2;48,55469;100
100;2;2;48,55469;100
100;3;15;48,8877;100
100;2;2;48,8877;100
100;3;15;48,8877;100
100;2;2;48,8877;100
100;3;15;48,8877;100
100;3;15;48,8877;100
100;2;2;48,8877;100
100;3;15;48,8877;100
100;3;15;48,8877;100
100;3;15;48,8877;100
100;3;15;48,8877;100
100;2;2;49,2207;100
100;2;2;49,2207;100
100;2;2;49,2207;100
100;3;15;49,2207;100
100;3;15;49,2207;100
100;3;15;49,2207;100
100;2;2;49,2207;100
100;3;15;49,2207;100
100;2;2;49,2207;100
100;2;2;49,2207;100
100;2;2;49,2207;100
100;2;2;49,2207;100
100;3;15;49,2207;100
100;3;15;49,55371;100
100;2;2;49,55371;100
100;3;15;49,55371;100
100;2;2;49,55371;100
100;2;2;49,55371;100
100;2;2;49,55371;100
100;2;2;49,55371;100
100;2;2;49,88672;100
100;3;15;49,88672;100
100;2;2;49,88672;100
100;2;2;49,88672;100
100;2;2;49,88672;100
100;3;15;49,88672;100
100;3;15;49,88672;100
100;3;15;49,88672;100
100;3;15;49,88672;100
100;3;15;49,88672;100
100;2;2;49,88672;100
100;3;15;50,21973;100
100;2;2;50,21973;100
100;2;2;50,21973;100
100;3;15;50,21973;100
100;2;2;50,21973;100
100;3;15;50,21973;100
100;2;2;50,21973;100
100;3;15;50,21973;100
100;2;2;50,55273;100
100;2;2;50,55273;100
100;3;15;50,55273;100
100;3;15;50,55273;100
100;3;15;50,55273;100
100;2;2;50,55273;100
100;2;2;50,55273;100
100;3;15;50,55273;100
100;2;2;50,55273;100
100;3;15;50,55273;100
100;2;2;50,88574;100
100;3;15;50,88574;100
100;2;2;50,88574;100
100;2;2;50,88574;100
100;2;2;50,88574;100
100;3;15;50,88574;100
100;2;2;50,88574;100
100;2;2;50,88574;100
100;2;2;50,88574;100
100;3;15;50,88574;100
100;3;15;50,88574;100
100;3;15;51,21875;100
100;3;15;51,21875;100
100;2;2;51,21875;100
100;3;15;51,21875;100
100;2;2;51,21875;100
100;3;15;51,21875;100
100;3;15;51,21875;100
100;3;15;51,21875;100
100;3;15;51,21875;100
100;2;2;51,21875;100
100;3;15;51,55176;100
100;2;2;51,55176;100
100;2;2;51,55176;100
100;3;15;51,55176;100
100;3;15;51,55176;100
100;2;2;51,55176;100
100;3;15;51,55176;100
100;3;15;51,55176;100
100;2;2;51,88477;100
100;3;15;51,88477;100
100;2;2;51,88477;100
100;2;2;51,88477;100
100;3;15;51,88477;100
100;3;15;51,88477;100
100;2;2;51,88477;100
100;3;15;51,88477;100
100;3;15;51,88477;100
100;3;15;51,88477;100
100;2;2;51,88477;100
100;3;15;52,21777;100
100;2;2;52,21777;100
100;2;2;52,21777;100
100;2;2;52,21777;100
100;2;2;52,21777;100
100;3;15;52,21777;100
100;2;2;52,21777;100
100;2;2;52,55078;100
100;2;2;52,55078;100
100;2;2;52,55078;100
100;3;15;52,55078;100
100;3;15;52,55078;100
100;3;15;52,55078;100
100;3;15;52,55078;100
100;2;2;52,88379;100
100;3;15;52,88379;100
100;2;2;52,88379;100
100;3;15;52,88379;100
100;2;2;52,88379;100
100;2;2;52,88379;100
100;2;2;52,88379;100
100;2;2;52,88379;100
100;3;15;53,2168;100
100;2;2;53,2168;100
100;3;15;53,2168;100
100;2;2;53,2168;100
100;3;15;53,2168;100
100;3;15;53,2168;100
100;3;15;53,2168;100
100;3;15;53,2168;100
100;3;15;53,5498;100
100;3;15;53,5498;100
100;2;2;53,5498;100
100;2;2;53,5498;100
100;3;15;53,5498;100
100;2;2;53,5498;100
100;3;15;53,5498;100
100;3;15;53,5498;100
100;3;15;53,88281;100
100;2;2;53,88281;100
100;3;15;53,88281;100
100;3;15;53,88281;100
100;2;2;53,88281;100
100;2;2;53,88281;100
100;2;2;53,88281;100
100;2;2;53,88281;100
100;2;2;53,88281;100
100;2;2;53,88281;100
100;2;2;54,21582;100
100;2;2;54,21582;100
100;3;15;54,21582;100
100;3;15;54,21582;100
100;2;2;54,21582;100
100;3;15;54,21582;100
100;3;15;54,21582;100
100;2;2;54,21582;100
100;3;15;54,21582;100
100;2;2;54,21582;100
100;3;15;54,21582;100
100;2;2;54,54883;100
100;2;2;54,54883;100
100;2;2;54,54883;100
100;2;2;54,54883;100
100;2;2;54,54883;100
100;2;2;54,54883;100
100;2;2;54,88184;100
100;2;2;54,88184;100
100;3;15;54,88184;100
100;3;15;54,88184;100
100;3;15;54,88184;100
100;3;15;54,88184;100
100;3;15;54,88184;100
100;3;15;54,88184;100
100;2;2;54,88184;100
100;3;15;54,88184;100
100;2;2;54,88184;100
100;2;2;55,21484;100
100;3;15;55,21484;100
100;3;15;55,21484;100
100;3;15;55,21484;100
100;3;15;55,21484;100
100;3;15;55,21484;100
100;3;15;55,21484;100
100;3;15;55,54785;85
100;2;2;55,54785;85
100;3;15;55,54785;70
100;2;2;55,54785;70
100;3;15;55,54785;55
100;3;15;55,54785;40
100;3;15;55,54785;25
100;2;2;55,54785;25
100;2;2;55,54785;25
100;3;15;55,54785;10
100;3;15;55,88086;-5
Player