100;3;15;43,51416;100
100;3;15;43,51416;100
100;3;15;43,51416;100
100;3;15;43,51416;100
100;3;15;43,51416;100
100;3;15;43,84766;100
100;2;2;43,84766;100
100;3;15;43,84766;100
100;2;2;43,84766;100
100;3;15;43,84766;100
100;3;15;43,84766;100
100;3;15;43,84766;100
100;3;15;43,84766;100
100;2;2;44,18115;100
100;3;15;44,18115;100
100;2;2;44,18115;100
100;3;15;44,18115;100
100;3;15;44,18115;100
100;3;15;44,18115;100
100;2;2;44,18115;100
100;2;2;44,18115;100
100;3;15;44,18115;100
100;2;2;44,18115;100
100;2;2;44,51465;100
100;3;15;44,51465;100
100;3;15;44,51465;100
100;2;2;44,51465;100
100;2;2;44,51465;100
100;2;2;44,51465;100
100;2;2;44,51465;100
100;3;15;44,51465;100
100;2;2;44,51465;100
100;2;2;44,84814;100
100;3;15;44,84814;100
100;2;2;44,84814;100
100;2;2;44,84814;100
100;3;15;44,84814;100
100;3;15;44,84814;100
100;2;2;44,84814;100
100;2;2;44,84814;100
100;2;2;45,18164;100
100;3;15;45,18164;100
100;3;15;45,18164;100
100;2;2;45,18164;100
100;3;15;45,18164;100
100;2;2;45,18164;100
100;2;2;45,18164;100
100;2;2;45,18164;100
100;2;2;45,51514;100
100;3;15;45,51514;100
100;3;15;45,51514;100
100;2;2;45,51514;100
100;2;2;45,51514;100
100;2;2;45,51514;100
100;3;15;45,51514;100
100;3;15;45,51514;100
100;3;15;45,51514;100
100;3;15;45,51514;100
100;3;15;45,51514;100
100;3;15;45,51514;100
100;3;15;45,84863;100
100;2;2;45,84863;100
100;3;15;45,84863;100
100;2;2;45,84863;100
100;2;2;45,84863;100
100;3;15;45,84863;100
100;2;2;45,84863;100
100;2;2;45,84863;100
100;3;15;46,18213;100
100;2;2;46,18213;100
100;2;2;46,18213;100
100;3;15;46,18213;100
100;3;15;46,18213;100
100;2;2;46,18213;100
100;3;15;46,18213;100
100;2;2;46,18213;100
100;3;15;46,18213;100
100;2;2;46,51563;100
100;3;15;46,51563;100
100;2;2;46,51563;100
100;3;15;46,51563;100
100;3;15;46,51563;100
100;3;15;46,51563;100
100;3;15;46,51563;100
100;3;15;46,51563;100
100;3;15;46,84912;100
100;3;15;46,84912;100
100;2;2;46,84912;100
100;3;15;46,84912;100
100;2;2;46,84912;100
100;2;2;46,84912;100
100;3;15;46,84912;100
100;3;15;46,84912;100
100;3;15;46,84912;100
100;2;2;46,84912;100
100;3;15;46,84912;100
100;2;2;47,18262;100
100;3;15;47,18262;100
100;2;2;47,18262;100
100;3;15;47,18262;100
100;3;15;47,18262;100
100;2;2;47,18262;100
100;3;15;47,18262;100
100;2;2;47,18262;100
100;2;2;47,51611;100
100;3;15;47,51611;100
100;3;15;47,51611;100
100;3;15;47,84961;100
100;3;15;47,84961;100
100;2;2;47,84961;100
100;2;2;47,84961;100
100;2;2;47,84961;100
100;2;2;47,84961;100
100;3;15;47,84961;100
100;3;15;47,84961;100
100;3;15;47,84961;100
100;2;2;48,18311;100
100;3;15;48,18311;100
100;2;2;48,18311;100
100;2;2;48,18311;100
100;3;15;48,18311;100
100;2;2;48,18311;100
100;2;2;48,18311;100
100;2;2;48,5166;100
100;3;15;48,5166;100
100;3;15;48,5166;100
100;3;15;48,5166;100
100;2;2;48,5166;100
100;3;15;48,8501;100
100;3;15;48,8501;100
100;3;15;48,8501;100
100;3;15;48,8501;100
100;3;15;48,8501;100
100;3;15;48,8501;100
100;2;2;48,8501;100
100;2;2;48,8501;100
100;2;2;48,8501;100
100;2;2;48,8501;100
100;3;15;49,18359;100
100;2;2;49,18359;100
100;2;2;49,18359;100
100;2;2;49,18359;100
100;2;2;49,18359;100
100;3;15;49,18359;100
100;3;15;49,51709;100
100;2;2;49,51709;100
100;3;15;49,51709;100
100;3;15;49,51709;100
100;2;2;49,51709;100
100;2;2;49,51709;100
100;2;2;49,51709;100
100;2;2;49,51709;100
100;3;15;49,85059;100
100;2;2;49,85059;100
100;3;15;49,85059;100
100;3;15;49,85059;100
100;3;15;49,85059;100
100;2;2;49,85059;100
100;3;15;49,85059;100
100;3;15;49,85059;100
100;2;2;50,18408;100
100;2;2;50,18408;100
100;3;15;50,18408;100
100;3;15;50,18408;100
100;2;2;50,18408;100
100;3;15;50,18408;100
100;2;2;50,18408;100
100;2;2;50,18408;100
100;3;15;50,18408;100
100;2;2;50,18408;100
100;3;15;50,18408;100
100;2;2;50,51758;100
100;2;2;50,51758;100
100;3;15;50,51758;100
100;2;2;50,51758;100
100;3;15;50,51758;100
100;2;2;50,51758;100
100;2;2;50,51758;100
100;3;15;50,51758;100
100;2;2;50,85107;100
100;2;2;50,85107;100
100;2;2;50,85107;100
100;3;15;50,85107;100
100;2;2;50,85107;100
100;3;15;50,85107;100
100;2;2;51,18457;100
100;3;15;51,18457;100
100;2;2;51,18457;100
100;3;15;51,18457;100
100;3;15;51,18457;100
100;3;15;51,18457;100
100;2;2;51,18457;100
100;2;2;51,18457;100
100;3;15;51,18457;100
100;3;15;51,51807;100
100;3;15;51,51807;100
100;3;15;51,51807;100
100;3;15;51,51807;100
100;3;15;51,51807;100
100;3;15;51,51807;100
100;2;2;51,51807;100
100;3;15;51,85156;100
100;3;15;51,85156;100
100;3;15;51,85156;100
100;2;2;51,85156;100
100;3;15;51,85156;100
100;3;15;51,85156;100
100;3;15;51,85156;100
100;3;15;51,85156;100
100;2;2;51,85156;100
100;3;15;51,85156;100
100;3;15;52,18506;100
100;2;2;52,18506;100
100;3;15;52,18506;100
100;2;2;52,18506;100
100;3;15;52,51855;100
100;2;2;52,51855;100
100;2;2;52,51855;100
100;3;15;52,51855;100
100;3;15;52,51855;100
100;2;2;52,51855;100
100;2;2;52,51855;100
100;3;15;52,51855;100
100;2;2;52,51855;100
100;2;2;52,51855;100
100;3;15;52,51855;100
100;3;15;52,51855;100
100;2;2;52,51855;100
100;2;2;52,51855;100
100;2;2;52,85205;100
100;3;15;52,85205;100
100;2;2;52,85205;100
100;3;15;52,85205;100
100;2;2;52,85205;100
100;3;15;52,85205;100
100;2;2;52,85205;100
100;3;15;52,85205;100
100;3;15;52,85205;100
100;2;2;52,85205;100
100;3;15;53,18555;100
100;2;2;53,18555;100
100;3;15;53,18555;100
100;2;2;53,18555;100
100;2;2;53,18555;100
100;2;2;53,18555;100
100;2;2;53,18555;100
100;2;2;53,51904;100
100;3;15;53,51904;100
100;3;15;53,51904;100
100;3;15;53,51904;100
100;3;15;53,51904;100
100;2;2;53,51904;100
100;3;15;53,51904;100
100;3;15;53,51904;100
100;2;2;53,51904;100
100;3;15;53,85254;100
100;3;15;53,85254;100
100;2;2;53,85254;100
100;2;2;53,85254;100
100;3;15;53,85254;100
100;3;15;53,85254;100
100;2;2;53,85254;100
100;3;15;53,85254;100
100;3;15;54,18604;100
100;3;15;54,18604;100
100;3;15;54,18604;100
100;3;15;54,18604;100
100;2;2;54,18604;100
100;2;2;54,18604;100
100;3;15;54,18604;100
100;2;2;54,18604;100
100;3;15;54,18604;100
100;2;2;54,18604;100
100;3;15;54,18604;100
100;2;2;54,51953;100
100;3;15;54,51953;100
100;3;15;54,51953;100
100;3;15;54,51953;100
100;2;2;54,51953;100
100;3;15;54,51953;100
100;2;2;54,51953;100
100;3;15;54,51953;100
100;3;15;54,51953;100
100;3;15;54,85303;100
100;2;2;54,85303;100
100;3;15;54,85303;100
100;2;2;54,85303;100
100;2;2;54,85303;100
100;2;2;54,85303;100
100;3;15;54,85303;100
100;3;15;55,18652;100
100;3;15;55,18652;100
100;2;2;55,18652;100
100;2;2;55,18652;100
100;2;2;55,18652;100
100;3;15;55,18652;100
100;3;15;55,18652;100
100;2;2;55,18652;100
100;3;15;55,18652;100
100;2;2;55,52002;100
100;2;2;55,52002;100
100;2;2;55,52002;100
100;2;2;55,52002;100
100;2;2;55,52002;100
100;3;15;55,85352;100
100;2;2;55,85352;100
100;3;15;55,85352;100
100;3;15;55,85352;100
100;3;15;55,85352;100
100;3;15;55,85352;100
100;3;15;55,85352;100
100;2;2;55,85352;100
100;3;15;55,85352;100
100;2;2;56,18701;100
100;3;15;56,18701;100
100;2;2;56,18701;100
100;2;2;56,18701;100
100;3;15;56,18701;100
100;2;2;56,18701;100
100;2;2;56,18701;100
100;3;15;56,18701;100
100;2;2;56,18701;100
100;2;2;56,18701;100
100;3;15;56,18701;100
100;2;2;56,52051;100
100;3;15;56,52051;100
100;2;2;56,52051;100
100;2;2;56,52051;100
100;2;2;56,52051;100
100;2;2;56,52051;100
100;3;15;56,52051;100
100;2;2;56,52051;100
100;2;2;56,52051;100
100;3;15;56,854;100
100;3;15;56,854;100
100;3;15;56,854;100
100;3;15;56,854;100
100;3;15;56,854;100
100;2;2;56,854;100
100;3;15;56,854;100
100;2;2;57,1875;100
100;3;15;57,1875;100
100;3;15;57,1875;100
100;3;15;57,1875;100
100;3;15;57,1875;100
100;2;2;57,1875;100
100;3;15;57,521;100
100;3;15;57,521;100
100;2;2;57,521;100
100;3;15;57,521;100
100;2;2;57,521;100
100;3;15;57,521;100
100;3;15;57,521;100
100;2;2;57,85449;100
100;2;2;57,85449;100
100;3;15;57,85449;100
100;2;2;57,85449;100
100;2;2;57,85449;100
100;2;2;57,85449;100
100;3;15;58,18799;100
100;3;15;58,18799;100
100;2;2;58,18799;100
100;3;15;58,18799;100
100;3;15;58,18799;100
100;3;15;58,18799;100
100;3;15;58,18799;100
100;3;15;58,18799;100
100;2;2;58,18799;100
100;2;2;58,52148;100
100;2;2;58,52148;100
100;3;15;58,52148;100
100;2;2;58,52148;100
100;2;2;58,52148;100
100;3;15;58,52148;100
100;3;15;58,52148;100
100;2;2;58,85498;100
100;3;15;58,85498;100
100;2;2;58,85498;100
100;2;2;58,85498;100
100;3;15;59,18848;100
100;2;2;59,18848;100
100;2;2;59,18848;100
100;2;2;59,18848;100
100;3;15;59,18848;100
100;2;2;59,18848;100
100;2;2;59,18848;100
100;3;15;59,18848;100
100;3;15;59,18848;100
100;2;2;59,18848;100
100;2;2;59,52197;100
100;2;2;59,52197;100
100;2;2;59,52197;100
100;3;15;59,52197;100
100;2;2;59,52197;100
100;2;2;59,52197;100
100;3;15;59,52197;100
100;2;2;59,52197;100
100;3;15;59,85547;100
100;3;15;59,85547;100
100;2;2;59,85547;100
100;2;2;59,85547;100
100;2;2;59,85547;100
100;2;2;59,85547;100
100;2;2;59,85547;100
100;3;15;0,1889648;100
100;3;15;0,1889648;100
100;3;15;0,1889648;100
100;2;2;0,1889648;100
100;3;15;0,1889648;100
100;3;15;0,1889648;100
100;3;15;0,5224609;100
100;2;2;0,5224609;100
100;2;2;0,5224609;100
100;2;2;0,5224609;100
100;2;2;0,5224609;100
100;3;15;0,5224609;100
100;2;2;0,5224609;100
100;2;2;0,855957;100
100;2;2;0,855957;100
100;2;2;0,855957;100
100;2;2;0,855957;100
100;2;2;0,855957;100
100;3;15;0,855957;100
100;3;15;1,189453;100
100;3;15;1,189453;100
100;3;15;1,189453;100
100;3;15;1,189453;100
100;2;2;1,189453;100
100;2;2;1,189453;100
100;2;2;1,189453;100
100;3;15;1,189453;100
100;3;15;1,522949;100
100;2;2;1,522949;100
100;2;2;1,522949;100
100;2;2;1,522949;100
100;2;2;1,522949;100
100;3;15;1,522949;100
100;3;15;1,522949;100
100;3;15;1,522949;100
100;2;2;1,856445;100
100;3;15;1,856445;100
100;3;15;1,856445;100
100;3;15;1,856445;100
100;3;15;1,856445;100
100;3;15;1,856445;100
100;3;15;1,856445;100
100;3;15;1,856445;100
100;2;2;1,856445;100
100;2;2;2,189941;100
100;2;2;2,189941;100
100;2;2;2,189941;100
100;3;15;2,189941;100
100;3;15;2,189941;100
100;3;15;2,189941;100
100;3;15;2,189941;100
100;3;15;2,189941;100
100;2;2;2,189941;100
100;2;2;2,189941;100
100;2;2;2,189941;100
100;2;2;2,189941;100
100;2;2;2,189941;100
100;2;2;2,523438;100
100;3;15;2,523438;100
100;2;2;2,523438;100
100;2;2;2,523438;100
100;2;2;2,523438;100
100;3;15;2,523438;100
100;2;2;2,523438;100
100;3;15;2,523438;100
100;3;15;2,856934;100
100;3;15;2,856934;100
100;2;2;2,856934;100
100;2;2;2,856934;100
100;3;15;2,856934;100
100;3;15;2,856934;100
100;3;15;2,856934;100
100;2;2;2,856934;100
100;3;15;2,856934;100
100;2;2;2,856934;100
100;2;2;2,856934;100
100;2;2;3,19043;100
100;3;15;3,19043;100
100;2;2;3,19043;100
100;3;15;3,19043;100
100;2;2;3,19043;100
100;3;15;3,19043;100
100;3;15;3,19043;100
100;2;2;3,19043;100
100;3;15;3,19043;100
100;3;15;3,523926;100
100;3;15;3,523926;100
100;3;15;3,523926;100
100;3;15;3,523926;100
100;2;2;3,523926;100
100;3;15;3,523926;100
100;2;2;3,523926;100
100;2;2;3,857422;100
100;2;2;3,857422;100
100;2;2;3,857422;100
100;2;2;3,857422;100
100;2;2;3,857422;100
100;2;2;3,857422;100
100;2;2;4,190918;100
100;3;15;4,190918;100
100;2;2;4,190918;100
100;3;15;4,190918;100
100;3;15;4,190918;100
100;2;2;4,190918;100
100;3;15;4,190918;100
100;3;15;4,190918;100
100;3;15;4,190918;100
100;2;2;4,190918;100
100;3;15;4,524414;100
100;2;2;4,524414;100
100;2;2;4,524414;100
100;3;15;4,524414;100
100;2;2;4,524414;100
100;2;2;4,524414;100
100;2;2;4,524414;100
100;3;15;4,524414;100
100;3;15;4,524414;100
100;2;2;4,85791;100
100;3;15;4,85791;100
100;2;2;4,85791;100
100;3;15;4,85791;100
100;2;2;4,85791;100
100;3;15;4,85791;100
100;2;2;4,85791;100
100;2;2;4,85791;100
100;3;15;5,191406;100
100;3;15;5,191406;100
100;2;2;5,191406;100
100;3;15;5,191406;100
100;2;2;5,191406;100
100;2;2;5,191406;100
100;3;15;5,191406;100
100;3;15;5,191406;100
100;3;15;5,524902;100
100;3;15;5,524902;100
100;3;15;5,524902;100
100;3;15;5,524902;100
100;2;2;5,524902;100
100;2;2;5,524902;100
100;3;15;5,524902;100
100;2;2;5,858398;100
100;2;2;5,858398;100
100;2;2;5,858398;100
100;2;2;5,858398;100
100;3;15;5,858398;100
100;2;2;5,858398;100
100;3;15;5,858398;100
100;2;2;6,191895;100
100;3;15;6,191895;100
100;3;15;6,191895;100
100;3;15;6,191895;100
100;2;2;6,191895;100
100;2;2;6,191895;100
100;3;15;6,525391;100
100;3;15;6,525391;100
100;3;15;6,525391;100
100;3;15;6,525391;100
100;2;2;6,525391;100
100;2;2;6,525391;100
100;3;15;6,525391;100
100;2;2;6,525391;100
100;2;2;6,525391;100
100;2;2;6,858887;100
100;3;15;6,858887;100
100;3;15;6,858887;100
100;3;15;6,858887;100
100;2;2;6,858887;100
100;2;2;6,858887;100
100;2;2;6,858887;100
100;2;2;7,192383;100
100;2;2;7,192383;100
100;2;2;7,192383;100
100;3;15;7,192383;100
100;2;2;7,192383;100
100;3;15;7,192383;100
100;3;15;7,192383;100
100;3;15;7,192383;100
100;3;15;7,192383;100
100;3;15;7,192383;100
100;3;15;7,525879;100
100;2;2;7,525879;100
100;3;15;7,525879;100
100;3;15;7,525879;100
100;2;2;7,525879;100
100;2;2;7,525879;100
100;2;2;7,525879;100
100;3;15;7,525879;100
100;3;15;7,525879;100
100;2;2;7,525879;100
100;2;2;7,525879;100
100;3;15;7,859375;100
100;2;2;7,859375;100
100;3;15;7,859375;100
100;3;15;7,859375;100
100;2;2;7,859375;100
100;2;2;7,859375;100
100;2;2;7,859375;100
100;2;2;7,859375;100
100;2;2;7,859375;100
100;2;2;8,192871;100
100;3;15;8,192871;100
100;3;15;8,192871;100
100;3;15;8,526367;100
100;3;15;8,526367;100
100;3;15;8,526367;100
100;3;15;8,526367;100
100;2;2;8,526367;100
100;3;15;8,526367;100
100;2;2;8,526367;100
100;3;15;8,526367;100
100;3;15;8,526367;100
100;2;2;8,859863;100
100;2;2;8,859863;100
100;2;2;8,859863;100
100;2;2;8,859863;100
100;2;2;8,859863;100
100;3;15;8,859863;100
100;3;15;8,859863;100
100;2;2;8,859863;100
100;3;15;8,859863;100
100;2;2;9,193359;100
100;2;2;9,193359;100
100;3;15;9,193359;100
100;2;2;9,193359;100
100;3;15;9,193359;100
100;2;2;9,193359;100
100;3;15;9,193359;100
100;3;15;9,193359;100
100;2;2;9,193359;100
100;2;2;9,526855;100
100;3;15;9,526855;100
100;3;15;9,526855;100
100;2;2;9,526855;100
100;2;2;9,526855;100
100;3;15;9,526855;100
100;2;2;9,526855;100
100;2;2;9,526855;100
100;2;2;9,526855;100
100;3;15;9,526855;100
100;3;15;9,526855;100
100;3;15;9,860352;100
100;3;15;9,860352;100
100;3;15;9,860352;100
100;3;15;9,860352;100
100;2;2;9,860352;100
100;2;2;9,860352;100
100;3;15;9,860352;100
100;3;15;9,860352;100
100;3;15;9,860352;100
100;3;15;10,19385;100
100;2;2;10,19385;100
100;3;15;10,19385;100
100;2;2;10,19385;100
100;2;2;10,19385;100
100;2;2;10,19385;100
100;2;2;10,19385;100
100;3;15;10,52734;100
100;3;15;10,52734;100
100;3;15;10,52734;100
100;3;15;10,52734;100
100;2;2;10,52734;100
100;2;2;10,52734;100
100;2;2;10,52734;100
100;2;2;10,52734;100
100;3;15;10,86084;100
100;2;2;10,86084;100
100;2;2;10,86084;100
100;2;2;10,86084;100
100;3;15;10,86084;100
100;2;2;10,86084;100
100;2;2;10,86084;100
100;2;2;10,86084;100
100;2;2;11,19434;100
100;2;2;11,19434;100
100;3;15;11,19434;100
100;3;15;11,19434;100
100;2;2;11,19434;100
100;3;15;11,19434;100
100;2;2;11,19434;100
100;3;15;11,19434;100
100;3;15;11,19434;100
100;2;2;11,19434;100
100;3;15;11,52783;100
100;2;2;11,52783;100
100;2;2;11,52783;100
100;2;2;11,52783;100
100;3;15;11,52783;100
100;3;15;11,52783;100
100;2;2;11,86133;100
100;2;2;11,86133;100
100;3;15;11,86133;100
100;2;2;11,86133;100
100;3;15;11,86133;100
100;3;15;11,86133;100
100;3;15;11,86133;100
100;3;15;11,86133;100
100;2;2;11,86133;100
100;3;15;11,86133;100
100;3;15;12,19482;100
100;3;15;12,19482;100
100;3;15;12,19482;100
100;3;15;12,19482;100
100;3;15;12,19482;100
100;3;15;12,19482;100
100;2;2;12,19482;100
100;2;2;12,52832;100
100;3;15;12,52832;100
100;2;2;12,52832;100
100;3;15;12,52832;100
100;2;2;12,52832;100
100;3;15;12,52832;100
100;3;15;12,52832;100
100;2;2;12,52832;100
100;2;2;12,52832;100
100;2;2;12,52832;100
100;3;15;12,86182;100
100;3;15;12,86182;100
100;2;2;12,86182;100
100;2;2;12,86182;100
100;3;15;12,86182;100
100;2;2;12,86182;100
100;2;2;12,86182;100
100;3;15;12,86182;100
100;2;2;13,19531;100
100;3;15;13,19531;100
100;2;2;13,19531;100
100;3;15;13,19531;100
100;3;15;13,19531;100
100;2;2;13,19531;100
100;3;15;13,52881;100
100;2;2;13,52881;100
100;3;15;13,52881;100
100;3;15;13,52881;100
100;2;2;13,52881;100
100;2;2;13,52881;100
100;3;15;13,52881;100
100;2;2;13,52881;100
100;3;15;13,8623;100
100;2;2;13,8623;100
100;3;15;13,8623;100
100;3;15;13,8623;100
100;3;15;13,8623;100
100;3;15;13,8623;100
100;3;15;13,8623;100
100;2;2;13,8623;100
100;2;2;14,1958;100
100;3;15;14,1958;100
100;2;2;14,1958;100
100;2;2;14,1958;100
100;2;2;14,1958;100
100;3;15;14,1958;100
100;2;2;14,5293;100
100;3;15;14,5293;100
100;2;2;14,5293;100
100;3;15;14,5293;100
100;2;2;14,5293;100
100;3;15;14,5293;100
100;3;15;14,5293;100
100;3;15;14,5293;100
100;3;15;14,5293;100
100;2;2;14,5293;100
100;2;2;14,5293;100
100;3;15;14,5293;100
100;3;15;14,86279;100
100;2;2;14,86279;100
100;2;2;14,86279;100
100;2;2;14,86279;100
100;2;2;14,86279;100
100;2;2;14,86279;100
100;3;15;14,86279;100
100;2;2;14,86279;100
100;3;15;14,86279;100
100;2;2;14,86279;100
100;2;2;15,19629;100
100;2;2;15,19629;100
100;3;15;15,19629;100
100;2;2;15,19629;100
100;2;2;15,19629;100
100;2;2;15,19629;100
100;3;15;15,19629;100
100;2;2;15,19629;100
100;3;15;15,19629;100
100;2;2;15,19629;100
100;3;15;15,52979;100
100;2;2;15,52979;100
100;3;15;15,52979;100
100;3;15;15,52979;100
100;3;15;15,52979;100
100;2;2;15,52979;100
100;2;2;15,52979;100
100;3;15;15,52979;100
100;3;15;15,52979;100
100;3;15;15,52979;100
100;3;15;15,86328;100
100;2;2;15,86328;100
100;2;2;15,86328;100
100;3;15;15,86328;100
100;2;2;15,86328;100
100;2;2;15,86328;100
100;2;2;15,86328;100
100;3;15;16,19678;100
100;2;2;16,19678;100
100;3;15;16,19678;100
100;2;2;16,19678;100
100;2;2;16,19678;100
100;3;15;16,19678;100
100;3;15;16,19678;100
100;2;2;16,19678;100
100;2;2;16,19678;100
100;3;15;16,53027;100
100;3;15;16,53027;100
100;3;15;16,53027;100
100;3;15;16,53027;100
100;2;2;16,53027;100
100;3;15;16,53027;100
100;2;2;16,53027;100
100;3;15;16,53027;100
100;2;2;16,86377;100
100;3;15;16,86377;100
100;2;2;16,86377;100
100;3;15;16,86377;100
100;2;2;16,86377;100
100;3;15;16,86377;100
100;2;2;16,86377;100
100;3;15;16,86377;100
100;2;2;17,19727;100
100;2;2;17,19727;100
100;3;15;17,19727;100
100;2;2;17,19727;100
100;3;15;17,19727;100
100;3;15;17,19727;100
100;3;15;17,53076;100
100;2;2;17,53076;100
100;3;15;17,53076;100
100;2;2;17,53076;100
100;2;2;17,53076;100
100;3;15;17,53076;100
100;3;15;17,53076;100
100;3;15;17,53076;100
100;2;2;17,53076;100
100;3;15;17,53076;100
100;3;15;17,86426;100
100;2;2;17,86426;100
100;2;2;17,86426;100
100;3;15;17,86426;100
100;2;2;17,86426;100
100;2;2;17,86426;100
100;3;15;17,86426;100
100;3;15;17,86426;100
100;2;2;17,86426;100
100;2;2;18,19775;100
100;3;15;18,19775;100
100;3;15;18,19775;100
100;2;2;18,19775;100
100;2;2;18,19775;100
100;2;2;18,19775;100
100;2;2;18,53125;100
100;2;2;18,53125;100
100;3;15;18,53125;100
100;3;15;18,53125;100
100;2;2;18,53125;100
100;2;2;18,53125;100
100;3;15;18,86475;100
100;3;15;18,86475;100
100;3;15;18,86475;100
100;2;2;18,86475;100
100;3;15;18,86475;100
100;3;15;18,86475;100
100;3;15;18,86475;100
100;2;2;18,86475;100
100;3;15;18,86475;100
100;3;15;18,86475;100
100;3;15;19,19824;100
100;3;15;19,19824;100
100;3;15;19,19824;100
100;3;15;19,19824;100
100;2;2;19,19824;100
100;2;2;19,19824;100
100;3;15;19,19824;100
100;3;15;19,19824;100
100;2;2;19,19824;100
100;3;15;19,19824;100
100;2;2;19,19824;100
100;2;2;19,53174;100
100;2;2;19,53174;100
100;3;15;19,53174;100
100;2;2;19,53174;100
100;2;2;19,53174;100
100;2;2;19,53174;100
100;2;2;19,53174;100
100;2;2;19,53174;100
100;3;15;19,53174;100
100;2;2;19,53174;100
100;3;15;19,53174;100
100;2;2;19,53174;100
100;2;2;19,53174;100
100;3;15;19,86523;100
100;3;15;19,86523;100
100;3;15;19,86523;100
100;2;2;19,86523;100
100;3;15;19,86523;100
100;2;2;19,86523;100
100;2;2;20,19873;100
100;3;15;20,19873;100
100;3;15;20,19873;100
100;2;2;20,19873;100
100;2;2;20,19873;100
100;2;2;20,19873;100
100;3;15;20,19873;100
100;2;2;20,19873;100
100;2;2;20,19873;100
100;2;2;20,53223;100
100;2;2;20,53223;100
100;3;15;20,53223;100
100;2;2;20,53223;100
100;3;15;20,53223;100
100;2;2;20,53223;100
100;3;15;20,53223;100
100;2;2;20,53223;100
100;2;2;20,53223;100
100;3;15;20,53223;100
100;3;15;20,53223;100
100;3;15;20,53223;100
100;3;15;20,86572;100
100;2;2;20,86572;100
100;3;15;20,86572;100
100;2;2;20,86572;100
100;3;15;20,86572;100
100;3;15;20,86572;100
100;3;15;20,86572;100
100;2;2;21,19922;100
100;2;2;21,19922;100
100;2;2;21,19922;100
100;3;15;21,19922;100
100;2;2;21,19922;100
100;2;2;21,19922;100
100;2;2;21,19922;100
100;2;2;21,19922;100
100;2;2;21,19922;100
100;2;2;21,19922;100
100;2;2;21,19922;100
100;3;15;21,19922;100
100;2;2;21,19922;100
100;3;15;21,19922;100
100;3;15;21,53271;100
100;3;15;21,53271;100
100;2;2;21,53271;100
100;3;15;21,53271;100
100;2;2;21,53271;100
100;2;2;21,53271;100
100;2;2;21,53271;100
100;3;15;21,53271;100
100;3;15;21,53271;100
100;2;2;21,53271;100
100;3;15;21,53271;100
100;3;15;21,53271;100
100;3;15;21,53271;100
100;2;2;21,86621;100
100;2;2;21,86621;100
100;3;15;21,86621;100
100;2;2;21,86621;100
100;2;2;21,86621;100
100;2;2;21,86621;100
100;2;2;21,86621;100
100;3;15;22,19971;100
100;3;15;22,19971;100
100;2;2;22,19971;100
100;3;15;22,19971;100
100;2;2;22,19971;100
100;3;15;22,19971;100
100;3;15;22,19971;100
100;3;15;22,19971;100
100;3;15;22,19971;100
100;3;15;22,19971;100
100;2;2;22,5332;100
100;3;15;22,5332;100
100;2;2;22,5332;100
100;3;15;22,5332;100
100;2;2;22,5332;100
100;2;2;22,5332;100
100;3;15;22,5332;100
100;3;15;22,8667;100
100;3;15;22,8667;100
100;3;15;22,8667;100
100;2;2;22,8667;100
100;2;2;22,8667;100
100;2;2;22,8667;100
100;2;2;22,8667;100
100;2;2;23,2002;100
100;3;15;23,2002;100
100;2;2;23,2002;100
100;2;2;23,2002;100
100;2;2;23,2002;100
100;2;2;23,2002;100
100;2;2;23,2002;100
100;2;2;23,2002;100
100;2;2;23,2002;100
100;2;2;23,2002;100
100;2;2;23,53369;100
100;3;15;23,53369;100
100;2;2;23,53369;100
100;2;2;23,53369;100
100;2;2;23,53369;100
100;2;2;23,53369;100
100;3;15;23,53369;100
100;3;15;23,53369;100
100;3;15;23,53369;100
100;3;15;23,53369;100
100;2;2;23,53369;100
100;3;15;23,86719;100
100;3;15;23,86719;100
100;2;2;23,86719;100
100;2;2;23,86719;100
100;2;2;23,86719;100
100;3;15;23,86719;100
100;2;2;23,86719;100
100;2;2;23,86719;100
100;2;2;24,20068;100
100;2;2;24,20068;100
100;2;2;24,20068;100
100;2;2;24,20068;100
100;3;15;24,20068;100
100;2;2;24,53418;100
100;3;15;24,53418;100
100;2;2;24,53418;100
100;2;2;24,53418;100
100;3;15;24,53418;100
100;3;15;24,53418;100
100;2;2;24,86768;100
100;3;15;24,86768;100
100;3;15;24,86768;100
100;2;2;24,86768;100
100;3;15;24,86768;100
100;3;15;24,86768;100
100;2;2;24,86768;100
100;3;15;25,20117;100
100;2;2;25,20117;100
100;2;2;25,20117;100
100;3;15;25,20117;100
100;2;2;25,20117;100
100;3;15;25,20117;100
100;3;15;25,20117;100
100;3;15;25,20117;100
100;3;15;25,20117;100
100;2;2;25,53467;100
100;3;15;25,53467;100
100;3;15;25,53467;100
100;2;2;25,53467;100
100;3;15;25,53467;100
100;3;15;25,86816;100
100;2;2;25,86816;100
100;2;2;25,86816;100
100;3;15;25,86816;100
100;3;15;25,86816;100
100;3;15;25,86816;100
100;2;2;25,86816;100
100;3;15;25,86816;100
100;3;15;25,86816;100
100;3;15;26,20166;100
100;2;2;26,20166;100
100;2;2;26,20166;100
100;3;15;26,20166;100
100;2;2;26,20166;100
100;2;2;26,20166;100
100;2;2;26,20166;100
100;2;2;26,20166;100
100;2;2;26,20166;100
100;2;2;26,20166;100
100;2;2;26,20166;100
100;3;15;26,20166;100
100;3;15;26,53516;100
100;2;2;26,53516;100
100;2;2;26,53516;100
100;3;15;26,53516;100
100;3;15;26,53516;100
100;3;15;26,53516;100
100;3;15;26,53516;100
100;2;2;26,53516;100
100;2;2;26,53516;100
100;3;15;26,53516;100
100;3;15;26,53516;100
100;3;15;26,86865;100
100;2;2;26,86865;100
100;3;15;26,86865;100
100;2;2;26,86865;100
100;2;2;26,86865;100
100;3;15;26,86865;100
100;3;15;26,86865;100
100;2;2;27,20215;100
100;3;15;27,20215;100
100;3;15;27,20215;100
100;2;2;27,20215;100
100;2;2;27,20215;100
100;3;15;27,20215;100
100;3;15;27,20215;100
100;2;2;27,20215;100
100;3;15;27,20215;100
100;2;2;27,53564;100
100;2;2;27,53564;100
100;2;2;27,53564;100
100;3;15;27,53564;100
100;2;2;27,53564;100
100;3;15;27,53564;100
100;2;2;27,53564;100
100;2;2;27,53564;100
100;3;15;27,86914;100
100;3;15;27,86914;100
100;3;15;27,86914;100
100;2;2;27,86914;100
100;3;15;27,86914;100
100;3;15;27,86914;100
100;3;15;27,86914;100
100;3;15;28,20264;100
100;3;15;28,20264;100
100;2;2;28,20264;100
100;3;15;28,20264;100
100;3;15;28,20264;100
100;2;2;28,20264;100
100;2;2;28,20264;100
100;3;15;28,20264;100
100;3;15;28,20264;100
100;2;2;28,20264;100
100;3;15;28,53613;100
100;2;2;28,53613;100
100;3;15;28,53613;100
100;3;15;28,53613;100
100;3;15;28,53613;100
100;3;15;28,53613;100
100;2;2;28,53613;100
100;2;2;28,53613;100
100;3;15;28,53613;100
100;3;15;28,53613;100
100;2;2;28,53613;100
100;2;2;28,86963;100
100;2;2;28,86963;100
100;2;2;28,86963;100
100;3;15;28,86963;100
100;2;2;28,86963;100
100;3;15;28,86963;100
100;3;15;29,20313;100
100;3;15;29,20313;100
100;2;2;29,20313;100
100;3;15;29,20313;100
100;2;2;29,20313;100
100;3;15;29,20313;100
100;3;15;29,20313;100
100;2;2;29,53662;100
100;3;15;29,53662;100
100;3;15;29,53662;100
100;2;2;29,53662;100
100;2;2;29,53662;100
100;3;15;29,53662;100
100;3;15;29,53662;100
100;2;2;29,87012;100
100;3;15;29,87012;100
100;2;2;29,87012;100
100;2;2;29,87012;100
100;2;2;29,87012;100
100;2;2;29,87012;100
100;3;15;29,87012;100
100;3;15;29,87012;100
100;2;2;29,87012;100
100;2;2;30,20361;100
100;3;15;30,20361;100
100;2;2;30,20361;100
100;3;15;30,20361;100
100;2;2;30,20361;100
100;3;15;30,20361;100
100;3;15;30,20361;100
100;3;15;30,20361;100
100;3;15;30,20361;100
100;2;2;30,53711;100
100;3;15;30,53711;100
100;2;2;30,53711;100
100;3;15;30,87061;100
100;2;2;30,87061;100
100;2;2;30,87061;100
100;3;15;30,87061;100
100;2;2;30,87061;100
100;3;15;30,87061;100
100;3;15;30,87061;100
100;2;2;30,87061;100
100;3;15;30,87061;100
100;2;2;30,87061;100
100;2;2;31,2041;100
100;3;15;31,2041;100
100;3;15;31,2041;100
100;2;2;31,2041;100
100;3;15;31,2041;100
100;2;2;31,2041;100
100;3;15;31,2041;100
100;3;15;31,2041;100
100;2;2;31,5376;100
100;2;2;31,5376;100
100;3;15;31,5376;100
100;3;15;31,5376;100
100;3;15;31,5376;100
100;2;2;31,5376;100
100;3;15;31,5376;100
100;2;2;31,5376;100
100;3;15;31,5376;100
100;3;15;31,5376;100
100;3;15;31,87109;100
100;2;2;31,87109;100
100;3;15;31,87109;100
100;2;2;32,20459;100
100;3;15;32,20459;100
100;3;15;32,20459;100
100;2;2;32,20459;100
100;2;2;32,20459;100
100;3;15;32,20459;100
100;2;2;32,53809;100
100;3;15;32,53809;100
100;2;2;32,53809;100
100;3;15;32,53809;100
100;3;15;32,53809;100
100;2;2;32,53809;100
100;3;15;32,53809;100
100;3;15;32,53809;100
100;2;2;32,53809;100
100;2;2;32,53809;100
100;2;2;32,53809;100
100;3;15;32,87158;100
100;3;15;32,87158;100
100;2;2;32,87158;100
100;3;15;32,87158;100
100;3;15;32,87158;100
100;2;2;32,87158;100
100;3;15;33,20508;100
100;3;15;33,20508;100
100;2;2;33,20508;100
100;2;2;33,20508;100
100;2;2;33,20508;100
100;3;15;33,20508;100
100;2;2;33,53857;100
100;3;15;33,53857;100
100;3;15;33,53857;100
100;2;2;33,53857;100
100;2;2;33,53857;100
100;3;15;33,53857;100
100;2;2;33,53857;100
100;3;15;33,53857;100
100;3;15;33,53857;100
100;3;15;33,53857;100
100;3;15;33,87207;100
100;3;15;33,87207;100
100;2;2;33,87207;100
100;2;2;33,87207;100
100;2;2;33,87207;100
100;2;2;33,87207;100
100;2;2;34,20557;100
100;2;2;34,20557;100
100;2;2;34,20557;100
100;3;15;34,20557;100
100;3;15;34,20557;100
100;2;2;34,20557;100
100;3;15;34,20557;100
100;3;15;34,53906;100
100;3;15;34,53906;100
100;2;2;34,53906;100
100;2;2;34,53906;100
100;2;2;34,53906;100
100;2;2;34,53906;100
100;3;15;34,53906;100
100;3;15;34,53906;100
100;2;2;34,53906;100
100;3;15;34,87256;100
100;2;2;34,87256;100
100;3;15;34,87256;100
100;3;15;34,87256;100
100;3;15;34,87256;100
100;3;15;34,87256;100
100;3;15;34,87256;100
100;3;15;34,87256;100
100;2;2;35,20605;100
100;3;15;35,20605;100
100;3;15;35,20605;100
100;2;2;35,20605;100
100;2;2;35,20605;100
100;2;2;35,20605;100
100;3;15;35,20605;100
100;3;15;35,20605;100
100;3;15;35,20605;100
100;3;15;35,20605;100
100;2;2;35,20605;100
100;2;2;35,53955;100
100;2;2;35,53955;100
100;3;15;35,53955;100
100;2;2;35,53955;100
100;3;15;35,53955;100
100;3;15;35,53955;100
100;2;2;35,53955;100
100;2;2;35,53955;100
100;3;15;35,53955;100
100;2;2;35,53955;100
100;3;15;35,87305;100
100;3;15;35,87305;100
100;2;2;35,87305;100
100;3;15;35,87305;100
100;3;15;35,87305;100
100;3;15;35,87305;100
100;3;15;35,87305;100
100;2;2;35,87305;100
100;2;2;35,87305;100
100;3;15;36,20654;100
100;2;2;36,20654;100
100;3;15;36,20654;100
100;3;15;36,20654;100
100;3;15;36,20654;100
100;3;15;36,20654;100
100;2;2;36,54004;100
100;2;2;36,54004;100
100;3;15;36,54004;100
100;2;2;36,54004;100
100;3;15;36,54004;100
100;2;2;36,54004;100
100;3;15;36,54004;100
100;2;2;36,54004;100
100;3;15;36,54004;100
100;3;15;36,87354;100
100;2;2;36,87354;100
100;2;2;36,87354;100
100;3;15;36,87354;100
100;2;2;36,87354;100
100;3;15;36,87354;100
100;3;15;36,87354;100
100;2;2;36,87354;100
100;2;2;37,20703;100
100;3;15;37,20703;100
100;2;2;37,20703;100
100;3;15;37,20703;100
100;3;15;37,20703;100
100;3;15;37,20703;100
100;2;2;37,20703;100
100;2;2;37,20703;100
100;2;2;37,20703;100
100;2;2;37,20703;100
100;3;15;37,20703;100
100;2;2;37,54053;100
100;3;15;37,54053;100
100;2;2;37,54053;100
100;3;15;37,54053;100
100;2;2;37,54053;100
100;3;15;37,54053;100
100;2;2;37,54053;100
100;3;15;37,54053;100
100;3;15;37,54053;100
100;2;2;37,54053;100
100;3;15;37,54053;100
100;2;2;37,54053;100
100;2;2;37,87402;100
100;3;15;37,87402;100
100;3;15;37,87402;100
100;2;2;37,87402;100
100;2;2;37,87402;100
100;3;15;38,20752;85
100;3;15;38,20752;70
100;2;2;38,20752;70
100;2;2;38,20752;70
100;2;2;38,20752;70
100;3;15;38,20752;55
100;3;15;38,20752;40
100;2;2;38,20752;40
100;2;2;38,20752;40
100;3;15;38,20752;25
100;3;15;38,20752;10
100;3;15;38,54102;-5
Player