92;2;2;15,05688;100
92;3;15;15,05688;100
92;2;2;15,05688;100
92;2;2;15,05688;100
92;2;2;15,39026;100
92;3;15;15,39026;100
92;2;2;15,39026;100
92;3;15;15,39026;100
92;3;15;15,39026;100
92;2;2;15,39026;100
92;2;2;15,39026;100
92;2;2;15,72363;100
92;2;2;15,72363;100
92;3;15;15,72363;100
92;2;2;15,72363;100
92;2;2;15,72363;100
92;2;2;15,72363;100
92;3;15;15,72363;100
92;3;15;15,72363;100
92;3;15;15,72363;100
92;3;15;15,72363;100
92;3;15;15,72363;100
92;2;2;16,05701;100
92;2;2;16,05701;100
92;3;15;16,05701;100
92;2;2;16,05701;100
92;2;2;16,05701;100
92;3;15;16,05701;100
92;3;15;16,05701;100
92;2;2;16,05701;100
92;3;15;16,05701;100
92;2;2;16,39038;100
92;3;15;16,39038;100
92;2;2;16,39038;100
92;2;2;16,39038;100
92;3;15;16,39038;100
92;2;2;16,39038;100
92;3;15;16,39038;100
92;2;2;16,39038;100
92;2;2;16,39038;100
92;3;15;16,39038;100
92;2;2;16,72375;100
92;2;2;16,72375;100
92;3;15;16,72375;100
92;3;15;16,72375;100
92;3;15;16,72375;100
92;2;2;16,72375;100
92;3;15;16,72375;100
92;2;2;16,72375;100
92;3;15;17,05713;100
92;2;2;17,05713;100
92;2;2;17,05713;100
92;3;15;17,05713;100
92;2;2;17,05713;100
92;3;15;17,05713;100
92;2;2;17,05713;100
92;2;2;17,05713;100
92;3;15;17,05713;100
92;2;2;17,05713;100
92;3;15;17,05713;100
92;2;2;17,3905;100
92;3;15;17,3905;100
92;2;2;17,3905;100
92;3;15;17,3905;100
92;3;15;17,3905;100
92;3;15;17,3905;100
92;2;2;17,3905;100
92;3;15;17,3905;100
92;2;2;17,3905;100
92;2;2;17,72388;100
92;2;2;17,72388;100
92;3;15;17,72388;100
92;3;15;17,72388;100
92;2;2;17,72388;100
92;2;2;18,05725;100
92;3;15;18,05725;100
92;3;15;18,05725;100
92;3;15;18,05725;100
92;2;2;18,05725;100
92;2;2;18,05725;100
92;3;15;18,05725;100
92;2;2;18,05725;100
92;2;2;18,05725;100
92;2;2;18,39063;100
92;2;2;18,39063;100
92;3;15;18,39063;100
92;3;15;18,39063;100
92;3;15;18,39063;100
92;2;2;18,39063;100
92;2;2;18,39063;100
92;3;15;18,724;100
92;3;15;18,724;100
92;3;15;18,724;100
92;2;2;18,724;100
92;3;15;18,724;100
92;3;15;18,724;100
92;3;15;18,724;100
92;3;15;18,724;100
92;2;2;18,724;100
92;2;2;18,724;100
92;2;2;18,724;100
92;2;2;19,05737;100
92;2;2;19,05737;100
92;2;2;19,05737;100
92;3;15;19,05737;100
92;3;15;19,05737;100
92;2;2;19,05737;100
92;3;15;19,05737;100
92;3;15;19,39075;100
92;3;15;19,39075;100
92;3;15;19,39075;100
92;3;15;19,39075;100
92;3;15;19,39075;100
92;3;15;19,39075;100
92;2;2;19,39075;100
92;3;15;19,39075;100
92;2;2;19,39075;100
92;2;2;19,39075;100
92;2;2;19,39075;100
92;3;15;19,39075;100
92;2;2;19,39075;100
92;3;15;19,72412;100
92;3;15;19,72412;100
92;2;2;19,72412;100
92;3;15;19,72412;100
92;3;15;19,72412;100
92;3;15;19,72412;100
92;3;15;19,72412;100
92;3;15;19,72412;100
92;2;2;19,72412;100
92;3;15;19,72412;100
92;3;15;20,0575;100
92;2;2;20,0575;100
92;3;15;20,0575;100
92;2;2;20,0575;100
92;3;15;20,0575;100
92;2;2;20,39087;100
92;3;15;20,39087;100
92;2;2;20,39087;100
92;3;15;20,39087;100
92;3;15;20,39087;100
92;2;2;20,39087;100
92;2;2;20,39087;100
92;3;15;20,39087;100
92;3;15;20,39087;100
92;3;15;20,39087;100
92;2;2;20,72424;100
92;2;2;20,72424;100
92;2;2;20,72424;100
92;2;2;20,72424;100
92;3;15;20,72424;100
92;2;2;20,72424;100
92;2;2;20,72424;100
92;3;15;20,72424;100
92;2;2;20,72424;100
92;2;2;20,72424;100
92;3;15;21,05762;100
92;2;2;21,05762;100
92;3;15;21,05762;100
92;2;2;21,05762;100
92;2;2;21,05762;100
92;3;15;21,05762;100
92;2;2;21,05762;100
92;2;2;21,05762;100
92;2;2;21,05762;100
92;3;15;21,05762;100
92;2;2;21,05762;100
92;2;2;21,39099;100
92;2;2;21,39099;100
92;2;2;21,39099;100
92;2;2;21,39099;100
92;2;2;21,39099;100
92;2;2;21,39099;100
92;3;15;21,39099;100
92;2;2;21,39099;100
92;3;15;21,72437;100
92;3;15;21,72437;100
92;2;2;21,72437;100
92;3;15;21,72437;100
92;3;15;21,72437;100
92;2;2;21,72437;100
92;3;15;21,72437;100
92;2;2;21,72437;100
92;2;2;22,05774;100
92;3;15;22,05774;100
92;3;15;22,05774;100
92;3;15;22,05774;100
92;2;2;22,05774;100
92;3;15;22,05774;100
92;3;15;22,05774;100
92;2;2;22,05774;100
92;2;2;22,05774;100
92;3;15;22,39111;100
92;3;15;22,39111;100
92;3;15;22,39111;100
92;3;15;22,39111;100
92;2;2;22,39111;100
92;3;15;22,39111;100
92;2;2;22,39111;100
92;2;2;22,39111;100
92;3;15;22,39111;100
92;2;2;22,39111;100
92;2;2;22,72449;100
92;2;2;22,72449;100
92;3;15;22,72449;100
92;2;2;22,72449;100
92;2;2;22,72449;100
92;3;15;22,72449;100
92;3;15;23,05786;100
92;3;15;23,05786;100
92;2;2;23,05786;100
92;2;2;23,05786;100
92;2;2;23,05786;100
92;2;2;23,05786;100
92;2;2;23,05786;100
92;3;15;23,05786;100
92;3;15;23,05786;100
92;3;15;23,39124;100
92;2;2;23,39124;100
92;3;15;23,39124;100
92;2;2;23,39124;100
92;3;15;23,39124;100
92;3;15;23,39124;100
92;3;15;23,39124;100
92;3;15;23,39124;100
92;3;15;23,39124;100
92;3;15;23,39124;100
92;3;15;23,39124;100
92;3;15;23,72461;100
92;2;2;23,72461;100
92;2;2;23,72461;100
92;3;15;23,72461;100
92;3;15;23,72461;100
92;3;15;23,72461;100
92;3;15;23,72461;100
92;3;15;23,72461;100
92;3;15;23,72461;100
92;2;2;24,05798;100
92;2;2;24,05798;100
92;2;2;24,05798;100
92;3;15;24,05798;100
92;3;15;24,05798;100
92;3;15;24,05798;100
92;3;15;24,39136;100
92;2;2;24,39136;100
92;3;15;24,39136;100
92;2;2;24,39136;100
92;2;2;24,39136;100
92;3;15;24,39136;100
92;2;2;24,39136;100
92;3;15;24,39136;100
92;3;15;24,39136;100
92;2;2;24,39136;100
92;2;2;24,39136;100
92;2;2;24,72473;100
92;3;15;24,72473;100
92;2;2;24,72473;100
92;3;15;24,72473;100
92;3;15;24,72473;100
92;2;2;24,72473;100
92;3;15;24,72473;100
92;3;15;24,72473;100
92;3;15;24,72473;100
92;3;15;25,05811;100
92;2;2;25,05811;100
92;2;2;25,05811;100
92;2;2;25,05811;100
92;3;15;25,05811;100
92;2;2;25,05811;100
92;3;15;25,39148;100
92;2;2;25,39148;100
92;3;15;25,39148;100
92;2;2;25,39148;100
92;3;15;25,39148;100
92;3;15;25,72485;100
92;2;2;25,72485;100
92;2;2;25,72485;100
92;3;15;25,72485;100
92;3;15;25,72485;100
92;2;2;25,72485;100
92;3;15;25,72485;100
92;3;15;26,05823;100
92;2;2;26,05823;100
92;3;15;26,05823;100
92;2;2;26,05823;100
92;2;2;26,05823;100
92;2;2;26,05823;100
92;3;15;26,05823;100
92;2;2;26,05823;100
92;2;2;26,05823;100
92;2;2;26,3916;100
92;2;2;26,3916;100
92;2;2;26,3916;100
92;2;2;26,3916;100
92;3;15;26,3916;100
92;2;2;26,3916;100
92;3;15;26,3916;100
92;2;2;26,3916;100
92;3;15;26,3916;100
92;3;15;26,72498;100
92;3;15;26,72498;100
92;2;2;26,72498;100
92;2;2;26,72498;100
92;3;15;26,72498;100
92;2;2;26,72498;100
92;2;2;26,72498;100
92;2;2;27,05835;100
92;3;15;27,05835;100
92;3;15;27,05835;100
92;2;2;27,05835;100
92;2;2;27,05835;100
92;2;2;27,39172;100
92;3;15;27,39172;100
92;3;15;27,39172;100
92;2;2;27,39172;100
92;3;15;27,39172;100
92;3;15;27,39172;100
92;3;15;27,39172;100
92;2;2;27,39172;100
92;3;15;27,39172;100
92;3;15;27,39172;100
92;3;15;27,39172;100
92;2;2;27,7251;100
92;2;2;27,7251;100
92;2;2;27,7251;100
92;2;2;27,7251;100
92;2;2;27,7251;100
92;2;2;27,7251;100
92;2;2;27,7251;100
92;2;2;27,7251;100
92;3;15;27,7251;100
92;2;2;27,7251;100
92;2;2;27,7251;100
92;3;15;28,05847;100
92;3;15;28,05847;100
92;2;2;28,05847;100
92;2;2;28,05847;100
92;3;15;28,05847;100
92;2;2;28,05847;100
92;3;15;28,05847;100
92;2;2;28,05847;100
92;2;2;28,05847;100
92;3;15;28,39185;100
92;2;2;28,39185;100
92;3;15;28,39185;100
92;2;2;28,39185;100
92;3;15;28,39185;100
92;2;2;28,39185;100
92;3;15;28,39185;100
92;2;2;28,39185;100
92;3;15;28,39185;100
92;2;2;28,39185;100
92;2;2;28,72522;100
92;3;15;28,72522;100
92;2;2;28,72522;100
92;2;2;28,72522;100
92;3;15;28,72522;100
92;3;15;28,72522;100
92;3;15;28,72522;100
92;2;2;28,72522;100
92;3;15;28,72522;100
92;2;2;28,72522;100
92;2;2;28,72522;100
92;2;2;28,72522;100
92;2;2;29,05859;100
92;2;2;29,05859;100
92;3;15;29,05859;100
92;2;2;29,05859;100
92;2;2;29,05859;100
92;2;2;29,05859;100
92;3;15;29,05859;100
92;2;2;29,05859;100
92;3;15;29,05859;100
92;2;2;29,39197;100
92;3;15;29,39197;100
92;2;2;29,39197;100
92;2;2;29,39197;100
92;2;2;29,39197;100
92;2;2;29,39197;100
92;2;2;29,39197;100
92;2;2;29,72534;100
92;2;2;29,72534;100
92;2;2;29,72534;100
92;2;2;29,72534;100
92;3;15;29,72534;100
92;3;15;29,72534;100
92;2;2;29,72534;100
92;2;2;29,72534;100
92;3;15;29,72534;100
92;3;15;29,72534;100
92;3;15;30,05872;100
92;2;2;30,05872;100
92;3;15;30,05872;100
92;3;15;30,05872;100
92;3;15;30,05872;100
92;2;2;30,05872;100
92;3;15;30,05872;100
92;2;2;30,05872;100
92;2;2;30,39209;100
92;3;15;30,39209;100
92;2;2;30,39209;100
92;2;2;30,39209;100
92;2;2;30,39209;100
92;3;15;30,39209;100
92;3;15;30,72546;100
92;2;2;30,72546;100
92;2;2;30,72546;100
92;2;2;30,72546;100
92;2;2;30,72546;100
92;2;2;30,72546;100
92;2;2;30,72546;100
92;2;2;30,72546;100
92;2;2;30,72546;100
92;3;15;30,72546;100
92;3;15;31,05884;100
92;3;15;31,05884;100
92;3;15;31,05884;100
92;2;2;31,05884;100
92;3;15;31,05884;100
92;3;15;31,05884;100
92;3;15;31,05884;100
92;3;15;31,05884;100
92;2;2;31,39221;100
92;2;2;31,39221;100
92;3;15;31,39221;100
92;2;2;31,39221;100
92;2;2;31,39221;100
92;3;15;31,39221;100
92;3;15;31,39221;100
92;3;15;31,72559;100
92;2;2;31,72559;100
92;3;15;31,72559;100
92;2;2;31,72559;100
92;2;2;31,72559;100
92;2;2;31,72559;100
92;2;2;32,05896;100
92;2;2;32,05896;100
92;2;2;32,05896;100
92;2;2;32,05896;100
92;2;2;32,05896;100
92;2;2;32,05896;100
92;3;15;32,05896;100
92;3;15;32,05896;100
92;3;15;32,05896;100
92;3;15;32,05896;100
92;3;15;32,05896;100
92;3;15;32,39233;85
92;2;2;32,39233;85
92;2;2;32,39233;85
92;3;15;32,39233;70
92;2;2;32,39233;70
92;2;2;32,39233;70
92;2;2;32,39233;70
92;3;15;32,39233;55
92;2;2;32,39233;55
92;2;2;32,39233;55
92;3;15;32,72571;55
92;2;2;32,72571;55
92;2;2;32,72571;55
92;3;15;32,72571;55
92;2;2;32,72571;55
92;2;2;32,72571;55
92;3;15;32,72571;55
92;3;15;32,72571;55
92;3;15;32,72571;55
92;3;15;32,72571;55
92;3;15;33,05908;55
92;2;2;33,05908;55
92;2;2;33,05908;55
92;2;2;33,05908;55
92;3;15;33,05908;40
92;3;15;33,05908;25
92;2;2;33,05908;25
92;2;2;33,05908;25
92;2;2;33,05908;25
92;2;2;33,05908;25
92;2;2;33,05908;25
92;2;2;33,39246;25
92;3;15;33,39246;10
92;3;15;33,39246;-5
Player