100;3;15;4,803711;100
100;2;2;4,803711;100
100;3;15;4,803711;100
100;3;15;5,136719;100
100;3;15;5,136719;100
100;2;2;5,136719;100
100;2;2;5,136719;100
100;3;15;5,136719;100
100;2;2;5,136719;100
100;3;15;5,136719;100
100;3;15;5,136719;100
100;2;2;5,136719;100
100;2;2;5,469727;100
100;2;2;5,469727;100
100;3;15;5,469727;100
100;3;15;5,469727;100
100;2;2;5,469727;100
100;2;2;5,802734;100
100;3;15;5,802734;100
100;2;2;5,802734;100
100;2;2;5,802734;100
100;2;2;5,802734;100
100;3;15;5,802734;100
100;2;2;5,802734;100
100;3;15;6,135742;100
100;2;2;6,135742;100
100;2;2;6,135742;100
100;2;2;6,135742;100
100;3;15;6,135742;100
100;2;2;6,135742;100
100;3;15;6,135742;100
100;2;2;6,46875;100
100;3;15;6,46875;100
100;2;2;6,46875;100
100;2;2;6,46875;100
100;3;15;6,46875;100
100;3;15;6,46875;100
100;3;15;6,46875;100
100;2;2;6,46875;100
100;2;2;6,801758;100
100;3;15;6,801758;100
100;2;2;6,801758;100
100;3;15;6,801758;100
100;3;15;6,801758;100
100;2;2;6,801758;100
100;3;15;7,134766;100
100;2;2;7,134766;100
100;3;15;7,134766;100
100;3;15;7,134766;100
100;2;2;7,134766;100
100;3;15;7,134766;100
100;3;15;7,134766;100
100;2;2;7,467773;100
100;2;2;7,467773;100
100;3;15;7,467773;100
100;3;15;7,467773;100
100;2;2;7,467773;100
100;3;15;7,467773;100
100;3;15;7,467773;100
100;3;15;7,467773;100
100;3;15;7,467773;100
100;3;15;7,467773;100
100;3;15;7,467773;100
100;3;15;7,467773;100
100;2;2;7,800781;100
100;3;15;7,800781;100
100;2;2;7,800781;100
100;3;15;7,800781;100
100;3;15;7,800781;100
100;3;15;7,800781;100
100;3;15;8,133789;100
100;2;2;8,133789;100
100;3;15;8,133789;100
100;3;15;8,133789;100
100;3;15;8,133789;100
100;2;2;8,133789;100
100;3;15;8,133789;100
100;2;2;8,133789;100
100;2;2;8,133789;100
100;3;15;8,466797;100
100;2;2;8,466797;100
100;2;2;8,466797;100
100;2;2;8,466797;100
100;3;15;8,466797;100
100;3;15;8,466797;100
100;3;15;8,466797;100
100;2;2;8,466797;100
100;3;15;8,799805;100
100;3;15;8,799805;100
100;2;2;8,799805;100
100;2;2;8,799805;100
100;3;15;8,799805;100
100;2;2;8,799805;100
100;3;15;8,799805;100
100;2;2;8,799805;100
100;3;15;8,799805;100
100;2;2;9,132813;100
100;3;15;9,132813;100
100;3;15;9,132813;100
100;3;15;9,132813;100
100;3;15;9,132813;100
100;3;15;9,132813;100
100;2;2;9,132813;100
100;2;2;9,132813;100
100;3;15;9,132813;100
100;2;2;9,132813;100
100;3;15;9,132813;100
100;3;15;9,46582;100
100;3;15;9,46582;100
100;3;15;9,46582;100
100;3;15;9,46582;100
100;3;15;9,46582;100
100;2;2;9,46582;100
100;2;2;9,46582;100
100;3;15;9,46582;100
100;2;2;9,46582;100
100;2;2;9,46582;100
100;3;15;9,46582;100
100;2;2;9,798828;100
100;3;15;9,798828;100
100;3;15;9,798828;100
100;3;15;9,798828;100
100;2;2;9,798828;100
100;2;2;9,798828;100
100;2;2;9,798828;100
100;3;15;10,13184;100
100;3;15;10,13184;100
100;3;15;10,13184;100
100;3;15;10,13184;100
100;3;15;10,13184;100
100;2;2;10,13184;100
100;3;15;10,13184;100
100;2;2;10,13184;100
100;2;2;10,13184;100
100;2;2;10,13184;100
100;3;15;10,13184;100
100;3;15;10,13184;100
100;3;15;10,46484;100
100;2;2;10,46484;100
100;2;2;10,46484;100
100;3;15;10,46484;100
100;2;2;10,46484;100
100;2;2;10,46484;100
100;3;15;10,46484;100
100;2;2;10,46484;100
100;3;15;10,46484;100
100;2;2;10,46484;100
100;3;15;10,79785;100
100;2;2;10,79785;100
100;2;2;10,79785;100
100;2;2;10,79785;100
100;3;15;10,79785;100
100;3;15;10,79785;100
100;2;2;10,79785;100
100;3;15;10,79785;100
100;2;2;10,79785;100
100;3;15;11,13086;100
100;2;2;11,13086;100
100;2;2;11,13086;100
100;2;2;11,13086;100
100;2;2;11,13086;100
100;3;15;11,13086;100
100;3;15;11,13086;100
100;2;2;11,13086;100
100;3;15;11,46387;100
100;2;2;11,46387;100
100;3;15;11,46387;100
100;3;15;11,46387;100
100;3;15;11,46387;100
100;3;15;11,46387;100
100;3;15;11,46387;100
100;3;15;11,46387;100
100;3;15;11,46387;100
100;3;15;11,46387;100
100;3;15;11,79688;100
100;2;2;11,79688;100
100;3;15;11,79688;100
100;3;15;11,79688;100
100;2;2;11,79688;100
100;3;15;11,79688;100
100;3;15;11,79688;100
100;3;15;11,79688;100
100;2;2;11,79688;100
100;2;2;11,79688;100
100;2;2;11,79688;100
100;2;2;12,12988;100
100;3;15;12,12988;100
100;3;15;12,12988;100
100;3;15;12,12988;100
100;2;2;12,12988;100
100;3;15;12,12988;100
100;3;15;12,12988;100
100;3;15;12,12988;100
100;2;2;12,12988;100
100;3;15;12,46289;100
100;3;15;12,46289;100
100;3;15;12,46289;100
100;2;2;12,46289;100
100;3;15;12,46289;100
100;2;2;12,46289;100
100;2;2;12,46289;100
100;3;15;12,46289;100
100;3;15;12,46289;100
100;3;15;12,46289;100
100;3;15;12,7959;100
100;3;15;12,7959;100
100;2;2;12,7959;100
100;2;2;12,7959;100
100;3;15;12,7959;100
100;3;15;12,7959;100
100;3;15;12,7959;100
100;2;2;12,7959;100
100;2;2;12,7959;100
100;2;2;12,7959;100
100;3;15;13,12891;100
100;2;2;13,12891;100
100;3;15;13,12891;100
100;3;15;13,12891;100
100;2;2;13,12891;100
100;2;2;13,12891;100
100;3;15;13,12891;100
100;3;15;13,12891;100
100;3;15;13,12891;100
100;3;15;13,12891;100
100;2;2;13,12891;100
100;2;2;13,46191;100
100;3;15;13,46191;100
100;2;2;13,46191;100
100;3;15;13,46191;100
100;3;15;13,46191;100
100;3;15;13,46191;100
100;2;2;13,46191;100
100;3;15;13,46191;100
100;2;2;13,79492;100
100;2;2;13,79492;100
100;2;2;13,79492;100
100;3;15;13,79492;100
100;2;2;13,79492;100
100;2;2;13,79492;100
100;3;15;13,79492;100
100;2;2;13,79492;100
100;3;15;13,79492;100
100;2;2;13,79492;100
100;2;2;13,79492;100
100;3;15;13,79492;100
100;3;15;14,12793;100
100;2;2;14,12793;100
100;3;15;14,12793;100
100;2;2;14,12793;100
100;3;15;14,12793;100
100;3;15;14,12793;100
100;3;15;14,46094;100
100;2;2;14,46094;100
100;2;2;14,46094;100
100;2;2;14,46094;100
100;2;2;14,46094;100
100;2;2;14,46094;100
100;3;15;14,46094;100
100;3;15;14,46094;100
100;3;15;14,46094;100
100;3;15;14,79395;100
100;3;15;14,79395;100
100;3;15;14,79395;100
100;3;15;14,79395;100
100;2;2;14,79395;100
100;3;15;14,79395;100
100;2;2;14,79395;100
100;3;15;15,12695;100
100;3;15;15,12695;100
100;3;15;15,12695;100
100;3;15;15,12695;100
100;3;15;15,12695;100
100;3;15;15,12695;100
100;2;2;15,12695;100
100;2;2;15,12695;100
100;2;2;15,12695;100
100;3;15;15,12695;100
100;2;2;15,12695;100
100;3;15;15,12695;100
100;2;2;15,12695;100
100;2;2;15,45996;100
100;3;15;15,45996;100
100;3;15;15,45996;100
100;3;15;15,45996;100
100;3;15;15,45996;100
100;2;2;15,45996;100
100;2;2;15,45996;100
100;3;15;15,45996;100
100;3;15;15,79297;100
100;2;2;15,79297;100
100;2;2;15,79297;100
100;3;15;15,79297;100
100;2;2;15,79297;100
100;2;2;15,79297;100
100;3;15;15,79297;100
100;2;2;15,79297;100
100;3;15;15,79297;100
100;2;2;15,79297;100
100;3;15;15,79297;100
100;3;15;16,12598;100
100;2;2;16,12598;100
100;3;15;16,12598;100
100;3;15;16,12598;100
100;2;2;16,12598;100
100;3;15;16,12598;100
100;2;2;16,12598;100
100;3;15;16,12598;100
100;2;2;16,12598;100
100;3;15;16,12598;100
100;3;15;16,12598;100
100;2;2;16,12598;100
100;3;15;16,45898;100
100;3;15;16,45898;100
100;3;15;16,45898;100
100;2;2;16,45898;100
100;2;2;16,45898;100
100;3;15;16,45898;100
100;2;2;16,45898;100
100;3;15;16,45898;100
100;3;15;16,45898;100
100;2;2;16,79199;100
100;3;15;16,79199;100
100;3;15;16,79199;100
100;2;2;16,79199;100
100;3;15;16,79199;100
100;3;15;16,79199;100
100;3;15;16,79199;100
100;3;15;16,79199;100
100;2;2;17,125;100
100;2;2;17,125;100
100;3;15;17,125;85
100;3;15;17,125;70
100;3;15;17,125;55
100;3;15;17,125;40
100;3;15;17,125;25
100;3;15;17,125;10
100;2;2;17,125;10
100;3;15;17,125;-5
Player