100;2;2;32,36426;100
100;3;15;32,36426;100
100;3;15;32,69727;100
100;2;2;32,69727;100
100;3;15;32,69727;100
100;2;2;32,69727;100
100;3;15;32,69727;100
100;2;2;32,69727;100
100;2;2;32,69727;100
100;3;15;32,69727;100
100;3;15;33,03027;100
100;3;15;33,03027;100
100;3;15;33,03027;100
100;2;2;33,03027;100
100;3;15;33,03027;100
100;3;15;33,03027;100
100;3;15;33,03027;100
100;2;2;33,36328;100
100;3;15;33,36328;100
100;3;15;33,36328;100
100;2;2;33,36328;100
100;2;2;33,36328;100
100;2;2;33,36328;100
100;3;15;33,36328;100
100;3;15;33,36328;100
100;3;15;33,36328;100
100;3;15;33,36328;100
100;2;2;33,36328;100
100;3;15;33,69629;100
100;2;2;33,69629;100
100;2;2;33,69629;100
100;2;2;33,69629;100
100;2;2;33,69629;100
100;2;2;33,69629;100
100;3;15;33,69629;100
100;3;15;33,69629;100
100;2;2;34,0293;100
100;2;2;34,0293;100
100;3;15;34,0293;100
100;3;15;34,0293;100
100;3;15;34,0293;100
100;2;2;34,0293;100
100;2;2;34,0293;100
100;3;15;34,0293;100
100;3;15;34,0293;100
100;2;2;34,0293;100
100;2;2;34,0293;100
100;3;15;34,3623;100
100;2;2;34,3623;100
100;3;15;34,3623;100
100;2;2;34,3623;100
100;2;2;34,3623;100
100;2;2;34,3623;100
100;3;15;34,3623;100
100;2;2;34,3623;100
100;3;15;34,69531;100
100;3;15;34,69531;100
100;2;2;34,69531;100
100;2;2;34,69531;100
100;2;2;34,69531;100
100;2;2;34,69531;100
100;3;15;35,02832;100
100;2;2;35,02832;100
100;3;15;35,02832;100
100;2;2;35,02832;100
100;3;15;35,02832;100
100;3;15;35,36133;100
100;2;2;35,36133;100
100;3;15;35,36133;100
100;3;15;35,36133;100
100;3;15;35,36133;100
100;3;15;35,36133;100
100;3;15;35,36133;100
100;3;15;35,36133;100
100;2;2;35,36133;100
100;2;2;35,36133;100
100;3;15;35,69434;100
100;2;2;35,69434;100
100;3;15;35,69434;100
100;3;15;35,69434;100
100;2;2;35,69434;100
100;2;2;35,69434;100
100;2;2;35,69434;100
100;2;2;35,69434;100
100;2;2;35,69434;100
100;3;15;36,02734;100
100;3;15;36,02734;100
100;2;2;36,02734;100
100;2;2;36,02734;100
100;2;2;36,02734;100
100;2;2;36,02734;100
100;3;15;36,02734;100
100;3;15;36,02734;100
100;3;15;36,02734;100
100;3;15;36,36035;100
100;3;15;36,36035;100
100;2;2;36,36035;100
100;3;15;36,36035;100
100;2;2;36,36035;100
100;3;15;36,36035;100
100;3;15;36,36035;100
100;3;15;36,36035;100
100;3;15;36,36035;100
100;3;15;36,69336;100
100;3;15;36,69336;100
100;2;2;36,69336;100
100;3;15;36,69336;100
100;2;2;36,69336;100
100;2;2;36,69336;100
100;2;2;36,69336;100
100;2;2;36,69336;100
100;2;2;37,02637;100
100;2;2;37,02637;100
100;2;2;37,02637;100
100;2;2;37,02637;100
100;3;15;37,02637;100
100;2;2;37,02637;100
100;2;2;37,02637;100
100;2;2;37,02637;100
100;2;2;37,02637;100
100;2;2;37,02637;100
100;2;2;37,35938;100
100;3;15;37,35938;100
100;3;15;37,35938;100
100;2;2;37,35938;100
100;2;2;37,35938;100
100;2;2;37,35938;100
100;2;2;37,35938;100
100;3;15;37,35938;100
100;2;2;37,35938;100
100;3;15;37,69238;100
100;3;15;37,69238;100
100;2;2;37,69238;100
100;3;15;37,69238;100
100;3;15;37,69238;100
100;3;15;37,69238;100
100;3;15;37,69238;100
100;3;15;37,69238;100
100;3;15;38,02539;100
100;2;2;38,02539;100
100;2;2;38,02539;100
100;3;15;38,02539;100
100;3;15;38,02539;100
100;3;15;38,3584;100
100;3;15;38,3584;100
100;3;15;38,3584;100
100;2;2;38,3584;100
100;3;15;38,3584;100
100;3;15;38,3584;100
100;2;2;38,3584;100
100;2;2;38,3584;100
100;2;2;38,69141;100
100;3;15;38,69141;100
100;3;15;38,69141;100
100;3;15;38,69141;100
100;3;15;38,69141;100
100;2;2;38,69141;100
100;3;15;38,69141;100
100;2;2;38,69141;100
100;3;15;38,69141;100
100;2;2;38,69141;100
100;3;15;39,02441;100
100;3;15;39,02441;100
100;3;15;39,02441;100
100;2;2;39,02441;100
100;3;15;39,02441;100
100;3;15;39,02441;100
100;2;2;39,02441;100
100;3;15;39,02441;100
100;2;2;39,02441;100
100;3;15;39,02441;100
100;3;15;39,02441;100
100;3;15;39,35742;100
100;2;2;39,35742;100
100;3;15;39,35742;100
100;3;15;39,35742;100
100;3;15;39,35742;100
100;3;15;39,35742;100
100;3;15;39,35742;100
100;3;15;39,35742;100
100;3;15;39,35742;100
100;2;2;39,69043;100
100;2;2;39,69043;100
100;2;2;39,69043;100
100;2;2;39,69043;100
100;3;15;39,69043;100
100;2;2;39,69043;100
100;3;15;39,69043;100
100;2;2;39,69043;100
100;2;2;40,02344;100
100;3;15;40,02344;100
100;3;15;40,02344;100
100;2;2;40,02344;100
100;2;2;40,02344;100
100;3;15;40,02344;100
100;3;15;40,02344;100
100;3;15;40,02344;100
100;2;2;40,02344;100
100;2;2;40,35645;100
100;2;2;40,35645;100
100;3;15;40,35645;100
100;2;2;40,35645;100
100;2;2;40,35645;100
100;2;2;40,35645;100
100;3;15;40,35645;100
100;2;2;40,68945;100
100;2;2;40,68945;100
100;2;2;40,68945;100
100;3;15;40,68945;100
100;2;2;40,68945;100
100;2;2;40,68945;100
100;3;15;41,02246;100
100;3;15;41,02246;100
100;2;2;41,02246;100
100;3;15;41,02246;100
100;3;15;41,02246;100
100;2;2;41,02246;100
100;3;15;41,02246;100
100;2;2;41,02246;100
100;2;2;41,35547;100
100;3;15;41,35547;100
100;2;2;41,35547;100
100;3;15;41,35547;100
100;2;2;41,35547;100
100;3;15;41,35547;100
100;2;2;41,35547;100
100;3;15;41,68848;100
100;2;2;41,68848;100
100;3;15;41,68848;100
100;2;2;41,68848;100
100;2;2;41,68848;100
100;3;15;41,68848;100
100;2;2;41,68848;100
100;2;2;42,02148;100
100;2;2;42,02148;100
100;3;15;42,02148;100
100;3;15;42,02148;100
100;3;15;42,02148;100
100;3;15;42,02148;100
100;3;15;42,02148;100
100;2;2;42,02148;100
100;2;2;42,02148;100
100;2;2;42,02148;100
100;2;2;42,02148;100
100;3;15;42,35449;100
100;2;2;42,35449;100
100;3;15;42,35449;100
100;3;15;42,35449;100
100;3;15;42,35449;100
100;2;2;42,35449;100
100;3;15;42,35449;100
100;2;2;42,35449;100
100;3;15;42,6875;100
100;2;2;42,6875;100
100;3;15;42,6875;100
100;3;15;42,6875;100
100;3;15;42,6875;100
100;2;2;42,6875;100
100;2;2;42,6875;100
100;3;15;42,6875;100
100;3;15;43,02051;100
100;2;2;43,02051;100
100;2;2;43,02051;100
100;3;15;43,02051;100
100;2;2;43,02051;100
100;3;15;43,02051;100
100;2;2;43,02051;100
100;3;15;43,02051;100
100;3;15;43,02051;100
100;2;2;43,02051;100
100;3;15;43,02051;100
100;2;2;43,02051;100
100;2;2;43,35352;100
100;2;2;43,35352;100
100;3;15;43,35352;100
100;2;2;43,35352;100
100;2;2;43,68652;100
100;2;2;43,68652;100
100;2;2;43,68652;100
100;2;2;43,68652;100
100;3;15;43,68652;100
100;2;2;44,01953;100
100;3;15;44,01953;100
100;3;15;44,01953;100
100;2;2;44,01953;100
100;2;2;44,01953;100
100;2;2;44,01953;100
100;2;2;44,01953;100
100;3;15;44,01953;100
100;3;15;44,01953;100
100;2;2;44,01953;100
100;3;15;44,35254;100
100;3;15;44,35254;100
100;2;2;44,35254;100
100;2;2;44,35254;100
100;3;15;44,35254;100
100;3;15;44,35254;100
100;2;2;44,68555;100
100;2;2;44,68555;100
100;3;15;44,68555;100
100;2;2;44,68555;100
100;2;2;44,68555;100
100;2;2;45,01855;100
100;3;15;45,01855;100
100;3;15;45,01855;100
100;3;15;45,01855;100
100;3;15;45,01855;100
100;3;15;45,01855;100
100;2;2;45,01855;100
100;2;2;45,01855;100
100;3;15;45,01855;100
100;2;2;45,01855;100
100;3;15;45,01855;100
100;3;15;45,01855;100
100;3;15;45,01855;100
100;3;15;45,01855;100
100;3;15;45,35156;100
100;3;15;45,35156;100
100;2;2;45,35156;100
100;3;15;45,35156;100
100;2;2;45,35156;100
100;2;2;45,35156;100
100;2;2;45,35156;100
100;3;15;45,35156;100
100;3;15;45,68457;100
100;3;15;45,68457;100
100;2;2;45,68457;100
100;3;15;45,68457;100
100;3;15;45,68457;100
100;3;15;45,68457;100
100;2;2;45,68457;100
100;2;2;46,01758;100
100;2;2;46,01758;100
100;2;2;46,01758;100
100;3;15;46,01758;100
100;2;2;46,01758;100
100;3;15;46,01758;100
100;2;2;46,01758;100
100;2;2;46,35059;100
100;2;2;46,35059;100
100;3;15;46,35059;100
100;3;15;46,35059;100
100;2;2;46,35059;100
100;2;2;46,35059;100
100;2;2;46,35059;100
100;2;2;46,35059;100
100;3;15;46,35059;100
100;2;2;46,68359;100
100;3;15;46,68359;100
100;2;2;46,68359;100
100;3;15;46,68359;100
100;2;2;46,68359;100
100;3;15;46,68359;100
100;2;2;46,68359;100
100;2;2;47,0166;100
100;3;15;47,0166;100
100;3;15;47,0166;100
100;2;2;47,0166;100
100;2;2;47,0166;100
100;2;2;47,0166;100
100;2;2;47,0166;100
100;2;2;47,0166;100
100;2;2;47,34961;100
100;3;15;47,34961;100
100;2;2;47,34961;100
100;2;2;47,34961;100
100;3;15;47,34961;100
100;3;15;47,34961;100
100;2;2;47,34961;100
100;3;15;47,34961;100
100;3;15;47,68262;100
100;2;2;47,68262;100
100;2;2;47,68262;100
100;3;15;47,68262;100
100;3;15;47,68262;100
100;2;2;47,68262;100
100;3;15;47,68262;100
100;2;2;47,68262;100
100;3;15;47,68262;100
100;2;2;47,68262;100
100;2;2;48,01563;100
100;2;2;48,01563;100
100;2;2;48,01563;100
100;3;15;48,01563;100
100;2;2;48,01563;100
100;2;2;48,01563;100
100;3;15;48,01563;100
100;2;2;48,34863;100
100;2;2;48,34863;100
100;2;2;48,34863;100
100;2;2;48,34863;100
100;2;2;48,34863;100
100;2;2;48,34863;100
100;3;15;48,34863;100
100;3;15;48,34863;100
100;2;2;48,34863;100
100;3;15;48,68164;100
100;2;2;48,68164;100
100;3;15;48,68164;100
100;2;2;48,68164;100
100;3;15;48,68164;100
100;3;15;48,68164;100
100;2;2;49,01465;100
100;3;15;49,01465;100
100;2;2;49,01465;100
100;2;2;49,01465;100
100;2;2;49,01465;100
100;3;15;49,01465;100
100;2;2;49,01465;100
100;2;2;49,01465;100
100;3;15;49,34766;100
100;2;2;49,34766;100
100;2;2;49,34766;100
100;2;2;49,34766;100
100;3;15;49,34766;100
100;2;2;49,34766;100
100;2;2;49,34766;100
100;2;2;49,68066;100
100;2;2;49,68066;100
100;2;2;49,68066;100
100;3;15;49,68066;100
100;3;15;49,68066;100
100;3;15;50,01367;100
100;3;15;50,01367;100
100;2;2;50,01367;100
100;3;15;50,01367;100
100;2;2;50,01367;100
100;3;15;50,01367;100
100;3;15;50,01367;100
100;2;2;50,01367;100
100;3;15;50,01367;100
100;2;2;50,34668;100
100;2;2;50,34668;100
100;3;15;50,34668;100
100;2;2;50,34668;100
100;3;15;50,34668;100
100;2;2;50,34668;100
100;2;2;50,34668;100
100;2;2;50,67969;100
100;3;15;50,67969;100
100;2;2;50,67969;100
100;3;15;50,67969;100
100;3;15;50,67969;100
100;3;15;50,67969;100
100;2;2;50,67969;100
100;2;2;50,67969;100
100;3;15;51,0127;100
100;2;2;51,0127;100
100;3;15;51,0127;100
100;3;15;51,0127;100
100;2;2;51,0127;100
100;3;15;51,0127;100
100;3;15;51,0127;100
100;2;2;51,0127;100
100;2;2;51,0127;100
100;2;2;51,0127;100
100;2;2;51,0127;100
100;3;15;51,0127;100
100;3;15;51,3457;100
100;3;15;51,3457;100
100;3;15;51,3457;100
100;3;15;51,3457;100
100;3;15;51,3457;100
100;3;15;51,3457;100
100;2;2;51,3457;100
100;3;15;51,3457;100
100;3;15;51,67871;85
100;2;2;51,67871;85
100;2;2;51,67871;85
100;2;2;51,67871;85
100;3;15;51,67871;70
100;2;2;51,67871;70
100;2;2;51,67871;70
100;3;15;52,01172;55
76;3;15;52,01172;40
52;3;15;52,01172;25
28;3;15;52,01172;10
20;3;15;52,01172;-5
Player