100;3;15;45,99512;100
100;3;15;45,99512;100
100;2;2;45,99512;100
100;3;15;46,32861;100
100;2;2;46,32861;100
100;2;2;46,32861;100
100;2;2;46,32861;100
100;2;2;46,32861;100
100;3;15;46,32861;100
100;3;15;46,32861;100
100;2;2;46,32861;100
100;3;15;46,66211;100
100;2;2;46,66211;100
100;2;2;46,66211;100
100;3;15;46,66211;100
100;2;2;46,66211;100
100;3;15;46,66211;100
100;3;15;46,66211;100
100;3;15;46,99561;100
100;2;2;46,99561;100
100;2;2;46,99561;100
100;2;2;46,99561;100
100;3;15;46,99561;100
100;3;15;46,99561;100
100;3;15;46,99561;100
100;3;15;47,3291;100
100;2;2;47,3291;100
100;3;15;47,3291;100
100;3;15;47,3291;100
100;3;15;47,3291;100
100;3;15;47,3291;100
100;2;2;47,3291;100
100;3;15;47,6626;100
100;3;15;47,6626;100
100;2;2;47,6626;100
100;3;15;47,6626;100
100;2;2;47,6626;100
100;3;15;47,6626;100
100;3;15;47,6626;100
100;2;2;47,6626;100
100;2;2;47,6626;100
100;3;15;47,6626;100
100;2;2;47,6626;100
100;2;2;47,99609;100
100;2;2;47,99609;100
100;3;15;47,99609;100
100;3;15;47,99609;100
100;3;15;47,99609;100
100;3;15;47,99609;100
100;2;2;47,99609;100
100;2;2;47,99609;100
100;3;15;47,99609;100
100;2;2;47,99609;100
100;3;15;48,32959;100
100;2;2;48,32959;100
100;2;2;48,32959;100
100;2;2;48,32959;100
100;3;15;48,32959;100
100;2;2;48,32959;100
100;2;2;48,32959;100
100;2;2;48,32959;100
100;2;2;48,66309;100
100;2;2;48,66309;100
100;2;2;48,66309;100
100;2;2;48,66309;100
100;2;2;48,66309;100
100;2;2;48,66309;100
100;2;2;48,66309;100
100;3;15;48,66309;100
100;3;15;48,66309;100
100;2;2;48,99658;100
100;3;15;48,99658;100
100;2;2;48,99658;100
100;2;2;48,99658;100
100;3;15;48,99658;100
100;2;2;48,99658;100
100;3;15;48,99658;100
100;2;2;48,99658;100
100;3;15;48,99658;100
100;3;15;48,99658;100
100;2;2;48,99658;100
100;3;15;48,99658;100
100;3;15;49,33008;100
100;2;2;49,33008;100
100;3;15;49,33008;100
100;2;2;49,33008;100
100;2;2;49,33008;100
100;3;15;49,33008;100
100;2;2;49,33008;100
100;2;2;49,33008;100
100;2;2;49,66357;100
100;2;2;49,66357;100
100;2;2;49,66357;100
100;3;15;49,66357;100
100;2;2;49,66357;100
100;2;2;49,66357;100
100;2;2;49,66357;100
100;2;2;49,99707;100
100;2;2;49,99707;100
100;2;2;49,99707;100
100;2;2;49,99707;100
100;2;2;49,99707;100
100;3;15;49,99707;100
100;3;15;49,99707;100
100;2;2;49,99707;100
100;2;2;49,99707;100
100;2;2;50,33057;100
100;2;2;50,33057;100
100;2;2;50,33057;100
100;3;15;50,33057;100
100;3;15;50,33057;100
100;2;2;50,33057;100
100;3;15;50,33057;100
100;3;15;50,33057;100
100;3;15;50,33057;100
100;2;2;50,33057;100
100;2;2;50,33057;100
100;3;15;50,66406;100
100;3;15;50,66406;100
100;3;15;50,66406;100
100;2;2;50,66406;100
100;3;15;50,66406;100
100;3;15;50,66406;100
100;2;2;50,66406;100
100;3;15;50,99756;100
100;3;15;50,99756;100
100;2;2;50,99756;100
100;2;2;50,99756;100
100;2;2;50,99756;100
100;2;2;50,99756;100
100;3;15;50,99756;100
100;3;15;50,99756;100
100;2;2;50,99756;100
100;3;15;50,99756;100
100;3;15;50,99756;100
100;3;15;51,33105;100
100;2;2;51,33105;100
100;3;15;51,33105;100
100;2;2;51,33105;100
100;3;15;51,33105;100
100;3;15;51,33105;100
100;2;2;51,33105;100
100;3;15;51,33105;100
100;2;2;51,33105;100
100;3;15;51,33105;100
100;2;2;51,66455;100
100;3;15;51,66455;100
100;3;15;51,66455;100
100;3;15;51,66455;100
100;3;15;51,66455;100
100;2;2;51,99805;100
100;2;2;51,99805;100
100;3;15;51,99805;100
100;3;15;51,99805;100
100;3;15;51,99805;100
100;3;15;51,99805;100
100;2;2;52,33154;100
100;2;2;52,33154;100
100;3;15;52,33154;100
100;2;2;52,33154;100
100;2;2;52,33154;100
100;3;15;52,33154;100
100;3;15;52,33154;100
100;2;2;52,33154;100
100;2;2;52,33154;100
100;2;2;52,33154;100
100;3;15;52,66504;100
100;3;15;52,66504;100
100;2;2;52,66504;100
100;3;15;52,66504;100
100;2;2;52,66504;100
100;2;2;52,66504;100
100;2;2;52,66504;100
100;3;15;52,66504;100
100;3;15;52,66504;100
100;2;2;52,99854;100
100;3;15;52,99854;100
100;2;2;52,99854;100
100;2;2;52,99854;100
100;3;15;52,99854;100
100;3;15;52,99854;100
100;3;15;52,99854;100
100;2;2;53,33203;100
100;2;2;53,33203;100
100;2;2;53,33203;100
100;3;15;53,33203;100
100;2;2;53,33203;100
100;3;15;53,33203;100
100;3;15;53,33203;100
100;2;2;53,33203;100
100;2;2;53,66553;100
100;2;2;53,66553;100
100;2;2;53,66553;100
100;3;15;53,66553;100
100;2;2;53,66553;100
100;3;15;53,66553;100
100;2;2;53,66553;100
100;2;2;53,66553;100
100;2;2;53,66553;100
100;2;2;53,66553;100
100;2;2;53,66553;100
100;2;2;53,99902;100
100;3;15;53,99902;100
100;3;15;53,99902;100
100;3;15;53,99902;100
100;3;15;53,99902;100
100;3;15;53,99902;100
100;3;15;53,99902;100
100;3;15;53,99902;100
100;2;2;54,33252;100
100;3;15;54,33252;100
100;2;2;54,33252;100
100;2;2;54,33252;100
100;3;15;54,33252;100
100;3;15;54,33252;100
100;3;15;54,66602;100
100;2;2;54,66602;100
100;3;15;54,66602;100
100;2;2;54,66602;100
100;2;2;54,66602;100
100;3;15;54,66602;100
100;2;2;54,66602;100
100;2;2;54,66602;100
100;2;2;54,66602;100
100;2;2;54,99951;100
100;2;2;54,99951;100
100;2;2;54,99951;100
100;3;15;54,99951;100
100;2;2;54,99951;100
100;3;15;54,99951;100
100;2;2;54,99951;100
100;2;2;55,33301;100
100;3;15;55,33301;100
100;2;2;55,33301;100
100;2;2;55,33301;100
100;3;15;55,33301;100
100;3;15;55,33301;100
100;3;15;55,33301;100
100;2;2;55,33301;100
100;3;15;55,33301;100
100;3;15;55,33301;100
100;2;2;55,33301;100
100;2;2;55,33301;100
100;2;2;55,33301;100
100;3;15;55,6665;100
100;2;2;55,6665;100
100;2;2;55,6665;100
100;3;15;55,6665;100
100;3;15;55,6665;100
100;3;15;55,6665;100
100;3;15;55,6665;100
100;2;2;56;100
100;2;2;56;100
100;3;15;56;100
100;2;2;56;100
100;2;2;56;100
100;2;2;56;100
100;3;15;56;100
100;3;15;56;100
100;3;15;56,3335;100
100;3;15;56,3335;100
100;3;15;56,3335;100
100;3;15;56,3335;100
100;3;15;56,3335;100
100;3;15;56,3335;100
100;2;2;56,66699;100
100;3;15;56,66699;100
100;2;2;56,66699;100
100;2;2;56,66699;100
100;2;2;56,66699;100
100;2;2;56,66699;100
100;2;2;56,66699;100
100;2;2;56,66699;100
100;3;15;57,00049;100
100;2;2;57,00049;100
100;3;15;57,00049;100
100;3;15;57,00049;100
100;2;2;57,00049;100
100;2;2;57,00049;100
100;3;15;57,00049;100
100;2;2;57,00049;100
100;2;2;57,00049;100
100;2;2;57,33398;100
100;3;15;57,33398;100
100;3;15;57,33398;100
100;3;15;57,33398;100
100;2;2;57,33398;100
100;3;15;57,33398;100
100;2;2;57,33398;100
100;2;2;57,33398;100
100;3;15;57,66748;100
100;2;2;57,66748;100
100;2;2;57,66748;100
100;3;15;57,66748;100
100;2;2;57,66748;100
100;3;15;57,66748;100
100;3;15;57,66748;100
100;2;2;57,66748;100
100;3;15;57,66748;100
100;3;15;57,66748;100
100;3;15;57,66748;100
100;2;2;58,00098;100
100;3;15;58,00098;100
100;2;2;58,00098;100
100;2;2;58,00098;100
100;3;15;58,00098;100
100;3;15;58,00098;100
100;3;15;58,00098;100
100;2;2;58,33447;100
100;3;15;58,33447;100
100;3;15;58,33447;100
100;3;15;58,33447;100
100;3;15;58,33447;100
100;2;2;58,33447;100
100;2;2;58,33447;100
100;2;2;58,33447;100
100;2;2;58,66797;100
100;2;2;58,66797;100
100;2;2;58,66797;100
100;3;15;58,66797;100
100;2;2;58,66797;100
100;2;2;58,66797;100
100;3;15;58,66797;100
100;2;2;59,00146;100
100;3;15;59,00146;100
100;2;2;59,00146;100
100;3;15;59,00146;100
100;2;2;59,00146;100
100;2;2;59,00146;100
100;2;2;59,00146;100
100;2;2;59,33496;100
100;2;2;59,33496;100
100;3;15;59,33496;100
100;2;2;59,33496;100
100;3;15;59,33496;100
100;2;2;59,33496;100
100;3;15;59,33496;100
100;2;2;59,33496;100
100;2;2;59,33496;100
100;3;15;59,66846;100
100;2;2;59,66846;100
100;2;2;59,66846;100
100;2;2;59,66846;100
100;2;2;59,66846;100
100;2;2;59,66846;100
100;2;2;59,66846;100
100;3;15;59,66846;100
100;2;2;59,66846;100
100;2;2;59,66846;100
100;3;15;0,001953125;100
100;3;15;0,001953125;100
100;2;2;0,001953125;100
100;2;2;0,001953125;100
100;3;15;0,001953125;100
100;2;2;0,001953125;100
100;2;2;0,001953125;100
100;3;15;0,001953125;100
100;2;2;0,3354492;100
100;3;15;0,3354492;100
100;3;15;0,3354492;100
100;2;2;0,3354492;100
100;2;2;0,3354492;100
100;3;15;0,3354492;100
100;3;15;0,6689453;100
100;2;2;0,6689453;100
100;2;2;0,6689453;100
100;3;15;0,6689453;100
100;3;15;0,6689453;100
100;2;2;0,6689453;100
100;2;2;0,6689453;100
100;2;2;0,6689453;100
100;3;15;1,002441;100
100;3;15;1,002441;100
100;2;2;1,002441;100
100;3;15;1,002441;100
100;2;2;1,002441;100
100;3;15;1,002441;100
100;3;15;1,335938;100
100;2;2;1,335938;100
100;3;15;1,335938;100
100;3;15;1,335938;100
100;3;15;1,335938;100
100;2;2;1,335938;100
100;2;2;1,335938;100
100;2;2;1,335938;100
100;3;15;1,669434;100
100;3;15;1,669434;100
100;2;2;1,669434;100
100;3;15;1,669434;100
100;3;15;1,669434;100
100;2;2;1,669434;100
100;2;2;1,669434;100
100;3;15;1,669434;100
100;2;2;1,669434;100
100;2;2;2,00293;100
100;2;2;2,00293;100
100;3;15;2,00293;100
100;2;2;2,00293;100
100;3;15;2,00293;100
100;2;2;2,00293;100
100;3;15;2,00293;100
100;2;2;2,00293;100
100;3;15;2,00293;100
100;3;15;2,00293;100
100;2;2;2,336426;100
100;3;15;2,336426;100
100;2;2;2,336426;100
100;2;2;2,336426;100
100;2;2;2,336426;100
100;2;2;2,336426;100
100;2;2;2,336426;100
100;2;2;2,336426;100
100;2;2;2,336426;100
100;3;15;2,336426;100
100;3;15;2,669922;100
100;2;2;2,669922;100
100;2;2;2,669922;100
100;3;15;2,669922;100
100;3;15;2,669922;100
100;3;15;2,669922;100
100;3;15;2,669922;100
100;2;2;3,003418;100
100;2;2;3,003418;100
100;3;15;3,003418;100
100;2;2;3,003418;100
100;3;15;3,003418;100
100;2;2;3,003418;100
100;2;2;3,003418;100
100;2;2;3,003418;100
100;2;2;3,336914;100
100;3;15;3,336914;100
100;2;2;3,336914;100
100;3;15;3,336914;100
100;2;2;3,336914;100
100;3;15;3,67041;100
100;3;15;3,67041;100
100;3;15;3,67041;100
100;3;15;3,67041;100
100;3;15;3,67041;100
100;3;15;3,67041;100
100;2;2;3,67041;100
100;2;2;4,003906;100
100;3;15;4,003906;100
100;2;2;4,003906;100
100;3;15;4,003906;100
100;2;2;4,003906;100
100;3;15;4,337402;100
100;3;15;4,337402;100
100;2;2;4,337402;100
100;3;15;4,337402;100
100;2;2;4,337402;100
100;2;2;4,337402;100
100;3;15;4,337402;100
100;2;2;4,337402;100
100;2;2;4,337402;100
100;2;2;4,337402;100
100;3;15;4,670898;100
100;3;15;4,670898;100
100;2;2;4,670898;100
100;2;2;4,670898;100
100;2;2;4,670898;100
100;2;2;4,670898;100
100;3;15;5,004395;100
100;3;15;5,004395;100
100;3;15;5,004395;100
100;2;2;5,004395;100
100;2;2;5,004395;100
100;2;2;5,004395;100
100;3;15;5,004395;100
100;3;15;5,004395;100
100;3;15;5,004395;100
100;2;2;5,004395;100
100;3;15;5,337891;100
100;3;15;5,337891;100
100;3;15;5,337891;100
100;2;2;5,337891;100
100;2;2;5,337891;100
100;2;2;5,337891;100
100;3;15;5,337891;100
100;3;15;5,337891;100
100;2;2;5,337891;100
100;2;2;5,337891;100
100;3;15;5,337891;100
100;3;15;5,671387;100
100;3;15;5,671387;100
100;2;2;5,671387;100
100;2;2;5,671387;100
100;2;2;5,671387;100
100;3;15;5,671387;100
100;2;2;5,671387;100
100;3;15;5,671387;100
100;2;2;5,671387;100
100;3;15;6,004883;100
100;2;2;6,004883;100
100;3;15;6,004883;100
100;3;15;6,004883;100
100;2;2;6,338379;100
100;3;15;6,338379;100
100;3;15;6,338379;100
100;2;2;6,338379;100
100;3;15;6,338379;100
100;3;15;6,338379;100
100;3;15;6,338379;100
100;3;15;6,671875;100
100;3;15;6,671875;100
100;3;15;6,671875;100
100;2;2;6,671875;100
100;3;15;6,671875;100
100;2;2;6,671875;100
100;3;15;6,671875;100
100;3;15;6,671875;100
100;3;15;6,671875;100
100;3;15;6,671875;100
100;2;2;6,671875;100
100;3;15;7,005371;100
100;2;2;7,005371;100
100;2;2;7,005371;100
100;2;2;7,005371;100
100;2;2;7,005371;100
100;2;2;7,005371;100
100;3;15;7,005371;100
100;3;15;7,005371;100
100;3;15;7,005371;100
100;2;2;7,005371;100
100;3;15;7,338867;100
100;3;15;7,338867;100
100;2;2;7,338867;100
100;3;15;7,338867;100
100;2;2;7,338867;100
100;2;2;7,338867;100
100;2;2;7,338867;100
100;2;2;7,338867;100
100;2;2;7,338867;100
100;2;2;7,338867;100
100;2;2;7,672363;100
100;2;2;7,672363;100
100;2;2;7,672363;100
100;3;15;7,672363;85
100;2;2;7,672363;85
100;3;15;7,672363;70
100;2;2;7,672363;70
100;2;2;7,672363;70
92;3;15;8,005859;55
76;3;15;8,005859;40
60;2;2;8,005859;38
52;3;15;8,005859;23
44;2;2;8,005859;21
36;3;15;8,005859;6
12;2;2;8,005859;4
-4;3;15;8,005859;-11
Player