100;2;2;52,65698;100
100;2;2;52,9903;100
100;3;15;52,9903;100
100;2;2;52,9903;100
100;3;15;52,9903;100
100;3;15;52,9903;100
100;2;2;52,9903;100
100;3;15;52,9903;100
100;3;15;52,9903;100
100;2;2;52,9903;100
100;3;15;52,9903;100
100;3;15;53,32361;100
100;2;2;53,32361;100
100;2;2;53,32361;100
100;2;2;53,32361;100
100;2;2;53,32361;100
100;3;15;53,32361;100
100;2;2;53,32361;100
100;3;15;53,32361;100
100;3;15;53,65692;100
100;2;2;53,65692;100
100;3;15;53,65692;100
100;3;15;53,65692;100
100;3;15;53,65692;100
100;3;15;53,65692;100
100;2;2;53,65692;100
100;2;2;53,65692;100
100;2;2;53,99023;100
100;3;15;53,99023;100
100;2;2;53,99023;100
100;3;15;53,99023;100
100;3;15;53,99023;100
100;3;15;53,99023;100
100;2;2;53,99023;100
100;2;2;53,99023;100
100;3;15;54,32355;100
100;2;2;54,32355;100
100;2;2;54,32355;100
100;3;15;54,32355;100
100;3;15;54,32355;100
100;2;2;54,32355;100
100;2;2;54,32355;100
100;2;2;54,65686;100
100;3;15;54,65686;100
100;2;2;54,65686;100
100;3;15;54,65686;100
100;3;15;54,65686;100
100;3;15;54,65686;100
100;2;2;54,65686;100
100;2;2;54,65686;100
100;2;2;54,65686;100
100;2;2;54,65686;100
100;3;15;54,65686;100
100;3;15;54,99017;100
100;2;2;54,99017;100
100;2;2;54,99017;100
100;2;2;54,99017;100
100;3;15;54,99017;100
100;2;2;54,99017;100
100;3;15;54,99017;100
100;3;15;54,99017;100
100;2;2;54,99017;100
100;2;2;55,32349;100
100;2;2;55,32349;100
100;2;2;55,32349;100
100;3;15;55,32349;100
100;2;2;55,32349;100
100;2;2;55,32349;100
100;3;15;55,32349;100
100;2;2;55,32349;100
100;3;15;55,32349;100
100;2;2;55,32349;100
100;3;15;55,32349;100
100;3;15;55,32349;100
100;2;2;55,6568;100
100;3;15;55,6568;100
100;3;15;55,6568;100
100;2;2;55,6568;100
100;2;2;55,6568;100
100;3;15;55,6568;100
100;3;15;55,6568;100
100;2;2;55,6568;100
100;3;15;55,6568;100
100;2;2;55,6568;100
100;2;2;55,99011;100
100;3;15;55,99011;100
100;3;15;55,99011;100
100;3;15;55,99011;100
100;3;15;55,99011;100
100;2;2;55,99011;100
100;2;2;56,32343;100
100;2;2;56,32343;100
100;3;15;56,32343;100
100;2;2;56,32343;100
100;3;15;56,32343;100
100;2;2;56,32343;100
100;3;15;56,32343;100
100;3;15;56,32343;100
100;2;2;56,32343;100
100;2;2;56,32343;100
100;3;15;56,65674;100
100;2;2;56,65674;100
100;2;2;56,65674;100
100;2;2;56,65674;100
100;2;2;56,65674;100
100;3;15;56,65674;100
100;2;2;56,65674;100
100;2;2;56,65674;100
100;3;15;56,65674;100
100;3;15;56,99005;100
100;3;15;56,99005;100
100;2;2;56,99005;100
100;2;2;56,99005;100
100;2;2;56,99005;100
100;3;15;56,99005;100
100;3;15;56,99005;100
100;3;15;56,99005;100
100;3;15;56,99005;100
100;2;2;56,99005;100
100;2;2;57,32336;100
100;2;2;57,32336;100
100;3;15;57,32336;100
100;3;15;57,32336;100
100;3;15;57,32336;100
100;3;15;57,32336;100
100;2;2;57,32336;100
100;3;15;57,32336;100
100;3;15;57,32336;100
100;3;15;57,32336;100
100;2;2;57,32336;100
100;3;15;57,65668;100
100;2;2;57,65668;100
100;3;15;57,65668;100
100;2;2;57,65668;100
100;3;15;57,65668;100
100;2;2;57,65668;100
100;3;15;57,98999;100
100;3;15;57,98999;100
100;3;15;57,98999;100
100;2;2;57,98999;100
100;2;2;57,98999;100
100;3;15;57,98999;100
100;3;15;57,98999;100
100;2;2;57,98999;100
100;3;15;58,3233;100
100;2;2;58,3233;100
100;2;2;58,3233;100
100;2;2;58,3233;100
100;2;2;58,3233;100
100;2;2;58,3233;100
100;2;2;58,3233;100
100;2;2;58,65662;100
100;2;2;58,65662;100
100;3;15;58,65662;100
100;3;15;58,65662;100
100;2;2;58,65662;100
100;2;2;58,65662;100
100;2;2;58,65662;100
100;3;15;58,65662;100
100;2;2;58,65662;100
100;3;15;58,65662;100
100;3;15;58,98993;100
100;2;2;58,98993;100
100;3;15;58,98993;100
100;2;2;58,98993;100
100;3;15;58,98993;100
100;2;2;58,98993;100
100;3;15;58,98993;100
100;2;2;59,32324;100
100;3;15;59,32324;100
100;3;15;59,32324;100
100;3;15;59,32324;100
100;3;15;59,32324;100
100;3;15;59,32324;100
100;3;15;59,32324;100
100;2;2;59,65656;100
100;3;15;59,65656;100
100;3;15;59,65656;100
100;2;2;59,65656;100
100;3;15;59,65656;100
100;3;15;59,65656;100
100;3;15;59,65656;100
100;2;2;59,98987;100
100;3;15;59,98987;100
100;2;2;59,98987;100
100;3;15;59,98987;100
100;3;15;59,98987;100
100;2;2;0,3231812;100
100;3;15;0,3231812;100
100;2;2;0,3231812;100
100;2;2;0,3231812;100
100;2;2;0,3231812;100
100;3;15;0,3231812;100
100;2;2;0,3231812;100
100;3;15;0,3231812;100
100;3;15;0,3231812;100
100;3;15;0,3231812;100
100;3;15;0,3231812;100
100;2;2;0,6564941;100
100;3;15;0,6564941;100
100;3;15;0,6564941;100
100;2;2;0,6564941;100
100;3;15;0,6564941;100
100;2;2;0,6564941;100
100;3;15;0,6564941;100
100;2;2;0,6564941;100
100;3;15;0,6564941;100
100;3;15;0,9898071;100
100;3;15;0,9898071;100
100;3;15;0,9898071;100
100;2;2;0,9898071;100
100;3;15;0,9898071;100
100;2;2;1,32312;100
100;3;15;1,32312;100
100;2;2;1,32312;100
100;2;2;1,32312;100
100;3;15;1,32312;100
100;3;15;1,32312;100
100;3;15;1,32312;100
100;3;15;1,32312;100
100;3;15;1,32312;100
100;2;2;1,32312;100
100;3;15;1,32312;100
100;2;2;1,32312;100
100;2;2;1,656433;100
100;2;2;1,656433;100
100;2;2;1,656433;100
100;3;15;1,656433;100
100;3;15;1,656433;100
100;2;2;1,656433;100
100;3;15;1,656433;100
100;3;15;1,656433;100
100;2;2;1,989746;100
100;2;2;1,989746;100
100;2;2;1,989746;100
100;2;2;1,989746;100
100;2;2;1,989746;100
100;3;15;1,989746;100
100;3;15;1,989746;100
100;3;15;1,989746;100
100;2;2;1,989746;100
100;2;2;1,989746;100
100;2;2;2,323059;100
100;3;15;2,323059;100
100;3;15;2,323059;100
100;2;2;2,323059;100
100;2;2;2,323059;100
100;3;15;2,323059;100
100;2;2;2,323059;100
100;2;2;2,323059;100
100;3;15;2,656372;100
100;2;2;2,656372;100
100;3;15;2,656372;100
100;2;2;2,656372;100
100;3;15;2,656372;100
100;3;15;2,656372;100
100;2;2;2,656372;100
100;2;2;2,656372;100
100;3;15;2,656372;100
100;3;15;2,656372;100
100;3;15;2,989685;100
100;2;2;2,989685;100
100;2;2;2,989685;100
100;3;15;2,989685;100
100;2;2;2,989685;100
100;3;15;2,989685;100
100;3;15;2,989685;100
100;2;2;2,989685;100
100;2;2;2,989685;100
100;3;15;3,322998;100
100;2;2;3,322998;100
100;3;15;3,322998;100
100;2;2;3,322998;100
100;3;15;3,322998;100
100;3;15;3,322998;100
100;3;15;3,322998;100
100;2;2;3,322998;100
100;2;2;3,656311;100
100;3;15;3,656311;100
100;3;15;3,656311;100
100;3;15;3,656311;100
100;3;15;3,656311;100
100;2;2;3,656311;100
100;2;2;3,656311;100
100;2;2;3,656311;100
100;2;2;3,656311;100
100;3;15;3,656311;100
100;3;15;3,989624;100
100;2;2;3,989624;100
100;3;15;3,989624;100
100;3;15;3,989624;100
100;3;15;4,322937;100
100;2;2;4,322937;100
100;2;2;4,322937;100
100;2;2;4,322937;100
100;2;2;4,322937;100
100;2;2;4,322937;100
100;2;2;4,322937;100
100;3;15;4,322937;100
100;3;15;4,322937;100
100;2;2;4,65625;100
100;2;2;4,65625;100
100;3;15;4,65625;100
100;2;2;4,65625;100
100;2;2;4,65625;100
100;3;15;4,65625;100
100;3;15;4,65625;100
100;2;2;4,989563;100
100;2;2;4,989563;100
100;3;15;4,989563;100
100;2;2;4,989563;100
100;3;15;4,989563;100
100;2;2;4,989563;100
100;2;2;4,989563;100
100;3;15;4,989563;100
100;3;15;4,989563;100
100;3;15;5,322876;100
100;3;15;5,322876;100
100;2;2;5,322876;100
100;2;2;5,322876;100
100;3;15;5,322876;100
100;3;15;5,322876;100
100;2;2;5,656189;100
100;2;2;5,656189;100
100;2;2;5,656189;100
100;3;15;5,656189;100
100;3;15;5,656189;100
100;2;2;5,656189;100
100;2;2;5,656189;100
100;3;15;5,656189;100
100;3;15;5,656189;100
100;3;15;5,656189;100
100;2;2;5,989502;100
100;3;15;5,989502;100
100;3;15;5,989502;100
100;2;2;5,989502;100
100;3;15;5,989502;100
100;3;15;5,989502;100
100;2;2;6,322815;100
100;2;2;6,322815;100
100;3;15;6,322815;100
100;2;2;6,322815;100
100;2;2;6,322815;100
100;2;2;6,322815;100
100;3;15;6,322815;100
100;2;2;6,322815;100
100;2;2;6,656128;100
100;3;15;6,656128;100
100;2;2;6,656128;100
100;2;2;6,656128;100
100;2;2;6,656128;100
100;3;15;6,656128;100
100;3;15;6,656128;100
100;3;15;6,989441;100
100;3;15;6,989441;100
100;2;2;6,989441;100
100;3;15;6,989441;100
100;3;15;7,322754;100
100;2;2;7,322754;100
100;3;15;7,322754;100
100;3;15;7,322754;100
100;3;15;7,322754;100
100;3;15;7,322754;100
100;3;15;7,322754;100
100;2;2;7,322754;100
100;3;15;7,656067;100
100;3;15;7,656067;100
100;3;15;7,656067;100
100;2;2;7,656067;100
100;3;15;7,656067;100
100;3;15;7,656067;100
100;2;2;7,656067;100
100;3;15;7,98938;100
100;2;2;7,98938;100
100;3;15;7,98938;100
100;2;2;7,98938;100
100;2;2;7,98938;100
100;2;2;7,98938;100
100;2;2;7,98938;100
100;2;2;7,98938;100
100;3;15;8,322693;100
100;2;2;8,322693;100
100;2;2;8,322693;100
100;3;15;8,322693;100
100;3;15;8,322693;100
100;3;15;8,322693;100
100;3;15;8,322693;100
100;3;15;8,322693;100
100;3;15;8,322693;100
100;3;15;8,656006;100
100;2;2;8,656006;100
100;3;15;8,656006;100
100;3;15;8,656006;100
100;2;2;8,656006;100
100;2;2;8,656006;100
100;3;15;8,656006;100
100;2;2;8,656006;100
100;3;15;8,989319;100
100;3;15;8,989319;100
100;3;15;8,989319;100
100;3;15;8,989319;100
100;2;2;8,989319;100
100;2;2;8,989319;100
100;3;15;8,989319;100
100;3;15;8,989319;100
100;3;15;8,989319;100
100;3;15;8,989319;100
100;3;15;9,322632;100
100;3;15;9,322632;100
100;2;2;9,322632;100
100;3;15;9,322632;100
100;3;15;9,322632;100
100;2;2;9,322632;100
100;2;2;9,322632;100
100;3;15;9,655945;100
100;2;2;9,655945;100
100;2;2;9,655945;100
100;3;15;9,655945;100
100;3;15;9,655945;100
100;2;2;9,655945;100
100;2;2;9,655945;100
100;3;15;9,655945;100
100;3;15;9,655945;100
100;3;15;9,655945;100
100;3;15;9,655945;100
100;2;2;9,989258;100
100;2;2;9,989258;100
100;3;15;9,989258;100
100;3;15;9,989258;100
100;3;15;9,989258;100
100;2;2;9,989258;100
100;2;2;9,989258;100
100;3;15;10,32257;100
100;2;2;10,32257;100
100;2;2;10,32257;100
100;2;2;10,32257;100
100;2;2;10,32257;100
100;2;2;10,32257;100
100;3;15;10,32257;100
100;2;2;10,32257;100
100;2;2;10,32257;100
100;3;15;10,32257;100
100;2;2;10,65588;100
100;2;2;10,65588;100
100;2;2;10,65588;100
100;3;15;10,65588;100
100;2;2;10,65588;100
100;2;2;10,65588;100
100;2;2;10,65588;100
100;2;2;10,9892;100
100;2;2;10,9892;100
100;2;2;10,9892;100
100;2;2;10,9892;100
100;2;2;10,9892;100
100;3;15;10,9892;100
100;2;2;10,9892;100
100;2;2;11,32251;100
100;2;2;11,32251;100
100;2;2;11,32251;100
100;2;2;11,32251;100
100;3;15;11,32251;100
100;2;2;11,32251;100
100;3;15;11,32251;100
100;2;2;11,65582;100
100;3;15;11,65582;100
100;2;2;11,65582;100
100;3;15;11,65582;100
100;2;2;11,65582;100
100;2;2;11,65582;100
100;2;2;11,65582;100
100;2;2;11,65582;100
100;2;2;11,65582;100
100;2;2;11,65582;100
100;3;15;11,98914;100
100;2;2;11,98914;100
100;3;15;11,98914;100
100;3;15;11,98914;100
100;3;15;11,98914;100
100;2;2;11,98914;100
100;3;15;11,98914;100
100;2;2;11,98914;100
100;2;2;12,32245;100
100;3;15;12,32245;100
100;3;15;12,32245;100
100;2;2;12,32245;100
100;3;15;12,32245;100
100;2;2;12,32245;100
100;2;2;12,32245;100
100;2;2;12,32245;100
100;2;2;12,32245;100
100;3;15;12,32245;100
100;2;2;12,65576;100
100;2;2;12,65576;100
100;3;15;12,65576;100
100;3;15;12,65576;100
100;2;2;12,65576;100
100;3;15;12,65576;100
100;3;15;12,65576;100
100;3;15;12,65576;100
100;2;2;12,98907;100
100;2;2;12,98907;100
100;3;15;12,98907;100
100;3;15;12,98907;100
100;2;2;12,98907;100
100;2;2;12,98907;100
100;2;2;12,98907;100
100;2;2;12,98907;100
100;3;15;12,98907;100
100;2;2;13,32239;100
100;2;2;13,32239;100
100;2;2;13,32239;100
100;2;2;13,32239;100
100;2;2;13,32239;100
100;3;15;13,32239;100
100;3;15;13,32239;100
100;3;15;13,32239;100
100;3;15;13,32239;100
100;3;15;13,32239;100
100;2;2;13,6557;100
100;2;2;13,6557;100
100;3;15;13,6557;100
100;3;15;13,6557;100
100;3;15;13,6557;100
100;2;2;13,6557;100
100;2;2;13,6557;100
100;2;2;13,6557;100
100;2;2;13,98901;100
100;3;15;13,98901;100
100;2;2;13,98901;100
100;3;15;13,98901;100
100;2;2;13,98901;100
100;3;15;13,98901;100
100;3;15;13,98901;100
100;3;15;13,98901;100
100;3;15;13,98901;100
100;2;2;13,98901;100
100;3;15;13,98901;100
100;2;2;14,32233;100
100;2;2;14,32233;100
100;3;15;14,32233;85
100;2;2;14,32233;85
100;3;15;14,32233;70
100;2;2;14,32233;70
100;2;2;14,32233;70
100;3;15;14,32233;55
100;2;2;14,32233;55
100;2;2;14,32233;55
100;2;2;14,32233;55
100;2;2;14,65564;55
100;2;2;14,65564;55
100;3;15;14,65564;55
100;3;15;14,65564;55
100;2;2;14,65564;55
100;2;2;14,65564;55
100;2;2;14,65564;55
100;3;15;14,65564;55
100;2;2;14,65564;55
100;3;15;14,98895;55
100;2;2;14,98895;55
100;3;15;14,98895;55
100;3;15;14,98895;55
100;2;2;14,98895;55
100;3;15;14,98895;55
100;2;2;14,98895;55
100;3;15;15,32227;40
100;2;2;15,32227;40
100;2;2;15,32227;40
100;2;2;15,32227;40
100;2;2;15,32227;40
100;2;2;15,32227;40
100;2;2;15,32227;40
100;3;15;15,32227;25
100;2;2;15,65558;25
100;2;2;15,65558;25
100;3;15;15,65558;25
100;2;2;15,65558;25
100;3;15;15,65558;25
100;3;15;15,65558;25
100;2;2;15,65558;25
100;2;2;15,65558;25
100;2;2;15,65558;25
100;2;2;15,65558;25
100;2;2;15,65558;25
100;2;2;15,98889;25
100;2;2;15,98889;25
100;3;15;15,98889;10
100;2;2;15,98889;10
100;3;15;15,98889;-5
Player