100;3;15;58,35645;100
100;3;15;58,35645;100
100;2;2;58,35645;100
100;2;2;58,35645;100
100;3;15;58,35645;100
100;2;2;58,35645;100
100;2;2;58,35645;100
100;3;15;58,35645;100
100;3;15;58,35645;100
100;2;2;58,68945;100
100;3;15;58,68945;100
100;2;2;58,68945;100
100;3;15;58,68945;100
100;2;2;58,68945;100
100;3;15;58,68945;100
100;2;2;58,68945;100
100;3;15;58,68945;100
100;2;2;58,68945;100
100;3;15;58,68945;100
100;2;2;58,68945;100
100;2;2;59,02246;100
100;2;2;59,02246;100
100;3;15;59,02246;100
100;3;15;59,02246;100
100;2;2;59,02246;100
100;2;2;59,02246;100
100;2;2;59,02246;100
100;3;15;59,02246;100
100;3;15;59,02246;100
100;2;2;59,02246;100
100;3;15;59,35547;100
100;3;15;59,35547;100
100;3;15;59,35547;100
100;3;15;59,35547;100
100;2;2;59,35547;100
100;3;15;59,35547;100
100;3;15;59,35547;100
100;3;15;59,35547;100
100;3;15;59,68848;100
100;2;2;59,68848;100
100;3;15;59,68848;100
100;3;15;59,68848;100
100;3;15;59,68848;100
100;3;15;59,68848;100
100;2;2;0,02148438;100
100;2;2;0,02148438;100
100;2;2;0,02148438;100
100;3;15;0,02148438;100
100;2;2;0,02148438;100
100;2;2;0,02148438;100
100;3;15;0,02148438;100
100;2;2;0,02148438;100
100;2;2;0,3544922;100
100;2;2;0,3544922;100
100;3;15;0,3544922;100
100;2;2;0,3544922;100
100;2;2;0,3544922;100
100;3;15;0,3544922;100
100;3;15;0,3544922;100
100;3;15;0,3544922;100
100;3;15;0,6875;100
100;3;15;0,6875;100
100;3;15;0,6875;100
100;3;15;0,6875;100
100;2;2;0,6875;100
100;3;15;0,6875;100
100;3;15;0,6875;100
100;3;15;0,6875;100
100;3;15;1,020508;100
100;2;2;1,020508;100
100;3;15;1,020508;100
100;3;15;1,020508;100
100;3;15;1,020508;100
100;3;15;1,020508;100
100;2;2;1,020508;100
100;2;2;1,353516;100
100;2;2;1,353516;100
100;3;15;1,353516;100
100;3;15;1,353516;100
100;3;15;1,353516;100
100;2;2;1,353516;100
100;3;15;1,353516;100
100;2;2;1,686523;100
100;2;2;1,686523;100
100;3;15;1,686523;100
100;3;15;1,686523;100
100;2;2;1,686523;100
100;2;2;1,686523;100
100;3;15;2,019531;100
100;2;2;2,019531;100
100;2;2;2,019531;100
100;3;15;2,019531;100
100;3;15;2,019531;100
100;3;15;2,019531;100
100;3;15;2,019531;100
100;3;15;2,019531;100
100;3;15;2,019531;100
100;3;15;2,019531;100
100;2;2;2,352539;100
100;3;15;2,352539;100
100;2;2;2,352539;100
100;3;15;2,352539;100
100;3;15;2,352539;100
100;2;2;2,352539;100
100;3;15;2,352539;100
100;3;15;2,352539;100
100;2;2;2,685547;100
100;3;15;2,685547;100
100;2;2;2,685547;100
100;2;2;2,685547;100
100;2;2;2,685547;100
100;3;15;2,685547;100
100;2;2;2,685547;100
100;3;15;2,685547;100
100;3;15;2,685547;100
100;2;2;2,685547;100
100;2;2;3,018555;100
100;3;15;3,018555;100
100;2;2;3,018555;100
100;3;15;3,018555;100
100;3;15;3,018555;100
100;3;15;3,018555;100
100;3;15;3,018555;100
100;2;2;3,018555;100
100;2;2;3,018555;100
100;3;15;3,018555;100
100;2;2;3,018555;100
100;3;15;3,351563;100
100;3;15;3,351563;100
100;2;2;3,351563;100
100;3;15;3,351563;100
100;3;15;3,351563;100
100;3;15;3,68457;100
100;3;15;3,68457;100
100;2;2;3,68457;100
100;2;2;3,68457;100
100;2;2;3,68457;100
100;3;15;3,68457;100
100;3;15;3,68457;100
100;2;2;3,68457;100
100;3;15;4,017578;100
100;2;2;4,017578;100
100;3;15;4,017578;100
100;2;2;4,017578;100
100;2;2;4,017578;100
100;2;2;4,017578;100
100;2;2;4,017578;100
100;2;2;4,017578;100
100;3;15;4,017578;100
100;3;15;4,350586;100
100;2;2;4,350586;100
100;3;15;4,350586;100
100;3;15;4,350586;100
100;2;2;4,350586;100
100;3;15;4,350586;100
100;3;15;4,350586;100
100;2;2;4,350586;100
100;2;2;4,350586;100
100;3;15;4,683594;100
100;2;2;4,683594;100
100;3;15;4,683594;100
100;3;15;4,683594;100
100;2;2;4,683594;100
100;3;15;4,683594;100
100;3;15;4,683594;100
100;2;2;4,683594;100
100;3;15;4,683594;100
100;2;2;5,016602;100
100;2;2;5,016602;100
100;2;2;5,016602;100
100;3;15;5,016602;100
100;2;2;5,016602;100
100;2;2;5,016602;100
100;3;15;5,016602;100
100;3;15;5,016602;100
100;2;2;5,349609;100
100;2;2;5,349609;100
100;3;15;5,349609;100
100;3;15;5,349609;100
100;2;2;5,349609;100
100;3;15;5,349609;100
100;3;15;5,349609;100
100;3;15;5,349609;100
100;3;15;5,349609;100
100;2;2;5,349609;100
100;3;15;5,349609;100
100;2;2;5,682617;100
100;3;15;5,682617;100
100;2;2;5,682617;100
100;2;2;5,682617;100
100;3;15;5,682617;100
100;2;2;5,682617;100
100;3;15;5,682617;100
100;3;15;5,682617;100
100;3;15;5,682617;100
100;3;15;5,682617;100
100;2;2;6,015625;100
100;2;2;6,015625;100
100;2;2;6,015625;100
100;2;2;6,015625;100
100;2;2;6,015625;100
100;3;15;6,015625;100
100;2;2;6,015625;100
100;3;15;6,015625;100
100;3;15;6,015625;100
100;2;2;6,015625;100
100;3;15;6,348633;100
100;2;2;6,348633;100
100;3;15;6,348633;100
100;3;15;6,348633;100
100;3;15;6,348633;100
100;3;15;6,348633;100
100;3;15;6,348633;100
100;2;2;6,348633;100
100;3;15;6,348633;100
100;3;15;6,681641;100
100;2;2;6,681641;100
100;2;2;6,681641;100
100;2;2;6,681641;100
100;3;15;6,681641;100
100;3;15;6,681641;100
100;3;15;6,681641;100
100;3;15;6,681641;100
100;2;2;6,681641;100
100;2;2;6,681641;100
100;3;15;7,014648;100
100;3;15;7,014648;100
100;2;2;7,014648;100
100;3;15;7,014648;100
100;2;2;7,014648;100
100;2;2;7,014648;100
100;2;2;7,014648;100
100;2;2;7,014648;100
100;3;15;7,014648;100
100;2;2;7,014648;100
100;2;2;7,347656;100
100;3;15;7,347656;100
100;2;2;7,347656;100
100;2;2;7,347656;100
100;2;2;7,347656;100
100;2;2;7,347656;100
100;3;15;7,680664;100
100;3;15;7,680664;100
100;2;2;7,680664;100
100;3;15;7,680664;100
100;3;15;7,680664;100
100;3;15;7,680664;100
100;2;2;7,680664;100
100;3;15;7,680664;100
100;3;15;7,680664;100
100;3;15;8,013672;100
100;3;15;8,013672;100
100;3;15;8,013672;100
100;2;2;8,013672;100
100;3;15;8,013672;100
100;2;2;8,013672;100
100;3;15;8,013672;100
100;3;15;8,34668;100
100;2;2;8,34668;100
100;2;2;8,34668;100
100;3;15;8,34668;100
100;3;15;8,34668;100
100;3;15;8,34668;100
100;2;2;8,34668;100
100;2;2;8,34668;100
100;2;2;8,34668;100
100;2;2;8,679688;100
100;3;15;8,679688;100
100;3;15;8,679688;100
100;3;15;8,679688;100
100;3;15;8,679688;100
100;2;2;8,679688;100
100;2;2;8,679688;100
100;3;15;8,679688;100
100;3;15;9,012695;100
100;2;2;9,012695;100
100;3;15;9,012695;100
100;3;15;9,012695;100
100;2;2;9,012695;100
100;3;15;9,012695;100
100;3;15;9,012695;100
100;3;15;9,012695;100
100;2;2;9,345703;100
100;3;15;9,345703;100
100;3;15;9,345703;100
100;3;15;9,345703;100
100;3;15;9,345703;100
100;3;15;9,345703;100
100;3;15;9,345703;100
100;3;15;9,345703;100
100;3;15;9,345703;100
100;2;2;9,345703;100
100;3;15;9,345703;100
100;2;2;9,678711;100
100;2;2;9,678711;100
100;2;2;9,678711;100
100;3;15;9,678711;100
100;2;2;9,678711;100
100;3;15;9,678711;100
100;2;2;9,678711;100
100;2;2;9,678711;100
100;3;15;9,678711;100
100;2;2;9,678711;100
100;3;15;10,01172;100
100;3;15;10,01172;100
100;2;2;10,01172;100
100;2;2;10,01172;100
100;3;15;10,01172;100
100;3;15;10,01172;100
100;2;2;10,01172;100
100;3;15;10,01172;100
100;3;15;10,01172;100
100;3;15;10,01172;100
100;3;15;10,01172;100
100;3;15;10,01172;100
100;2;2;10,34473;100
100;3;15;10,34473;100
100;2;2;10,34473;100
100;2;2;10,34473;100
100;3;15;10,34473;100
100;3;15;10,34473;100
100;2;2;10,34473;100
100;3;15;10,67773;100
100;3;15;10,67773;100
100;2;2;10,67773;100
100;2;2;10,67773;100
100;3;15;10,67773;100
100;2;2;10,67773;100
100;3;15;10,67773;100
100;3;15;10,67773;100
100;2;2;10,67773;100
100;2;2;10,67773;100
100;2;2;11,01074;100
100;2;2;11,01074;100
100;2;2;11,01074;100
100;2;2;11,01074;100
100;2;2;11,34375;100
100;3;15;11,34375;100
100;2;2;11,34375;100
100;2;2;11,34375;100
100;2;2;11,34375;100
100;2;2;11,34375;100
100;2;2;11,34375;100
100;2;2;11,34375;100
100;3;15;11,34375;100
100;2;2;11,34375;100
100;2;2;11,67676;100
100;3;15;11,67676;100
100;3;15;11,67676;100
100;3;15;11,67676;100
100;3;15;11,67676;100
100;2;2;11,67676;100
100;3;15;11,67676;100
100;2;2;11,67676;100
100;2;2;12,00977;100
100;3;15;12,00977;100
100;3;15;12,00977;100
100;3;15;12,00977;100
100;2;2;12,00977;100
100;2;2;12,00977;100
100;3;15;12,00977;100
100;2;2;12,00977;100
100;3;15;12,34277;100
100;2;2;12,34277;100
100;2;2;12,34277;100
100;2;2;12,34277;100
100;3;15;12,34277;100
100;3;15;12,34277;100
100;3;15;12,34277;100
100;2;2;12,34277;100
100;3;15;12,67578;100
100;2;2;12,67578;100
100;2;2;12,67578;100
100;3;15;12,67578;100
100;2;2;12,67578;100
100;3;15;12,67578;100
100;2;2;12,67578;100
100;3;15;12,67578;100
100;2;2;12,67578;100
100;2;2;12,67578;100
100;2;2;12,67578;100
100;2;2;13,00879;100
100;3;15;13,00879;100
100;2;2;13,00879;100
100;3;15;13,00879;100
100;3;15;13,00879;100
100;2;2;13,3418;100
100;2;2;13,3418;100
100;3;15;13,3418;100
100;3;15;13,3418;100
100;3;15;13,3418;100
100;3;15;13,3418;100
100;2;2;13,3418;100
100;3;15;13,3418;100
100;3;15;13,6748;100
100;2;2;13,6748;100
100;2;2;13,6748;100
100;3;15;13,6748;100
100;3;15;13,6748;100
100;2;2;14,00781;100
100;2;2;14,00781;100
100;3;15;14,00781;100
100;3;15;14,00781;100
100;2;2;14,00781;100
100;3;15;14,00781;100
100;3;15;14,00781;100
100;2;2;14,00781;100
100;3;15;14,34082;100
100;2;2;14,34082;100
100;3;15;14,34082;100
100;3;15;14,34082;100
100;3;15;14,34082;100
100;3;15;14,34082;100
100;2;2;14,34082;100
100;2;2;14,34082;100
100;3;15;14,34082;100
100;3;15;14,34082;100
100;2;2;14,67383;100
100;2;2;14,67383;100
100;2;2;14,67383;100
100;2;2;14,67383;100
100;3;15;14,67383;100
100;3;15;14,67383;100
100;3;15;14,67383;100
100;3;15;14,67383;100
100;2;2;14,67383;100
100;2;2;14,67383;100
100;3;15;14,67383;100
100;3;15;15,00684;100
100;3;15;15,00684;100
100;3;15;15,00684;100
100;3;15;15,00684;100
100;3;15;15,00684;100
100;3;15;15,00684;100
100;3;15;15,00684;100
100;3;15;15,33984;100
100;3;15;15,33984;100
100;2;2;15,33984;100
100;3;15;15,33984;100
100;3;15;15,33984;100
100;3;15;15,33984;100
100;2;2;15,33984;100
100;3;15;15,67285;100
100;3;15;15,67285;100
100;3;15;15,67285;100
100;3;15;15,67285;100
100;3;15;15,67285;100
100;3;15;15,67285;100
100;3;15;15,67285;100
100;3;15;15,67285;100
100;3;15;15,67285;100
100;2;2;15,67285;100
100;3;15;16,00586;100
100;3;15;16,00586;100
100;2;2;16,00586;100
100;2;2;16,00586;100
100;3;15;16,00586;100
100;3;15;16,00586;100
100;3;15;16,00586;100
100;3;15;16,00586;100
100;3;15;16,00586;100
100;3;15;16,00586;100
100;3;15;16,00586;100
100;2;2;16,33887;100
100;2;2;16,33887;100
100;2;2;16,33887;100
100;2;2;16,33887;100
100;2;2;16,33887;100
100;3;15;16,33887;100
100;3;15;16,67188;100
100;3;15;16,67188;100
100;3;15;16,67188;100
100;3;15;16,67188;100
100;3;15;16,67188;100
100;3;15;16,67188;100
100;2;2;16,67188;100
100;2;2;16,67188;100
100;2;2;17,00488;100
100;3;15;17,00488;100
100;3;15;17,00488;100
100;2;2;17,00488;100
100;3;15;17,00488;100
100;2;2;17,00488;100
100;3;15;17,00488;100
100;3;15;17,33789;100
100;2;2;17,33789;100
100;3;15;17,33789;100
100;3;15;17,33789;100
100;3;15;17,33789;100
100;3;15;17,33789;100
100;2;2;17,33789;100
100;2;2;17,33789;100
100;2;2;17,33789;100
100;3;15;17,33789;100
100;2;2;17,33789;100
100;3;15;17,33789;100
100;2;2;17,33789;100
100;3;15;17,6709;100
100;3;15;17,6709;100
100;2;2;17,6709;100
100;3;15;17,6709;100
100;2;2;17,6709;100
100;3;15;17,6709;100
100;2;2;17,6709;100
100;3;15;17,6709;100
100;3;15;17,6709;100
100;2;2;17,6709;100
100;2;2;18,00391;100
100;2;2;18,00391;100
100;3;15;18,00391;100
100;3;15;18,00391;100
100;3;15;18,00391;100
100;3;15;18,00391;100
100;2;2;18,00391;100
100;3;15;18,00391;100
100;3;15;18,00391;100
100;3;15;18,00391;100
100;3;15;18,33691;100
100;2;2;18,33691;100
100;2;2;18,33691;100
100;3;15;18,33691;100
100;3;15;18,33691;100
100;3;15;18,33691;100
100;2;2;18,33691;100
100;3;15;18,66992;100
100;3;15;18,66992;100
100;2;2;18,66992;100
100;3;15;18,66992;100
100;2;2;18,66992;100
100;2;2;18,66992;100
100;3;15;19,00293;100
100;3;15;19,00293;100
100;2;2;19,00293;100
100;3;15;19,00293;100
100;2;2;19,00293;100
100;3;15;19,00293;100
100;3;15;19,00293;100
100;2;2;19,00293;100
100;3;15;19,00293;100
100;3;15;19,00293;100
100;3;15;19,33594;100
100;3;15;19,33594;100
100;2;2;19,33594;100
100;3;15;19,33594;100
100;2;2;19,33594;100
100;2;2;19,33594;100
100;2;2;19,33594;100
100;3;15;19,66895;100
100;3;15;19,66895;85
100;3;15;19,66895;70
100;3;15;19,66895;55
100;2;2;19,66895;55
100;3;15;19,66895;40
100;3;15;19,66895;25
100;3;15;19,66895;10
100;2;2;19,66895;10
100;3;15;19,66895;-5
Player