100;2;2;33,38379;100
100;3;15;33,38379;100
100;3;15;33,38379;100
100;3;15;33,38379;100
100;3;15;33,38379;100
100;2;2;33,38379;100
100;3;15;33,38379;100
100;3;15;33,7168;100
100;3;15;33,7168;100
100;2;2;33,7168;100
100;3;15;33,7168;100
100;2;2;33,7168;100
100;2;2;33,7168;100
100;2;2;33,7168;100
100;2;2;33,7168;100
100;3;15;34,0498;100
100;3;15;34,0498;100
100;3;15;34,0498;100
100;2;2;34,0498;100
100;3;15;34,0498;100
100;3;15;34,0498;100
100;3;15;34,0498;100
100;2;2;34,38281;100
100;2;2;34,38281;100
100;3;15;34,38281;100
100;3;15;34,38281;100
100;3;15;34,38281;100
100;2;2;34,38281;100
100;2;2;34,38281;100
100;3;15;34,38281;100
100;2;2;34,38281;100
100;2;2;34,71582;100
100;2;2;34,71582;100
100;3;15;34,71582;100
100;3;15;34,71582;100
100;2;2;34,71582;100
100;3;15;34,71582;100
100;2;2;34,71582;100
100;3;15;34,71582;100
100;2;2;34,71582;100
100;3;15;34,71582;100
100;3;15;35,04883;100
100;3;15;35,04883;100
100;3;15;35,04883;100
100;2;2;35,04883;100
100;2;2;35,04883;100
100;3;15;35,04883;100
100;2;2;35,04883;100
100;3;15;35,04883;100
100;3;15;35,04883;100
100;3;15;35,04883;100
100;3;15;35,04883;100
100;2;2;35,38184;100
100;3;15;35,38184;100
100;2;2;35,38184;100
100;3;15;35,38184;100
100;2;2;35,38184;100
100;3;15;35,38184;100
100;3;15;35,38184;100
100;2;2;35,38184;100
100;2;2;35,38184;100
100;2;2;35,71484;100
100;3;15;35,71484;100
100;3;15;35,71484;100
100;3;15;35,71484;100
100;3;15;35,71484;100
100;2;2;35,71484;100
100;2;2;35,71484;100
100;2;2;35,71484;100
100;2;2;35,71484;100
100;2;2;35,71484;100
100;2;2;35,71484;100
100;2;2;35,71484;100
100;3;15;36,04785;100
100;3;15;36,04785;100
100;2;2;36,04785;100
100;3;15;36,04785;100
100;2;2;36,04785;100
100;2;2;36,04785;100
100;3;15;36,04785;100
100;3;15;36,38086;100
100;3;15;36,38086;100
100;3;15;36,38086;100
100;3;15;36,38086;100
100;3;15;36,38086;100
100;3;15;36,38086;100
100;2;2;36,38086;100
100;3;15;36,38086;100
100;2;2;36,38086;100
100;2;2;36,38086;100
100;2;2;36,71387;100
100;2;2;36,71387;100
100;2;2;36,71387;100
100;3;15;36,71387;100
100;2;2;36,71387;100
100;3;15;36,71387;100
100;3;15;37,04688;100
100;3;15;37,04688;100
100;3;15;37,04688;100
100;2;2;37,04688;100
100;3;15;37,04688;100
100;3;15;37,04688;100
100;2;2;37,04688;100
100;3;15;37,04688;100
100;3;15;37,04688;100
100;2;2;37,04688;100
100;2;2;37,04688;100
100;2;2;37,04688;100
100;2;2;37,37988;100
100;3;15;37,37988;100
100;2;2;37,37988;100
100;3;15;37,37988;100
100;2;2;37,37988;100
100;2;2;37,37988;100
100;2;2;37,37988;100
100;3;15;37,37988;100
100;2;2;37,71289;100
100;3;15;37,71289;100
100;3;15;37,71289;100
100;2;2;37,71289;100
100;3;15;37,71289;100
100;3;15;37,71289;100
100;3;15;37,71289;100
100;2;2;37,71289;100
100;3;15;38,0459;100
100;3;15;38,0459;100
100;3;15;38,0459;100
100;2;2;38,0459;100
100;3;15;38,0459;100
100;2;2;38,0459;100
100;2;2;38,0459;100
100;2;2;38,0459;100
100;2;2;38,37891;100
100;3;15;38,37891;100
100;3;15;38,37891;100
100;3;15;38,37891;100
100;3;15;38,37891;100
100;2;2;38,37891;100
100;2;2;38,71191;100
100;2;2;38,71191;100
100;2;2;38,71191;100
100;3;15;38,71191;100
100;2;2;38,71191;100
100;3;15;38,71191;100
100;3;15;38,71191;100
100;2;2;39,04492;100
100;3;15;39,04492;100
100;2;2;39,04492;100
100;3;15;39,04492;100
100;3;15;39,04492;100
100;2;2;39,04492;100
100;3;15;39,04492;100
100;3;15;39,04492;100
100;2;2;39,04492;100
100;3;15;39,04492;100
100;2;2;39,04492;100
100;2;2;39,37793;100
100;3;15;39,37793;100
100;3;15;39,37793;100
100;3;15;39,37793;100
100;3;15;39,37793;100
100;3;15;39,37793;100
100;3;15;39,37793;100
100;3;15;39,37793;100
100;3;15;39,37793;100
100;3;15;39,37793;100
100;2;2;39,71094;100
100;2;2;39,71094;100
100;3;15;39,71094;100
100;3;15;39,71094;100
100;3;15;39,71094;100
100;2;2;39,71094;100
100;3;15;39,71094;100
100;3;15;39,71094;100
100;3;15;39,71094;100
100;2;2;39,71094;100
100;2;2;39,71094;100
100;3;15;40,04395;100
100;2;2;40,04395;100
100;2;2;40,04395;100
100;2;2;40,04395;100
100;3;15;40,04395;100
100;3;15;40,04395;100
100;3;15;40,37695;100
100;2;2;40,37695;100
100;2;2;40,37695;100
100;2;2;40,37695;100
100;2;2;40,37695;100
100;2;2;40,37695;100
100;3;15;40,37695;100
100;2;2;40,70996;100
100;3;15;40,70996;100
100;3;15;40,70996;100
100;3;15;40,70996;100
100;3;15;40,70996;100
100;2;2;40,70996;100
100;2;2;41,04297;100
100;3;15;41,04297;100
100;3;15;41,04297;100
100;2;2;41,04297;100
100;2;2;41,04297;100
100;3;15;41,04297;100
100;3;15;41,04297;100
100;2;2;41,04297;100
100;3;15;41,04297;100
100;2;2;41,37598;100
100;3;15;41,37598;100
100;2;2;41,37598;100
100;3;15;41,37598;100
100;3;15;41,37598;100
100;3;15;41,37598;100
100;3;15;41,37598;100
100;3;15;41,37598;100
100;2;2;41,70898;100
100;2;2;41,70898;100
100;2;2;41,70898;100
100;2;2;41,70898;100
100;2;2;41,70898;100
100;3;15;41,70898;100
100;2;2;41,70898;100
100;2;2;41,70898;100
100;3;15;41,70898;100
100;2;2;41,70898;100
100;3;15;41,70898;100
100;3;15;42,04199;100
100;2;2;42,04199;100
100;3;15;42,04199;100
100;3;15;42,04199;100
100;3;15;42,04199;100
100;2;2;42,04199;100
100;3;15;42,04199;100
100;3;15;42,04199;100
100;2;2;42,04199;100
100;2;2;42,04199;100
100;3;15;42,04199;100
100;3;15;42,04199;100
100;2;2;42,04199;100
100;3;15;42,375;100
100;3;15;42,375;100
100;2;2;42,375;100
100;2;2;42,375;100
100;3;15;42,375;100
100;2;2;42,375;100
100;3;15;42,375;100
100;3;15;42,375;100
100;3;15;42,375;100
100;3;15;42,375;100
100;3;15;42,375;100
100;3;15;42,70801;100
100;3;15;42,70801;100
100;3;15;42,70801;100
100;2;2;42,70801;100
100;2;2;42,70801;100
100;2;2;42,70801;100
100;3;15;42,70801;100
100;3;15;43,04102;100
100;2;2;43,04102;100
100;3;15;43,04102;100
100;2;2;43,04102;100
100;3;15;43,04102;100
100;3;15;43,04102;100
100;2;2;43,37402;100
100;2;2;43,37402;100
100;3;15;43,37402;100
100;3;15;43,37402;100
100;3;15;43,37402;100
100;2;2;43,37402;100
100;2;2;43,70703;100
100;3;15;43,70703;100
100;2;2;43,70703;100
100;2;2;43,70703;100
100;3;15;43,70703;100
100;2;2;43,70703;100
100;3;15;43,70703;100
100;2;2;43,70703;100
100;3;15;43,70703;100
100;3;15;43,70703;100
100;3;15;43,70703;100
100;2;2;43,70703;100
100;2;2;43,70703;100
100;2;2;44,04004;100
100;3;15;44,04004;100
100;3;15;44,04004;100
100;2;2;44,04004;100
100;2;2;44,04004;100
100;3;15;44,04004;100
100;3;15;44,04004;100
100;3;15;44,04004;100
100;3;15;44,04004;100
100;2;2;44,04004;100
100;3;15;44,04004;100
100;3;15;44,37305;100
100;2;2;44,37305;100
100;2;2;44,37305;100
100;2;2;44,37305;100
100;2;2;44,70605;100
100;3;15;44,70605;100
100;3;15;44,70605;100
100;3;15;44,70605;100
100;2;2;44,70605;100
100;2;2;44,70605;100
100;2;2;44,70605;100
100;3;15;45,03906;100
100;2;2;45,03906;100
100;3;15;45,03906;100
100;2;2;45,03906;100
100;2;2;45,03906;100
100;3;15;45,03906;100
100;3;15;45,03906;100
100;3;15;45,03906;100
100;3;15;45,37207;100
100;3;15;45,37207;100
100;2;2;45,37207;100
100;3;15;45,37207;100
100;3;15;45,37207;100
100;3;15;45,37207;100
100;3;15;45,37207;100
100;2;2;45,70508;100
100;3;15;45,70508;100
100;2;2;45,70508;100
100;2;2;45,70508;100
100;2;2;45,70508;100
100;2;2;45,70508;100
100;2;2;46,03809;100
100;2;2;46,03809;100
100;2;2;46,03809;100
100;3;15;46,03809;100
100;3;15;46,03809;100
100;2;2;46,03809;100
100;2;2;46,03809;100
100;2;2;46,03809;100
100;3;15;46,37109;100
100;3;15;46,37109;100
100;2;2;46,37109;100
100;2;2;46,37109;100
100;2;2;46,37109;100
100;3;15;46,37109;100
100;3;15;46,37109;100
100;2;2;46,37109;100
100;2;2;46,37109;100
100;2;2;46,37109;100
100;2;2;46,37109;100
100;3;15;46,37109;100
100;2;2;46,7041;100
100;3;15;46,7041;100
100;3;15;46,7041;100
100;3;15;46,7041;100
100;3;15;46,7041;100
100;3;15;46,7041;100
100;2;2;46,7041;100
100;3;15;46,7041;100
100;2;2;46,7041;100
100;2;2;46,7041;100
100;2;2;47,03711;100
100;3;15;47,03711;100
100;2;2;47,03711;100
100;3;15;47,03711;100
100;2;2;47,03711;100
100;3;15;47,03711;100
100;3;15;47,03711;100
100;3;15;47,37012;100
100;3;15;47,37012;100
100;2;2;47,37012;100
100;3;15;47,37012;100
100;3;15;47,70313;100
100;2;2;47,70313;100
100;3;15;47,70313;100
100;3;15;47,70313;100
100;3;15;47,70313;100
100;3;15;47,70313;100
100;3;15;47,70313;100
100;2;2;48,03613;100
100;2;2;48,03613;100
100;2;2;48,03613;100
100;3;15;48,03613;100
100;3;15;48,03613;100
100;3;15;48,03613;100
100;2;2;48,03613;100
100;2;2;48,03613;100
100;3;15;48,03613;100
100;3;15;48,03613;100
100;3;15;48,03613;100
100;3;15;48,03613;100
100;2;2;48,03613;100
100;2;2;48,03613;100
100;3;15;48,36914;100
100;3;15;48,36914;100
100;2;2;48,36914;100
100;2;2;48,36914;100
100;2;2;48,36914;100
100;3;15;48,36914;100
100;3;15;48,36914;100
100;3;15;48,70215;100
100;2;2;48,70215;100
100;2;2;48,70215;100
100;2;2;48,70215;100
100;2;2;48,70215;100
100;3;15;48,70215;100
100;2;2;48,70215;100
100;3;15;48,70215;100
100;3;15;49,03516;100
100;3;15;49,03516;100
100;2;2;49,03516;100
100;2;2;49,03516;100
100;3;15;49,03516;100
100;2;2;49,03516;100
100;2;2;49,03516;100
100;3;15;49,03516;100
100;2;2;49,03516;100
100;2;2;49,36816;100
100;3;15;49,36816;100
100;3;15;49,36816;100
100;3;15;49,36816;100
100;3;15;49,36816;100
100;2;2;49,36816;100
100;3;15;49,36816;100
100;3;15;49,70117;100
100;2;2;49,70117;100
100;2;2;49,70117;100
100;2;2;49,70117;100
100;2;2;49,70117;100
100;2;2;49,70117;100
100;3;15;49,70117;100
100;3;15;49,70117;100
100;3;15;49,70117;100
100;2;2;49,70117;100
100;2;2;50,03418;100
100;3;15;50,03418;100
100;2;2;50,03418;100
100;3;15;50,03418;100
100;3;15;50,03418;100
100;2;2;50,03418;100
100;3;15;50,03418;100
100;2;2;50,03418;100
100;2;2;50,03418;100
100;2;2;50,03418;100
100;3;15;50,03418;100
100;2;2;50,36719;100
100;2;2;50,36719;100
100;3;15;50,36719;100
100;3;15;50,36719;100
100;3;15;50,36719;100
100;3;15;50,36719;100
100;2;2;50,36719;100
100;3;15;50,36719;100
100;2;2;50,36719;100
100;3;15;50,36719;100
100;2;2;50,7002;100
100;3;15;50,7002;100
100;2;2;50,7002;100
100;2;2;50,7002;100
100;2;2;50,7002;100
100;3;15;51,0332;100
100;3;15;51,0332;100
100;3;15;51,0332;100
100;2;2;51,0332;100
100;3;15;51,0332;100
100;2;2;51,0332;100
100;3;15;51,0332;100
100;2;2;51,0332;100
100;3;15;51,0332;100
100;3;15;51,0332;100
100;3;15;51,0332;100
100;2;2;51,0332;100
100;3;15;51,36621;100
100;3;15;51,36621;100
100;3;15;51,36621;100
100;2;2;51,36621;100
100;2;2;51,36621;100
100;2;2;51,36621;100
100;3;15;51,36621;100
100;3;15;51,36621;100
100;2;2;51,36621;100
100;3;15;51,36621;100
100;2;2;51,36621;100
100;3;15;51,69922;100
100;3;15;51,69922;85
100;3;15;51,69922;70
100;3;15;51,69922;55
100;3;15;51,69922;40
100;3;15;51,69922;25
100;2;2;51,69922;25
100;3;15;51,69922;10
100;3;15;51,69922;-5
Player