92;2;2;3,602783;100
92;2;2;3,602783;100
92;2;2;3,602783;100
92;3;15;3,602783;100
92;3;15;3,602783;100
92;3;15;3,602783;100
92;3;15;3,936035;100
92;3;15;3,936035;100
92;2;2;3,936035;100
92;2;2;3,936035;100
92;3;15;4,269287;100
92;2;2;4,269287;100
92;2;2;4,269287;100
92;2;2;4,269287;100
92;2;2;4,269287;100
92;3;15;4,269287;100
92;3;15;4,269287;100
92;3;15;4,269287;100
92;3;15;4,269287;100
92;3;15;4,269287;100
92;3;15;4,602539;100
92;3;15;4,602539;100
92;3;15;4,602539;100
92;3;15;4,602539;100
92;3;15;4,602539;100
92;2;2;4,602539;100
92;2;2;4,935791;100
92;2;2;4,935791;100
92;3;15;4,935791;100
92;2;2;4,935791;100
92;2;2;4,935791;100
92;2;2;4,935791;100
92;2;2;4,935791;100
92;3;15;4,935791;100
92;3;15;4,935791;100
92;3;15;4,935791;100
92;3;15;5,269043;100
92;3;15;5,269043;100
92;2;2;5,269043;100
92;3;15;5,269043;100
92;3;15;5,269043;100
92;2;2;5,269043;100
92;3;15;5,269043;100
92;2;2;5,269043;100
92;2;2;5,602295;100
92;2;2;5,602295;100
92;3;15;5,602295;100
92;2;2;5,602295;100
92;2;2;5,602295;100
92;2;2;5,602295;100
92;3;15;5,602295;100
92;2;2;5,602295;100
92;3;15;5,602295;100
92;2;2;5,935547;100
92;2;2;5,935547;100
92;2;2;5,935547;100
92;3;15;5,935547;100
92;2;2;5,935547;100
92;3;15;5,935547;100
92;2;2;5,935547;100
92;3;15;5,935547;100
92;3;15;5,935547;100
92;3;15;5,935547;100
92;2;2;6,268799;100
92;3;15;6,268799;100
92;3;15;6,268799;100
92;3;15;6,268799;100
92;2;2;6,268799;100
92;2;2;6,268799;100
92;3;15;6,268799;100
92;2;2;6,268799;100
92;2;2;6,268799;100
92;3;15;6,602051;100
92;3;15;6,602051;100
92;2;2;6,602051;100
92;3;15;6,602051;100
92;3;15;6,602051;100
92;2;2;6,602051;100
92;2;2;6,602051;100
92;3;15;6,602051;100
92;3;15;6,602051;100
92;3;15;6,935303;100
92;2;2;6,935303;100
92;3;15;6,935303;100
92;3;15;6,935303;100
92;3;15;6,935303;100
92;2;2;6,935303;100
92;3;15;6,935303;100
92;2;2;6,935303;100
92;3;15;6,935303;100
92;3;15;6,935303;100
92;3;15;7,268555;100
92;3;15;7,268555;100
92;2;2;7,268555;100
92;3;15;7,268555;100
92;3;15;7,268555;100
92;2;2;7,268555;100
92;3;15;7,268555;100
92;3;15;7,601807;100
92;3;15;7,601807;100
92;3;15;7,601807;100
92;2;2;7,601807;100
92;3;15;7,601807;100
92;2;2;7,601807;100
92;3;15;7,601807;100
92;3;15;7,935059;100
92;3;15;7,935059;100
92;3;15;7,935059;100
92;2;2;7,935059;100
92;3;15;7,935059;100
92;3;15;7,935059;100
92;3;15;7,935059;100
92;3;15;7,935059;100
92;2;2;7,935059;100
92;3;15;8,268311;100
92;3;15;8,268311;100
92;3;15;8,268311;100
92;2;2;8,268311;100
92;2;2;8,268311;100
92;2;2;8,268311;100
92;2;2;8,268311;100
92;2;2;8,268311;100
92;2;2;8,601563;100
92;3;15;8,601563;100
92;3;15;8,601563;100
92;3;15;8,601563;100
92;3;15;8,601563;100
92;3;15;8,601563;100
92;2;2;8,601563;100
92;3;15;8,601563;100
92;2;2;8,601563;100
92;2;2;8,934814;100
92;3;15;8,934814;100
92;2;2;8,934814;100
92;2;2;8,934814;100
92;3;15;8,934814;100
92;3;15;8,934814;100
92;3;15;8,934814;100
92;2;2;8,934814;100
92;2;2;8,934814;100
92;3;15;8,934814;100
92;3;15;9,268066;100
92;2;2;9,268066;100
92;2;2;9,268066;100
92;3;15;9,268066;100
92;2;2;9,268066;100
92;3;15;9,268066;100
92;3;15;9,268066;100
92;3;15;9,268066;100
92;2;2;9,268066;100
92;3;15;9,601318;100
92;2;2;9,601318;100
92;3;15;9,601318;100
92;3;15;9,93457;100
92;2;2;9,93457;100
92;2;2;9,93457;100
92;3;15;9,93457;100
92;3;15;9,93457;100
92;3;15;9,93457;100
92;3;15;9,93457;100
92;3;15;9,93457;100
92;3;15;10,26782;100
92;3;15;10,26782;100
92;3;15;10,26782;100
92;3;15;10,26782;100
92;3;15;10,26782;100
92;2;2;10,26782;100
92;3;15;10,26782;100
92;3;15;10,26782;100
92;2;2;10,26782;100
92;2;2;10,26782;100
92;2;2;10,26782;100
92;2;2;10,60107;100
92;3;15;10,60107;100
92;3;15;10,60107;100
92;2;2;10,60107;100
92;3;15;10,60107;100
92;2;2;10,60107;100
92;3;15;10,60107;100
92;2;2;10,93433;100
92;2;2;10,93433;100
92;3;15;10,93433;100
92;2;2;10,93433;100
92;3;15;10,93433;100
92;3;15;10,93433;100
92;3;15;10,93433;100
92;3;15;10,93433;100
92;2;2;10,93433;100
92;2;2;10,93433;100
92;3;15;11,26758;100
92;3;15;11,26758;100
92;3;15;11,26758;100
92;3;15;11,26758;100
92;2;2;11,26758;100
92;2;2;11,26758;100
92;3;15;11,26758;100
92;3;15;11,26758;100
92;2;2;11,26758;100
92;2;2;11,26758;100
92;2;2;11,26758;100
92;2;2;11,26758;100
92;3;15;11,60083;100
92;2;2;11,60083;100
92;2;2;11,60083;100
92;3;15;11,60083;100
92;2;2;11,60083;100
92;2;2;11,60083;100
92;2;2;11,60083;100
92;3;15;11,60083;100
92;3;15;11,60083;100
92;3;15;11,60083;100
92;3;15;11,60083;100
92;2;2;11,60083;100
92;2;2;11,93408;100
92;3;15;11,93408;100
92;2;2;11,93408;100
92;3;15;11,93408;100
92;2;2;11,93408;100
92;3;15;11,93408;100
92;2;2;11,93408;100
92;3;15;11,93408;100
92;2;2;11,93408;100
92;3;15;11,93408;100
92;2;2;11,93408;100
92;2;2;11,93408;100
92;2;2;12,26733;100
92;2;2;12,26733;100
92;3;15;12,26733;100
92;2;2;12,26733;100
92;2;2;12,26733;100
92;2;2;12,26733;100
92;2;2;12,26733;100
92;2;2;12,26733;100
92;2;2;12,26733;100
92;2;2;12,26733;100
92;2;2;12,26733;100
92;3;15;12,60059;100
92;2;2;12,60059;100
92;3;15;12,60059;100
92;2;2;12,60059;100
92;3;15;12,60059;100
92;2;2;12,60059;100
92;2;2;12,60059;100
92;2;2;12,93384;100
92;2;2;12,93384;100
92;3;15;12,93384;100
92;3;15;12,93384;100
92;2;2;12,93384;100
92;3;15;12,93384;100
92;3;15;12,93384;100
92;2;2;12,93384;100
92;2;2;12,93384;100
92;2;2;12,93384;100
92;3;15;12,93384;100
92;2;2;13,26709;100
92;2;2;13,26709;100
92;2;2;13,26709;100
92;2;2;13,26709;100
92;3;15;13,26709;100
92;3;15;13,26709;100
92;3;15;13,26709;100
92;2;2;13,26709;100
92;2;2;13,26709;100
92;3;15;13,26709;100
92;2;2;13,26709;100
92;3;15;13,60034;100
92;3;15;13,60034;100
92;2;2;13,60034;100
92;2;2;13,60034;100
92;2;2;13,60034;100
92;2;2;13,60034;100
92;3;15;13,60034;100
92;2;2;13,60034;100
92;2;2;13,60034;100
92;3;15;13,93359;100
92;3;15;13,93359;100
92;3;15;13,93359;100
92;3;15;13,93359;100
92;3;15;13,93359;100
92;3;15;13,93359;100
92;3;15;13,93359;100
92;2;2;13,93359;100
92;3;15;14,26685;100
92;2;2;14,26685;100
92;2;2;14,26685;100
92;3;15;14,26685;100
92;2;2;14,26685;100
92;2;2;14,26685;100
92;3;15;14,26685;100
92;2;2;14,26685;100
92;3;15;14,26685;100
92;2;2;14,26685;100
92;2;2;14,6001;100
92;3;15;14,6001;100
92;2;2;14,6001;100
92;2;2;14,6001;100
92;2;2;14,6001;100
92;2;2;14,6001;100
92;3;15;14,93335;100
92;3;15;14,93335;100
92;2;2;14,93335;100
92;2;2;14,93335;100
92;2;2;14,93335;100
92;3;15;14,93335;100
92;2;2;14,93335;100
92;2;2;14,93335;100
92;2;2;14,93335;100
92;2;2;14,93335;100
92;2;2;15,2666;100
92;2;2;15,2666;100
92;3;15;15,2666;100
92;3;15;15,59985;100
92;2;2;15,59985;100
92;3;15;15,59985;100
92;3;15;15,59985;100
92;2;2;15,59985;100
92;3;15;15,59985;100
92;2;2;15,93311;100
92;2;2;15,93311;100
92;2;2;15,93311;100
92;3;15;15,93311;100
92;2;2;15,93311;100
92;2;2;15,93311;100
92;3;15;15,93311;100
92;2;2;15,93311;100
92;3;15;16,2666;100
92;3;15;16,2666;100
92;3;15;16,2666;100
92;3;15;16,2666;100
92;2;2;16,2666;100
92;3;15;16,2666;100
92;3;15;16,2666;100
92;2;2;16,2666;100
92;3;15;16,2666;100
92;3;15;16,2666;100
92;2;2;16,2666;100
92;3;15;16,6001;100
92;3;15;16,6001;100
92;3;15;16,6001;100
92;2;2;16,6001;100
92;3;15;16,6001;100
92;3;15;16,6001;100
92;2;2;16,93359;100
92;2;2;16,93359;100
92;2;2;16,93359;100
92;2;2;16,93359;100
92;2;2;16,93359;100
92;3;15;16,93359;100
92;2;2;16,93359;100
92;2;2;16,93359;100
92;3;15;17,26709;100
92;3;15;17,26709;100
92;2;2;17,26709;100
92;3;15;17,26709;100
92;3;15;17,26709;100
92;3;15;17,26709;100
92;3;15;17,26709;100
92;2;2;17,60059;100
92;3;15;17,60059;100
92;3;15;17,60059;100
92;3;15;17,60059;100
92;3;15;17,60059;100
92;2;2;17,60059;100
92;3;15;17,60059;100
92;2;2;17,60059;100
92;2;2;17,60059;100
92;3;15;17,60059;100
92;2;2;17,93408;100
92;2;2;17,93408;100
92;3;15;17,93408;100
92;3;15;17,93408;100
92;2;2;17,93408;100
92;2;2;17,93408;100
92;3;15;17,93408;100
92;2;2;17,93408;100
92;3;15;17,93408;100
92;3;15;17,93408;100
92;3;15;17,93408;100
92;2;2;18,26758;100
92;2;2;18,26758;100
92;3;15;18,26758;100
92;2;2;18,26758;100
92;2;2;18,26758;100
92;2;2;18,26758;100
92;3;15;18,26758;100
92;3;15;18,26758;100
92;3;15;18,60107;100
92;3;15;18,60107;100
92;2;2;18,60107;100
92;2;2;18,60107;100
92;3;15;18,60107;100
92;3;15;18,60107;100
92;3;15;18,60107;100
92;2;2;18,60107;100
92;2;2;18,60107;100
92;3;15;18,60107;100
92;2;2;18,60107;100
92;2;2;18,93457;100
92;3;15;18,93457;100
92;2;2;18,93457;100
92;3;15;18,93457;100
92;2;2;18,93457;100
92;3;15;18,93457;100
92;2;2;18,93457;100
92;3;15;18,93457;100
92;3;15;18,93457;100
92;2;2;18,93457;100
92;3;15;18,93457;100
92;3;15;18,93457;100
92;2;2;19,26807;100
92;2;2;19,26807;100
92;3;15;19,26807;100
92;3;15;19,26807;100
92;3;15;19,26807;100
92;3;15;19,26807;100
92;3;15;19,26807;100
92;3;15;19,26807;100
92;2;2;19,60156;100
92;3;15;19,60156;100
92;2;2;19,60156;100
92;3;15;19,60156;100
92;3;15;19,60156;100
92;2;2;19,60156;100
92;2;2;19,60156;100
92;3;15;19,60156;100
92;2;2;19,60156;100
92;3;15;19,60156;100
92;2;2;19,60156;100
92;3;15;19,93506;100
92;3;15;19,93506;100
92;2;2;19,93506;100
92;3;15;19,93506;100
92;3;15;19,93506;100
92;2;2;19,93506;100
92;3;15;20,26855;100
92;2;2;20,26855;100
92;2;2;20,26855;100
92;3;15;20,26855;100
92;2;2;20,26855;100
92;3;15;20,26855;100
92;3;15;20,26855;100
92;2;2;20,26855;100
92;3;15;20,26855;100
92;3;15;20,60205;100
92;3;15;20,60205;100
92;2;2;20,60205;100
92;2;2;20,60205;100
92;2;2;20,60205;100
92;2;2;20,60205;100
92;2;2;20,60205;100
92;3;15;20,93555;100
92;2;2;20,93555;100
92;2;2;20,93555;100
92;3;15;20,93555;100
92;2;2;20,93555;100
92;3;15;20,93555;100
92;2;2;20,93555;100
92;3;15;20,93555;100
92;3;15;20,93555;100
92;3;15;21,26904;100
92;3;15;21,26904;100
92;2;2;21,26904;100
92;2;2;21,26904;100
92;3;15;21,26904;100
92;2;2;21,26904;100
92;2;2;21,26904;100
92;2;2;21,26904;100
92;2;2;21,26904;100
92;3;15;21,26904;100
92;3;15;21,26904;100
92;2;2;21,26904;100
92;2;2;21,26904;100
92;3;15;21,60254;100
92;3;15;21,60254;100
92;3;15;21,60254;100
92;3;15;21,60254;100
92;3;15;21,60254;100
92;2;2;21,60254;100
92;2;2;21,60254;100
92;2;2;21,60254;100
92;3;15;21,60254;100
92;2;2;21,60254;100
92;2;2;21,60254;100
92;2;2;21,60254;100
92;3;15;21,60254;100
92;3;15;21,93604;100
92;2;2;21,93604;100
92;2;2;21,93604;100
92;3;15;21,93604;100
92;2;2;21,93604;100
92;3;15;21,93604;100
92;2;2;21,93604;100
92;2;2;21,93604;100
92;2;2;21,93604;100
92;2;2;21,93604;100
92;2;2;22,26953;100
92;3;15;22,26953;100
92;2;2;22,26953;100
92;2;2;22,26953;100
92;3;15;22,26953;100
92;3;15;22,26953;100
92;2;2;22,26953;100
92;2;2;22,26953;100
92;2;2;22,60303;100
92;3;15;22,60303;100
92;3;15;22,60303;100
92;2;2;22,60303;100
92;2;2;22,60303;100
92;2;2;22,60303;100
92;2;2;22,93652;100
92;2;2;22,93652;100
92;3;15;22,93652;100
92;2;2;22,93652;100
92;2;2;22,93652;100
92;2;2;22,93652;100
92;2;2;22,93652;100
92;2;2;22,93652;100
92;2;2;23,27002;100
92;2;2;23,27002;100
92;2;2;23,27002;100
92;3;15;23,27002;100
92;3;15;23,27002;100
92;3;15;23,27002;100
92;3;15;23,27002;100
92;2;2;23,27002;100
92;3;15;23,27002;100
92;2;2;23,60352;100
92;2;2;23,60352;100
92;3;15;23,60352;100
92;3;15;23,60352;100
92;3;15;23,60352;100
92;3;15;23,60352;100
92;2;2;23,60352;100
92;2;2;23,60352;100
92;3;15;23,93701;100
92;2;2;23,93701;100
92;2;2;23,93701;100
92;3;15;23,93701;100
92;2;2;23,93701;100
92;2;2;23,93701;100
92;3;15;23,93701;100
92;3;15;24,27051;100
92;2;2;24,27051;100
92;2;2;24,27051;100
92;3;15;24,27051;100
92;2;2;24,27051;100
92;3;15;24,27051;100
92;2;2;24,27051;100
92;2;2;24,604;100
92;2;2;24,604;100
92;3;15;24,604;100
92;3;15;24,604;100
92;3;15;24,604;100
92;3;15;24,604;100
92;2;2;24,604;100
92;3;15;24,604;100
92;2;2;24,604;100
92;2;2;24,9375;100
92;3;15;24,9375;100
92;2;2;24,9375;100
92;3;15;24,9375;100
92;2;2;24,9375;100
92;2;2;24,9375;100
92;3;15;24,9375;100
92;3;15;24,9375;100
92;2;2;24,9375;100
92;3;15;24,9375;100
92;2;2;24,9375;100
92;2;2;24,9375;100
92;3;15;25,271;100
92;2;2;25,271;100
92;2;2;25,271;100
92;3;15;25,271;100
92;3;15;25,271;100
92;3;15;25,271;100
92;3;15;25,60449;100
92;2;2;25,60449;100
92;3;15;25,60449;100
92;3;15;25,60449;100
92;3;15;25,60449;100
92;2;2;25,60449;100
92;2;2;25,93799;100
92;3;15;25,93799;100
92;3;15;25,93799;100
92;3;15;25,93799;100
92;3;15;25,93799;100
92;3;15;25,93799;100
92;2;2;25,93799;100
92;3;15;25,93799;100
92;2;2;25,93799;100
92;2;2;26,27148;100
92;3;15;26,27148;100
92;3;15;26,27148;100
92;3;15;26,27148;100
92;2;2;26,27148;100
92;2;2;26,27148;100
92;3;15;26,27148;100
92;3;15;26,60498;100
92;2;2;26,60498;100
92;3;15;26,60498;100
92;3;15;26,60498;100
92;3;15;26,60498;100
92;3;15;26,60498;100
92;3;15;26,60498;100
92;2;2;26,60498;100
92;2;2;26,60498;100
92;2;2;26,60498;100
92;3;15;26,93848;100
92;2;2;26,93848;100
92;3;15;26,93848;100
92;2;2;26,93848;100
92;2;2;26,93848;100
92;3;15;26,93848;100
92;2;2;27,27197;100
92;2;2;27,27197;100
92;2;2;27,27197;100
92;2;2;27,27197;100
92;2;2;27,27197;100
92;2;2;27,27197;100
92;3;15;27,27197;100
92;2;2;27,27197;100
92;3;15;27,60547;100
92;3;15;27,60547;100
92;3;15;27,60547;100
92;2;2;27,60547;100
92;2;2;27,60547;100
92;2;2;27,60547;100
92;3;15;27,93896;100
92;2;2;27,93896;100
92;3;15;27,93896;100
92;2;2;27,93896;100
92;2;2;27,93896;100
92;3;15;27,93896;100
92;2;2;27,93896;100
92;2;2;27,93896;100
92;3;15;28,27246;100
92;3;15;28,27246;100
92;3;15;28,27246;100
92;2;2;28,27246;100
92;3;15;28,27246;100
92;3;15;28,27246;100
92;2;2;28,27246;100
92;3;15;28,27246;100
92;3;15;28,27246;100
92;2;2;28,27246;100
92;2;2;28,27246;100
92;2;2;28,60596;100
92;2;2;28,60596;100
92;2;2;28,60596;100
92;2;2;28,60596;100
92;2;2;28,60596;100
92;3;15;28,60596;100
92;3;15;28,60596;100
92;3;15;28,93945;100
92;3;15;28,93945;100
92;3;15;28,93945;100
92;3;15;28,93945;100
92;3;15;28,93945;100
92;3;15;28,93945;100
92;3;15;29,27295;100
92;3;15;29,27295;100
92;3;15;29,27295;100
92;2;2;29,27295;100
92;2;2;29,27295;100
92;2;2;29,27295;100
92;3;15;29,27295;100
92;2;2;29,27295;100
92;3;15;29,27295;100
92;2;2;29,27295;100
92;3;15;29,27295;100
92;2;2;29,60645;100
92;2;2;29,60645;100
92;3;15;29,60645;100
92;3;15;29,60645;100
92;3;15;29,60645;100
92;2;2;29,60645;100
92;2;2;29,93994;100
92;3;15;29,93994;100
92;3;15;29,93994;100
92;2;2;29,93994;100
92;3;15;29,93994;100
92;3;15;29,93994;100
92;2;2;29,93994;100
92;2;2;30,27344;100
92;2;2;30,27344;100
92;3;15;30,27344;100
92;2;2;30,27344;100
92;2;2;30,27344;100
92;2;2;30,27344;100
92;3;15;30,27344;100
92;2;2;30,27344;100
92;3;15;30,27344;100
92;2;2;30,27344;100
92;3;15;30,60693;100
92;3;15;30,60693;100
92;3;15;30,60693;100
92;3;15;30,60693;100
92;3;15;30,60693;100
92;3;15;30,60693;100
92;3;15;30,94043;100
92;3;15;30,94043;100
92;3;15;30,94043;100
92;2;2;30,94043;100
92;2;2;30,94043;100
92;2;2;30,94043;100
92;2;2;30,94043;100
92;3;15;30,94043;100
92;2;2;30,94043;100
92;3;15;31,27393;100
92;3;15;31,27393;100
92;2;2;31,27393;100
92;3;15;31,27393;100
92;2;2;31,27393;100
92;3;15;31,27393;100
92;2;2;31,27393;100
92;2;2;31,27393;100
92;3;15;31,27393;100
92;2;2;31,27393;100
92;2;2;31,27393;100
92;3;15;31,60742;100
92;3;15;31,60742;100
92;3;15;31,60742;100
92;2;2;31,60742;100
92;2;2;31,60742;100
92;3;15;31,60742;100
92;3;15;31,60742;100
92;3;15;31,60742;100
92;2;2;31,94092;100
92;2;2;31,94092;100
92;2;2;31,94092;100
92;2;2;31,94092;100
92;2;2;31,94092;100
92;2;2;31,94092;100
92;2;2;32,27441;100
92;3;15;32,27441;100
92;3;15;32,27441;100
92;3;15;32,27441;100
92;3;15;32,27441;100
92;3;15;32,27441;100
92;2;2;32,27441;100
92;3;15;32,27441;100
92;3;15;32,27441;100
92;2;2;32,27441;100
92;3;15;32,60791;100
92;3;15;32,60791;100
92;2;2;32,60791;100
92;2;2;32,60791;100
92;3;15;32,60791;100
92;3;15;32,60791;100
92;2;2;32,60791;100
92;2;2;32,60791;100
92;3;15;32,60791;100
92;2;2;32,60791;100
92;2;2;32,60791;100
92;3;15;32,94141;100
92;3;15;32,94141;100
92;3;15;32,94141;100
92;3;15;32,94141;100
92;3;15;32,94141;100
92;3;15;32,94141;100
92;2;2;32,94141;100
92;2;2;32,94141;100
92;2;2;33,2749;100
92;3;15;33,2749;100
92;3;15;33,2749;100
92;2;2;33,2749;100
92;2;2;33,2749;100
92;3;15;33,2749;100
92;3;15;33,2749;100
92;2;2;33,2749;100
92;3;15;33,2749;100
92;2;2;33,2749;100
92;3;15;33,6084;100
92;3;15;33,6084;100
92;2;2;33,6084;100
100;3;15;33,6084;100
100;3;15;33,6084;100
100;2;2;33,6084;100
100;3;15;33,6084;100
100;2;2;33,6084;100
100;3;15;33,6084;100
100;2;2;33,6084;100
100;3;15;33,94189;100
100;2;2;33,94189;100
100;3;15;33,94189;100
100;3;15;33,94189;100
100;2;2;33,94189;100
100;3;15;33,94189;100
100;3;15;33,94189;100
100;2;2;33,94189;100
100;2;2;33,94189;100
100;2;2;33,94189;100
100;3;15;34,27539;100
100;3;15;34,27539;100
100;3;15;34,27539;100
100;2;2;34,27539;100
100;3;15;34,27539;100
100;3;15;34,27539;100
100;2;2;34,27539;100
100;3;15;34,27539;100
100;2;2;34,60889;100
100;3;15;34,60889;100
100;3;15;34,60889;100
100;2;2;34,60889;100
100;2;2;34,60889;100
100;3;15;34,60889;100
100;3;15;34,60889;100
100;2;2;34,60889;100
100;3;15;34,60889;100
100;3;15;34,60889;100
100;3;15;34,60889;100
100;3;15;34,94238;100
100;3;15;34,94238;100
100;3;15;34,94238;100
100;3;15;34,94238;100
100;2;2;34,94238;100
100;2;2;35,27588;100
100;3;15;35,27588;100
100;2;2;35,27588;100
100;3;15;35,27588;100
100;3;15;35,27588;100
100;3;15;35,27588;100
100;3;15;35,27588;100
100;3;15;35,60938;100
100;3;15;35,60938;100
100;3;15;35,60938;100
100;3;15;35,60938;100
100;3;15;35,60938;100
100;2;2;35,60938;100
100;2;2;35,60938;100
100;3;15;35,60938;100
100;3;15;35,94287;100
100;3;15;35,94287;100
100;2;2;35,94287;100
100;2;2;35,94287;100
100;3;15;35,94287;100
100;2;2;36,27637;100
100;3;15;36,27637;100
100;3;15;36,27637;100
100;3;15;36,27637;100
100;3;15;36,27637;100
100;2;2;36,27637;100
100;2;2;36,27637;100
100;3;15;36,60986;100
100;2;2;36,60986;100
100;3;15;36,60986;100
100;2;2;36,60986;100
100;3;15;36,60986;100
100;2;2;36,60986;100
100;3;15;36,60986;100
100;3;15;36,60986;100
100;2;2;36,60986;100
100;3;15;36,60986;100
100;3;15;36,94336;100
100;3;15;36,94336;100
100;2;2;36,94336;100
100;2;2;36,94336;100
100;2;2;36,94336;100
100;3;15;36,94336;100
100;3;15;36,94336;100
100;3;15;36,94336;100
100;3;15;36,94336;100
100;2;2;36,94336;100
100;2;2;36,94336;100
100;2;2;37,27686;100
100;3;15;37,27686;100
100;3;15;37,27686;100
100;3;15;37,27686;100
100;2;2;37,27686;100
100;2;2;37,27686;100
100;3;15;37,27686;100
100;3;15;37,61035;100
100;2;2;37,61035;100
100;3;15;37,61035;100
100;2;2;37,61035;100
100;3;15;37,61035;100
100;2;2;37,61035;100
100;3;15;37,61035;100
100;3;15;37,61035;100
100;2;2;37,94385;100
100;2;2;37,94385;100
100;3;15;37,94385;100
100;3;15;37,94385;100
100;2;2;37,94385;100
100;3;15;37,94385;100
100;3;15;37,94385;100
100;3;15;38,27734;100
100;3;15;38,27734;100
100;2;2;38,27734;100
100;2;2;38,27734;100
100;3;15;38,27734;100
100;3;15;38,27734;100
100;3;15;38,27734;100
100;3;15;38,61084;100
100;3;15;38,61084;100
100;2;2;38,61084;100
100;2;2;38,61084;100
100;2;2;38,61084;100
100;3;15;38,61084;100
100;2;2;38,61084;100
100;3;15;38,94434;100
100;3;15;38,94434;100
100;2;2;38,94434;100
100;3;15;38,94434;100
100;3;15;38,94434;100
100;2;2;38,94434;100
100;3;15;38,94434;100
100;2;2;38,94434;100
100;2;2;39,27783;100
100;2;2;39,27783;100
100;2;2;39,27783;100
100;3;15;39,27783;100
100;2;2;39,27783;100
100;3;15;39,27783;100
100;3;15;39,27783;100
100;3;15;39,27783;100
100;2;2;39,27783;100
100;2;2;39,27783;100
100;2;2;39,27783;100
100;2;2;39,61133;100
100;3;15;39,61133;100
100;2;2;39,61133;100
100;2;2;39,61133;100
100;2;2;39,61133;100
100;2;2;39,61133;100
100;2;2;39,61133;100
100;3;15;39,61133;100
100;3;15;39,61133;100
100;3;15;39,61133;100
100;3;15;39,61133;100
100;3;15;39,94482;100
100;2;2;39,94482;100
100;2;2;39,94482;100
100;2;2;39,94482;100
100;3;15;39,94482;100
100;2;2;39,94482;100
100;3;15;39,94482;100
100;2;2;39,94482;100
100;2;2;39,94482;100
100;2;2;39,94482;100
100;3;15;39,94482;100
100;3;15;39,94482;100
100;2;2;40,27832;100
100;3;15;40,27832;100
100;3;15;40,27832;100
100;3;15;40,27832;100
100;3;15;40,27832;100
100;2;2;40,27832;100
100;3;15;40,27832;100
100;3;15;40,27832;100
100;2;2;40,61182;100
100;2;2;40,61182;100
100;2;2;40,61182;100
100;2;2;40,61182;100
100;3;15;40,61182;100
100;2;2;40,61182;100
100;3;15;40,61182;100
100;2;2;40,94531;100
100;3;15;40,94531;100
100;3;15;40,94531;100
100;2;2;40,94531;100
100;3;15;40,94531;100
100;3;15;40,94531;100
100;3;15;40,94531;100
100;2;2;40,94531;100
100;3;15;41,27881;100
100;2;2;41,27881;100
100;3;15;41,27881;100
100;3;15;41,27881;100
100;2;2;41,27881;100
100;2;2;41,27881;100
100;2;2;41,27881;100
100;3;15;41,6123;100
100;2;2;41,6123;100
100;2;2;41,6123;100
100;3;15;41,6123;100
100;2;2;41,6123;100
100;3;15;41,6123;100
100;3;15;41,9458;100
100;3;15;41,9458;100
100;3;15;41,9458;100
100;2;2;41,9458;100
100;2;2;41,9458;100
100;2;2;41,9458;100
100;3;15;41,9458;100
100;2;2;41,9458;100
100;3;15;41,9458;100
100;2;2;41,9458;100
100;2;2;41,9458;100
100;2;2;41,9458;100
100;3;15;42,2793;100
100;3;15;42,2793;100
100;2;2;42,2793;100
100;2;2;42,2793;100
100;3;15;42,2793;100
100;3;15;42,2793;100
100;3;15;42,2793;100
100;2;2;42,2793;100
100;3;15;42,61279;100
100;3;15;42,61279;100
100;2;2;42,61279;100
100;2;2;42,61279;100
100;2;2;42,94629;100
100;2;2;42,94629;100
100;3;15;42,94629;100
100;3;15;42,94629;100
100;2;2;42,94629;100
100;3;15;42,94629;100
100;2;2;43,27979;100
100;3;15;43,27979;100
100;2;2;43,27979;100
100;2;2;43,27979;100
100;2;2;43,27979;100
100;3;15;43,27979;100
100;3;15;43,27979;100
100;2;2;43,27979;100
100;3;15;43,27979;100
100;2;2;43,27979;100
100;3;15;43,27979;100
100;2;2;43,27979;100
100;2;2;43,61328;100
100;2;2;43,61328;100
100;3;15;43,61328;100
100;2;2;43,61328;100
100;2;2;43,61328;100
100;2;2;43,61328;100
100;3;15;43,61328;100
100;3;15;43,94678;100
100;3;15;43,94678;100
100;2;2;43,94678;100
100;3;15;43,94678;100
100;3;15;43,94678;100
100;2;2;43,94678;100
100;2;2;43,94678;100
100;2;2;43,94678;100
100;2;2;43,94678;100
100;2;2;44,28027;100
100;2;2;44,28027;100
100;3;15;44,28027;100
100;3;15;44,28027;100
100;2;2;44,28027;100
100;2;2;44,28027;100
100;3;15;44,28027;100
100;3;15;44,28027;100
100;2;2;44,61377;100
100;3;15;44,61377;100
100;3;15;44,61377;100
100;2;2;44,61377;100
100;2;2;44,61377;100
100;2;2;44,61377;100
100;2;2;44,61377;100
100;2;2;44,94727;100
100;3;15;44,94727;100
100;3;15;44,94727;100
100;3;15;44,94727;100
100;3;15;44,94727;100
100;2;2;44,94727;100
100;3;15;44,94727;100
100;2;2;44,94727;100
100;2;2;44,94727;100
100;3;15;45,28076;100
100;3;15;45,28076;100
100;3;15;45,28076;100
100;2;2;45,28076;100
100;2;2;45,28076;100
100;3;15;45,28076;100
100;2;2;45,28076;100
100;2;2;45,28076;100
100;2;2;45,28076;100
100;3;15;45,28076;100
100;3;15;45,61426;100
100;2;2;45,61426;100
100;2;2;45,61426;100
100;2;2;45,61426;100
100;2;2;45,94775;100
100;3;15;45,94775;100
100;3;15;45,94775;100
100;3;15;45,94775;100
100;2;2;45,94775;100
100;3;15;45,94775;100
100;3;15;45,94775;100
100;3;15;45,94775;100
100;3;15;45,94775;100
100;2;2;45,94775;100
100;3;15;46,28125;100
100;3;15;46,28125;100
100;3;15;46,28125;100
100;3;15;46,28125;100
100;2;2;46,28125;100
100;2;2;46,28125;100
100;3;15;46,28125;100
100;3;15;46,28125;100
100;2;2;46,28125;100
100;3;15;46,28125;100
100;2;2;46,28125;100
100;2;2;46,28125;100
100;2;2;46,61475;100
100;3;15;46,61475;100
100;3;15;46,61475;100
100;3;15;46,61475;100
100;3;15;46,61475;100
100;3;15;46,61475;100
100;2;2;46,61475;100
100;3;15;46,61475;100
100;3;15;46,94824;100
100;2;2;46,94824;100
100;3;15;46,94824;100
100;2;2;46,94824;100
100;2;2;46,94824;100
100;3;15;46,94824;100
100;3;15;46,94824;100
100;3;15;46,94824;100
100;3;15;47,28174;100
100;2;2;47,28174;100
100;2;2;47,28174;100
100;2;2;47,28174;100
100;3;15;47,28174;100
100;3;15;47,28174;100
100;3;15;47,28174;100
100;2;2;47,28174;100
100;2;2;47,28174;100
100;3;15;47,28174;100
100;3;15;47,28174;100
100;2;2;47,28174;100
100;3;15;47,28174;100
100;3;15;47,28174;100
100;2;2;47,61523;100
100;2;2;47,61523;100
100;2;2;47,61523;100
100;2;2;47,61523;100
100;2;2;47,61523;100
100;3;15;47,61523;100
100;2;2;47,61523;100
100;3;15;47,61523;100
100;2;2;47,61523;100
100;2;2;47,61523;100
100;3;15;47,94873;100
100;3;15;47,94873;100
100;2;2;47,94873;100
100;3;15;47,94873;100
100;2;2;47,94873;100
100;2;2;47,94873;100
100;2;2;48,28223;100
100;2;2;48,28223;100
100;3;15;48,28223;100
100;3;15;48,28223;100
100;3;15;48,28223;100
100;3;15;48,28223;100
100;3;15;48,28223;100
100;2;2;48,28223;100
100;2;2;48,28223;100
100;3;15;48,61572;100
100;2;2;48,61572;100
100;3;15;48,61572;100
100;3;15;48,61572;100
100;3;15;48,61572;100
100;2;2;48,61572;100
100;3;15;48,94922;100
100;3;15;48,94922;100
100;2;2;48,94922;100
100;2;2;48,94922;100
100;2;2;48,94922;100
100;3;15;48,94922;100
100;3;15;49,28271;100
100;2;2;49,28271;100
100;3;15;49,28271;100
100;2;2;49,28271;100
100;2;2;49,28271;100
100;3;15;49,28271;100
100;3;15;49,28271;100
100;2;2;49,28271;100
100;3;15;49,28271;100
100;2;2;49,61621;100
100;2;2;49,61621;100
100;2;2;49,61621;100
100;3;15;49,61621;100
100;3;15;49,61621;100
100;2;2;49,61621;100
100;2;2;49,61621;100
100;3;15;49,94971;100
100;3;15;49,94971;100
100;2;2;49,94971;100
100;2;2;49,94971;100
100;2;2;49,94971;100
100;2;2;50,2832;100
100;2;2;50,2832;100
100;3;15;50,2832;100
100;2;2;50,2832;100
100;3;15;50,6167;100
100;3;15;50,6167;100
100;2;2;50,6167;100
100;3;15;50,6167;100
100;3;15;50,6167;100
100;2;2;50,6167;100
100;3;15;50,6167;100
100;2;2;50,9502;100
100;2;2;50,9502;100
100;2;2;50,9502;100
100;2;2;50,9502;100
100;2;2;50,9502;100
100;2;2;50,9502;100
100;3;15;50,9502;100
100;2;2;50,9502;100
100;3;15;50,9502;100
100;2;2;51,28369;100
100;3;15;51,28369;100
100;2;2;51,28369;100
100;2;2;51,28369;100
100;2;2;51,28369;100
100;3;15;51,28369;100
100;3;15;51,28369;100
100;3;15;51,28369;100
100;3;15;51,28369;100
100;3;15;51,61719;100
100;3;15;51,61719;100
100;2;2;51,61719;100
100;3;15;51,61719;100
100;3;15;51,61719;100
100;2;2;51,61719;100
100;2;2;51,61719;100
100;2;2;51,61719;100
100;2;2;51,61719;100
100;2;2;51,95068;100
100;3;15;51,95068;100
100;2;2;51,95068;100
100;2;2;51,95068;100
100;3;15;51,95068;100
100;2;2;51,95068;100
100;3;15;51,95068;100
100;3;15;51,95068;100
100;2;2;52,28418;100
100;2;2;52,28418;100
100;2;2;52,28418;100
100;3;15;52,28418;100
100;2;2;52,28418;100
100;2;2;52,28418;100
100;2;2;52,28418;100
100;2;2;52,61768;100
100;2;2;52,61768;100
100;2;2;52,61768;100
100;2;2;52,61768;100
100;3;15;52,61768;100
100;2;2;52,61768;100
100;2;2;52,61768;100
100;2;2;52,61768;100
100;2;2;52,61768;100
100;2;2;52,95117;100
100;2;2;52,95117;100
100;2;2;52,95117;100
100;2;2;52,95117;100
100;2;2;52,95117;100
100;3;15;52,95117;100
100;2;2;52,95117;100
100;3;15;52,95117;100
100;3;15;52,95117;100
100;3;15;52,95117;100
100;2;2;53,28467;100
100;2;2;53,28467;100
100;2;2;53,28467;100
100;2;2;53,28467;100
100;3;15;53,28467;100
100;3;15;53,28467;100
100;3;15;53,28467;100
100;2;2;53,61816;100
100;2;2;53,61816;100
100;2;2;53,61816;100
100;3;15;53,61816;100
100;3;15;53,61816;100
100;3;15;53,61816;100
100;2;2;53,61816;100
100;3;15;53,61816;100
100;2;2;53,61816;100
100;2;2;53,95166;100
100;2;2;53,95166;100
100;3;15;53,95166;100
100;3;15;53,95166;100
100;2;2;53,95166;100
100;3;15;53,95166;100
100;2;2;53,95166;100
100;3;15;53,95166;100
100;3;15;53,95166;100
100;2;2;54,28516;100
100;3;15;54,28516;100
100;2;2;54,28516;100
100;2;2;54,28516;100
100;3;15;54,28516;100
100;2;2;54,28516;100
100;2;2;54,28516;100
100;3;15;54,28516;100
100;2;2;54,28516;100
100;2;2;54,28516;100
100;2;2;54,28516;100
100;2;2;54,61865;100
100;3;15;54,61865;85
100;2;2;54,61865;85
100;2;2;54,61865;85
100;2;2;54,61865;85
100;3;15;54,61865;70
100;2;2;54,61865;70
100;2;2;54,61865;70
100;2;2;54,95215;70
100;3;15;54,95215;55
100;2;2;54,95215;55
100;2;2;54,95215;55
100;2;2;54,95215;55
100;3;15;54,95215;40
100;2;2;54,95215;40
100;2;2;54,95215;40
100;3;15;55,28564;25
60;2;2;55,28564;23
36;3;15;55,28564;8
20;2;2;55,28564;6
12;3;15;55,28564;-9
Player