100;3;15;52,92969;100
100;3;15;52,92969;100
100;3;15;52,92969;100
100;2;2;52,92969;100
100;3;15;53,2627;100
100;2;2;53,2627;100
100;3;15;53,2627;100
100;2;2;53,2627;100
100;3;15;53,2627;100
100;2;2;53,2627;100
100;3;15;53,2627;100
100;3;15;53,2627;100
100;3;15;53,2627;100
100;3;15;53,2627;100
100;2;2;53,5957;100
100;2;2;53,5957;100
100;3;15;53,5957;100
100;2;2;53,5957;100
100;2;2;53,5957;100
100;3;15;53,5957;100
100;2;2;53,5957;100
100;2;2;53,5957;100
100;3;15;53,5957;100
100;2;2;53,5957;100
100;3;15;53,5957;100
100;3;15;53,5957;100
100;3;15;53,5957;100
100;3;15;53,92871;100
100;3;15;53,92871;100
100;3;15;53,92871;100
100;2;2;53,92871;100
100;3;15;53,92871;100
100;2;2;53,92871;100
100;3;15;53,92871;100
100;2;2;54,26172;100
100;3;15;54,26172;100
100;2;2;54,26172;100
100;2;2;54,26172;100
100;2;2;54,26172;100
100;3;15;54,26172;100
100;2;2;54,26172;100
100;3;15;54,26172;100
100;2;2;54,26172;100
100;3;15;54,59473;100
100;3;15;54,59473;100
100;3;15;54,59473;100
100;2;2;54,59473;100
100;3;15;54,59473;100
100;3;15;54,59473;100
100;3;15;54,59473;100
100;3;15;54,59473;100
100;2;2;54,59473;100
100;2;2;54,92773;100
100;2;2;54,92773;100
100;2;2;54,92773;100
100;3;15;54,92773;100
100;2;2;54,92773;100
100;2;2;54,92773;100
100;3;15;54,92773;100
100;2;2;54,92773;100
100;2;2;54,92773;100
100;2;2;54,92773;100
100;3;15;54,92773;100
100;3;15;54,92773;100
100;2;2;55,26074;100
100;3;15;55,26074;100
100;3;15;55,26074;100
100;3;15;55,26074;100
100;3;15;55,26074;100
100;2;2;55,26074;100
100;3;15;55,26074;100
100;3;15;55,26074;100
100;3;15;55,26074;100
100;2;2;55,26074;100
100;2;2;55,26074;100
100;2;2;55,26074;100
100;2;2;55,59375;100
100;3;15;55,59375;100
100;3;15;55,59375;100
100;2;2;55,59375;100
100;3;15;55,59375;100
100;3;15;55,59375;100
100;3;15;55,59375;100
100;3;15;55,59375;100
100;2;2;55,59375;100
100;3;15;55,59375;100
100;2;2;55,59375;100
100;2;2;55,92676;100
100;3;15;55,92676;100
100;2;2;55,92676;100
100;2;2;55,92676;100
100;2;2;55,92676;100
100;2;2;55,92676;100
100;2;2;55,92676;100
100;2;2;55,92676;100
100;3;15;55,92676;100
100;3;15;55,92676;100
100;3;15;56,25977;100
100;3;15;56,25977;100
100;3;15;56,25977;100
100;2;2;56,25977;100
100;2;2;56,25977;100
100;3;15;56,25977;100
100;2;2;56,25977;100
100;2;2;56,59277;100
100;3;15;56,59277;100
100;3;15;56,59277;100
100;3;15;56,59277;100
100;2;2;56,59277;100
100;2;2;56,59277;100
100;3;15;56,59277;100
100;3;15;56,92578;100
100;2;2;56,92578;100
100;3;15;56,92578;100
100;2;2;56,92578;100
100;2;2;56,92578;100
100;3;15;56,92578;100
100;3;15;57,25879;100
100;2;2;57,25879;100
100;2;2;57,25879;100
100;2;2;57,25879;100
100;3;15;57,25879;100
100;3;15;57,25879;100
100;3;15;57,25879;100
100;3;15;57,25879;100
100;3;15;57,25879;100
100;3;15;57,25879;100
100;2;2;57,5918;100
100;2;2;57,5918;100
100;3;15;57,5918;100
100;3;15;57,5918;100
100;2;2;57,5918;100
100;2;2;57,5918;100
100;2;2;57,5918;100
100;2;2;57,9248;100
100;3;15;57,9248;100
100;2;2;57,9248;100
100;2;2;57,9248;100
100;2;2;57,9248;100
100;3;15;57,9248;100
100;3;15;57,9248;100
100;2;2;57,9248;100
100;3;15;58,25781;100
100;2;2;58,25781;100
100;3;15;58,25781;100
100;3;15;58,25781;100
100;2;2;58,25781;100
100;2;2;58,59082;100
100;2;2;58,59082;100
100;3;15;58,59082;100
100;3;15;58,59082;100
100;3;15;58,59082;100
100;3;15;58,59082;100
100;3;15;58,59082;100
100;3;15;58,59082;100
100;3;15;58,92383;100
100;2;2;58,92383;100
100;3;15;58,92383;100
100;2;2;58,92383;100
100;3;15;58,92383;100
100;3;15;58,92383;100
100;3;15;58,92383;100
100;3;15;58,92383;100
100;2;2;58,92383;100
100;3;15;58,92383;100
100;2;2;58,92383;100
100;3;15;58,92383;100
100;2;2;58,92383;100
100;2;2;59,25684;100
100;3;15;59,25684;100
100;3;15;59,25684;100
100;3;15;59,25684;100
100;3;15;59,25684;100
100;2;2;59,25684;100
100;3;15;59,25684;100
100;3;15;59,25684;100
100;3;15;59,25684;100
100;2;2;59,58984;100
100;2;2;59,58984;100
100;2;2;59,58984;100
100;2;2;59,58984;100
100;2;2;59,58984;100
100;3;15;59,58984;100
100;3;15;59,58984;100
100;3;15;59,58984;100
100;2;2;59,92285;100
100;3;15;59,92285;100
100;2;2;59,92285;100
100;3;15;59,92285;100
100;2;2;59,92285;100
100;3;15;59,92285;100
100;3;15;59,92285;100
100;2;2;59,92285;100
100;3;15;59,92285;100
100;2;2;59,92285;100
100;3;15;59,92285;100
100;3;15;0,2558594;100
100;3;15;0,2558594;100
100;3;15;0,2558594;100
100;2;2;0,2558594;100
100;2;2;0,2558594;100
100;2;2;0,2558594;100
100;3;15;0,2558594;100
100;2;2;0,2558594;100
100;3;15;0,2558594;100
100;2;2;0,2558594;100
100;2;2;0,2558594;100
100;2;2;0,2558594;100
100;3;15;0,5888672;100
100;3;15;0,5888672;100
100;2;2;0,5888672;100
100;2;2;0,5888672;100
100;3;15;0,5888672;100
100;2;2;0,5888672;100
100;2;2;0,5888672;100
100;2;2;0,5888672;100
100;3;15;0,921875;100
100;3;15;0,921875;100
100;2;2;0,921875;100
100;2;2;0,921875;100
100;2;2;0,921875;100
100;3;15;0,921875;100
100;3;15;0,921875;100
100;3;15;0,921875;100
100;2;2;1,254883;100
100;3;15;1,254883;100
100;3;15;1,254883;100
100;2;2;1,254883;100
100;2;2;1,254883;100
100;2;2;1,254883;100
100;2;2;1,254883;100
100;2;2;1,254883;100
100;3;15;1,254883;100
100;3;15;1,254883;100
100;2;2;1,587891;100
100;3;15;1,587891;100
100;2;2;1,587891;100
100;3;15;1,587891;100
100;3;15;1,587891;100
100;2;2;1,587891;100
100;2;2;1,587891;100
100;2;2;1,587891;100
100;3;15;1,587891;100
100;2;2;1,920898;100
100;3;15;1,920898;100
100;2;2;1,920898;100
100;3;15;1,920898;100
100;2;2;1,920898;100
100;2;2;1,920898;100
100;2;2;1,920898;100
100;2;2;2,253906;100
100;3;15;2,253906;100
100;2;2;2,253906;100
100;2;2;2,253906;100
100;2;2;2,253906;100
100;2;2;2,253906;100
100;2;2;2,253906;100
100;2;2;2,586914;100
100;3;15;2,586914;100
100;2;2;2,586914;100
100;3;15;2,586914;100
100;3;15;2,586914;100
100;3;15;2,586914;100
100;2;2;2,586914;100
100;2;2;2,586914;100
100;3;15;2,586914;100
100;3;15;2,919922;100
100;2;2;2,919922;100
100;3;15;2,919922;100
100;2;2;2,919922;100
100;2;2;2,919922;100
100;2;2;2,919922;100
100;2;2;2,919922;100
100;2;2;2,919922;100
100;2;2;2,919922;100
100;3;15;2,919922;100
100;3;15;3,25293;100
100;2;2;3,25293;100
100;2;2;3,25293;100
100;2;2;3,25293;100
100;3;15;3,25293;100
100;2;2;3,25293;100
100;3;15;3,25293;100
100;3;15;3,25293;100
100;2;2;3,25293;100
100;3;15;3,585938;100
100;2;2;3,585938;100
100;2;2;3,585938;100
100;3;15;3,585938;100
100;2;2;3,585938;100
100;3;15;3,585938;100
100;2;2;3,585938;100
100;2;2;3,918945;100
100;2;2;3,918945;100
100;3;15;3,918945;100
100;3;15;3,918945;100
100;2;2;3,918945;100
100;2;2;3,918945;100
100;2;2;3,918945;100
100;3;15;4,251953;100
100;2;2;4,251953;100
100;3;15;4,251953;100
100;2;2;4,251953;100
100;2;2;4,251953;100
100;3;15;4,251953;100
100;3;15;4,251953;100
100;3;15;4,251953;100
100;3;15;4,251953;100
100;3;15;4,584961;100
100;2;2;4,584961;100
100;3;15;4,584961;100
100;3;15;4,584961;100
100;2;2;4,584961;100
100;2;2;4,584961;100
100;3;15;4,584961;100
100;3;15;4,584961;100
100;2;2;4,917969;100
100;3;15;4,917969;100
100;3;15;4,917969;100
100;2;2;4,917969;100
100;3;15;4,917969;100
100;3;15;4,917969;100
100;2;2;4,917969;100
100;3;15;4,917969;100
100;2;2;4,917969;100
100;3;15;4,917969;100
100;3;15;4,917969;100
100;2;2;5,250977;100
100;3;15;5,250977;100
100;2;2;5,250977;100
100;2;2;5,250977;100
100;2;2;5,250977;100
100;3;15;5,250977;100
100;2;2;5,250977;100
100;2;2;5,250977;100
100;2;2;5,250977;100
100;2;2;5,250977;100
100;3;15;5,250977;100
100;3;15;5,583984;100
100;3;15;5,583984;100
100;3;15;5,583984;100
100;3;15;5,583984;100
100;3;15;5,583984;100
100;3;15;5,583984;100
100;3;15;5,583984;100
100;3;15;5,583984;100
100;3;15;5,583984;100
100;3;15;5,583984;100
100;3;15;5,583984;100
100;3;15;5,916992;100
100;2;2;5,916992;100
100;2;2;5,916992;100
100;2;2;5,916992;100
100;2;2;5,916992;100
100;2;2;5,916992;100
100;2;2;5,916992;100
100;3;15;5,916992;100
100;2;2;5,916992;100
100;3;15;5,916992;100
100;3;15;5,916992;100
100;2;2;6,25;100
100;3;15;6,25;100
100;2;2;6,25;100
100;3;15;6,25;100
100;2;2;6,25;100
100;2;2;6,25;100
100;2;2;6,25;100
100;3;15;6,25;100
100;3;15;6,583008;100
100;3;15;6,583008;100
100;3;15;6,583008;100
100;2;2;6,583008;100
100;3;15;6,583008;100
100;2;2;6,916016;100
100;3;15;6,916016;100
100;2;2;6,916016;100
100;3;15;6,916016;100
100;3;15;6,916016;100
100;3;15;6,916016;100
100;3;15;6,916016;100
100;2;2;6,916016;100
100;3;15;6,916016;100
100;2;2;6,916016;100
100;2;2;7,249023;100
100;2;2;7,249023;100
100;3;15;7,249023;100
100;3;15;7,249023;100
100;3;15;7,249023;100
100;3;15;7,249023;100
100;3;15;7,249023;100
100;3;15;7,249023;100
100;3;15;7,249023;100
100;3;15;7,249023;100
100;3;15;7,249023;100
100;3;15;7,249023;100
100;3;15;7,582031;100
100;2;2;7,582031;100
100;2;2;7,582031;100
100;3;15;7,582031;100
100;3;15;7,582031;100
100;3;15;7,582031;100
100;3;15;7,915039;100
100;2;2;7,915039;100
100;2;2;7,915039;100
100;3;15;7,915039;100
100;2;2;7,915039;100
100;3;15;7,915039;100
100;2;2;7,915039;100
100;2;2;8,248047;100
100;2;2;8,248047;100
100;2;2;8,248047;100
100;3;15;8,248047;100
100;3;15;8,248047;100
100;2;2;8,248047;100
100;3;15;8,248047;100
100;2;2;8,248047;100
100;3;15;8,248047;100
100;2;2;8,248047;100
100;3;15;8,248047;100
100;3;15;8,248047;100
100;3;15;8,248047;100
100;2;2;8,581055;100
100;2;2;8,581055;100
100;3;15;8,581055;100
100;2;2;8,581055;100
100;3;15;8,581055;100
100;2;2;8,581055;100
100;2;2;8,581055;100
100;3;15;8,581055;100
100;3;15;8,581055;100
100;2;2;8,581055;100
100;2;2;8,581055;100
100;3;15;8,914063;100
100;3;15;8,914063;100
100;3;15;8,914063;100
100;3;15;8,914063;100
100;3;15;8,914063;100
100;2;2;8,914063;100
100;2;2;8,914063;100
100;3;15;8,914063;100
100;3;15;8,914063;100
100;3;15;8,914063;100
100;3;15;9,24707;100
100;2;2;9,24707;100
100;2;2;9,24707;100
100;2;2;9,24707;100
100;2;2;9,24707;100
100;3;15;9,24707;100
100;2;2;9,24707;100
100;3;15;9,24707;100
100;3;15;9,24707;100
100;3;15;9,24707;100
100;2;2;9,24707;100
100;3;15;9,580078;100
100;3;15;9,580078;100
100;3;15;9,580078;100
100;3;15;9,580078;100
100;3;15;9,580078;100
100;3;15;9,580078;100
100;3;15;9,580078;100
100;3;15;9,580078;100
100;3;15;9,913086;100
100;3;15;9,913086;100
100;2;2;9,913086;100
100;2;2;9,913086;100
100;2;2;9,913086;100
100;2;2;9,913086;100
100;3;15;9,913086;100
100;3;15;9,913086;100
100;3;15;10,24609;100
100;2;2;10,24609;100
100;3;15;10,24609;100
100;3;15;10,24609;100
100;3;15;10,24609;100
100;2;2;10,24609;100
100;3;15;10,24609;100
100;2;2;10,24609;100
100;2;2;10,24609;100
100;2;2;10,5791;100
100;3;15;10,5791;100
100;3;15;10,5791;100
100;3;15;10,5791;100
100;3;15;10,5791;100
100;3;15;10,5791;100
100;2;2;10,5791;100
100;3;15;10,5791;100
100;3;15;10,5791;100
100;3;15;10,5791;100
100;2;2;10,5791;100
100;3;15;10,91211;100
100;3;15;10,91211;100
100;2;2;10,91211;100
100;3;15;10,91211;100
100;3;15;10,91211;100
100;3;15;10,91211;100
100;2;2;10,91211;100
100;3;15;10,91211;100
100;3;15;10,91211;100
100;2;2;11,24512;100
100;3;15;11,24512;100
100;2;2;11,24512;100
100;3;15;11,24512;100
100;3;15;11,24512;100
100;2;2;11,24512;100
100;2;2;11,24512;100
100;2;2;11,24512;100
100;2;2;11,57813;100
100;2;2;11,57813;100
100;2;2;11,57813;100
100;3;15;11,57813;100
100;2;2;11,57813;100
100;3;15;11,57813;100
100;2;2;11,57813;100
100;2;2;11,57813;100
100;2;2;11,57813;100
100;3;15;11,57813;100
100;3;15;11,91113;100
100;2;2;11,91113;100
100;2;2;11,91113;100
100;2;2;11,91113;100
100;3;15;12,24414;100
100;2;2;12,24414;100
100;2;2;12,24414;100
100;2;2;12,24414;100
100;2;2;12,24414;100
100;2;2;12,24414;100
100;3;15;12,24414;100
100;3;15;12,24414;100
100;2;2;12,24414;100
100;2;2;12,24414;100
100;2;2;12,57715;100
100;3;15;12,57715;100
100;2;2;12,57715;100
100;2;2;12,57715;100
100;2;2;12,57715;100
100;2;2;12,57715;100
100;2;2;12,57715;100
100;2;2;12,57715;100
100;3;15;12,91016;100
100;3;15;12,91016;100
100;3;15;12,91016;100
100;3;15;12,91016;100
100;3;15;12,91016;100
100;2;2;12,91016;100
100;3;15;12,91016;100
100;3;15;12,91016;100
100;3;15;12,91016;100
100;2;2;12,91016;100
100;3;15;13,24316;100
100;3;15;13,24316;100
100;2;2;13,24316;100
100;3;15;13,24316;100
100;2;2;13,24316;100
100;3;15;13,24316;100
100;3;15;13,24316;100
100;3;15;13,24316;100
100;3;15;13,57617;100
100;3;15;13,57617;100
100;2;2;13,57617;100
100;2;2;13,57617;100
100;2;2;13,57617;100
100;3;15;13,57617;100
100;3;15;13,57617;100
100;3;15;13,57617;100
100;3;15;13,57617;100
100;3;15;13,57617;100
100;3;15;13,57617;100
100;3;15;13,90918;100
100;3;15;13,90918;100
100;3;15;13,90918;100
100;3;15;13,90918;100
100;2;2;13,90918;100
100;2;2;13,90918;100
100;2;2;13,90918;100
100;2;2;13,90918;100
100;2;2;13,90918;100
100;3;15;14,24219;100
100;2;2;14,24219;100
100;3;15;14,24219;100
100;2;2;14,24219;100
100;3;15;14,24219;100
100;3;15;14,24219;100
100;3;15;14,5752;100
100;3;15;14,5752;100
100;3;15;14,5752;100
100;3;15;14,5752;100
100;2;2;14,5752;100
100;2;2;14,9082;100
100;3;15;14,9082;100
100;2;2;14,9082;100
100;2;2;14,9082;100
100;3;15;14,9082;100
100;2;2;14,9082;100
100;3;15;14,9082;100
100;3;15;15,24121;100
100;2;2;15,24121;100
100;3;15;15,24121;100
100;2;2;15,24121;100
100;3;15;15,24121;100
100;3;15;15,24121;100
100;3;15;15,57422;100
100;2;2;15,57422;100
100;3;15;15,57422;100
100;2;2;15,57422;100
100;2;2;15,57422;100
100;3;15;15,57422;100
100;2;2;15,57422;100
100;3;15;15,57422;100
100;2;2;15,90723;100
100;3;15;15,90723;100
100;3;15;15,90723;100
100;2;2;15,90723;100
100;3;15;15,90723;100
100;3;15;15,90723;100
100;3;15;15,90723;100
100;2;2;15,90723;100
100;3;15;16,24023;100
100;3;15;16,24023;100
100;2;2;16,24023;100
100;3;15;16,24023;100
100;3;15;16,24023;100
100;2;2;16,24023;100
100;3;15;16,24023;100
100;3;15;16,24023;100
100;2;2;16,24023;100
100;3;15;16,24023;100
100;3;15;16,24023;100
100;2;2;16,24023;100
100;3;15;16,24023;100
100;2;2;16,57324;100
100;3;15;16,57324;100
100;2;2;16,57324;100
100;2;2;16,57324;100
100;2;2;16,57324;100
100;3;15;16,57324;100
100;3;15;16,90625;100
100;3;15;16,90625;85
100;2;2;16,90625;85
100;3;15;16,90625;70
100;3;15;16,90625;55
100;3;15;16,90625;40
100;3;15;16,90625;25
100;2;2;16,90625;25
100;2;2;16,90625;25
100;3;15;16,90625;10
100;3;15;17,23926;-5
Player