92;2;2;48,47607;100
92;2;2;48,47607;100
92;3;15;48,80957;100
92;3;15;48,80957;100
92;2;2;48,80957;100
92;2;2;48,80957;100
92;3;15;48,80957;100
92;2;2;48,80957;100
92;2;2;48,80957;100
92;3;15;48,80957;100
92;2;2;48,80957;100
92;3;15;48,80957;100
92;3;15;49,14307;100
92;3;15;49,14307;100
92;2;2;49,14307;100
92;2;2;49,14307;100
92;3;15;49,14307;100
92;2;2;49,14307;100
92;3;15;49,14307;100
92;2;2;49,14307;100
92;2;2;49,47656;100
92;2;2;49,47656;100
92;3;15;49,47656;100
92;2;2;49,47656;100
92;2;2;49,47656;100
92;3;15;49,47656;100
92;2;2;49,47656;100
92;2;2;49,47656;100
92;2;2;49,47656;100
92;3;15;49,47656;100
92;2;2;49,81006;100
92;2;2;49,81006;100
92;2;2;49,81006;100
92;3;15;49,81006;100
92;2;2;49,81006;100
92;2;2;49,81006;100
92;3;15;49,81006;100
92;2;2;49,81006;100
92;2;2;49,81006;100
92;2;2;49,81006;100
92;3;15;49,81006;100
92;3;15;50,14355;100
92;3;15;50,14355;100
92;2;2;50,14355;100
92;3;15;50,14355;100
92;3;15;50,14355;100
92;3;15;50,14355;100
92;2;2;50,47705;100
92;2;2;50,47705;100
92;2;2;50,47705;100
92;3;15;50,47705;100
92;2;2;50,47705;100
92;2;2;50,47705;100
92;2;2;50,47705;100
92;3;15;50,47705;100
92;3;15;50,81055;100
92;3;15;50,81055;100
92;2;2;50,81055;100
92;3;15;50,81055;100
92;3;15;50,81055;100
92;3;15;50,81055;100
92;2;2;50,81055;100
92;3;15;50,81055;100
92;3;15;50,81055;100
92;3;15;51,14404;100
92;2;2;51,14404;100
92;3;15;51,14404;100
92;2;2;51,14404;100
92;3;15;51,14404;100
92;2;2;51,14404;100
92;3;15;51,14404;100
92;3;15;51,14404;100
92;3;15;51,14404;100
92;3;15;51,47754;100
92;2;2;51,47754;100
92;3;15;51,47754;100
92;2;2;51,47754;100
92;2;2;51,47754;100
92;2;2;51,47754;100
92;3;15;51,47754;100
92;3;15;51,47754;100
92;2;2;51,47754;100
92;3;15;51,47754;100
92;3;15;51,81104;100
92;2;2;51,81104;100
92;2;2;51,81104;100
92;2;2;51,81104;100
92;3;15;51,81104;100
92;3;15;51,81104;100
92;2;2;51,81104;100
92;3;15;51,81104;100
92;2;2;51,81104;100
92;3;15;51,81104;100
92;2;2;51,81104;100
92;3;15;52,14453;100
92;3;15;52,14453;100
92;3;15;52,14453;100
92;2;2;52,14453;100
92;3;15;52,14453;100
92;3;15;52,14453;100
92;3;15;52,47803;100
92;3;15;52,47803;100
92;3;15;52,47803;100
92;2;2;52,47803;100
92;2;2;52,47803;100
92;2;2;52,47803;100
92;3;15;52,47803;100
92;2;2;52,47803;100
92;3;15;52,47803;100
92;3;15;52,47803;100
92;2;2;52,81152;100
92;3;15;52,81152;100
92;3;15;52,81152;100
92;2;2;52,81152;100
92;2;2;52,81152;100
92;3;15;52,81152;100
92;2;2;52,81152;100
92;2;2;52,81152;100
92;2;2;53,14502;100
92;3;15;53,14502;100
92;2;2;53,14502;100
92;3;15;53,14502;100
92;2;2;53,14502;100
92;2;2;53,14502;100
92;2;2;53,14502;100
92;2;2;53,14502;100
92;2;2;53,14502;100
92;2;2;53,14502;100
92;3;15;53,14502;100
92;3;15;53,47852;100
92;2;2;53,47852;100
92;3;15;53,47852;100
92;3;15;53,47852;100
92;3;15;53,47852;100
92;3;15;53,47852;100
92;2;2;53,47852;100
92;2;2;53,47852;100
92;2;2;53,47852;100
92;2;2;53,81201;100
92;3;15;53,81201;100
92;2;2;53,81201;100
92;2;2;53,81201;100
92;3;15;53,81201;100
92;2;2;53,81201;100
92;2;2;53,81201;100
92;3;15;53,81201;100
92;2;2;53,81201;100
92;3;15;54,14551;100
92;3;15;54,14551;100
92;3;15;54,14551;100
92;2;2;54,14551;100
92;2;2;54,14551;100
92;3;15;54,14551;100
92;3;15;54,479;100
92;2;2;54,479;100
92;3;15;54,479;100
92;2;2;54,479;100
92;3;15;54,479;100
92;2;2;54,479;100
92;3;15;54,479;100
92;3;15;54,8125;100
92;2;2;54,8125;100
92;2;2;54,8125;100
92;3;15;54,8125;100
92;2;2;54,8125;100
92;2;2;54,8125;100
92;2;2;54,8125;100
92;3;15;55,146;100
92;2;2;55,146;100
92;3;15;55,146;100
92;3;15;55,146;100
92;3;15;55,146;100
92;3;15;55,146;100
92;2;2;55,47949;100
92;3;15;55,47949;100
92;2;2;55,47949;100
92;2;2;55,47949;100
92;3;15;55,47949;100
92;2;2;55,47949;100
92;3;15;55,47949;100
92;3;15;55,47949;100
92;3;15;55,81299;100
92;2;2;55,81299;100
92;3;15;55,81299;100
92;3;15;55,81299;100
92;3;15;55,81299;100
92;3;15;55,81299;100
92;3;15;55,81299;100
92;3;15;55,81299;100
92;2;2;56,14648;100
92;2;2;56,14648;100
92;3;15;56,14648;100
92;2;2;56,14648;100
92;3;15;56,14648;100
92;3;15;56,14648;100
92;3;15;56,47998;100
92;2;2;56,47998;100
92;3;15;56,47998;100
92;3;15;56,47998;100
92;3;15;56,47998;100
92;2;2;56,47998;100
92;3;15;56,47998;100
92;3;15;56,47998;100
92;3;15;56,47998;100
92;2;2;56,47998;100
92;3;15;56,47998;100
92;2;2;56,81348;100
92;3;15;56,81348;100
92;2;2;56,81348;100
92;2;2;56,81348;100
92;3;15;56,81348;100
92;2;2;56,81348;100
92;3;15;56,81348;100
92;2;2;56,81348;100
92;3;15;56,81348;100
92;3;15;56,81348;100
92;2;2;56,81348;100
92;3;15;57,14697;100
92;3;15;57,14697;100
92;2;2;57,14697;100
92;2;2;57,14697;100
92;2;2;57,14697;100
92;3;15;57,14697;100
92;2;2;57,14697;100
92;3;15;57,48047;100
92;3;15;57,48047;100
92;3;15;57,48047;100
92;3;15;57,48047;100
92;3;15;57,48047;100
92;2;2;57,81396;100
92;2;2;57,81396;100
92;3;15;57,81396;100
92;2;2;57,81396;100
92;2;2;57,81396;100
92;2;2;57,81396;100
92;2;2;57,81396;100
92;3;15;57,81396;100
92;3;15;57,81396;100
92;2;2;57,81396;100
92;2;2;57,81396;100
92;2;2;57,81396;100
92;2;2;58,14746;100
92;2;2;58,14746;100
92;2;2;58,14746;100
92;3;15;58,14746;100
92;3;15;58,14746;100
92;2;2;58,14746;100
92;3;15;58,14746;100
92;3;15;58,48096;100
92;2;2;58,48096;100
92;2;2;58,48096;100
92;3;15;58,48096;100
92;3;15;58,48096;100
92;3;15;58,48096;100
92;2;2;58,48096;100
92;2;2;58,48096;100
92;3;15;58,81445;100
92;3;15;58,81445;100
92;3;15;58,81445;100
92;3;15;58,81445;100
92;2;2;58,81445;100
92;3;15;58,81445;100
92;2;2;59,14795;100
92;3;15;59,14795;100
92;2;2;59,14795;100
92;3;15;59,14795;100
92;2;2;59,14795;100
92;3;15;59,14795;100
92;2;2;59,48145;100
92;3;15;59,48145;100
92;3;15;59,48145;100
92;2;2;59,48145;100
92;2;2;59,48145;100
92;2;2;59,48145;100
92;3;15;59,48145;100
92;3;15;59,48145;100
92;3;15;59,48145;100
92;2;2;59,48145;100
92;3;15;59,81494;100
92;2;2;59,81494;100
92;2;2;59,81494;100
92;3;15;59,81494;100
92;3;15;59,81494;100
92;2;2;59,81494;100
92;3;15;59,81494;100
92;3;15;59,81494;100
92;2;2;59,81494;100
92;2;2;59,81494;100
92;3;15;59,81494;100
92;3;15;59,81494;100
92;3;15;59,81494;100
92;3;15;0,1484375;100
92;2;2;0,1484375;100
92;3;15;0,1484375;100
92;2;2;0,1484375;100
92;2;2;0,1484375;100
92;3;15;0,1484375;100
92;2;2;0,1484375;100
92;3;15;0,1484375;100
92;3;15;0,4819336;100
92;3;15;0,4819336;100
92;2;2;0,4819336;100
92;2;2;0,4819336;100
92;2;2;0,4819336;100
92;3;15;0,4819336;100
92;2;2;0,4819336;100
92;3;15;0,4819336;100
92;2;2;0,4819336;100
92;3;15;0,4819336;100
92;2;2;0,8154297;100
92;2;2;0,8154297;100
92;3;15;0,8154297;100
92;2;2;0,8154297;100
92;2;2;0,8154297;100
92;3;15;0,8154297;100
92;2;2;0,8154297;100
92;2;2;0,8154297;100
92;3;15;0,8154297;100
92;3;15;0,8154297;100
92;3;15;0,8154297;100
92;3;15;0,8154297;100
92;2;2;1,148926;100
92;2;2;1,148926;100
92;3;15;1,148926;85
92;3;15;1,148926;70
92;3;15;1,148926;55
92;3;15;1,148926;40
92;2;2;1,148926;40
92;2;2;1,148926;40
92;2;2;1,148926;40
92;3;15;1,148926;25
92;2;2;1,482422;25
92;3;15;1,482422;25
92;3;15;1,482422;25
92;2;2;1,482422;25
92;3;15;1,482422;25
92;3;15;1,482422;25
92;3;15;1,482422;25
92;2;2;1,482422;25
92;3;15;1,482422;25
92;2;2;1,482422;25
92;3;15;1,815918;25
92;2;2;1,815918;25
92;2;2;1,815918;25
92;3;15;1,815918;25
92;3;15;1,815918;25
92;3;15;1,815918;25
92;3;15;1,815918;25
92;3;15;1,815918;25
92;3;15;1,815918;25
92;3;15;2,149414;25
92;2;2;2,149414;25
92;3;15;2,149414;10
92;3;15;2,149414;-5
Player