100;2;2;50,13086;100
100;3;15;50,13086;100
100;2;2;50,13086;100
100;3;15;50,13086;100
100;3;15;50,13086;100
100;2;2;50,13086;100
100;2;2;50,13086;100
100;2;2;50,13086;100
100;2;2;50,13086;100
100;2;2;50,13086;100
100;3;15;50,13086;100
100;2;2;50,46387;100
100;3;15;50,46387;100
100;3;15;50,46387;100
100;2;2;50,46387;100
100;3;15;50,46387;100
100;2;2;50,46387;100
100;2;2;50,46387;100
100;2;2;50,79688;100
100;3;15;50,79688;100
100;2;2;50,79688;100
100;3;15;50,79688;100
100;2;2;50,79688;100
100;2;2;50,79688;100
100;3;15;50,79688;100
100;3;15;50,79688;100
100;3;15;51,12988;100
100;2;2;51,12988;100
100;3;15;51,12988;100
100;3;15;51,12988;100
100;2;2;51,12988;100
100;2;2;51,12988;100
100;3;15;51,46289;100
100;3;15;51,46289;100
100;3;15;51,46289;100
100;2;2;51,46289;100
100;2;2;51,46289;100
100;2;2;51,46289;100
100;3;15;51,7959;100
100;2;2;51,7959;100
100;2;2;51,7959;100
100;3;15;51,7959;100
100;2;2;51,7959;100
100;2;2;51,7959;100
100;3;15;51,7959;100
100;2;2;51,7959;100
100;3;15;52,12891;100
100;2;2;52,12891;100
100;3;15;52,12891;100
100;2;2;52,12891;100
100;2;2;52,12891;100
100;3;15;52,12891;100
100;3;15;52,46191;100
100;2;2;52,46191;100
100;2;2;52,46191;100
100;2;2;52,46191;100
100;2;2;52,46191;100
100;2;2;52,46191;100
100;3;15;52,46191;100
100;2;2;52,46191;100
100;3;15;52,79492;100
100;2;2;52,79492;100
100;2;2;52,79492;100
100;3;15;52,79492;100
100;3;15;52,79492;100
100;3;15;52,79492;100
100;3;15;52,79492;100
100;2;2;52,79492;100
100;2;2;52,79492;100
100;2;2;52,79492;100
100;3;15;52,79492;100
100;2;2;53,12793;100
100;2;2;53,12793;100
100;3;15;53,12793;100
100;2;2;53,12793;100
100;2;2;53,12793;100
100;3;15;53,12793;100
100;3;15;53,12793;100
100;2;2;53,12793;100
100;2;2;53,46094;100
100;3;15;53,46094;100
100;2;2;53,46094;100
100;2;2;53,46094;100
100;3;15;53,46094;100
100;3;15;53,46094;100
100;3;15;53,46094;100
100;2;2;53,46094;100
100;2;2;53,46094;100
100;2;2;53,46094;100
100;3;15;53,79395;100
100;3;15;53,79395;100
100;2;2;53,79395;100
100;2;2;53,79395;100
100;2;2;53,79395;100
100;3;15;53,79395;100
100;2;2;53,79395;100
100;3;15;53,79395;100
100;3;15;53,79395;100
100;3;15;54,12695;100
100;2;2;54,12695;100
100;3;15;54,12695;100
100;3;15;54,12695;100
100;2;2;54,12695;100
100;3;15;54,12695;100
100;3;15;54,12695;100
100;3;15;54,12695;100
100;3;15;54,45996;100
100;3;15;54,45996;100
100;3;15;54,45996;100
100;2;2;54,45996;100
100;2;2;54,45996;100
100;2;2;54,45996;100
100;3;15;54,45996;100
100;3;15;54,45996;100
100;3;15;54,45996;100
100;2;2;54,45996;100
100;2;2;54,45996;100
100;2;2;54,79297;100
100;3;15;54,79297;100
100;3;15;54,79297;100
100;2;2;54,79297;100
100;3;15;54,79297;100
100;2;2;54,79297;100
100;2;2;54,79297;100
100;2;2;54,79297;100
100;3;15;54,79297;100
100;2;2;54,79297;100
100;3;15;55,12598;100
100;2;2;55,12598;100
100;3;15;55,12598;100
100;3;15;55,12598;100
100;2;2;55,12598;100
100;2;2;55,12598;100
100;3;15;55,45898;100
100;2;2;55,45898;100
100;2;2;55,45898;100
100;3;15;55,45898;100
100;3;15;55,45898;100
100;3;15;55,45898;100
100;3;15;55,45898;100
100;3;15;55,45898;100
100;2;2;55,45898;100
100;2;2;55,45898;100
100;2;2;55,45898;100
100;3;15;55,45898;100
100;3;15;55,79199;100
100;2;2;55,79199;100
100;3;15;55,79199;100
100;3;15;55,79199;100
100;3;15;55,79199;100
100;3;15;55,79199;100
100;2;2;55,79199;100
100;2;2;55,79199;100
100;3;15;56,125;100
100;3;15;56,125;100
100;2;2;56,125;100
100;3;15;56,125;100
100;3;15;56,125;100
100;3;15;56,125;100
100;2;2;56,125;100
100;3;15;56,125;100
100;2;2;56,45801;100
100;2;2;56,45801;100
100;2;2;56,45801;100
100;3;15;56,45801;100
100;2;2;56,45801;100
100;3;15;56,45801;100
100;3;15;56,45801;100
100;2;2;56,45801;100
100;3;15;56,79102;100
100;2;2;56,79102;100
100;3;15;56,79102;100
100;3;15;56,79102;100
100;2;2;56,79102;100
100;2;2;56,79102;100
100;3;15;56,79102;100
100;2;2;56,79102;100
100;2;2;57,12402;100
100;2;2;57,12402;100
100;3;15;57,12402;100
100;2;2;57,12402;100
100;3;15;57,12402;100
100;3;15;57,12402;100
100;2;2;57,12402;100
100;3;15;57,45703;100
100;2;2;57,45703;100
100;2;2;57,45703;100
100;3;15;57,45703;100
100;2;2;57,45703;100
100;2;2;57,45703;100
100;2;2;57,45703;100
100;2;2;57,45703;100
100;3;15;57,45703;100
100;2;2;57,79004;100
100;2;2;57,79004;100
100;3;15;57,79004;100
100;2;2;57,79004;100
100;2;2;57,79004;100
100;2;2;57,79004;100
100;3;15;58,12305;100
100;2;2;58,12305;100
100;3;15;58,12305;100
100;2;2;58,12305;100
100;3;15;58,12305;100
100;3;15;58,12305;100
100;2;2;58,12305;100
100;3;15;58,45605;100
100;3;15;58,45605;100
100;2;2;58,45605;100
100;3;15;58,45605;100
100;2;2;58,45605;100
100;2;2;58,45605;100
100;2;2;58,45605;100
100;3;15;58,78906;100
100;2;2;58,78906;100
100;2;2;58,78906;100
100;3;15;58,78906;100
100;2;2;58,78906;100
100;3;15;58,78906;100
100;3;15;58,78906;100
100;3;15;58,78906;100
100;3;15;58,78906;100
100;3;15;58,78906;100
100;2;2;58,78906;100
100;3;15;59,12207;100
100;3;15;59,12207;100
100;3;15;59,12207;100
100;3;15;59,12207;100
100;2;2;59,12207;100
100;2;2;59,12207;100
100;3;15;59,12207;100
100;2;2;59,12207;100
100;2;2;59,45508;100
100;2;2;59,45508;100
100;2;2;59,45508;100
100;3;15;59,45508;100
100;3;15;59,45508;100
100;2;2;59,45508;100
100;3;15;59,45508;100
100;2;2;59,78809;100
100;2;2;59,78809;100
100;2;2;59,78809;100
100;2;2;59,78809;100
100;3;15;59,78809;100
100;3;15;59,78809;100
100;3;15;59,78809;100
100;3;15;59,78809;100
100;2;2;0,1210938;100
100;2;2;0,1210938;100
100;2;2;0,1210938;100
100;2;2;0,1210938;100
100;2;2;0,1210938;100
100;3;15;0,1210938;100
100;3;15;0,1210938;100
100;3;15;0,1210938;100
100;2;2;0,1210938;100
100;2;2;0,1210938;100
100;2;2;0,1210938;100
100;3;15;0,4541016;100
100;2;2;0,4541016;100
100;3;15;0,4541016;100
100;3;15;0,4541016;100
100;3;15;0,4541016;100
100;3;15;0,4541016;100
100;3;15;0,4541016;100
100;2;2;0,4541016;100
100;3;15;0,4541016;100
100;2;2;0,4541016;100
100;3;15;0,7871094;100
100;2;2;0,7871094;100
100;2;2;0,7871094;100
100;3;15;0,7871094;100
100;2;2;0,7871094;100
100;3;15;0,7871094;100
100;3;15;0,7871094;100
100;3;15;0,7871094;100
100;3;15;1,120117;100
100;3;15;1,120117;100
100;3;15;1,120117;100
100;3;15;1,120117;100
100;3;15;1,120117;100
100;2;2;1,120117;100
100;2;2;1,120117;100
100;2;2;1,120117;100
100;2;2;1,453125;100
100;3;15;1,453125;100
100;3;15;1,453125;100
100;2;2;1,453125;100
100;3;15;1,453125;100
100;3;15;1,453125;100
100;3;15;1,453125;100
100;2;2;1,453125;100
100;3;15;1,453125;100
100;2;2;1,786133;100
100;2;2;1,786133;100
100;2;2;1,786133;100
100;3;15;1,786133;100
100;3;15;1,786133;100
100;2;2;1,786133;100
100;2;2;1,786133;100
100;3;15;2,119141;100
100;2;2;2,119141;100
100;3;15;2,119141;100
100;2;2;2,119141;100
100;2;2;2,119141;100
100;2;2;2,119141;100
100;2;2;2,119141;100
100;3;15;2,119141;100
100;3;15;2,452148;100
100;3;15;2,452148;100
100;3;15;2,452148;100
100;3;15;2,452148;100
100;2;2;2,452148;100
100;2;2;2,452148;100
100;2;2;2,785156;100
100;3;15;2,785156;100
100;2;2;2,785156;100
100;3;15;2,785156;100
100;3;15;2,785156;100
100;2;2;3,118164;100
100;2;2;3,118164;100
100;3;15;3,118164;100
100;2;2;3,118164;100
100;2;2;3,118164;100
100;2;2;3,118164;100
100;2;2;3,118164;100
100;2;2;3,118164;100
100;3;15;3,118164;100
100;3;15;3,118164;100
100;2;2;3,118164;100
100;3;15;3,451172;100
100;2;2;3,451172;100
100;3;15;3,451172;100
100;3;15;3,451172;100
100;3;15;3,451172;100
100;3;15;3,451172;100
100;2;2;3,451172;100
100;3;15;3,78418;100
100;2;2;3,78418;100
100;3;15;3,78418;100
100;3;15;3,78418;100
100;3;15;3,78418;100
100;3;15;3,78418;100
100;3;15;3,78418;100
100;2;2;4,117188;100
100;2;2;4,117188;100
100;3;15;4,117188;100
100;3;15;4,117188;100
100;2;2;4,117188;100
100;3;15;4,117188;100
100;2;2;4,117188;100
100;3;15;4,450195;100
100;3;15;4,450195;100
100;2;2;4,450195;100
100;2;2;4,450195;100
100;2;2;4,450195;100
100;3;15;4,450195;100
100;2;2;4,450195;100
100;3;15;4,450195;100
100;3;15;4,450195;100
100;2;2;4,783203;100
100;3;15;4,783203;100
100;3;15;4,783203;100
100;2;2;4,783203;100
100;2;2;4,783203;100
100;2;2;4,783203;100
100;3;15;4,783203;100
100;3;15;4,783203;100
100;3;15;4,783203;100
100;2;2;4,783203;100
100;2;2;5,116211;100
100;2;2;5,116211;100
100;3;15;5,116211;100
100;3;15;5,116211;100
100;3;15;5,116211;100
100;2;2;5,116211;100
100;3;15;5,116211;100
100;2;2;5,116211;100
100;2;2;5,449219;100
100;2;2;5,449219;100
100;3;15;5,449219;100
100;2;2;5,449219;100
100;3;15;5,782227;100
100;2;2;5,782227;100
100;3;15;5,782227;100
100;3;15;5,782227;100
100;2;2;5,782227;100
100;2;2;5,782227;100
100;3;15;5,782227;100
100;2;2;5,782227;100
100;3;15;5,782227;100
100;2;2;6,115234;100
100;3;15;6,115234;100
100;3;15;6,115234;100
100;3;15;6,115234;100
100;2;2;6,115234;100
100;3;15;6,115234;100
100;3;15;6,115234;100
100;2;2;6,448242;100
100;2;2;6,448242;100
100;3;15;6,448242;100
100;3;15;6,448242;100
100;2;2;6,448242;100
100;2;2;6,448242;100
100;2;2;6,448242;100
100;3;15;6,448242;100
100;3;15;6,448242;100
100;2;2;6,78125;100
100;2;2;6,78125;100
100;2;2;6,78125;100
100;3;15;6,78125;100
100;3;15;6,78125;100
100;2;2;6,78125;100
100;3;15;6,78125;100
100;2;2;7,114258;100
100;3;15;7,114258;100
100;2;2;7,114258;100
100;2;2;7,114258;100
100;2;2;7,114258;100
100;3;15;7,114258;100
100;3;15;7,114258;100
100;2;2;7,114258;100
100;3;15;7,114258;100
100;3;15;7,447266;100
100;3;15;7,447266;100
100;3;15;7,447266;100
100;2;2;7,447266;100
100;3;15;7,447266;100
100;3;15;7,447266;100
100;3;15;7,447266;100
100;3;15;7,780273;100
100;3;15;7,780273;100
100;3;15;7,780273;100
100;2;2;7,780273;100
100;3;15;7,780273;100
100;3;15;7,780273;100
100;2;2;7,780273;100
100;3;15;7,780273;100
100;2;2;8,113281;100
100;3;15;8,113281;100
100;3;15;8,113281;100
100;2;2;8,113281;100
100;2;2;8,113281;100
100;3;15;8,113281;100
100;3;15;8,113281;100
100;2;2;8,113281;100
100;3;15;8,113281;100
100;3;15;8,113281;100
100;2;2;8,113281;100
100;3;15;8,446289;100
100;3;15;8,446289;100
100;2;2;8,446289;100
100;2;2;8,446289;100
100;3;15;8,446289;100
100;3;15;8,446289;100
100;2;2;8,446289;100
100;2;2;8,446289;100
100;2;2;8,446289;100
100;3;15;8,779297;100
100;2;2;8,779297;100
100;3;15;8,779297;100
100;3;15;8,779297;100
100;3;15;8,779297;100
100;3;15;8,779297;100
100;2;2;8,779297;100
100;3;15;8,779297;100
100;2;2;8,779297;100
100;3;15;8,779297;100
100;3;15;8,779297;100
100;3;15;8,779297;100
100;2;2;8,779297;100
100;2;2;9,112305;100
100;3;15;9,112305;100
100;3;15;9,112305;100
100;2;2;9,112305;100
100;2;2;9,112305;100
100;3;15;9,112305;100
100;3;15;9,112305;100
100;2;2;9,445313;100
100;3;15;9,445313;100
100;3;15;9,445313;100
100;3;15;9,445313;100
100;3;15;9,445313;100
100;2;2;9,445313;100
100;3;15;9,445313;100
100;3;15;9,445313;100
100;3;15;9,445313;100
100;3;15;9,77832;100
100;2;2;9,77832;100
100;2;2;9,77832;100
100;3;15;9,77832;100
100;3;15;9,77832;100
100;3;15;9,77832;100
100;3;15;9,77832;100
100;3;15;9,77832;100
100;3;15;10,11133;100
100;3;15;10,11133;100
100;3;15;10,11133;100
100;2;2;10,11133;100
100;3;15;10,11133;100
100;2;2;10,11133;100
100;3;15;10,11133;100
100;3;15;10,11133;100
100;2;2;10,11133;100
100;2;2;10,11133;100
100;2;2;10,44434;100
100;3;15;10,44434;100
100;3;15;10,44434;100
100;2;2;10,44434;100
100;3;15;10,44434;100
100;3;15;10,44434;100
100;3;15;10,44434;100
100;3;15;10,44434;100
100;3;15;10,44434;100
100;2;2;10,44434;100
100;2;2;10,77734;100
100;3;15;10,77734;85
100;3;15;10,77734;70
100;3;15;10,77734;55
100;3;15;10,77734;40
100;3;15;10,77734;25
100;2;2;10,77734;25
100;2;2;11,11035;25
100;3;15;11,11035;25
100;3;15;11,11035;25
100;2;2;11,11035;25
100;2;2;11,11035;25
100;3;15;11,11035;25
100;2;2;11,11035;25
100;3;15;11,11035;25
100;2;2;11,11035;25
100;2;2;11,44336;25
100;3;15;11,44336;25
100;3;15;11,44336;25
100;3;15;11,44336;25
100;2;2;11,44336;25
100;2;2;11,44336;25
100;3;15;11,77637;25
100;2;2;11,77637;25
100;3;15;11,77637;25
100;3;15;11,77637;25
100;3;15;11,77637;25
100;3;15;11,77637;25
100;2;2;11,77637;25
100;2;2;11,77637;25
100;2;2;11,77637;25
100;2;2;12,10938;25
100;3;15;12,10938;25
100;3;15;12,10938;25
100;2;2;12,10938;25
100;2;2;12,10938;25
100;3;15;12,10938;25
100;2;2;12,10938;25
100;2;2;12,10938;25
100;3;15;12,10938;25
100;3;15;12,10938;25
100;2;2;12,10938;25
100;3;15;12,10938;25
100;2;2;12,44238;25
100;2;2;12,44238;25
100;2;2;12,44238;25
100;2;2;12,44238;25
100;3;15;12,44238;25
100;3;15;12,77539;25
100;3;15;12,77539;25
100;3;15;12,77539;25
100;3;15;12,77539;25
100;2;2;12,77539;25
100;2;2;12,77539;25
100;3;15;12,77539;25
100;3;15;13,1084;25
100;3;15;13,1084;25
100;2;2;13,1084;25
100;2;2;13,1084;25
100;2;2;13,1084;25
100;3;15;13,1084;25
100;3;15;13,1084;25
100;3;15;13,1084;25
100;3;15;13,1084;25
100;3;15;13,1084;25
100;2;2;13,1084;25
100;2;2;13,44141;25
100;2;2;13,44141;25
100;2;2;13,44141;25
100;3;15;13,44141;25
100;3;15;13,44141;25
100;2;2;13,44141;25
100;2;2;13,44141;25
100;3;15;13,44141;25
100;3;15;13,44141;25
100;2;2;13,77441;25
100;3;15;13,77441;25
100;3;15;13,77441;25
100;2;2;13,77441;25
100;2;2;13,77441;25
100;3;15;13,77441;25
100;2;2;13,77441;25
100;3;15;13,77441;25
100;2;2;13,77441;25
100;2;2;13,77441;25
100;3;15;13,77441;25
100;3;15;14,10742;25
100;3;15;14,10742;25
100;3;15;14,10742;25
100;3;15;14,10742;25
100;2;2;14,10742;25
100;2;2;14,10742;25
100;3;15;14,10742;25
100;3;15;14,10742;25
100;2;2;14,10742;25
100;3;15;14,10742;25
100;2;2;14,10742;25
100;2;2;14,10742;25
100;3;15;14,44043;25
100;2;2;14,44043;25
100;3;15;14,44043;25
100;2;2;14,44043;25
100;3;15;14,44043;25
100;3;15;14,44043;25
100;3;15;14,44043;25
100;2;2;14,44043;25
100;3;15;14,44043;25
100;3;15;14,77344;25
100;3;15;14,77344;25
100;3;15;14,77344;25
100;3;15;14,77344;25
100;3;15;14,77344;25
100;2;2;14,77344;25
100;3;15;14,77344;25
100;3;15;14,77344;25
100;2;2;14,77344;25
100;2;2;14,77344;25
100;3;15;14,77344;25
100;3;15;15,10645;25
100;3;15;15,10645;25
100;3;15;15,10645;25
100;3;15;15,10645;25
100;3;15;15,10645;25
100;3;15;15,10645;25
100;3;15;15,10645;25
100;3;15;15,10645;25
100;3;15;15,10645;25
100;3;15;15,43945;25
100;3;15;15,43945;25
100;3;15;15,43945;25
100;2;2;15,43945;25
100;3;15;15,43945;25
100;3;15;15,43945;25
100;2;2;15,43945;25
100;2;2;15,77246;25
100;2;2;15,77246;25
100;3;15;15,77246;25
100;3;15;15,77246;25
100;3;15;15,77246;25
100;3;15;15,77246;25
100;2;2;15,77246;25
100;2;2;15,77246;25
100;2;2;15,77246;25
100;3;15;15,77246;25
100;2;2;15,77246;25
100;3;15;15,77246;25
100;3;15;15,77246;25
100;3;15;15,77246;25
100;3;15;16,10547;25
100;3;15;16,10547;25
100;2;2;16,10547;25
100;3;15;16,10547;25
100;3;15;16,10547;25
100;2;2;16,10547;25
100;2;2;16,10547;25
100;3;15;16,10547;25
100;2;2;16,43848;25
100;3;15;16,43848;10
100;3;15;16,43848;-5
Player