92;2;2;47,21973;100
92;3;15;47,21973;100
92;3;15;47,21973;100
92;3;15;47,21973;100
92;3;15;47,55273;100
92;2;2;47,55273;100
92;2;2;47,55273;100
92;2;2;47,55273;100
92;3;15;47,55273;100
92;2;2;47,55273;100
92;2;2;47,55273;100
92;3;15;47,55273;100
92;2;2;47,55273;100
92;3;15;47,55273;100
92;2;2;47,55273;100
92;2;2;47,55273;100
92;2;2;47,55273;100
92;2;2;47,55273;100
92;2;2;47,88574;100
92;3;15;47,88574;100
92;2;2;47,88574;100
92;3;15;47,88574;100
92;2;2;47,88574;100
92;3;15;47,88574;100
92;2;2;47,88574;100
92;2;2;47,88574;100
92;2;2;47,88574;100
92;2;2;47,88574;100
92;3;15;48,21875;100
92;2;2;48,21875;100
92;2;2;48,21875;100
92;2;2;48,21875;100
92;3;15;48,21875;100
92;2;2;48,21875;100
92;3;15;48,21875;100
92;2;2;48,55176;100
92;3;15;48,55176;100
92;2;2;48,55176;100
92;3;15;48,55176;100
92;3;15;48,55176;100
92;2;2;48,55176;100
92;2;2;48,55176;100
92;2;2;48,88477;100
92;3;15;48,88477;100
92;2;2;48,88477;100
92;3;15;48,88477;100
92;2;2;48,88477;100
92;2;2;48,88477;100
92;2;2;49,21777;100
92;3;15;49,21777;100
92;3;15;49,21777;100
92;3;15;49,21777;100
92;2;2;49,21777;100
92;3;15;49,21777;100
92;3;15;49,21777;100
92;2;2;49,21777;100
92;3;15;49,21777;100
92;3;15;49,21777;100
92;3;15;49,21777;100
92;2;2;49,55078;100
92;3;15;49,55078;100
92;3;15;49,55078;100
92;2;2;49,55078;100
92;2;2;49,55078;100
92;2;2;49,55078;100
92;2;2;49,55078;100
92;3;15;49,55078;100
92;3;15;49,55078;100
92;2;2;49,55078;100
92;3;15;49,88379;100
92;3;15;49,88379;100
92;3;15;49,88379;100
92;2;2;49,88379;100
92;2;2;49,88379;100
92;2;2;49,88379;100
92;3;15;49,88379;100
92;2;2;49,88379;100
92;2;2;49,88379;100
92;2;2;49,88379;100
92;3;15;50,2168;100
92;3;15;50,2168;100
92;3;15;50,2168;100
92;3;15;50,2168;100
92;3;15;50,2168;100
92;3;15;50,2168;100
92;3;15;50,2168;100
92;3;15;50,5498;100
92;3;15;50,5498;100
92;3;15;50,5498;100
92;2;2;50,5498;100
92;2;2;50,5498;100
92;3;15;50,88281;100
92;2;2;50,88281;100
92;3;15;50,88281;100
92;2;2;50,88281;100
92;2;2;50,88281;100
92;2;2;50,88281;100
92;2;2;50,88281;100
92;2;2;51,21582;100
92;2;2;51,21582;100
92;2;2;51,21582;100
92;3;15;51,21582;100
92;2;2;51,21582;100
92;2;2;51,21582;100
92;2;2;51,21582;100
92;2;2;51,54883;100
92;3;15;51,54883;100
92;3;15;51,54883;100
92;2;2;51,54883;100
92;2;2;51,54883;100
92;3;15;51,54883;100
92;3;15;51,54883;100
92;3;15;51,54883;100
92;3;15;51,54883;100
92;2;2;51,88184;100
92;3;15;51,88184;100
92;2;2;51,88184;100
92;3;15;51,88184;100
92;2;2;51,88184;100
92;3;15;51,88184;100
92;2;2;51,88184;100
92;3;15;51,88184;100
92;3;15;51,88184;100
92;3;15;51,88184;100
92;3;15;52,21484;100
92;3;15;52,21484;100
92;3;15;52,21484;100
92;3;15;52,21484;100
92;3;15;52,21484;100
92;2;2;52,21484;100
92;2;2;52,21484;100
92;2;2;52,21484;100
92;3;15;52,21484;100
92;3;15;52,54785;100
92;2;2;52,54785;100
92;3;15;52,54785;100
92;2;2;52,54785;100
92;2;2;52,54785;100
92;3;15;52,54785;100
92;2;2;52,54785;100
92;3;15;52,54785;100
92;2;2;52,88086;100
92;2;2;52,88086;100
92;3;15;52,88086;100
92;3;15;52,88086;100
92;3;15;52,88086;100
92;3;15;52,88086;100
92;2;2;52,88086;100
92;3;15;52,88086;100
92;2;2;52,88086;100
92;2;2;53,21387;100
92;3;15;53,21387;100
92;2;2;53,21387;100
92;2;2;53,21387;100
92;3;15;53,21387;100
92;2;2;53,21387;100
92;3;15;53,21387;100
92;3;15;53,21387;100
92;3;15;53,21387;100
92;3;15;53,21387;100
92;3;15;53,54688;100
92;2;2;53,54688;100
92;2;2;53,54688;100
92;2;2;53,54688;100
92;2;2;53,54688;100
92;3;15;53,54688;100
92;3;15;53,54688;100
92;3;15;53,87988;100
92;2;2;53,87988;100
92;3;15;53,87988;100
92;2;2;53,87988;100
92;3;15;53,87988;100
92;3;15;54,21289;100
92;3;15;54,21289;100
92;2;2;54,21289;100
92;2;2;54,21289;100
92;2;2;54,21289;100
92;2;2;54,21289;100
92;2;2;54,21289;100
92;2;2;54,21289;100
92;3;15;54,21289;100
92;2;2;54,21289;100
92;2;2;54,5459;100
92;2;2;54,5459;100
92;2;2;54,5459;100
92;2;2;54,5459;100
92;2;2;54,5459;100
92;3;15;54,5459;100
92;2;2;54,87891;100
92;3;15;54,87891;100
92;3;15;54,87891;100
92;3;15;54,87891;100
92;3;15;54,87891;100
92;3;15;54,87891;100
92;2;2;54,87891;100
92;2;2;54,87891;100
92;3;15;54,87891;100
92;3;15;55,21191;100
92;3;15;55,21191;100
92;2;2;55,21191;100
92;3;15;55,21191;100
92;3;15;55,21191;100
92;3;15;55,21191;100
92;3;15;55,21191;100
92;2;2;55,21191;100
92;2;2;55,21191;100
92;2;2;55,21191;100
92;2;2;55,21191;100
92;3;15;55,21191;100
92;3;15;55,21191;100
92;3;15;55,54492;100
92;2;2;55,54492;100
92;3;15;55,54492;100
92;2;2;55,54492;100
92;2;2;55,54492;100
92;3;15;55,54492;100
92;3;15;55,54492;100
92;2;2;55,87793;100
92;2;2;55,87793;100
92;3;15;55,87793;100
92;2;2;55,87793;100
92;3;15;55,87793;100
92;3;15;55,87793;100
92;3;15;55,87793;100
92;3;15;55,87793;100
92;3;15;55,87793;100
92;3;15;56,21094;100
92;2;2;56,21094;100
92;3;15;56,21094;100
92;3;15;56,21094;100
92;2;2;56,21094;100
92;2;2;56,21094;100
92;3;15;56,21094;100
92;2;2;56,54395;100
92;2;2;56,54395;100
92;2;2;56,54395;100
92;3;15;56,54395;100
92;2;2;56,54395;100
92;3;15;56,54395;100
92;2;2;56,87695;100
92;2;2;56,87695;100
92;3;15;56,87695;100
92;3;15;56,87695;100
92;3;15;56,87695;100
92;2;2;56,87695;100
92;3;15;56,87695;100
92;2;2;56,87695;100
92;3;15;57,20996;100
92;3;15;57,20996;100
92;3;15;57,20996;100
92;3;15;57,20996;100
92;2;2;57,20996;100
92;2;2;57,20996;100
92;3;15;57,20996;100
92;3;15;57,54297;100
92;2;2;57,54297;100
92;3;15;57,54297;100
92;3;15;57,54297;100
92;2;2;57,54297;100
92;2;2;57,54297;100
92;3;15;57,54297;100
92;2;2;57,87598;100
92;3;15;57,87598;100
92;2;2;57,87598;100
92;2;2;57,87598;100
92;2;2;57,87598;100
92;3;15;57,87598;100
92;3;15;58,20898;100
92;2;2;58,20898;100
92;2;2;58,20898;100
92;2;2;58,20898;100
92;2;2;58,20898;100
92;2;2;58,20898;100
92;2;2;58,20898;100
92;2;2;58,20898;100
92;2;2;58,20898;100
92;2;2;58,54199;100
92;3;15;58,54199;100
92;2;2;58,54199;100
92;2;2;58,54199;100
92;3;15;58,54199;100
92;2;2;58,54199;100
92;3;15;58,54199;100
92;2;2;58,54199;100
92;3;15;58,54199;100
92;2;2;58,54199;100
92;3;15;58,54199;100
92;2;2;58,875;100
92;3;15;58,875;100
92;3;15;58,875;100
92;2;2;58,875;100
92;2;2;58,875;100
92;2;2;58,875;100
92;2;2;58,875;100
92;2;2;58,875;100
92;3;15;58,875;100
92;3;15;59,20801;100
92;2;2;59,20801;100
92;2;2;59,20801;100
92;2;2;59,20801;100
92;2;2;59,20801;100
92;2;2;59,20801;100
92;2;2;59,54102;100
92;3;15;59,54102;100
92;3;15;59,54102;100
92;3;15;59,54102;100
92;3;15;59,54102;100
92;3;15;59,54102;100
92;3;15;59,54102;100
92;3;15;59,54102;100
92;3;15;59,54102;100
92;2;2;59,54102;100
92;2;2;59,54102;100
92;2;2;59,54102;100
92;3;15;59,87402;100
92;3;15;59,87402;100
92;2;2;59,87402;100
92;3;15;59,87402;100
92;3;15;59,87402;100
92;3;15;59,87402;100
92;3;15;59,87402;100
92;3;15;59,87402;100
92;3;15;59,87402;100
92;2;2;0,2070313;100
92;2;2;0,2070313;100
92;2;2;0,2070313;100
92;3;15;0,2070313;100
92;2;2;0,2070313;100
92;2;2;0,2070313;100
92;2;2;0,5400391;100
92;3;15;0,5400391;100
92;2;2;0,5400391;100
92;3;15;0,5400391;100
92;3;15;0,5400391;100
92;2;2;0,5400391;100
92;3;15;0,5400391;100
92;3;15;0,5400391;100
92;3;15;0,5400391;100
92;3;15;0,5400391;100
92;2;2;0,5400391;100
92;3;15;0,8730469;100
92;2;2;0,8730469;100
92;2;2;0,8730469;100
92;3;15;0,8730469;100
92;3;15;0,8730469;100
92;2;2;0,8730469;100
92;3;15;0,8730469;100
92;2;2;1,206055;100
92;2;2;1,206055;100
92;3;15;1,206055;100
92;2;2;1,206055;100
92;3;15;1,206055;100
92;2;2;1,206055;100
92;3;15;1,206055;100
92;3;15;1,539063;100
92;3;15;1,539063;100
92;3;15;1,539063;100
92;2;2;1,539063;100
92;2;2;1,87207;100
92;2;2;1,87207;100
92;3;15;1,87207;100
92;3;15;1,87207;100
92;2;2;1,87207;100
92;3;15;1,87207;100
92;3;15;1,87207;100
92;2;2;1,87207;100
92;3;15;1,87207;100
92;2;2;2,205078;100
92;2;2;2,205078;100
92;2;2;2,205078;100
92;2;2;2,205078;100
92;2;2;2,205078;100
92;3;15;2,205078;100
92;2;2;2,205078;100
92;2;2;2,205078;100
92;3;15;2,205078;100
92;3;15;2,205078;100
92;3;15;2,538086;100
92;2;2;2,538086;100
92;3;15;2,538086;100
92;2;2;2,538086;100
92;2;2;2,538086;100
92;2;2;2,538086;100
92;3;15;2,538086;100
92;2;2;2,538086;100
92;2;2;2,538086;100
92;3;15;2,538086;100
92;2;2;2,871094;100
92;3;15;2,871094;100
92;3;15;2,871094;100
92;2;2;2,871094;100
92;2;2;2,871094;100
92;2;2;2,871094;100
92;3;15;2,871094;100
92;2;2;2,871094;100
92;2;2;2,871094;100
92;3;15;2,871094;100
92;3;15;3,204102;100
92;2;2;3,204102;100
92;2;2;3,204102;100
92;2;2;3,204102;100
92;3;15;3,204102;100
92;2;2;3,204102;100
92;2;2;3,204102;100
92;3;15;3,537109;100
92;3;15;3,537109;100
92;3;15;3,537109;100
92;2;2;3,537109;100
92;2;2;3,537109;100
92;2;2;3,537109;100
92;2;2;3,537109;100
92;2;2;3,870117;100
92;2;2;3,870117;100
92;3;15;3,870117;100
92;2;2;3,870117;100
92;3;15;3,870117;100
92;2;2;3,870117;100
92;2;2;3,870117;100
92;2;2;3,870117;100
92;2;2;4,203125;100
92;3;15;4,203125;100
92;3;15;4,203125;100
92;2;2;4,203125;100
92;3;15;4,203125;100
92;2;2;4,536133;100
92;3;15;4,536133;100
92;2;2;4,536133;100
92;3;15;4,536133;100
92;3;15;4,536133;100
92;3;15;4,536133;100
92;3;15;4,536133;100
92;3;15;4,536133;100
92;3;15;4,869141;100
92;2;2;4,869141;100
92;3;15;4,869141;100
92;3;15;4,869141;100
92;2;2;4,869141;100
92;2;2;4,869141;100
92;3;15;4,869141;100
92;2;2;5,202148;100
92;3;15;5,202148;100
92;3;15;5,202148;100
92;2;2;5,202148;100
92;3;15;5,202148;100
92;2;2;5,202148;100
92;2;2;5,535156;100
92;2;2;5,535156;100
92;3;15;5,535156;100
92;3;15;5,535156;100
92;3;15;5,535156;100
92;3;15;5,535156;100
92;2;2;5,535156;100
92;3;15;5,535156;100
92;3;15;5,535156;100
92;3;15;5,535156;100
92;2;2;5,868164;100
92;3;15;5,868164;100
92;2;2;5,868164;100
92;3;15;5,868164;100
92;3;15;5,868164;100
92;3;15;5,868164;100
92;3;15;5,868164;100
92;3;15;5,868164;100
92;3;15;6,201172;100
92;3;15;6,201172;100
92;3;15;6,201172;100
92;2;2;6,201172;100
92;3;15;6,201172;100
92;3;15;6,201172;100
92;3;15;6,53418;100
92;2;2;6,53418;100
92;3;15;6,53418;100
92;2;2;6,53418;100
92;2;2;6,53418;100
92;2;2;6,53418;100
92;2;2;6,53418;100
92;2;2;6,867188;100
92;2;2;6,867188;100
92;2;2;6,867188;100
92;2;2;6,867188;100
92;2;2;6,867188;100
92;2;2;6,867188;100
92;2;2;6,867188;100
92;2;2;7,200195;100
92;2;2;7,200195;100
92;3;15;7,200195;100
92;3;15;7,200195;100
92;3;15;7,200195;100
92;3;15;7,200195;100
92;3;15;7,200195;100
92;2;2;7,200195;100
92;2;2;7,200195;100
92;3;15;7,200195;100
92;3;15;7,200195;100
92;2;2;7,533203;100
92;3;15;7,533203;85
92;3;15;7,533203;70
92;2;2;7,533203;70
92;3;15;7,533203;55
92;3;15;7,533203;40
92;3;15;7,533203;25
92;3;15;7,533203;10
92;2;2;7,533203;10
92;3;15;7,533203;-5
Player