92;2;2;34,52832;100
92;3;15;34,52832;100
92;3;15;34,52832;100
92;3;15;34,52832;100
92;2;2;34,86133;100
92;3;15;34,86133;100
92;3;15;34,86133;100
92;3;15;34,86133;100
92;3;15;34,86133;100
92;3;15;34,86133;100
92;3;15;34,86133;100
92;3;15;35,19434;100
92;3;15;35,19434;100
92;3;15;35,19434;100
92;3;15;35,19434;100
92;3;15;35,19434;100
92;3;15;35,52734;100
92;2;2;35,52734;100
92;3;15;35,52734;100
92;3;15;35,52734;100
92;3;15;35,52734;100
92;2;2;35,52734;100
92;3;15;35,52734;100
92;3;15;35,52734;100
92;2;2;35,52734;100
92;2;2;35,52734;100
92;3;15;35,52734;100
92;3;15;35,52734;100
92;2;2;35,52734;100
92;2;2;35,86035;100
92;2;2;35,86035;100
92;3;15;35,86035;100
92;3;15;35,86035;100
92;3;15;35,86035;100
92;2;2;35,86035;100
92;3;15;35,86035;100
92;3;15;35,86035;100
92;3;15;35,86035;100
92;3;15;35,86035;100
92;2;2;36,19336;100
92;3;15;36,19336;100
92;3;15;36,19336;100
92;2;2;36,19336;100
92;3;15;36,19336;100
92;3;15;36,19336;100
92;2;2;36,19336;100
92;3;15;36,19336;100
92;3;15;36,19336;100
92;3;15;36,52637;100
92;3;15;36,52637;100
92;2;2;36,52637;100
92;3;15;36,52637;100
92;3;15;36,52637;100
92;3;15;36,52637;100
92;2;2;36,52637;100
92;3;15;36,52637;100
92;3;15;36,85938;100
92;3;15;36,85938;100
92;2;2;36,85938;100
92;3;15;36,85938;100
92;3;15;36,85938;100
92;3;15;36,85938;100
92;3;15;36,85938;100
92;2;2;36,85938;100
92;3;15;36,85938;100
92;3;15;36,85938;100
92;2;2;36,85938;100
92;2;2;36,85938;100
92;3;15;37,19238;100
92;3;15;37,19238;100
92;3;15;37,19238;100
92;2;2;37,19238;100
92;3;15;37,19238;100
92;2;2;37,19238;100
92;2;2;37,19238;100
92;3;15;37,19238;100
92;2;2;37,19238;100
92;3;15;37,19238;100
92;2;2;37,52539;100
92;3;15;37,52539;100
92;2;2;37,52539;100
92;2;2;37,52539;100
92;2;2;37,52539;100
92;3;15;37,52539;100
92;2;2;37,52539;100
92;3;15;37,52539;100
92;3;15;37,52539;100
92;3;15;37,52539;100
92;2;2;37,52539;100
92;3;15;37,8584;100
92;2;2;37,8584;100
92;2;2;37,8584;100
92;2;2;37,8584;100
92;2;2;37,8584;100
92;2;2;37,8584;100
92;2;2;37,8584;100
92;2;2;38,19141;100
92;3;15;38,19141;100
92;3;15;38,19141;100
92;2;2;38,19141;100
92;2;2;38,19141;100
92;2;2;38,19141;100
92;2;2;38,19141;100
92;2;2;38,19141;100
92;3;15;38,19141;100
92;3;15;38,52441;100
92;3;15;38,52441;100
92;3;15;38,52441;100
92;3;15;38,52441;100
92;3;15;38,52441;100
92;2;2;38,52441;100
92;2;2;38,52441;100
92;3;15;38,85742;100
92;3;15;38,85742;100
92;2;2;38,85742;100
92;2;2;38,85742;100
92;3;15;38,85742;100
92;2;2;39,19043;100
92;3;15;39,19043;100
92;2;2;39,19043;100
92;2;2;39,19043;100
92;3;15;39,19043;100
92;3;15;39,19043;100
92;3;15;39,19043;100
92;3;15;39,19043;100
92;2;2;39,52344;100
92;3;15;39,52344;100
92;3;15;39,52344;100
92;2;2;39,52344;100
92;2;2;39,52344;100
92;2;2;39,52344;100
92;2;2;39,52344;100
92;3;15;39,52344;100
92;2;2;39,52344;100
92;3;15;39,52344;100
92;2;2;39,85645;100
92;3;15;39,85645;100
92;2;2;39,85645;100
92;2;2;39,85645;100
92;2;2;39,85645;100
92;2;2;39,85645;100
92;2;2;39,85645;100
92;3;15;39,85645;100
92;3;15;39,85645;100
92;2;2;39,85645;100
92;3;15;39,85645;100
92;2;2;40,18945;100
92;3;15;40,18945;100
92;3;15;40,18945;100
92;2;2;40,18945;100
92;2;2;40,18945;100
92;2;2;40,18945;100
92;2;2;40,18945;100
92;2;2;40,18945;100
92;2;2;40,52246;100
92;2;2;40,52246;100
92;2;2;40,52246;100
92;2;2;40,52246;100
92;2;2;40,52246;100
92;2;2;40,52246;100
92;3;15;40,52246;100
92;3;15;40,52246;100
92;3;15;40,52246;100
92;3;15;40,52246;100
92;3;15;40,85547;100
92;3;15;40,85547;100
92;2;2;40,85547;100
92;2;2;40,85547;100
92;2;2;40,85547;100
92;3;15;40,85547;100
92;2;2;40,85547;100
92;3;15;40,85547;100
92;3;15;40,85547;100
92;3;15;40,85547;100
92;2;2;41,18848;100
92;3;15;41,18848;100
92;2;2;41,18848;100
92;2;2;41,18848;100
92;2;2;41,18848;100
92;3;15;41,18848;100
92;3;15;41,18848;100
92;2;2;41,18848;100
92;2;2;41,18848;100
92;3;15;41,18848;100
92;3;15;41,52148;100
92;2;2;41,52148;100
92;2;2;41,52148;100
92;3;15;41,52148;100
92;2;2;41,52148;100
92;3;15;41,52148;100
92;3;15;41,52148;100
92;3;15;41,52148;100
92;2;2;41,52148;100
92;2;2;41,52148;100
92;2;2;41,85449;100
92;3;15;41,85449;100
92;2;2;41,85449;100
92;2;2;41,85449;100
92;2;2;41,85449;100
92;2;2;41,85449;100
92;2;2;41,85449;100
92;2;2;41,85449;100
92;3;15;42,1875;100
92;2;2;42,1875;100
92;3;15;42,1875;100
92;3;15;42,1875;100
92;3;15;42,52051;100
92;2;2;42,52051;100
92;2;2;42,85352;100
92;3;15;42,85352;100
92;2;2;42,85352;100
92;3;15;42,85352;100
92;3;15;42,85352;100
92;2;2;42,85352;100
92;3;15;42,85352;100
92;3;15;42,85352;100
92;3;15;42,85352;100
92;3;15;43,18652;100
92;3;15;43,18652;100
92;3;15;43,18652;100
92;3;15;43,18652;100
92;2;2;43,18652;100
92;2;2;43,18652;100
92;2;2;43,18652;100
92;3;15;43,18652;100
92;3;15;43,18652;100
92;3;15;43,18652;100
92;2;2;43,18652;100
92;3;15;43,18652;100
92;3;15;43,51953;100
92;3;15;43,51953;100
92;2;2;43,51953;100
92;3;15;43,51953;100
92;2;2;43,51953;100
92;2;2;43,51953;100
92;2;2;43,51953;100
92;2;2;43,51953;100
92;2;2;43,85254;100
92;2;2;43,85254;100
92;2;2;43,85254;100
92;3;15;43,85254;100
92;3;15;43,85254;100
92;3;15;43,85254;100
92;2;2;43,85254;100
92;2;2;43,85254;100
92;2;2;43,85254;100
92;2;2;44,18555;100
92;3;15;44,18555;100
92;3;15;44,18555;100
92;3;15;44,18555;100
92;2;2;44,18555;100
92;3;15;44,18555;100
92;3;15;44,18555;100
92;3;15;44,18555;100
92;3;15;44,18555;100
92;2;2;44,51855;100
92;3;15;44,51855;100
92;2;2;44,51855;100
92;3;15;44,51855;100
92;2;2;44,51855;100
92;3;15;44,51855;100
92;2;2;44,85156;100
92;2;2;44,85156;100
92;2;2;44,85156;100
92;2;2;44,85156;100
92;3;15;44,85156;100
92;3;15;44,85156;100
92;2;2;44,85156;100
92;3;15;44,85156;100
92;3;15;44,85156;100
92;3;15;44,85156;100
92;2;2;45,18457;100
92;3;15;45,18457;100
92;2;2;45,18457;100
92;2;2;45,18457;100
92;2;2;45,18457;100
92;3;15;45,18457;100
92;2;2;45,51758;100
92;3;15;45,51758;100
92;3;15;45,51758;100
92;3;15;45,51758;100
92;2;2;45,51758;100
92;3;15;45,51758;100
92;2;2;45,85059;100
92;2;2;45,85059;100
92;3;15;45,85059;100
92;2;2;45,85059;100
92;2;2;45,85059;100
92;2;2;45,85059;100
92;3;15;45,85059;100
92;2;2;46,18359;100
92;2;2;46,18359;100
92;3;15;46,18359;100
92;2;2;46,18359;100
92;2;2;46,18359;100
92;3;15;46,18359;100
92;3;15;46,18359;100
92;3;15;46,5166;100
92;2;2;46,5166;100
92;3;15;46,5166;100
92;3;15;46,5166;100
92;3;15;46,5166;100
92;3;15;46,5166;100
92;2;2;46,5166;100
92;2;2;46,84961;100
92;3;15;46,84961;100
92;3;15;46,84961;100
92;3;15;46,84961;100
92;2;2;46,84961;100
92;3;15;46,84961;100
92;2;2;47,18262;100
92;3;15;47,18262;100
92;2;2;47,18262;100
92;3;15;47,18262;100
92;3;15;47,18262;100
92;3;15;47,18262;100
92;3;15;47,18262;100
92;2;2;47,18262;100
92;3;15;47,18262;100
92;3;15;47,18262;100
92;2;2;47,51563;100
92;3;15;47,51563;100
92;2;2;47,51563;100
92;2;2;47,51563;100
92;2;2;47,51563;100
92;3;15;47,51563;100
92;2;2;47,51563;100
92;2;2;47,51563;100
92;3;15;47,51563;100
92;3;15;47,51563;100
92;2;2;47,51563;100
92;2;2;47,51563;100
92;2;2;47,51563;100
92;3;15;47,51563;100
92;3;15;47,84863;100
92;2;2;47,84863;100
92;3;15;47,84863;100
92;3;15;47,84863;100
92;3;15;47,84863;100
92;3;15;47,84863;100
92;2;2;47,84863;100
92;2;2;47,84863;100
92;2;2;47,84863;100
92;2;2;47,84863;100
92;3;15;47,84863;100
92;3;15;48,18164;100
92;3;15;48,18164;100
92;3;15;48,18164;100
92;2;2;48,18164;100
92;3;15;48,18164;100
92;3;15;48,18164;100
92;2;2;48,18164;100
92;2;2;48,51465;100
92;2;2;48,51465;100
92;3;15;48,51465;100
92;3;15;48,51465;100
92;3;15;48,51465;100
92;2;2;48,51465;100
92;2;2;48,51465;100
92;3;15;48,51465;100
92;3;15;48,84766;100
92;3;15;48,84766;100
92;2;2;48,84766;100
92;3;15;48,84766;100
92;2;2;48,84766;100
92;3;15;48,84766;100
92;3;15;49,18066;100
92;2;2;49,18066;100
92;2;2;49,18066;100
92;3;15;49,18066;100
92;2;2;49,18066;100
92;2;2;49,18066;100
92;3;15;49,18066;100
92;3;15;49,18066;100
92;3;15;49,51367;100
92;3;15;49,51367;100
92;3;15;49,51367;100
92;2;2;49,51367;100
92;2;2;49,51367;100
92;3;15;49,51367;100
92;2;2;49,51367;100
92;3;15;49,51367;100
92;2;2;49,84668;100
92;3;15;49,84668;100
92;2;2;49,84668;100
92;3;15;49,84668;100
92;3;15;49,84668;100
92;3;15;49,84668;100
92;3;15;49,84668;100
92;2;2;50,17969;100
92;2;2;50,17969;100
92;2;2;50,17969;100
92;3;15;50,17969;100
92;2;2;50,17969;100
92;3;15;50,17969;100
92;2;2;50,17969;100
92;2;2;50,17969;100
92;2;2;50,17969;100
92;2;2;50,5127;100
92;3;15;50,5127;100
92;2;2;50,5127;100
92;2;2;50,5127;100
92;3;15;50,5127;100
92;3;15;50,5127;100
92;3;15;50,8457;100
92;3;15;50,8457;100
92;3;15;50,8457;100
92;2;2;50,8457;100
92;3;15;50,8457;100
92;3;15;50,8457;100
92;2;2;50,8457;100
92;3;15;51,17871;100
92;2;2;51,17871;100
92;2;2;51,17871;100
92;3;15;51,17871;100
92;2;2;51,17871;100
92;3;15;51,17871;100
92;3;15;51,17871;100
92;3;15;51,51172;100
92;2;2;51,51172;100
92;3;15;51,51172;100
92;3;15;51,51172;100
92;2;2;51,51172;100
92;2;2;51,51172;100
92;2;2;51,84473;100
92;2;2;51,84473;100
92;3;15;51,84473;100
92;2;2;51,84473;100
92;3;15;51,84473;100
92;2;2;51,84473;100
92;2;2;51,84473;100
92;3;15;51,84473;100
92;2;2;51,84473;100
92;3;15;52,17773;100
92;2;2;52,17773;100
92;2;2;52,17773;100
92;3;15;52,17773;100
92;3;15;52,17773;100
92;2;2;52,17773;100
92;3;15;52,17773;100
92;3;15;52,17773;100
92;3;15;52,17773;100
92;3;15;52,17773;100
92;3;15;52,51074;100
92;2;2;52,51074;100
92;3;15;52,51074;100
92;3;15;52,51074;100
92;3;15;52,51074;100
92;3;15;52,51074;100
92;3;15;52,51074;100
92;3;15;52,84375;100
92;2;2;52,84375;100
92;2;2;52,84375;100
92;2;2;52,84375;100
92;2;2;52,84375;100
92;3;15;52,84375;100
92;3;15;52,84375;100
92;3;15;52,84375;100
92;2;2;52,84375;100
92;2;2;53,17676;100
92;3;15;53,17676;100
92;3;15;53,17676;100
92;3;15;53,17676;100
92;3;15;53,17676;100
92;3;15;53,17676;100
92;2;2;53,17676;100
92;2;2;53,17676;100
92;2;2;53,17676;100
92;3;15;53,17676;100
92;2;2;53,50977;100
92;2;2;53,50977;100
92;3;15;53,50977;100
92;3;15;53,50977;100
92;2;2;53,50977;100
92;3;15;53,50977;100
92;2;2;53,50977;100
92;2;2;53,84277;100
92;3;15;53,84277;100
92;3;15;53,84277;100
92;2;2;53,84277;100
92;3;15;53,84277;100
92;3;15;53,84277;100
92;3;15;53,84277;100
92;2;2;53,84277;100
92;3;15;53,84277;100
92;2;2;53,84277;100
92;2;2;54,17578;100
92;3;15;54,17578;100
92;3;15;54,17578;100
92;3;15;54,17578;100
92;3;15;54,17578;100
92;2;2;54,17578;100
92;3;15;54,17578;100
92;2;2;54,17578;100
92;3;15;54,17578;100
92;2;2;54,17578;100
92;2;2;54,50879;100
92;3;15;54,50879;100
92;2;2;54,50879;100
92;2;2;54,50879;100
92;2;2;54,50879;100
92;3;15;54,50879;100
92;2;2;54,8418;100
92;2;2;54,8418;100
92;2;2;54,8418;100
92;3;15;54,8418;100
92;3;15;54,8418;100
92;2;2;54,8418;100
92;3;15;54,8418;100
92;3;15;55,1748;100
92;2;2;55,1748;100
92;3;15;55,1748;100
92;3;15;55,1748;100
92;2;2;55,1748;100
92;3;15;55,50781;100
92;3;15;55,50781;100
92;3;15;55,50781;100
92;3;15;55,50781;100
92;3;15;55,50781;100
92;2;2;55,50781;100
92;2;2;55,50781;100
92;2;2;55,50781;100
92;2;2;55,50781;100
92;3;15;55,50781;100
92;2;2;55,50781;100
92;3;15;55,50781;100
92;2;2;55,84082;100
92;3;15;55,84082;85
92;3;15;55,84082;70
92;3;15;55,84082;55
92;3;15;55,84082;40
92;2;2;55,84082;40
92;3;15;56,17383;25
92;3;15;56,17383;10
92;3;15;56,17383;-5
Player