100;2;2;55,79492;100
100;2;2;55,79492;100
100;2;2;55,79492;100
100;2;2;55,79492;100
100;3;15;55,79492;100
100;3;15;55,79492;100
100;3;15;55,79492;100
100;2;2;55,79492;100
100;2;2;56,12793;100
100;3;15;56,12793;100
100;3;15;56,12793;100
100;2;2;56,12793;100
100;3;15;56,12793;100
100;2;2;56,12793;100
100;3;15;56,46094;100
100;2;2;56,46094;100
100;2;2;56,46094;100
100;3;15;56,46094;100
100;3;15;56,46094;100
100;3;15;56,46094;100
100;3;15;56,46094;100
100;2;2;56,79395;100
100;3;15;56,79395;100
100;3;15;56,79395;100
100;2;2;56,79395;100
100;3;15;56,79395;100
100;2;2;56,79395;100
100;3;15;56,79395;100
100;2;2;56,79395;100
100;2;2;57,12695;100
100;3;15;57,12695;100
100;3;15;57,12695;100
100;3;15;57,12695;100
100;2;2;57,12695;100
100;2;2;57,12695;100
100;3;15;57,12695;100
100;3;15;57,12695;100
100;3;15;57,12695;100
100;3;15;57,12695;100
100;2;2;57,45996;100
100;3;15;57,45996;100
100;2;2;57,45996;100
100;2;2;57,45996;100
100;3;15;57,45996;100
100;3;15;57,45996;100
100;3;15;57,45996;100
100;3;15;57,45996;100
100;3;15;57,45996;100
100;3;15;57,79297;100
100;2;2;57,79297;100
100;3;15;57,79297;100
100;2;2;57,79297;100
100;3;15;57,79297;100
100;3;15;57,79297;100
100;2;2;57,79297;100
100;2;2;58,12598;100
100;2;2;58,12598;100
100;2;2;58,12598;100
100;2;2;58,12598;100
100;3;15;58,12598;100
100;3;15;58,12598;100
100;2;2;58,12598;100
100;2;2;58,12598;100
100;2;2;58,45898;100
100;3;15;58,45898;100
100;3;15;58,45898;100
100;3;15;58,45898;100
100;2;2;58,45898;100
100;2;2;58,45898;100
100;2;2;58,45898;100
100;3;15;58,45898;100
100;2;2;58,45898;100
100;2;2;58,79199;100
100;2;2;58,79199;100
100;2;2;58,79199;100
100;3;15;58,79199;100
100;3;15;58,79199;100
100;3;15;58,79199;100
100;3;15;58,79199;100
100;2;2;58,79199;100
100;2;2;58,79199;100
100;2;2;58,79199;100
100;3;15;59,125;100
100;2;2;59,125;100
100;3;15;59,125;100
100;3;15;59,125;100
100;2;2;59,125;100
100;3;15;59,125;100
100;3;15;59,125;100
100;2;2;59,125;100
100;2;2;59,125;100
100;3;15;59,125;100
100;3;15;59,125;100
100;3;15;59,125;100
100;3;15;59,125;100
100;2;2;59,125;100
100;2;2;59,45801;100
100;2;2;59,45801;100
100;3;15;59,45801;100
100;3;15;59,45801;100
100;3;15;59,45801;100
100;2;2;59,45801;100
100;3;15;59,45801;100
100;2;2;59,45801;100
100;3;15;59,45801;100
100;2;2;59,45801;100
100;3;15;59,45801;100
100;3;15;59,45801;100
100;2;2;59,45801;100
100;3;15;59,79102;100
100;2;2;59,79102;100
100;3;15;59,79102;100
100;3;15;59,79102;100
100;2;2;59,79102;100
100;3;15;59,79102;100
100;2;2;59,79102;100
100;3;15;59,79102;100
100;2;2;59,79102;100
100;3;15;0,1240234;100
100;2;2;0,1240234;100
100;2;2;0,1240234;100
100;2;2;0,1240234;100
100;3;15;0,1240234;100
100;2;2;0,1240234;100
100;2;2;0,1240234;100
100;2;2;0,1240234;100
100;3;15;0,1240234;100
100;2;2;0,4570313;100
100;3;15;0,4570313;100
100;2;2;0,4570313;100
100;2;2;0,4570313;100
100;2;2;0,4570313;100
100;2;2;0,4570313;100
100;2;2;0,4570313;100
100;3;15;0,4570313;100
100;3;15;0,7900391;100
100;3;15;0,7900391;100
100;2;2;0,7900391;100
100;2;2;0,7900391;100
100;3;15;0,7900391;100
100;3;15;0,7900391;100
100;3;15;0,7900391;100
100;2;2;0,7900391;100
100;3;15;0,7900391;100
100;2;2;0,7900391;100
100;3;15;0,7900391;100
100;2;2;0,7900391;100
100;3;15;0,7900391;100
100;3;15;1,123047;100
100;2;2;1,123047;100
100;2;2;1,123047;100
100;3;15;1,123047;100
100;2;2;1,123047;100
100;2;2;1,123047;100
100;3;15;1,456055;100
100;3;15;1,456055;100
100;3;15;1,456055;100
100;3;15;1,456055;100
100;2;2;1,456055;100
100;3;15;1,456055;100
100;3;15;1,456055;100
100;3;15;1,456055;100
100;3;15;1,789063;100
100;2;2;1,789063;100
100;2;2;1,789063;100
100;3;15;1,789063;100
100;2;2;1,789063;100
100;3;15;1,789063;100
100;2;2;1,789063;100
100;2;2;2,12207;100
100;2;2;2,12207;100
100;3;15;2,12207;100
100;3;15;2,12207;100
100;3;15;2,12207;100
100;3;15;2,12207;100
100;3;15;2,12207;100
100;2;2;2,12207;100
100;2;2;2,455078;100
100;2;2;2,455078;100
100;2;2;2,455078;100
100;3;15;2,455078;100
100;2;2;2,455078;100
100;2;2;2,455078;100
100;2;2;2,455078;100
100;3;15;2,788086;100
100;3;15;2,788086;100
100;2;2;2,788086;100
100;2;2;2,788086;100
100;2;2;2,788086;100
100;3;15;2,788086;100
100;2;2;2,788086;100
100;2;2;2,788086;100
100;2;2;3,121094;100
100;3;15;3,121094;100
100;2;2;3,121094;100
100;2;2;3,121094;100
100;3;15;3,121094;100
100;3;15;3,121094;100
100;3;15;3,121094;100
100;3;15;3,454102;100
100;2;2;3,454102;100
100;3;15;3,454102;100
100;3;15;3,454102;100
100;3;15;3,454102;100
100;2;2;3,454102;100
100;3;15;3,454102;100
100;2;2;3,454102;100
100;3;15;3,454102;100
100;2;2;3,454102;100
100;3;15;3,454102;100
100;3;15;3,787109;100
100;3;15;3,787109;100
100;3;15;3,787109;100
100;3;15;3,787109;100
100;2;2;3,787109;100
100;3;15;3,787109;100
100;2;2;3,787109;100
100;3;15;3,787109;100
100;2;2;3,787109;100
100;2;2;3,787109;100
100;2;2;4,120117;100
100;2;2;4,120117;100
100;3;15;4,120117;100
100;2;2;4,120117;100
100;3;15;4,120117;100
100;3;15;4,120117;100
100;3;15;4,120117;100
100;3;15;4,120117;100
100;2;2;4,453125;100
100;2;2;4,453125;100
100;3;15;4,453125;100
100;2;2;4,453125;100
100;3;15;4,453125;100
100;2;2;4,453125;100
100;3;15;4,786133;100
100;3;15;4,786133;100
100;3;15;4,786133;100
100;2;2;4,786133;100
100;2;2;4,786133;100
100;3;15;4,786133;100
100;3;15;4,786133;100
100;2;2;4,786133;100
100;2;2;4,786133;100
100;3;15;4,786133;100
100;2;2;5,119141;100
100;3;15;5,119141;100
100;3;15;5,119141;100
100;2;2;5,119141;100
100;2;2;5,119141;100
100;3;15;5,119141;100
100;2;2;5,119141;100
100;3;15;5,119141;100
100;3;15;5,119141;100
100;2;2;5,119141;100
100;2;2;5,119141;100
100;3;15;5,452148;100
100;2;2;5,452148;100
100;3;15;5,452148;100
100;3;15;5,452148;100
100;3;15;5,452148;100
100;3;15;5,452148;100
100;3;15;5,452148;100
100;3;15;5,785156;100
100;3;15;5,785156;100
100;2;2;5,785156;100
100;2;2;5,785156;100
100;3;15;5,785156;100
100;2;2;5,785156;100
100;2;2;5,785156;100
100;2;2;6,118164;100
100;3;15;6,118164;100
100;2;2;6,118164;100
100;3;15;6,118164;100
100;3;15;6,118164;100
100;3;15;6,118164;100
100;3;15;6,118164;100
100;2;2;6,451172;100
100;2;2;6,451172;100
100;2;2;6,451172;100
100;2;2;6,451172;100
100;2;2;6,451172;100
100;3;15;6,451172;100
100;3;15;6,451172;100
100;3;15;6,451172;100
100;3;15;6,451172;100
100;3;15;6,451172;100
100;3;15;6,451172;100
100;3;15;6,78418;100
100;3;15;6,78418;100
100;3;15;6,78418;100
100;2;2;6,78418;100
100;3;15;6,78418;100
100;3;15;6,78418;100
100;3;15;6,78418;100
100;3;15;6,78418;100
100;3;15;6,78418;100
100;3;15;7,117188;100
100;2;2;7,117188;100
100;3;15;7,117188;100
100;3;15;7,117188;100
100;2;2;7,117188;100
100;2;2;7,117188;100
100;3;15;7,450195;100
100;3;15;7,450195;100
100;3;15;7,450195;100
100;2;2;7,450195;100
100;3;15;7,450195;100
100;2;2;7,450195;100
100;2;2;7,450195;100
100;2;2;7,783203;100
100;2;2;7,783203;100
100;3;15;7,783203;100
100;2;2;7,783203;100
100;2;2;7,783203;100
100;2;2;7,783203;100
100;2;2;7,783203;100
100;3;15;7,783203;100
100;2;2;7,783203;100
100;3;15;7,783203;100
100;3;15;8,116211;100
100;3;15;8,116211;100
100;2;2;8,116211;100
100;3;15;8,116211;100
100;2;2;8,116211;100
100;2;2;8,116211;100
100;2;2;8,116211;100
100;2;2;8,116211;100
100;3;15;8,116211;100
100;2;2;8,116211;100
100;3;15;8,116211;100
100;3;15;8,449219;100
100;3;15;8,449219;100
100;3;15;8,449219;100
100;2;2;8,449219;100
100;3;15;8,449219;100
100;3;15;8,449219;100
100;3;15;8,449219;100
100;2;2;8,449219;100
100;3;15;8,449219;100
100;2;2;8,449219;100
100;3;15;8,449219;100
100;3;15;8,782227;100
100;2;2;8,782227;100
100;2;2;8,782227;100
100;2;2;8,782227;100
100;3;15;8,782227;100
100;2;2;8,782227;100
100;2;2;8,782227;100
100;2;2;9,115234;100
100;3;15;9,115234;100
100;3;15;9,115234;100
100;3;15;9,115234;100
100;2;2;9,115234;100
100;3;15;9,115234;100
100;3;15;9,115234;100
100;2;2;9,448242;100
100;2;2;9,448242;100
100;3;15;9,448242;100
100;3;15;9,448242;100
100;3;15;9,448242;100
100;2;2;9,78125;100
100;3;15;9,78125;100
100;3;15;9,78125;100
100;3;15;9,78125;100
100;3;15;9,78125;100
100;3;15;9,78125;100
100;3;15;9,78125;100
100;2;2;9,78125;100
100;2;2;10,11426;100
100;3;15;10,11426;100
100;2;2;10,11426;100
100;3;15;10,11426;100
100;2;2;10,11426;100
100;3;15;10,11426;100
100;2;2;10,11426;100
100;3;15;10,11426;100
100;3;15;10,11426;100
100;3;15;10,11426;100
100;3;15;10,44727;100
100;2;2;10,44727;100
100;3;15;10,44727;100
100;2;2;10,44727;100
100;3;15;10,44727;100
100;2;2;10,44727;100
100;2;2;10,78027;100
100;2;2;10,78027;100
100;3;15;10,78027;100
100;3;15;10,78027;100
100;2;2;10,78027;100
100;2;2;10,78027;100
100;2;2;10,78027;100
100;2;2;10,78027;100
100;2;2;11,11328;100
100;2;2;11,11328;100
100;2;2;11,11328;100
100;2;2;11,11328;100
100;3;15;11,11328;100
100;2;2;11,11328;100
100;3;15;11,11328;100
100;2;2;11,11328;100
100;2;2;11,11328;100
100;3;15;11,11328;100
100;2;2;11,11328;100
100;2;2;11,44629;100
100;2;2;11,44629;100
100;2;2;11,44629;100
100;3;15;11,44629;100
100;2;2;11,44629;100
100;2;2;11,44629;100
100;3;15;11,44629;100
100;3;15;11,44629;100
100;2;2;11,44629;100
100;3;15;11,44629;100
100;3;15;11,44629;100
100;2;2;11,7793;100
100;2;2;11,7793;100
100;2;2;11,7793;100
100;2;2;11,7793;100
100;2;2;11,7793;100
100;3;15;11,7793;100
100;3;15;11,7793;100
100;3;15;11,7793;100
100;3;15;11,7793;100
100;3;15;12,1123;100
100;2;2;12,1123;100
100;3;15;12,1123;100
100;3;15;12,1123;100
100;2;2;12,1123;100
100;2;2;12,1123;100
100;3;15;12,1123;100
100;3;15;12,1123;100
100;3;15;12,44531;100
100;3;15;12,44531;100
100;3;15;12,44531;100
100;2;2;12,77832;100
100;2;2;12,77832;100
100;2;2;12,77832;100
100;3;15;12,77832;100
100;3;15;12,77832;100
100;2;2;12,77832;100
100;2;2;12,77832;100
100;2;2;12,77832;100
100;2;2;12,77832;100
100;2;2;12,77832;100
100;3;15;12,77832;100
100;2;2;13,11133;100
100;3;15;13,11133;100
100;2;2;13,11133;100
100;3;15;13,11133;100
100;3;15;13,11133;100
100;2;2;13,11133;100
100;2;2;13,11133;100
100;2;2;13,11133;100
100;3;15;13,44434;100
100;2;2;13,44434;100
100;2;2;13,44434;100
100;3;15;13,44434;100
100;2;2;13,44434;100
100;2;2;13,44434;100
100;3;15;13,44434;100
100;2;2;13,44434;100
100;3;15;13,44434;100
100;2;2;13,77734;100
100;2;2;13,77734;100
100;3;15;13,77734;100
100;2;2;13,77734;100
100;2;2;13,77734;100
100;3;15;13,77734;100
100;3;15;13,77734;100
100;3;15;13,77734;100
100;2;2;13,77734;100
100;2;2;14,11035;100
100;2;2;14,11035;100
100;2;2;14,11035;100
100;2;2;14,11035;100
100;2;2;14,11035;100
100;3;15;14,11035;100
100;3;15;14,11035;100
100;2;2;14,11035;100
100;3;15;14,11035;100
100;2;2;14,44336;100
100;3;15;14,44336;100
100;2;2;14,44336;100
100;3;15;14,44336;100
100;3;15;14,44336;100
100;3;15;14,44336;100
100;2;2;14,44336;100
100;2;2;14,44336;100
100;3;15;14,44336;100
100;2;2;14,77637;100
100;3;15;14,77637;100
100;3;15;14,77637;100
100;3;15;14,77637;100
100;3;15;14,77637;100
100;3;15;14,77637;100
100;3;15;14,77637;100
100;2;2;14,77637;100
100;3;15;14,77637;100
100;2;2;15,10938;100
100;2;2;15,10938;100
100;3;15;15,10938;100
100;3;15;15,10938;100
100;3;15;15,10938;100
100;3;15;15,10938;100
100;3;15;15,10938;100
100;2;2;15,10938;100
100;3;15;15,10938;100
100;3;15;15,10938;100
100;2;2;15,44238;100
100;2;2;15,44238;100
100;3;15;15,44238;100
100;2;2;15,44238;100
100;2;2;15,44238;100
100;2;2;15,44238;100
100;2;2;15,44238;100
100;3;15;15,44238;100
100;2;2;15,44238;100
100;2;2;15,44238;100
100;2;2;15,44238;100
100;3;15;15,77539;100
100;2;2;15,77539;100
100;3;15;15,77539;100
100;3;15;15,77539;100
100;3;15;15,77539;100
100;3;15;15,77539;100
100;2;2;16,1084;100
100;3;15;16,1084;100
100;3;15;16,1084;100
100;2;2;16,1084;100
100;3;15;16,1084;100
100;3;15;16,1084;100
100;2;2;16,1084;100
100;2;2;16,1084;100
100;3;15;16,44141;100
100;2;2;16,44141;100
100;2;2;16,44141;100
100;2;2;16,44141;100
100;2;2;16,44141;100
100;3;15;16,77441;100
100;2;2;16,77441;100
100;3;15;16,77441;100
100;2;2;16,77441;100
100;3;15;16,77441;100
100;2;2;16,77441;100
100;3;15;16,77441;100
100;3;15;16,77441;100
100;2;2;16,77441;100
100;2;2;16,77441;100
100;3;15;17,10742;100
100;3;15;17,10742;100
100;3;15;17,10742;100
100;2;2;17,10742;100
100;2;2;17,10742;100
100;2;2;17,10742;100
100;2;2;17,10742;100
100;3;15;17,10742;100
100;2;2;17,10742;100
100;2;2;17,10742;100
100;2;2;17,10742;100
100;3;15;17,44043;100
100;2;2;17,44043;100
100;3;15;17,44043;100
100;2;2;17,44043;100
100;2;2;17,44043;100
100;2;2;17,44043;100
100;2;2;17,77344;100
100;3;15;17,77344;100
100;3;15;17,77344;100
100;2;2;17,77344;100
100;3;15;17,77344;100
100;3;15;17,77344;100
100;3;15;18,10645;100
100;2;2;18,10645;100
100;3;15;18,10645;100
100;2;2;18,10645;100
100;3;15;18,10645;100
100;2;2;18,10645;100
100;2;2;18,10645;100
100;2;2;18,10645;100
100;2;2;18,10645;100
100;2;2;18,10645;100
100;3;15;18,43945;100
100;2;2;18,43945;100
100;3;15;18,43945;100
100;2;2;18,43945;100
100;2;2;18,43945;100
100;3;15;18,43945;100
100;3;15;18,43945;100
100;2;2;18,77246;100
100;2;2;18,77246;100
100;3;15;18,77246;100
100;2;2;18,77246;100
100;2;2;18,77246;100
100;2;2;18,77246;100
100;2;2;18,77246;100
100;3;15;19,10547;100
100;3;15;19,10547;100
100;2;2;19,10547;100
100;3;15;19,10547;100
100;3;15;19,10547;100
100;2;2;19,10547;100
100;3;15;19,10547;100
100;2;2;19,10547;100
100;3;15;19,43848;100
100;3;15;19,43848;100
100;3;15;19,43848;100
100;3;15;19,43848;100
100;3;15;19,43848;100
100;2;2;19,43848;100
100;2;2;19,43848;100
100;3;15;19,43848;100
100;2;2;19,43848;100
100;2;2;19,77148;100
100;2;2;19,77148;100
100;3;15;19,77148;85
100;3;15;19,77148;70
100;2;2;19,77148;70
100;3;15;19,77148;55
100;3;15;19,77148;40
100;2;2;19,77148;40
100;2;2;19,77148;40
100;2;2;19,77148;40
100;3;15;19,77148;25
100;3;15;19,77148;10
100;3;15;20,10449;-5
Player