100;2;2;15,09717;100
100;2;2;15,09717;100
100;3;15;15,09717;100
100;3;15;15,09717;100
100;2;2;15,09717;100
100;3;15;15,09717;100
100;3;15;15,09717;100
100;2;2;15,09717;100
100;2;2;15,43066;100
100;2;2;15,43066;100
100;3;15;15,43066;100
100;3;15;15,43066;100
100;3;15;15,76416;100
100;3;15;15,76416;100
100;2;2;15,76416;100
100;3;15;15,76416;100
100;2;2;15,76416;100
100;2;2;15,76416;100
100;3;15;15,76416;100
100;2;2;15,76416;100
100;3;15;15,76416;100
100;2;2;15,76416;100
100;2;2;16,09766;100
100;3;15;16,09766;100
100;2;2;16,09766;100
100;2;2;16,43115;100
100;3;15;16,43115;100
100;3;15;16,43115;100
100;3;15;16,43115;100
100;2;2;16,43115;100
100;2;2;16,43115;100
100;2;2;16,43115;100
100;3;15;16,43115;100
100;3;15;16,43115;100
100;3;15;16,43115;100
100;3;15;16,43115;100
100;3;15;16,43115;100
100;3;15;16,76465;100
100;3;15;16,76465;100
100;3;15;16,76465;100
100;2;2;16,76465;100
100;2;2;16,76465;100
100;3;15;16,76465;100
100;2;2;16,76465;100
100;2;2;16,76465;100
100;3;15;17,09814;100
100;2;2;17,09814;100
100;2;2;17,09814;100
100;2;2;17,09814;100
100;2;2;17,09814;100
100;3;15;17,09814;100
100;3;15;17,09814;100
100;2;2;17,09814;100
100;3;15;17,09814;100
100;2;2;17,43164;100
100;3;15;17,43164;100
100;3;15;17,43164;100
100;3;15;17,43164;100
100;2;2;17,43164;100
100;3;15;17,43164;100
100;2;2;17,43164;100
100;3;15;17,43164;100
100;3;15;17,43164;100
100;2;2;17,43164;100
100;3;15;17,43164;100
100;2;2;17,76514;100
100;2;2;17,76514;100
100;2;2;17,76514;100
100;2;2;17,76514;100
100;2;2;17,76514;100
100;2;2;17,76514;100
100;2;2;17,76514;100
100;2;2;18,09863;100
100;3;15;18,09863;100
100;2;2;18,09863;100
100;2;2;18,09863;100
100;2;2;18,09863;100
100;2;2;18,09863;100
100;3;15;18,09863;100
100;2;2;18,09863;100
100;2;2;18,43213;100
100;3;15;18,43213;100
100;2;2;18,43213;100
100;3;15;18,43213;100
100;2;2;18,43213;100
100;2;2;18,43213;100
100;3;15;18,43213;100
100;2;2;18,43213;100
100;3;15;18,76563;100
100;2;2;18,76563;100
100;2;2;18,76563;100
100;3;15;18,76563;100
100;3;15;18,76563;100
100;3;15;18,76563;100
100;3;15;18,76563;100
100;3;15;19,09912;100
100;3;15;19,09912;100
100;3;15;19,09912;100
100;3;15;19,09912;100
100;3;15;19,09912;100
100;2;2;19,09912;100
100;2;2;19,09912;100
100;3;15;19,09912;100
100;2;2;19,43262;100
100;2;2;19,43262;100
100;3;15;19,43262;100
100;2;2;19,43262;100
100;3;15;19,43262;100
100;3;15;19,43262;100
100;3;15;19,43262;100
100;2;2;19,43262;100
100;2;2;19,43262;100
100;2;2;19,76611;100
100;2;2;19,76611;100
100;3;15;19,76611;100
100;2;2;19,76611;100
100;3;15;19,76611;100
100;2;2;19,76611;100
100;3;15;19,76611;100
100;3;15;19,76611;100
100;3;15;19,76611;100
100;2;2;19,76611;100
100;2;2;19,76611;100
100;3;15;19,76611;100
100;3;15;20,09961;100
100;3;15;20,09961;100
100;3;15;20,09961;100
100;2;2;20,09961;100
100;2;2;20,09961;100
100;3;15;20,09961;100
100;2;2;20,09961;100
100;3;15;20,09961;100
100;3;15;20,09961;100
100;3;15;20,09961;100
100;3;15;20,09961;100
100;2;2;20,09961;100
100;3;15;20,43311;100
100;2;2;20,43311;100
100;3;15;20,43311;100
100;3;15;20,43311;100
100;2;2;20,43311;100
100;2;2;20,43311;100
100;3;15;20,43311;100
100;3;15;20,43311;100
100;3;15;20,43311;100
100;2;2;20,7666;100
100;2;2;20,7666;100
100;2;2;20,7666;100
100;2;2;20,7666;100
100;2;2;20,7666;100
100;2;2;20,7666;100
100;2;2;20,7666;100
100;2;2;20,7666;100
100;3;15;21,1001;100
100;3;15;21,1001;100
100;2;2;21,1001;100
100;3;15;21,1001;100
100;3;15;21,1001;100
100;3;15;21,1001;100
100;2;2;21,1001;100
100;2;2;21,1001;100
100;3;15;21,1001;100
100;3;15;21,1001;100
100;2;2;21,43359;100
100;2;2;21,43359;100
100;3;15;21,43359;100
100;2;2;21,43359;100
100;3;15;21,43359;100
100;3;15;21,43359;100
100;2;2;21,43359;100
100;2;2;21,76709;100
100;3;15;21,76709;100
100;3;15;21,76709;100
100;3;15;21,76709;100
100;3;15;21,76709;100
100;2;2;21,76709;100
100;3;15;21,76709;100
100;3;15;21,76709;100
100;3;15;21,76709;100
100;3;15;21,76709;100
100;3;15;21,76709;100
100;3;15;21,76709;100
100;3;15;22,10059;100
100;3;15;22,10059;100
100;3;15;22,10059;100
100;2;2;22,10059;100
100;2;2;22,10059;100
100;2;2;22,10059;100
100;3;15;22,10059;100
100;3;15;22,10059;100
100;2;2;22,43408;100
100;3;15;22,43408;100
100;2;2;22,43408;100
100;2;2;22,43408;100
100;3;15;22,43408;100
100;3;15;22,43408;100
100;2;2;22,43408;100
100;2;2;22,43408;100
100;3;15;22,43408;100
100;2;2;22,43408;100
100;2;2;22,76758;100
100;2;2;22,76758;100
100;2;2;22,76758;100
100;2;2;22,76758;100
100;3;15;22,76758;100
100;2;2;22,76758;100
100;2;2;22,76758;100
100;2;2;22,76758;100
100;2;2;23,10107;100
100;3;15;23,10107;100
100;3;15;23,10107;100
100;3;15;23,10107;100
100;3;15;23,10107;100
100;3;15;23,10107;100
100;2;2;23,10107;100
100;3;15;23,10107;100
100;2;2;23,10107;100
100;3;15;23,10107;100
100;2;2;23,43457;100
100;2;2;23,43457;100
100;2;2;23,43457;100
100;2;2;23,43457;100
100;3;15;23,43457;100
100;3;15;23,43457;100
100;2;2;23,76807;100
100;3;15;23,76807;100
100;3;15;23,76807;100
100;3;15;23,76807;100
100;3;15;23,76807;100
100;3;15;23,76807;100
100;3;15;23,76807;100
100;3;15;23,76807;100
100;2;2;24,10156;100
100;2;2;24,10156;100
100;2;2;24,10156;100
100;3;15;24,10156;100
100;3;15;24,10156;100
100;2;2;24,10156;100
100;2;2;24,10156;100
100;2;2;24,10156;100
100;3;15;24,10156;100
100;2;2;24,10156;100
100;2;2;24,10156;100
100;2;2;24,43506;100
100;3;15;24,43506;100
100;2;2;24,43506;100
100;2;2;24,43506;100
100;2;2;24,43506;100
100;3;15;24,43506;100
100;3;15;24,43506;100
100;3;15;24,43506;100
100;3;15;24,43506;100
100;3;15;24,43506;100
100;3;15;24,43506;100
100;2;2;24,76855;100
100;2;2;24,76855;100
100;3;15;24,76855;100
100;2;2;24,76855;100
100;2;2;24,76855;100
100;2;2;24,76855;100
100;2;2;24,76855;100
100;2;2;24,76855;100
100;3;15;24,76855;100
100;2;2;25,10205;100
100;3;15;25,10205;100
100;3;15;25,10205;100
100;3;15;25,10205;100
100;2;2;25,10205;100
100;3;15;25,10205;100
100;2;2;25,10205;100
100;3;15;25,10205;100
100;2;2;25,10205;100
100;2;2;25,43555;100
100;2;2;25,43555;100
100;3;15;25,43555;100
100;2;2;25,43555;100
100;3;15;25,43555;100
100;3;15;25,43555;100
100;2;2;25,43555;100
100;3;15;25,43555;100
100;3;15;25,43555;100
100;3;15;25,43555;100
100;2;2;25,43555;100
100;2;2;25,43555;100
100;2;2;25,76904;100
100;3;15;25,76904;100
100;3;15;25,76904;100
100;3;15;25,76904;100
100;2;2;25,76904;100
100;2;2;25,76904;100
100;2;2;25,76904;100
100;3;15;25,76904;100
100;3;15;25,76904;100
100;3;15;25,76904;100
100;3;15;26,10254;100
100;3;15;26,10254;100
100;2;2;26,10254;100
100;3;15;26,10254;100
100;2;2;26,10254;100
100;3;15;26,10254;100
100;2;2;26,10254;100
100;2;2;26,10254;100
100;3;15;26,10254;100
100;3;15;26,10254;100
100;2;2;26,43604;100
100;2;2;26,43604;100
100;3;15;26,43604;100
100;3;15;26,43604;100
100;3;15;26,43604;100
100;2;2;26,43604;100
100;2;2;26,43604;100
100;2;2;26,43604;100
100;3;15;26,43604;100
100;3;15;26,76953;100
100;2;2;26,76953;100
100;3;15;26,76953;100
100;2;2;26,76953;100
100;2;2;26,76953;100
100;2;2;26,76953;100
100;2;2;26,76953;100
100;2;2;26,76953;100
100;2;2;27,10303;100
100;3;15;27,10303;85
100;3;15;27,10303;70
100;2;2;27,10303;70
100;3;15;27,10303;55
100;2;2;27,10303;55
100;3;15;27,10303;40
100;3;15;27,10303;25
100;3;15;27,10303;10
100;2;2;27,10303;10
100;2;2;27,43652;10
100;2;2;27,43652;10
100;3;15;27,43652;10
100;3;15;27,43652;10
100;2;2;27,43652;10
100;3;15;27,43652;10
100;3;15;27,43652;10
100;2;2;27,43652;10
100;3;15;27,77002;10
100;2;2;27,77002;10
100;2;2;27,77002;10
100;2;2;27,77002;10
100;2;2;27,77002;10
100;3;15;27,77002;10
100;3;15;27,77002;10
100;2;2;27,77002;10
100;3;15;27,77002;10
100;3;15;28,10352;10
100;2;2;28,10352;10
100;2;2;28,10352;10
100;2;2;28,10352;10
100;3;15;28,10352;10
100;3;15;28,10352;10
100;2;2;28,10352;10
100;3;15;28,10352;10
100;3;15;28,10352;10
100;3;15;28,43701;10
100;3;15;28,43701;10
100;3;15;28,43701;10
100;2;2;28,43701;10
100;3;15;28,43701;10
100;3;15;28,43701;10
100;3;15;28,43701;10
100;2;2;28,43701;10
100;3;15;28,43701;10
100;3;15;28,43701;10
100;2;2;28,77051;10
100;2;2;28,77051;10
100;2;2;28,77051;10
100;2;2;28,77051;10
100;3;15;28,77051;10
100;3;15;28,77051;10
100;2;2;28,77051;10
100;3;15;29,104;10
100;2;2;29,104;10
100;2;2;29,104;10
100;2;2;29,104;10
100;3;15;29,104;10
100;2;2;29,104;10
100;3;15;29,104;10
100;2;2;29,4375;10
100;3;15;29,4375;-5
Player