100;2;2;18,11523;100
100;2;2;18,11523;100
100;2;2;18,11523;100
100;2;2;18,11523;100
100;2;2;18,11523;100
100;3;15;18,11523;100
100;2;2;18,11523;100
100;3;15;18,11523;100
100;3;15;18,11523;100
100;2;2;18,44824;100
100;3;15;18,44824;100
100;3;15;18,44824;100
100;3;15;18,44824;100
100;3;15;18,44824;100
100;2;2;18,44824;100
100;2;2;18,44824;100
100;3;15;18,78125;100
100;3;15;18,78125;100
100;3;15;18,78125;100
100;2;2;18,78125;100
100;2;2;18,78125;100
100;2;2;18,78125;100
100;3;15;18,78125;100
100;3;15;19,11426;100
100;2;2;19,11426;100
100;3;15;19,11426;100
100;2;2;19,11426;100
100;2;2;19,11426;100
100;2;2;19,11426;100
100;2;2;19,11426;100
100;2;2;19,11426;100
100;3;15;19,44727;100
100;3;15;19,44727;100
100;2;2;19,44727;100
100;3;15;19,44727;100
100;2;2;19,44727;100
100;2;2;19,44727;100
100;3;15;19,44727;100
100;3;15;19,44727;100
100;3;15;19,78027;100
100;3;15;19,78027;100
100;3;15;19,78027;100
100;3;15;19,78027;100
100;3;15;19,78027;100
100;3;15;19,78027;100
100;3;15;19,78027;100
100;3;15;19,78027;100
100;3;15;20,11328;100
100;2;2;20,11328;100
100;3;15;20,11328;100
100;3;15;20,11328;100
100;2;2;20,11328;100
100;3;15;20,11328;100
100;2;2;20,11328;100
100;2;2;20,44629;100
100;2;2;20,44629;100
100;3;15;20,44629;100
100;2;2;20,44629;100
100;2;2;20,44629;100
100;3;15;20,44629;100
100;3;15;20,44629;100
100;2;2;20,44629;100
100;3;15;20,44629;100
100;3;15;20,7793;100
100;3;15;20,7793;100
100;3;15;20,7793;100
100;2;2;20,7793;100
100;2;2;20,7793;100
100;3;15;20,7793;100
100;3;15;20,7793;100
100;2;2;20,7793;100
100;3;15;20,7793;100
100;3;15;20,7793;100
100;2;2;21,1123;100
100;3;15;21,1123;100
100;2;2;21,1123;100
100;2;2;21,1123;100
100;2;2;21,1123;100
100;3;15;21,1123;100
100;3;15;21,1123;100
100;3;15;21,44531;100
100;3;15;21,44531;100
100;3;15;21,44531;100
100;3;15;21,44531;100
100;3;15;21,44531;100
100;2;2;21,77832;100
100;2;2;21,77832;100
100;3;15;21,77832;100
100;2;2;21,77832;100
100;3;15;21,77832;100
100;3;15;21,77832;100
100;3;15;22,11133;100
100;3;15;22,11133;100
100;3;15;22,11133;100
100;3;15;22,11133;100
100;3;15;22,11133;100
100;3;15;22,11133;100
100;2;2;22,11133;100
100;2;2;22,11133;100
100;3;15;22,11133;100
100;2;2;22,44434;100
100;2;2;22,44434;100
100;3;15;22,44434;100
100;3;15;22,44434;100
100;3;15;22,44434;100
100;3;15;22,44434;100
100;3;15;22,77734;100
100;2;2;22,77734;100
100;3;15;22,77734;100
100;2;2;22,77734;100
100;3;15;22,77734;100
100;2;2;22,77734;100
100;2;2;22,77734;100
100;3;15;22,77734;100
100;3;15;22,77734;100
100;2;2;22,77734;100
100;2;2;23,11035;100
100;2;2;23,11035;100
100;2;2;23,11035;100
100;2;2;23,11035;100
100;2;2;23,11035;100
100;2;2;23,11035;100
100;3;15;23,11035;100
100;2;2;23,11035;100
100;3;15;23,11035;100
100;2;2;23,44336;100
100;3;15;23,44336;100
100;2;2;23,44336;100
100;3;15;23,44336;100
100;3;15;23,44336;100
100;2;2;23,44336;100
100;3;15;23,44336;100
100;2;2;23,44336;100
100;3;15;23,44336;100
100;2;2;23,77637;100
100;2;2;23,77637;100
100;3;15;23,77637;100
100;2;2;23,77637;100
100;2;2;23,77637;100
100;2;2;23,77637;100
100;2;2;23,77637;100
100;3;15;23,77637;100
100;3;15;23,77637;100
100;2;2;24,10938;100
100;3;15;24,10938;100
100;3;15;24,10938;100
100;3;15;24,10938;100
100;3;15;24,10938;100
100;2;2;24,10938;100
100;2;2;24,44238;100
100;2;2;24,44238;100
100;2;2;24,44238;100
100;2;2;24,44238;100
100;3;15;24,44238;100
100;2;2;24,44238;100
100;2;2;24,44238;100
100;2;2;24,44238;100
100;3;15;24,44238;100
100;2;2;24,44238;100
100;3;15;24,44238;100
100;3;15;24,77539;100
100;3;15;24,77539;100
100;3;15;24,77539;100
100;3;15;24,77539;100
100;2;2;24,77539;100
100;2;2;24,77539;100
100;3;15;25,1084;100
100;2;2;25,1084;100
100;3;15;25,1084;100
100;2;2;25,1084;100
100;3;15;25,1084;100
100;3;15;25,1084;100
100;2;2;25,1084;100
100;2;2;25,1084;100
100;2;2;25,1084;100
100;2;2;25,1084;100
100;2;2;25,1084;100
100;2;2;25,1084;100
100;2;2;25,44141;100
100;3;15;25,44141;100
100;3;15;25,44141;100
100;3;15;25,44141;100
100;2;2;25,44141;100
100;3;15;25,44141;100
100;3;15;25,44141;100
100;2;2;25,44141;100
100;2;2;25,44141;100
100;2;2;25,77441;100
100;3;15;25,77441;100
100;3;15;25,77441;100
100;2;2;25,77441;100
100;3;15;25,77441;100
100;2;2;25,77441;100
100;2;2;25,77441;100
100;3;15;25,77441;100
100;3;15;25,77441;100
100;2;2;25,77441;100
100;2;2;25,77441;100
100;2;2;26,10742;100
100;3;15;26,10742;100
100;3;15;26,10742;100
100;2;2;26,10742;100
100;3;15;26,10742;100
100;2;2;26,10742;100
100;3;15;26,10742;100
100;3;15;26,10742;100
100;2;2;26,10742;100
100;2;2;26,44043;100
100;3;15;26,44043;100
100;3;15;26,44043;100
100;3;15;26,44043;100
100;2;2;26,44043;100
100;3;15;26,44043;100
100;2;2;26,44043;100
100;2;2;26,44043;100
100;3;15;26,77344;100
100;2;2;26,77344;100
100;3;15;26,77344;100
100;3;15;26,77344;100
100;3;15;26,77344;100
100;3;15;26,77344;100
100;3;15;26,77344;100
100;2;2;26,77344;100
100;2;2;26,77344;100
100;3;15;26,77344;100
100;3;15;27,10645;100
100;3;15;27,10645;100
100;2;2;27,10645;100
100;3;15;27,10645;100
100;2;2;27,10645;100
100;2;2;27,10645;100
100;2;2;27,10645;100
100;2;2;27,10645;100
100;2;2;27,10645;100
100;2;2;27,10645;100
100;2;2;27,10645;100
100;3;15;27,43945;100
100;3;15;27,43945;100
100;3;15;27,43945;100
100;3;15;27,43945;100
100;3;15;27,77246;100
100;2;2;27,77246;100
100;2;2;27,77246;100
100;2;2;27,77246;100
100;3;15;27,77246;100
100;2;2;27,77246;100
100;2;2;27,77246;100
100;2;2;27,77246;100
100;2;2;27,77246;100
100;3;15;27,77246;100
100;3;15;27,77246;100
100;2;2;27,77246;100
100;2;2;27,77246;100
100;3;15;28,10547;100
100;2;2;28,10547;100
100;3;15;28,10547;100
100;3;15;28,10547;100
100;3;15;28,10547;100
100;3;15;28,10547;100
100;3;15;28,10547;100
100;3;15;28,43848;100
100;2;2;28,43848;100
100;3;15;28,43848;100
100;2;2;28,43848;100
100;2;2;28,43848;100
100;2;2;28,43848;100
100;3;15;28,43848;100
100;3;15;28,43848;100
100;2;2;28,43848;100
100;3;15;28,43848;100
100;3;15;28,43848;100
100;3;15;28,43848;100
100;3;15;28,77148;100
100;3;15;28,77148;100
100;3;15;28,77148;100
100;2;2;28,77148;100
100;2;2;28,77148;100
100;2;2;28,77148;100
100;3;15;28,77148;100
100;2;2;28,77148;100
100;3;15;29,10449;100
100;2;2;29,10449;100
100;3;15;29,10449;100
100;2;2;29,10449;100
100;3;15;29,10449;100
100;2;2;29,10449;100
100;2;2;29,10449;100
100;2;2;29,10449;100
100;3;15;29,4375;100
100;3;15;29,4375;100
100;3;15;29,4375;100
100;2;2;29,4375;100
100;3;15;29,4375;100
100;3;15;29,4375;100
100;3;15;29,4375;100
100;2;2;29,4375;100
100;3;15;29,4375;100
100;2;2;29,4375;100
100;2;2;29,77051;100
100;3;15;29,77051;100
100;2;2;29,77051;100
100;2;2;29,77051;100
100;2;2;29,77051;100
100;3;15;29,77051;100
100;2;2;29,77051;100
100;3;15;29,77051;100
100;2;2;29,77051;100
100;3;15;30,10352;100
100;2;2;30,10352;100
100;3;15;30,10352;100
100;2;2;30,10352;100
100;3;15;30,10352;100
100;3;15;30,10352;100
100;3;15;30,10352;100
100;2;2;30,10352;100
100;3;15;30,10352;100
100;3;15;30,10352;100
100;3;15;30,10352;100
100;3;15;30,10352;100
100;2;2;30,43652;100
100;3;15;30,43652;100
100;2;2;30,43652;100
100;3;15;30,43652;100
100;2;2;30,43652;100
100;2;2;30,43652;100
100;3;15;30,43652;100
100;3;15;30,43652;100
100;2;2;30,43652;100
100;2;2;30,43652;100
100;3;15;30,76953;100
100;3;15;30,76953;100
100;3;15;30,76953;100
100;3;15;30,76953;100
100;3;15;30,76953;100
100;3;15;30,76953;100
100;2;2;31,10254;100
100;2;2;31,10254;100
100;3;15;31,10254;100
100;2;2;31,10254;100
100;3;15;31,10254;100
100;2;2;31,10254;100
100;3;15;31,10254;100
100;3;15;31,10254;100
100;2;2;31,10254;100
100;2;2;31,43555;100
100;3;15;31,43555;100
100;3;15;31,43555;100
100;2;2;31,43555;100
100;3;15;31,43555;100
100;2;2;31,43555;100
100;2;2;31,43555;100
100;2;2;31,76855;100
100;3;15;31,76855;100
100;3;15;31,76855;100
100;2;2;31,76855;100
100;2;2;31,76855;100
100;3;15;31,76855;100
100;3;15;31,76855;100
100;3;15;31,76855;100
100;2;2;31,76855;100
100;2;2;31,76855;100
100;3;15;31,76855;100
100;2;2;31,76855;100
100;2;2;32,10156;100
100;2;2;32,10156;100
100;3;15;32,10156;100
100;2;2;32,10156;100
100;3;15;32,10156;100
100;3;15;32,10156;100
100;2;2;32,10156;100
100;2;2;32,10156;100
100;3;15;32,10156;100
100;2;2;32,43457;100
100;3;15;32,43457;100
100;2;2;32,43457;100
100;2;2;32,43457;100
100;2;2;32,43457;100
100;3;15;32,43457;100
100;2;2;32,43457;100
100;3;15;32,43457;100
100;3;15;32,76758;100
100;3;15;32,76758;100
100;2;2;32,76758;100
100;3;15;32,76758;100
100;2;2;32,76758;100
100;3;15;32,76758;100
100;2;2;32,76758;100
100;2;2;32,76758;100
100;3;15;33,10059;100
100;3;15;33,10059;100
100;2;2;33,10059;100
100;3;15;33,10059;100
100;3;15;33,10059;100
100;3;15;33,10059;100
100;3;15;33,10059;100
100;3;15;33,10059;100
100;3;15;33,10059;100
100;3;15;33,43359;100
100;3;15;33,43359;100
100;2;2;33,43359;100
100;3;15;33,43359;100
100;2;2;33,43359;100
100;2;2;33,43359;100
100;2;2;33,43359;100
100;2;2;33,7666;100
100;2;2;33,7666;100
100;3;15;33,7666;100
100;2;2;33,7666;100
100;3;15;33,7666;100
100;3;15;33,7666;100
100;3;15;33,7666;100
100;3;15;33,7666;100
100;3;15;34,09961;100
100;3;15;34,09961;100
100;3;15;34,09961;100
100;2;2;34,09961;100
100;3;15;34,09961;100
100;3;15;34,09961;100
100;2;2;34,09961;100
100;3;15;34,09961;100
100;2;2;34,09961;100
100;2;2;34,09961;100
100;2;2;34,43262;100
100;2;2;34,43262;100
100;2;2;34,43262;100
100;2;2;34,43262;100
100;3;15;34,43262;100
100;3;15;34,43262;100
100;3;15;34,43262;100
100;3;15;34,76563;100
100;2;2;34,76563;100
100;2;2;34,76563;100
100;3;15;34,76563;100
100;3;15;34,76563;100
100;3;15;34,76563;100
100;2;2;35,09863;100
100;2;2;35,09863;100
100;2;2;35,09863;100
100;2;2;35,09863;100
100;3;15;35,09863;100
100;3;15;35,09863;100
100;2;2;35,09863;100
100;3;15;35,09863;100
100;3;15;35,09863;100
100;3;15;35,43164;100
100;3;15;35,43164;100
100;2;2;35,43164;100
100;2;2;35,43164;100
100;2;2;35,43164;100
100;2;2;35,43164;100
100;2;2;35,43164;100
100;2;2;35,43164;100
100;2;2;35,43164;100
100;2;2;35,76465;100
100;2;2;35,76465;100
100;2;2;35,76465;100
100;3;15;35,76465;100
100;2;2;35,76465;100
100;2;2;35,76465;100
100;2;2;35,76465;100
100;2;2;35,76465;100
100;3;15;35,76465;100
100;3;15;36,09766;100
100;3;15;36,09766;100
100;2;2;36,09766;100
100;3;15;36,09766;100
100;3;15;36,09766;100
100;3;15;36,09766;100
100;2;2;36,09766;100
100;3;15;36,09766;100
100;3;15;36,09766;100
100;3;15;36,09766;100
100;3;15;36,09766;100
100;3;15;36,43066;100
100;2;2;36,43066;100
100;3;15;36,43066;100
100;2;2;36,43066;100
100;3;15;36,43066;100
100;3;15;36,43066;100
100;2;2;36,43066;100
100;2;2;36,43066;100
100;3;15;36,43066;100
100;3;15;36,76367;100
100;2;2;36,76367;100
100;2;2;36,76367;100
100;2;2;36,76367;100
100;2;2;37,09668;100
100;3;15;37,09668;100
100;3;15;37,09668;100
100;3;15;37,09668;100
100;3;15;37,09668;100
100;3;15;37,42969;100
100;2;2;37,42969;100
100;2;2;37,42969;100
100;2;2;37,42969;100
100;3;15;37,42969;100
100;2;2;37,42969;100
100;2;2;37,7627;100
100;2;2;37,7627;100
100;3;15;37,7627;100
100;3;15;37,7627;100
100;2;2;37,7627;100
100;3;15;37,7627;100
100;3;15;37,7627;100
100;3;15;37,7627;100
100;2;2;37,7627;100
100;2;2;37,7627;100
100;3;15;37,7627;100
100;3;15;37,7627;100
100;3;15;38,0957;100
100;3;15;38,0957;100
100;2;2;38,0957;100
100;3;15;38,0957;100
100;2;2;38,0957;100
100;2;2;38,0957;100
100;2;2;38,0957;100
100;3;15;38,42871;100
100;3;15;38,42871;100
100;2;2;38,42871;100
100;3;15;38,42871;100
100;3;15;38,42871;100
100;3;15;38,42871;100
100;2;2;38,42871;100
100;3;15;38,42871;100
100;2;2;38,42871;100
100;3;15;38,76172;100
100;2;2;38,76172;100
100;2;2;38,76172;100
100;2;2;38,76172;100
100;2;2;38,76172;100
100;2;2;38,76172;100
100;3;15;38,76172;100
100;3;15;38,76172;100
100;2;2;38,76172;100
100;3;15;38,76172;100
100;3;15;38,76172;100
100;2;2;38,76172;100
100;2;2;38,76172;100
100;2;2;39,09473;100
100;2;2;39,09473;100
100;3;15;39,09473;100
100;3;15;39,09473;100
100;2;2;39,09473;100
100;3;15;39,09473;100
100;2;2;39,09473;100
100;2;2;39,09473;100
100;2;2;39,42773;100
100;3;15;39,42773;100
100;3;15;39,42773;100
100;3;15;39,42773;100
100;3;15;39,42773;100
100;2;2;39,42773;100
100;3;15;39,42773;100
100;2;2;39,42773;100
100;3;15;39,76074;100
100;2;2;39,76074;100
100;3;15;39,76074;100
100;2;2;39,76074;100
100;3;15;39,76074;100
100;3;15;39,76074;100
100;2;2;40,09375;100
100;2;2;40,09375;100
100;2;2;40,09375;100
100;3;15;40,09375;100
100;3;15;40,09375;100
100;3;15;40,09375;100
100;3;15;40,42676;100
100;2;2;40,42676;100
100;3;15;40,42676;100
100;2;2;40,42676;100
100;3;15;40,42676;100
100;3;15;40,42676;100
100;3;15;40,42676;100
100;3;15;40,75977;100
100;2;2;40,75977;100
100;3;15;40,75977;100
100;2;2;40,75977;100
100;3;15;40,75977;100
100;2;2;40,75977;100
100;2;2;40,75977;100
100;2;2;40,75977;100
100;3;15;40,75977;100
100;2;2;41,09277;100
100;2;2;41,09277;100
100;3;15;41,09277;100
100;2;2;41,09277;100
100;2;2;41,09277;100
100;3;15;41,09277;100
100;2;2;41,42578;100
100;3;15;41,42578;100
100;3;15;41,42578;100
100;3;15;41,42578;100
100;3;15;41,42578;100
100;3;15;41,42578;100
100;2;2;41,42578;100
100;2;2;41,42578;100
100;3;15;41,42578;100
100;2;2;41,42578;100
100;3;15;41,75879;100
100;3;15;41,75879;100
100;3;15;41,75879;100
100;3;15;41,75879;100
100;2;2;41,75879;100
100;3;15;41,75879;100
100;3;15;41,75879;100
100;3;15;42,0918;100
100;3;15;42,0918;100
100;3;15;42,0918;100
100;3;15;42,0918;100
100;2;2;42,0918;100
100;2;2;42,0918;100
100;2;2;42,0918;100
100;3;15;42,0918;100
100;3;15;42,0918;100
100;2;2;42,0918;100
100;3;15;42,0918;100
100;2;2;42,0918;100
100;2;2;42,4248;100
100;2;2;42,4248;100
100;3;15;42,4248;100
100;3;15;42,4248;100
100;3;15;42,4248;100
100;2;2;42,4248;100
100;3;15;42,4248;100
100;3;15;42,4248;100
100;3;15;42,4248;100
100;2;2;42,4248;100
100;2;2;42,75781;100
100;2;2;42,75781;100
100;2;2;42,75781;100
100;3;15;42,75781;100
100;3;15;42,75781;100
100;2;2;42,75781;100
100;2;2;42,75781;100
100;3;15;42,75781;100
100;3;15;42,75781;100
100;3;15;42,75781;100
100;3;15;43,09082;100
100;2;2;43,09082;100
100;2;2;43,09082;100
100;3;15;43,09082;100
100;2;2;43,09082;100
100;3;15;43,09082;100
100;3;15;43,09082;100
100;2;2;43,09082;100
100;3;15;43,42383;100
100;2;2;43,42383;100
100;3;15;43,42383;100
100;2;2;43,42383;100
100;2;2;43,42383;100
100;2;2;43,42383;100
100;2;2;43,75684;100
100;3;15;43,75684;100
100;3;15;43,75684;100
100;3;15;43,75684;100
100;3;15;43,75684;100
100;2;2;43,75684;100
100;2;2;43,75684;100
100;3;15;43,75684;100
100;3;15;43,75684;100
100;2;2;44,08984;100
100;2;2;44,08984;100
100;3;15;44,08984;100
100;3;15;44,08984;100
100;3;15;44,08984;100
100;2;2;44,08984;100
100;3;15;44,08984;100
100;3;15;44,08984;100
100;2;2;44,42285;100
100;2;2;44,42285;100
100;2;2;44,42285;100
100;3;15;44,42285;100
100;2;2;44,42285;100
100;2;2;44,42285;100
100;3;15;44,75586;100
100;3;15;44,75586;100
100;2;2;44,75586;100
100;3;15;44,75586;100
100;3;15;44,75586;100
100;3;15;44,75586;100
100;2;2;45,08887;100
100;2;2;45,08887;100
100;3;15;45,08887;100
100;2;2;45,08887;100
100;2;2;45,08887;100
100;3;15;45,08887;100
100;2;2;45,08887;100
100;2;2;45,42188;100
100;3;15;45,42188;100
100;3;15;45,42188;100
100;3;15;45,42188;100
100;2;2;45,42188;100
100;3;15;45,42188;100
100;2;2;45,42188;100
100;2;2;45,42188;100
100;3;15;45,75488;100
100;2;2;45,75488;100
100;3;15;45,75488;100
100;3;15;45,75488;100
100;2;2;45,75488;100
100;2;2;45,75488;100
100;2;2;45,75488;100
100;3;15;45,75488;100
100;2;2;46,08789;100
100;3;15;46,08789;100
100;2;2;46,08789;100
100;2;2;46,08789;100
100;3;15;46,08789;100
100;3;15;46,08789;100
100;2;2;46,08789;100
100;2;2;46,08789;100
100;2;2;46,08789;100
100;2;2;46,08789;100
100;3;15;46,4209;100
100;3;15;46,4209;100
100;2;2;46,4209;100
100;2;2;46,4209;100
100;3;15;46,4209;100
100;3;15;46,4209;100
100;3;15;46,4209;100
100;2;2;46,4209;100
100;2;2;46,4209;100
100;2;2;46,75391;100
100;2;2;46,75391;100
100;3;15;46,75391;100
100;2;2;46,75391;100
100;3;15;46,75391;100
100;3;15;46,75391;100
100;3;15;47,08691;100
100;3;15;47,08691;100
100;3;15;47,08691;100
100;2;2;47,08691;100
100;2;2;47,08691;100
100;2;2;47,08691;100
100;3;15;47,08691;100
100;3;15;47,08691;100
100;3;15;47,08691;100
100;3;15;47,08691;100
100;3;15;47,08691;100
100;2;2;47,41992;100
100;2;2;47,41992;100
100;2;2;47,41992;100
100;2;2;47,41992;100
100;3;15;47,41992;100
100;2;2;47,75293;100
100;2;2;47,75293;100
100;2;2;47,75293;100
100;2;2;47,75293;100
100;3;15;48,08594;100
100;3;15;48,08594;100
100;3;15;48,08594;100
100;2;2;48,08594;100
100;3;15;48,08594;100
100;3;15;48,08594;100
100;3;15;48,08594;100
100;3;15;48,08594;100
100;3;15;48,08594;100
100;3;15;48,08594;100
100;2;2;48,41895;100
100;2;2;48,41895;100
100;3;15;48,41895;100
100;2;2;48,41895;100
100;2;2;48,41895;100
100;3;15;48,41895;100
100;3;15;48,41895;100
100;2;2;48,75195;100
100;2;2;48,75195;100
100;2;2;48,75195;100
100;2;2;48,75195;100
100;3;15;48,75195;100
100;2;2;48,75195;100
100;2;2;48,75195;100
100;3;15;48,75195;100
100;3;15;48,75195;100
100;3;15;49,08496;100
100;3;15;49,08496;100
100;3;15;49,08496;100
100;2;2;49,08496;100
100;3;15;49,08496;100
100;3;15;49,08496;100
100;3;15;49,08496;100
100;2;2;49,41797;100
100;3;15;49,41797;100
100;3;15;49,41797;100
100;3;15;49,41797;100
100;3;15;49,41797;100
100;3;15;49,41797;100
100;3;15;49,41797;100
100;2;2;49,41797;100
100;2;2;49,41797;100
100;3;15;49,41797;100
100;3;15;49,41797;100
100;2;2;49,75098;100
100;2;2;49,75098;100
100;3;15;49,75098;100
100;3;15;49,75098;100
100;2;2;49,75098;100
100;2;2;49,75098;100
100;2;2;49,75098;100
100;3;15;49,75098;100
100;3;15;49,75098;100
100;3;15;50,08398;100
100;3;15;50,08398;100
100;3;15;50,08398;100
100;3;15;50,08398;100
100;3;15;50,08398;100
100;2;2;50,08398;100
100;2;2;50,08398;100
100;3;15;50,08398;100
100;2;2;50,08398;100
100;3;15;50,08398;100
100;3;15;50,08398;100
100;3;15;50,41699;100
100;3;15;50,41699;100
100;3;15;50,41699;100
100;2;2;50,41699;100
100;3;15;50,41699;100
100;3;15;50,41699;100
100;2;2;50,41699;100
100;2;2;50,41699;100
100;3;15;50,41699;100
100;3;15;50,41699;100
100;2;2;50,75;100
100;2;2;50,75;100
100;3;15;50,75;100
100;2;2;50,75;100
100;2;2;50,75;100
100;3;15;50,75;100
100;3;15;51,08301;100
100;2;2;51,08301;100
100;3;15;51,08301;100
100;2;2;51,08301;100
100;2;2;51,08301;100
100;3;15;51,08301;100
100;2;2;51,08301;100
100;2;2;51,08301;100
100;2;2;51,08301;100
100;3;15;51,41602;100
100;3;15;51,41602;100
100;3;15;51,41602;100
100;2;2;51,41602;100
100;2;2;51,41602;100
100;3;15;51,41602;100
100;3;15;51,41602;100
100;2;2;51,41602;100
100;2;2;51,41602;100
100;2;2;51,41602;100
100;2;2;51,41602;100
100;2;2;51,74902;100
100;3;15;51,74902;100
100;2;2;51,74902;100
100;2;2;51,74902;100
100;2;2;51,74902;100
100;3;15;51,74902;100
100;2;2;51,74902;100
100;3;15;51,74902;100
100;2;2;52,08203;100
100;2;2;52,08203;100
100;2;2;52,08203;100
100;2;2;52,08203;100
100;3;15;52,08203;100
100;2;2;52,08203;100
100;2;2;52,08203;100
100;2;2;52,08203;100
100;2;2;52,08203;100
100;2;2;52,08203;100
100;3;15;52,41504;100
100;2;2;52,41504;100
100;3;15;52,41504;100
100;3;15;52,41504;100
100;3;15;52,41504;100
100;2;2;52,74805;100
100;2;2;52,74805;100
100;2;2;52,74805;100
100;2;2;52,74805;100
100;3;15;52,74805;100
100;3;15;52,74805;100
100;3;15;52,74805;100
100;2;2;52,74805;100
100;2;2;53,08105;100
100;2;2;53,08105;100
100;3;15;53,08105;100
100;2;2;53,08105;100
100;2;2;53,08105;100
100;2;2;53,08105;100
100;3;15;53,41406;100
100;3;15;53,41406;100
100;3;15;53,41406;100
100;2;2;53,41406;100
100;3;15;53,41406;100
100;3;15;53,41406;100
100;3;15;53,41406;100
100;2;2;53,41406;100
100;2;2;53,74707;100
100;3;15;53,74707;100
100;3;15;53,74707;100
100;3;15;53,74707;100
100;3;15;53,74707;100
100;2;2;53,74707;100
100;3;15;53,74707;100
100;2;2;53,74707;100
100;2;2;53,74707;100
100;3;15;53,74707;100
100;3;15;54,08008;100
100;2;2;54,08008;100
100;3;15;54,08008;100
100;2;2;54,08008;100
100;2;2;54,08008;100
100;3;15;54,08008;100
100;2;2;54,41309;100
100;3;15;54,41309;100
100;2;2;54,41309;100
100;3;15;54,41309;100
100;3;15;54,41309;100
100;2;2;54,74609;100
100;3;15;54,74609;100
100;2;2;54,74609;100
100;2;2;54,74609;100
100;3;15;54,74609;100
100;3;15;54,74609;100
100;2;2;54,74609;100
100;3;15;54,74609;100
100;3;15;54,74609;100
100;3;15;54,74609;100
100;3;15;55,0791;100
100;2;2;55,0791;100
100;2;2;55,0791;100
100;2;2;55,0791;100
100;3;15;55,0791;100
100;3;15;55,0791;100
100;3;15;55,0791;100
100;3;15;55,41211;100
100;3;15;55,41211;100
100;3;15;55,41211;100
100;2;2;55,41211;100
100;2;2;55,41211;100
100;2;2;55,41211;100
100;2;2;55,41211;100
100;2;2;55,74512;100
100;2;2;55,74512;100
100;2;2;55,74512;100
100;2;2;55,74512;100
100;3;15;55,74512;100
100;3;15;55,74512;100
100;3;15;55,74512;100
100;3;15;55,74512;100
100;3;15;55,74512;100
100;2;2;55,74512;100
100;3;15;56,07813;100
100;3;15;56,07813;100
100;3;15;56,07813;100
100;3;15;56,07813;100
100;2;2;56,07813;100
100;2;2;56,07813;100
100;3;15;56,07813;100
100;2;2;56,07813;100
100;2;2;56,07813;100
100;3;15;56,41113;100
100;2;2;56,41113;100
100;2;2;56,41113;100
100;3;15;56,41113;100
100;2;2;56,41113;100
100;3;15;56,41113;100
100;2;2;56,41113;100
100;2;2;56,41113;100
100;3;15;56,41113;100
100;2;2;56,74414;100
100;3;15;56,74414;100
100;3;15;56,74414;100
100;2;2;56,74414;100
100;3;15;57,07715;100
100;2;2;57,07715;100
100;3;15;57,07715;100
100;3;15;57,07715;100
100;2;2;57,07715;100
100;2;2;57,07715;100
100;2;2;57,07715;100
100;2;2;57,41016;100
100;2;2;57,41016;100
100;2;2;57,41016;100
100;2;2;57,41016;100
100;2;2;57,41016;100
100;2;2;57,41016;100
100;3;15;57,41016;100
100;2;2;57,41016;100
100;3;15;57,74316;100
100;3;15;57,74316;100
100;2;2;57,74316;100
100;2;2;57,74316;100
100;2;2;57,74316;100
100;2;2;57,74316;100
100;3;15;57,74316;100
100;3;15;57,74316;100
100;2;2;57,74316;100
100;2;2;57,74316;100
100;3;15;57,74316;100
100;2;2;57,74316;100
100;3;15;58,07617;100
100;3;15;58,07617;100
100;3;15;58,07617;100
100;3;15;58,07617;100
100;3;15;58,07617;100
100;3;15;58,07617;100
100;3;15;58,07617;100
100;2;2;58,40918;100
100;3;15;58,40918;100
100;3;15;58,40918;100
100;3;15;58,40918;100
100;3;15;58,40918;100
100;3;15;58,40918;100
100;3;15;58,40918;100
100;3;15;58,74219;100
100;3;15;58,74219;100
100;3;15;58,74219;100
100;2;2;58,74219;100
100;3;15;58,74219;100
100;3;15;58,74219;100
100;3;15;59,0752;100
100;2;2;59,0752;100
100;3;15;59,0752;100
100;3;15;59,0752;100
100;3;15;59,0752;100
100;2;2;59,0752;100
100;3;15;59,0752;100
100;3;15;59,0752;100
100;3;15;59,0752;100
100;3;15;59,0752;100
100;3;15;59,0752;100
100;3;15;59,4082;100
100;2;2;59,4082;100
100;2;2;59,4082;100
100;2;2;59,4082;100
100;3;15;59,4082;100
100;2;2;59,4082;100
100;2;2;59,74121;100
100;3;15;59,74121;100
100;2;2;59,74121;100
100;2;2;59,74121;100
100;3;15;59,74121;100
100;2;2;59,74121;100
100;2;2;59,74121;100
100;3;15;0,07421875;100
100;2;2;0,07421875;100
100;3;15;0,07421875;100
100;3;15;0,07421875;100
100;2;2;0,07421875;100
100;2;2;0,4072266;100
100;3;15;0,4072266;100
100;3;15;0,4072266;100
100;2;2;0,4072266;100
100;3;15;0,4072266;100
100;2;2;0,4072266;100
100;2;2;0,4072266;100
100;3;15;0,4072266;100
100;2;2;0,4072266;100
100;3;15;0,7402344;100
100;2;2;0,7402344;100
100;3;15;0,7402344;100
100;2;2;0,7402344;100
100;3;15;0,7402344;100
100;2;2;0,7402344;100
100;2;2;0,7402344;100
100;2;2;0,7402344;100
100;2;2;0,7402344;100
100;3;15;0,7402344;100
100;3;15;1,073242;100
100;3;15;1,073242;100
100;2;2;1,073242;100
100;3;15;1,073242;100
100;3;15;1,073242;100
100;3;15;1,073242;100
100;3;15;1,073242;100
100;3;15;1,073242;100
100;2;2;1,073242;100
100;3;15;1,073242;100
100;2;2;1,40625;100
100;3;15;1,40625;100
100;3;15;1,40625;100
100;3;15;1,40625;100
100;3;15;1,40625;100
100;2;2;1,40625;100
100;3;15;1,40625;100
100;2;2;1,40625;100
100;3;15;1,739258;100
100;3;15;1,739258;100
100;3;15;1,739258;100
100;3;15;1,739258;100
100;3;15;1,739258;100
100;3;15;1,739258;100
100;2;2;1,739258;100
100;3;15;1,739258;100
100;3;15;1,739258;100
100;2;2;1,739258;100
100;3;15;2,072266;100
100;3;15;2,072266;100
100;3;15;2,072266;100
100;2;2;2,072266;100
100;2;2;2,072266;100
100;3;15;2,072266;100
100;3;15;2,072266;100
100;3;15;2,072266;100
100;3;15;2,072266;100
100;2;2;2,072266;100
100;2;2;2,072266;100
100;3;15;2,072266;100
100;3;15;2,072266;100
100;2;2;2,405273;100
100;3;15;2,405273;100
100;2;2;2,405273;100
100;3;15;2,405273;100
100;2;2;2,405273;100
100;2;2;2,405273;100
100;3;15;2,405273;100
100;2;2;2,738281;100
100;2;2;2,738281;100
100;3;15;2,738281;100
100;2;2;2,738281;100
100;2;2;2,738281;100
100;3;15;2,738281;100
100;2;2;2,738281;100
100;3;15;2,738281;100
100;3;15;2,738281;100
100;3;15;3,071289;100
100;2;2;3,071289;100
100;3;15;3,071289;100
100;3;15;3,071289;100
100;2;2;3,071289;100
100;2;2;3,071289;100
100;3;15;3,071289;100
100;3;15;3,071289;100
100;2;2;3,071289;100
100;3;15;3,071289;100
100;2;2;3,071289;100
100;3;15;3,071289;100
100;3;15;3,071289;100
100;3;15;3,404297;100
100;2;2;3,404297;100
100;2;2;3,404297;100
100;3;15;3,404297;100
100;3;15;3,404297;100
100;3;15;3,404297;100
100;3;15;3,404297;100
100;3;15;3,404297;100
100;2;2;3,404297;100
100;2;2;3,737305;100
100;2;2;3,737305;100
100;3;15;3,737305;100
100;2;2;3,737305;100
100;3;15;3,737305;100
100;3;15;3,737305;100
100;2;2;3,737305;100
100;2;2;3,737305;100
100;2;2;3,737305;100
100;3;15;3,737305;100
100;2;2;4,070313;100
100;2;2;4,070313;100
100;3;15;4,070313;100
100;3;15;4,070313;100
100;3;15;4,070313;100
100;3;15;4,070313;100
100;3;15;4,070313;100
100;2;2;4,070313;100
100;3;15;4,070313;100
100;3;15;4,070313;100
100;3;15;4,40332;100
100;2;2;4,40332;100
100;3;15;4,40332;100
100;2;2;4,40332;100
100;2;2;4,40332;100
100;3;15;4,40332;100
100;3;15;4,40332;100
100;3;15;4,40332;100
100;2;2;4,40332;100
100;3;15;4,736328;100
100;3;15;4,736328;100
100;2;2;4,736328;100
100;3;15;4,736328;100
100;3;15;4,736328;100
100;2;2;4,736328;100
100;3;15;4,736328;100
100;3;15;4,736328;100
100;3;15;5,069336;100
100;2;2;5,069336;100
100;3;15;5,069336;100
100;3;15;5,069336;100
100;3;15;5,069336;100
100;3;15;5,069336;100
100;2;2;5,069336;100
100;3;15;5,069336;100
100;2;2;5,069336;100
100;3;15;5,402344;100
100;2;2;5,402344;100
100;2;2;5,402344;100
100;3;15;5,402344;100
100;3;15;5,402344;100
100;2;2;5,402344;100
100;3;15;5,402344;100
100;2;2;5,402344;100
100;2;2;5,735352;100
100;3;15;5,735352;100
100;2;2;5,735352;100
100;2;2;5,735352;100
100;2;2;5,735352;100
100;3;15;5,735352;100
100;2;2;6,068359;100
100;2;2;6,068359;100
100;3;15;6,068359;100
100;2;2;6,068359;100
100;2;2;6,068359;100
100;3;15;6,068359;100
100;2;2;6,401367;100
100;3;15;6,401367;100
100;3;15;6,401367;100
100;3;15;6,401367;100
100;2;2;6,401367;100
100;3;15;6,734375;100
100;2;2;6,734375;100
100;2;2;6,734375;100
100;2;2;6,734375;100
100;3;15;6,734375;100
100;2;2;6,734375;100
100;3;15;7,067383;100
100;3;15;7,067383;100
100;3;15;7,067383;100
100;3;15;7,067383;100
100;2;2;7,067383;100
100;3;15;7,067383;100
100;3;15;7,067383;100
100;2;2;7,067383;100
100;2;2;7,400391;100
100;2;2;7,400391;100
100;2;2;7,400391;100
100;3;15;7,400391;100
100;3;15;7,400391;100
100;3;15;7,400391;100
100;2;2;7,400391;100
100;2;2;7,400391;100
100;2;2;7,400391;100
100;2;2;7,400391;100
100;2;2;7,733398;100
100;3;15;7,733398;85
100;3;15;7,733398;70
100;2;2;7,733398;70
100;3;15;7,733398;55
100;2;2;7,733398;55
100;2;2;7,733398;55
100;3;15;7,733398;40
100;3;15;7,733398;25
100;3;15;7,733398;10
100;2;2;8,066406;10
100;3;15;8,066406;-5
Player