100;3;15;55,19336;100
100;2;2;55,19336;100
100;3;15;55,19336;100
100;2;2;55,19336;100
100;2;2;55,52686;100
100;3;15;55,52686;100
100;3;15;55,52686;100
100;3;15;55,52686;100
100;3;15;55,52686;100
100;2;2;55,86035;100
100;3;15;55,86035;100
100;2;2;55,86035;100
100;2;2;55,86035;100
100;3;15;55,86035;100
100;3;15;55,86035;100
100;2;2;55,86035;100
100;2;2;55,86035;100
100;2;2;56,19385;100
100;2;2;56,19385;100
100;2;2;56,19385;100
100;2;2;56,19385;100
100;3;15;56,19385;100
100;3;15;56,19385;100
100;3;15;56,19385;100
100;2;2;56,19385;100
100;3;15;56,52734;100
100;2;2;56,52734;100
100;2;2;56,52734;100
100;2;2;56,52734;100
100;3;15;56,52734;100
100;2;2;56,52734;100
100;2;2;56,52734;100
100;2;2;56,86084;100
100;2;2;56,86084;100
100;2;2;56,86084;100
100;2;2;56,86084;100
100;2;2;56,86084;100
100;2;2;56,86084;100
100;3;15;56,86084;100
100;2;2;56,86084;100
100;2;2;57,19434;100
100;2;2;57,19434;100
100;3;15;57,19434;100
100;3;15;57,19434;100
100;3;15;57,19434;100
100;2;2;57,19434;100
100;3;15;57,19434;100
100;3;15;57,19434;100
100;2;2;57,52783;100
100;2;2;57,52783;100
100;2;2;57,52783;100
100;2;2;57,52783;100
100;2;2;57,52783;100
100;3;15;57,52783;100
100;3;15;57,52783;100
100;3;15;57,52783;100
100;3;15;57,52783;100
100;3;15;57,52783;100
100;3;15;57,52783;100
100;3;15;57,52783;100
100;3;15;57,86133;100
100;3;15;57,86133;100
100;2;2;57,86133;100
100;3;15;57,86133;100
100;2;2;58,19482;100
100;3;15;58,19482;100
100;2;2;58,19482;100
100;3;15;58,19482;100
100;3;15;58,19482;100
100;2;2;58,19482;100
100;3;15;58,19482;100
100;3;15;58,19482;100
100;3;15;58,52832;100
100;3;15;58,52832;100
100;2;2;58,52832;100
100;2;2;58,52832;100
100;2;2;58,52832;100
100;3;15;58,52832;100
100;2;2;58,86182;100
100;2;2;58,86182;100
100;2;2;58,86182;100
100;3;15;58,86182;100
100;3;15;58,86182;100
100;3;15;58,86182;100
100;2;2;58,86182;100
100;3;15;58,86182;100
100;3;15;58,86182;100
100;3;15;58,86182;100
100;2;2;59,19531;100
100;2;2;59,19531;100
100;2;2;59,19531;100
100;3;15;59,19531;100
100;2;2;59,19531;100
100;3;15;59,19531;100
100;3;15;59,19531;100
100;2;2;59,19531;100
100;3;15;59,19531;100
100;3;15;59,52881;100
100;2;2;59,52881;100
100;3;15;59,52881;100
100;2;2;59,52881;100
100;3;15;59,52881;100
100;3;15;59,52881;100
100;3;15;59,8623;100
100;3;15;59,8623;100
100;2;2;59,8623;100
100;3;15;59,8623;100
100;2;2;59,8623;100
100;3;15;59,8623;100
100;2;2;59,8623;100
100;3;15;59,8623;100
100;2;2;0,1958008;100
100;2;2;0,1958008;100
100;3;15;0,1958008;100
100;2;2;0,1958008;100
100;3;15;0,1958008;100
100;2;2;0,1958008;100
100;3;15;0,1958008;100
100;2;2;0,1958008;100
100;3;15;0,1958008;100
100;3;15;0,5292969;100
100;3;15;0,5292969;100
100;2;2;0,5292969;100
100;3;15;0,5292969;100
100;3;15;0,5292969;100
100;3;15;0,5292969;100
100;2;2;0,5292969;100
100;3;15;0,5292969;100
100;3;15;0,5292969;100
100;2;2;0,862793;100
100;2;2;0,862793;100
100;2;2;0,862793;100
100;3;15;0,862793;100
100;3;15;0,862793;100
100;2;2;0,862793;100
100;3;15;0,862793;100
100;2;2;1,196289;100
100;3;15;1,196289;100
100;3;15;1,196289;100
100;3;15;1,196289;100
100;2;2;1,196289;100
100;3;15;1,196289;100
100;3;15;1,196289;100
100;2;2;1,196289;100
100;2;2;1,196289;100
100;3;15;1,196289;100
100;2;2;1,196289;100
100;2;2;1,196289;100
100;2;2;1,196289;100
100;3;15;1,529785;100
100;3;15;1,529785;100
100;2;2;1,529785;100
100;2;2;1,529785;100
100;3;15;1,529785;100
100;2;2;1,529785;100
100;2;2;1,529785;100
100;2;2;1,529785;100
100;3;15;1,529785;100
100;3;15;1,529785;100
100;3;15;1,529785;100
100;3;15;1,529785;100
100;3;15;1,863281;100
100;2;2;1,863281;100
100;3;15;1,863281;100
100;2;2;1,863281;100
100;3;15;1,863281;100
100;2;2;2,196777;100
100;2;2;2,196777;100
100;3;15;2,196777;100
100;2;2;2,196777;100
100;3;15;2,530273;100
100;3;15;2,530273;100
100;3;15;2,530273;100
100;3;15;2,530273;100
100;3;15;2,530273;100
100;3;15;2,530273;100
100;3;15;2,530273;100
100;2;2;2,530273;100
100;2;2;2,530273;100
100;2;2;2,530273;100
100;3;15;2,86377;100
100;2;2;2,86377;100
100;3;15;2,86377;100
100;2;2;2,86377;100
100;3;15;2,86377;100
100;3;15;2,86377;100
100;2;2;2,86377;100
100;3;15;2,86377;100
100;3;15;3,197266;100
100;3;15;3,197266;100
100;2;2;3,197266;100
100;2;2;3,197266;100
100;3;15;3,197266;100
100;3;15;3,530762;100
100;2;2;3,530762;100
100;3;15;3,530762;100
100;3;15;3,530762;100
100;3;15;3,530762;100
100;2;2;3,864258;100
100;3;15;3,864258;100
100;3;15;3,864258;100
100;2;2;3,864258;100
100;3;15;3,864258;100
100;3;15;3,864258;100
100;3;15;3,864258;100
100;3;15;3,864258;100
100;2;2;3,864258;100
100;2;2;3,864258;100
100;3;15;3,864258;100
100;3;15;4,197754;100
100;3;15;4,197754;100
100;2;2;4,197754;100
100;2;2;4,197754;100
100;3;15;4,197754;100
100;2;2;4,197754;100
100;2;2;4,197754;100
100;2;2;4,197754;100
100;3;15;4,197754;100
100;2;2;4,53125;100
100;3;15;4,53125;100
100;3;15;4,53125;100
100;2;2;4,53125;100
100;3;15;4,53125;100
100;2;2;4,53125;100
100;3;15;4,864746;100
100;2;2;4,864746;100
100;3;15;4,864746;100
100;2;2;4,864746;100
100;2;2;4,864746;100
100;2;2;4,864746;100
100;2;2;4,864746;100
100;2;2;4,864746;100
100;3;15;4,864746;100
100;2;2;4,864746;100
100;3;15;4,864746;100
100;2;2;4,864746;100
100;2;2;5,198242;100
100;2;2;5,198242;100
100;3;15;5,198242;100
100;3;15;5,198242;100
100;2;2;5,198242;100
100;2;2;5,531738;100
100;2;2;5,531738;100
100;2;2;5,531738;100
100;2;2;5,531738;100
100;3;15;5,531738;100
100;2;2;5,531738;100
100;3;15;5,865234;100
100;3;15;5,865234;100
100;3;15;5,865234;100
100;2;2;5,865234;100
100;3;15;5,865234;100
100;3;15;5,865234;100
100;3;15;5,865234;100
100;3;15;5,865234;100
100;3;15;5,865234;100
100;2;2;5,865234;100
100;3;15;5,865234;100
100;3;15;6,19873;100
100;2;2;6,19873;100
100;2;2;6,19873;100
100;3;15;6,19873;100
100;3;15;6,19873;100
100;3;15;6,19873;100
100;2;2;6,19873;100
100;3;15;6,19873;100
100;3;15;6,19873;100
100;2;2;6,532227;100
100;3;15;6,532227;100
100;2;2;6,532227;100
100;2;2;6,532227;100
100;2;2;6,532227;100
100;2;2;6,532227;100
100;2;2;6,865723;100
100;2;2;6,865723;100
100;3;15;6,865723;100
100;2;2;6,865723;100
100;2;2;6,865723;100
100;2;2;7,199219;100
100;3;15;7,199219;100
100;3;15;7,199219;100
100;2;2;7,199219;100
100;3;15;7,199219;100
100;2;2;7,199219;100
100;2;2;7,532715;100
100;3;15;7,532715;100
100;2;2;7,532715;100
100;2;2;7,532715;100
100;3;15;7,532715;100
100;2;2;7,532715;100
100;2;2;7,532715;100
100;3;15;7,532715;100
100;3;15;7,532715;100
100;2;2;7,532715;100
100;2;2;7,866211;100
100;3;15;7,866211;100
100;2;2;7,866211;100
100;2;2;7,866211;100
100;2;2;7,866211;100
100;2;2;7,866211;100
100;3;15;7,866211;100
100;2;2;8,199707;100
100;2;2;8,199707;100
100;2;2;8,199707;100
100;3;15;8,199707;100
100;3;15;8,199707;100
100;3;15;8,199707;100
100;3;15;8,199707;100
100;2;2;8,199707;100
100;3;15;8,199707;100
100;3;15;8,199707;100
100;2;2;8,199707;100
100;3;15;8,533203;100
100;3;15;8,533203;100
100;3;15;8,533203;100
100;2;2;8,533203;100
100;3;15;8,533203;100
100;2;2;8,533203;100
100;3;15;8,533203;100
100;2;2;8,533203;100
100;3;15;8,533203;100
100;3;15;8,866699;100
100;2;2;8,866699;100
100;3;15;8,866699;100
100;3;15;8,866699;100
100;2;2;8,866699;100
100;3;15;8,866699;100
100;3;15;8,866699;100
100;2;2;8,866699;100
100;2;2;9,200195;100
100;2;2;9,200195;100
100;2;2;9,200195;100
100;3;15;9,200195;100
100;2;2;9,200195;100
100;2;2;9,200195;100
100;2;2;9,200195;100
100;2;2;9,200195;100
100;2;2;9,200195;100
100;3;15;9,200195;100
100;2;2;9,200195;100
100;3;15;9,533691;100
100;3;15;9,533691;100
100;3;15;9,533691;100
100;2;2;9,533691;100
100;3;15;9,533691;100
100;2;2;9,533691;100
100;3;15;9,533691;100
100;2;2;9,533691;100
100;3;15;9,533691;100
100;3;15;9,867188;100
100;3;15;9,867188;100
100;3;15;9,867188;100
100;2;2;9,867188;100
100;3;15;9,867188;100
100;2;2;9,867188;100
100;2;2;9,867188;100
100;2;2;10,20068;100
100;2;2;10,20068;100
100;2;2;10,20068;100
100;3;15;10,20068;100
100;2;2;10,20068;100
100;2;2;10,20068;100
100;2;2;10,20068;100
100;2;2;10,20068;100
100;2;2;10,53418;100
100;3;15;10,53418;100
100;3;15;10,53418;100
100;2;2;10,53418;100
100;3;15;10,53418;100
100;3;15;10,53418;100
100;2;2;10,53418;100
100;3;15;10,53418;100
100;3;15;10,86768;100
100;3;15;10,86768;100
100;2;2;10,86768;100
100;3;15;10,86768;100
100;2;2;10,86768;100
100;3;15;10,86768;100
100;2;2;11,20117;100
100;2;2;11,20117;100
100;2;2;11,20117;100
100;2;2;11,20117;100
100;2;2;11,20117;100
100;2;2;11,20117;100
100;3;15;11,20117;100
100;2;2;11,20117;100
100;2;2;11,20117;100
100;3;15;11,20117;100
100;3;15;11,20117;100
100;2;2;11,53467;100
100;3;15;11,53467;100
100;2;2;11,53467;100
100;2;2;11,53467;100
100;3;15;11,53467;100
100;3;15;11,53467;100
100;2;2;11,53467;100
100;3;15;11,86816;100
100;3;15;11,86816;100
100;3;15;11,86816;100
100;2;2;11,86816;100
100;2;2;11,86816;100
100;2;2;11,86816;100
100;2;2;11,86816;100
100;2;2;11,86816;100
100;3;15;11,86816;100
100;3;15;11,86816;100
100;2;2;11,86816;100
100;2;2;12,20166;100
100;2;2;12,20166;100
100;3;15;12,20166;100
100;3;15;12,20166;100
100;3;15;12,20166;100
100;2;2;12,20166;100
100;2;2;12,20166;100
100;2;2;12,20166;100
100;2;2;12,20166;100
100;3;15;12,53516;100
100;3;15;12,53516;100
100;2;2;12,53516;100
100;2;2;12,53516;100
100;2;2;12,53516;100
100;2;2;12,53516;100
100;2;2;12,53516;100
100;3;15;12,53516;100
100;2;2;12,53516;100
100;2;2;12,53516;100
100;3;15;12,86865;100
100;3;15;12,86865;100
100;3;15;12,86865;100
100;3;15;12,86865;100
100;3;15;12,86865;100
100;3;15;12,86865;100
100;2;2;12,86865;100
100;3;15;12,86865;100
100;2;2;13,20215;100
100;3;15;13,20215;100
100;3;15;13,20215;100
100;2;2;13,20215;100
100;3;15;13,20215;100
100;3;15;13,20215;100
100;2;2;13,20215;100
100;3;15;13,20215;100
100;3;15;13,53564;100
100;3;15;13,53564;100
100;2;2;13,53564;100
100;3;15;13,53564;100
100;2;2;13,53564;100
100;2;2;13,53564;100
100;2;2;13,53564;100
100;2;2;13,86914;100
100;3;15;13,86914;100
100;3;15;13,86914;100
100;2;2;13,86914;100
100;2;2;13,86914;100
100;3;15;14,20264;100
100;2;2;14,20264;100
100;3;15;14,20264;100
100;3;15;14,20264;100
100;3;15;14,20264;100
100;2;2;14,20264;100
100;2;2;14,20264;100
100;3;15;14,20264;100
100;3;15;14,20264;100
100;3;15;14,20264;100
100;2;2;14,53613;100
100;2;2;14,53613;100
100;3;15;14,53613;100
100;2;2;14,53613;100
100;3;15;14,53613;100
100;3;15;14,86963;100
100;2;2;14,86963;100
100;2;2;14,86963;100
100;2;2;14,86963;100
100;3;15;14,86963;100
100;2;2;14,86963;100
100;3;15;14,86963;100
100;2;2;15,20313;100
100;2;2;15,20313;100
100;2;2;15,20313;100
100;3;15;15,20313;100
100;3;15;15,20313;100
100;2;2;15,20313;100
100;3;15;15,20313;100
100;3;15;15,20313;100
100;3;15;15,20313;100
100;2;2;15,53662;100
100;3;15;15,53662;100
100;2;2;15,53662;100
100;2;2;15,53662;100
100;2;2;15,87012;100
100;3;15;15,87012;100
100;2;2;15,87012;100
100;3;15;15,87012;100
100;2;2;15,87012;100
100;2;2;15,87012;100
100;2;2;15,87012;100
100;2;2;15,87012;100
100;2;2;15,87012;100
100;3;15;16,20361;100
100;3;15;16,20361;100
100;3;15;16,20361;100
100;2;2;16,20361;100
100;3;15;16,20361;100
100;3;15;16,20361;100
100;3;15;16,20361;100
100;3;15;16,20361;100
100;3;15;16,53711;100
100;2;2;16,53711;100
100;3;15;16,53711;100
100;3;15;16,53711;100
100;3;15;16,53711;100
100;2;2;16,53711;100
100;2;2;16,53711;100
100;2;2;16,87061;100
100;2;2;16,87061;100
100;2;2;16,87061;100
100;2;2;16,87061;100
100;3;15;16,87061;100
100;2;2;16,87061;100
100;3;15;16,87061;100
100;2;2;16,87061;100
100;3;15;16,87061;100
100;2;2;17,2041;100
100;3;15;17,2041;100
100;3;15;17,2041;100
100;3;15;17,2041;100
100;3;15;17,2041;100
100;2;2;17,2041;100
100;3;15;17,2041;100
100;2;2;17,2041;100
100;3;15;17,2041;100
100;3;15;17,2041;100
100;3;15;17,2041;100
100;3;15;17,5376;100
100;3;15;17,5376;100
100;2;2;17,5376;100
100;2;2;17,5376;100
100;3;15;17,5376;100
100;3;15;17,87109;100
100;2;2;17,87109;100
100;3;15;17,87109;100
100;3;15;17,87109;100
100;3;15;17,87109;100
100;3;15;17,87109;100
100;2;2;17,87109;100
100;2;2;17,87109;100
100;2;2;17,87109;100
100;3;15;17,87109;100
100;2;2;18,20459;100
100;3;15;18,20459;100
100;3;15;18,20459;100
100;3;15;18,20459;100
100;3;15;18,20459;100
100;2;2;18,20459;100
100;3;15;18,20459;100
100;2;2;18,20459;100
100;3;15;18,20459;100
100;3;15;18,53809;100
100;2;2;18,53809;100
100;2;2;18,53809;100
100;3;15;18,53809;100
100;2;2;18,53809;100
100;2;2;18,53809;100
100;2;2;18,53809;100
100;2;2;18,53809;100
100;3;15;18,53809;100
100;2;2;18,53809;100
100;2;2;18,87158;100
100;2;2;18,87158;100
100;2;2;18,87158;100
100;3;15;18,87158;100
100;3;15;18,87158;100
100;2;2;18,87158;100
100;3;15;18,87158;100
100;2;2;18,87158;100
100;3;15;18,87158;100
100;3;15;18,87158;100
100;3;15;19,20508;100
100;2;2;19,20508;100
100;3;15;19,20508;100
100;2;2;19,20508;100
100;3;15;19,20508;100
100;2;2;19,20508;100
100;2;2;19,20508;100
100;2;2;19,20508;100
100;3;15;19,20508;100
100;3;15;19,53857;100
100;2;2;19,53857;100
100;2;2;19,53857;100
100;3;15;19,53857;100
100;3;15;19,53857;100
100;3;15;19,53857;100
100;2;2;19,53857;100
100;2;2;19,53857;100
100;3;15;19,87207;100
100;3;15;19,87207;100
100;3;15;19,87207;100
100;2;2;19,87207;100
100;2;2;19,87207;100
100;2;2;19,87207;100
100;2;2;19,87207;100
100;2;2;19,87207;100
100;3;15;19,87207;100
100;3;15;20,20557;100
100;2;2;20,20557;100
100;3;15;20,20557;100
100;2;2;20,20557;100
100;3;15;20,20557;100
100;2;2;20,20557;100
100;2;2;20,20557;100
100;3;15;20,20557;100
100;3;15;20,20557;100
100;2;2;20,20557;100
100;2;2;20,53906;100
100;2;2;20,53906;100
100;2;2;20,53906;100
100;3;15;20,53906;100
100;2;2;20,53906;100
100;3;15;20,53906;100
100;3;15;20,53906;100
100;2;2;20,53906;100
100;3;15;20,53906;100
100;2;2;20,53906;100
100;3;15;20,87256;100
100;3;15;20,87256;100
100;2;2;20,87256;100
100;3;15;20,87256;100
100;3;15;20,87256;100
100;3;15;20,87256;100
100;3;15;20,87256;100
100;3;15;20,87256;100
100;2;2;20,87256;100
100;2;2;20,87256;100
100;2;2;20,87256;100
100;2;2;21,20605;100
100;3;15;21,20605;100
100;3;15;21,20605;100
100;3;15;21,20605;100
100;2;2;21,20605;100
100;3;15;21,20605;100
100;2;2;21,20605;100
100;3;15;21,53955;100
100;2;2;21,53955;100
100;2;2;21,53955;100
100;3;15;21,53955;100
100;2;2;21,53955;100
100;3;15;21,53955;100
100;2;2;21,53955;100
100;2;2;21,53955;100
100;2;2;21,53955;100
100;2;2;21,53955;100
100;2;2;21,87305;100
100;2;2;21,87305;100
100;2;2;21,87305;100
100;3;15;21,87305;100
100;3;15;21,87305;100
100;3;15;21,87305;100
100;2;2;21,87305;100
100;3;15;21,87305;100
100;3;15;21,87305;100
100;2;2;22,20654;100
100;2;2;22,20654;100
100;3;15;22,20654;100
100;3;15;22,20654;100
100;2;2;22,20654;100
100;2;2;22,20654;100
100;2;2;22,20654;100
100;2;2;22,20654;100
100;3;15;22,20654;100
100;3;15;22,20654;100
100;2;2;22,54004;100
100;2;2;22,54004;100
100;3;15;22,54004;100
100;3;15;22,54004;100
100;2;2;22,54004;100
100;3;15;22,54004;100
100;2;2;22,54004;100
100;3;15;22,54004;100
100;2;2;22,87354;100
100;3;15;22,87354;85
100;3;15;22,87354;70
100;2;2;22,87354;70
100;3;15;22,87354;55
100;3;15;22,87354;40
100;3;15;22,87354;25
100;2;2;22,87354;25
100;2;2;23,20703;25
100;3;15;23,20703;10
92;2;2;23,20703;8
84;2;2;23,20703;6
76;2;2;23,20703;4
68;3;15;23,20703;-11
Player