100;2;2;3,321289;100
100;2;2;3,321289;100
100;2;2;3,321289;100
100;3;15;3,321289;100
100;3;15;3,321289;100
100;2;2;3,321289;100
100;3;15;3,321289;100
100;3;15;3,654785;100
100;2;2;3,654785;100
100;2;2;3,654785;100
100;3;15;3,654785;100
100;2;2;3,654785;100
100;3;15;3,654785;100
100;2;2;3,654785;100
100;2;2;3,654785;100
100;3;15;3,654785;100
100;2;2;3,654785;100
100;2;2;3,654785;100
100;2;2;3,654785;100
100;2;2;3,988281;100
100;3;15;3,988281;100
100;3;15;3,988281;100
100;3;15;3,988281;100
100;2;2;3,988281;100
100;2;2;3,988281;100
100;2;2;4,321777;100
100;2;2;4,321777;100
100;2;2;4,321777;100
100;3;15;4,321777;100
100;3;15;4,321777;100
100;2;2;4,321777;100
100;3;15;4,321777;100
100;3;15;4,321777;100
100;2;2;4,321777;100
100;3;15;4,321777;100
100;2;2;4,655273;100
100;2;2;4,655273;100
100;3;15;4,655273;100
100;3;15;4,655273;100
100;2;2;4,655273;100
100;3;15;4,655273;100
100;3;15;4,655273;100
100;2;2;4,655273;100
100;2;2;4,655273;100
100;2;2;4,655273;100
100;3;15;4,655273;100
100;2;2;4,98877;100
100;2;2;4,98877;100
100;2;2;4,98877;100
100;2;2;4,98877;100
100;3;15;4,98877;100
100;3;15;4,98877;100
100;2;2;4,98877;100
100;3;15;4,98877;100
100;3;15;5,322266;100
100;2;2;5,322266;100
100;2;2;5,322266;100
100;3;15;5,322266;100
100;2;2;5,322266;100
100;2;2;5,322266;100
100;2;2;5,322266;100
100;2;2;5,322266;100
100;3;15;5,655762;100
100;3;15;5,655762;100
100;3;15;5,655762;100
100;3;15;5,655762;100
100;3;15;5,655762;100
100;3;15;5,655762;100
100;3;15;5,655762;100
100;2;2;5,989258;100
100;3;15;5,989258;100
100;2;2;5,989258;100
100;2;2;5,989258;100
100;3;15;5,989258;100
100;2;2;5,989258;100
100;2;2;5,989258;100
100;3;15;5,989258;100
100;3;15;5,989258;100
100;3;15;5,989258;100
100;3;15;6,322754;100
100;3;15;6,322754;100
100;2;2;6,322754;100
100;2;2;6,322754;100
100;3;15;6,322754;100
100;3;15;6,322754;100
100;3;15;6,322754;100
100;3;15;6,65625;100
100;2;2;6,65625;100
100;2;2;6,65625;100
100;3;15;6,65625;100
100;3;15;6,65625;100
100;3;15;6,65625;100
100;2;2;6,989746;100
100;3;15;6,989746;100
100;3;15;6,989746;100
100;3;15;6,989746;100
100;3;15;6,989746;100
100;2;2;6,989746;100
100;3;15;6,989746;100
100;3;15;7,323242;100
100;2;2;7,323242;100
100;2;2;7,323242;100
100;3;15;7,323242;100
100;2;2;7,323242;100
100;3;15;7,323242;100
100;3;15;7,323242;100
100;3;15;7,323242;100
100;3;15;7,656738;100
100;2;2;7,656738;100
100;3;15;7,656738;100
100;3;15;7,656738;100
100;2;2;7,656738;100
100;2;2;7,656738;100
100;2;2;7,990234;100
100;3;15;7,990234;100
100;3;15;7,990234;100
100;2;2;7,990234;100
100;2;2;7,990234;100
100;3;15;7,990234;100
100;2;2;7,990234;100
100;3;15;7,990234;100
100;3;15;8,32373;100
100;3;15;8,32373;100
100;2;2;8,32373;100
100;3;15;8,32373;100
100;2;2;8,32373;100
100;3;15;8,32373;100
100;2;2;8,657227;100
100;3;15;8,657227;100
100;2;2;8,657227;100
100;2;2;8,657227;100
100;2;2;8,657227;100
100;2;2;8,657227;100
100;3;15;8,657227;100
100;2;2;8,657227;100
100;2;2;8,657227;100
100;3;15;8,657227;100
100;3;15;8,990723;100
100;2;2;8,990723;100
100;2;2;8,990723;100
100;2;2;8,990723;100
100;3;15;8,990723;100
100;3;15;9,324219;100
100;2;2;9,324219;100
100;2;2;9,324219;100
100;2;2;9,324219;100
100;3;15;9,324219;100
100;3;15;9,324219;100
100;2;2;9,657715;100
100;3;15;9,657715;100
100;2;2;9,657715;100
100;3;15;9,657715;100
100;2;2;9,657715;100
100;2;2;9,657715;100
100;2;2;9,657715;100
100;3;15;9,657715;100
100;3;15;9,657715;100
100;3;15;9,991211;100
100;2;2;9,991211;100
100;3;15;9,991211;100
100;2;2;9,991211;100
100;3;15;9,991211;100
100;3;15;9,991211;100
100;2;2;9,991211;100
100;3;15;9,991211;100
100;2;2;9,991211;100
100;2;2;10,32471;100
100;3;15;10,32471;100
100;2;2;10,32471;100
100;3;15;10,32471;100
100;2;2;10,32471;100
100;3;15;10,32471;100
100;3;15;10,32471;100
100;3;15;10,6582;100
100;3;15;10,6582;100
100;3;15;10,6582;100
100;2;2;10,6582;100
100;3;15;10,6582;100
100;3;15;10,6582;100
100;2;2;10,6582;100
100;2;2;10,6582;100
100;2;2;10,6582;100
100;2;2;10,9917;100
100;2;2;10,9917;100
100;2;2;10,9917;100
100;3;15;10,9917;100
100;3;15;10,9917;100
100;3;15;10,9917;100
100;2;2;10,9917;100
100;2;2;10,9917;100
100;3;15;10,9917;100
100;3;15;10,9917;100
100;2;2;11,3252;100
100;2;2;11,3252;100
100;2;2;11,3252;100
100;2;2;11,3252;100
100;2;2;11,3252;100
100;2;2;11,3252;100
100;3;15;11,3252;100
100;2;2;11,3252;100
100;3;15;11,65869;100
100;2;2;11,65869;100
100;2;2;11,65869;100
100;2;2;11,65869;100
100;2;2;11,65869;100
100;3;15;11,65869;100
100;3;15;11,65869;100
100;2;2;11,65869;100
100;3;15;11,65869;100
100;3;15;11,65869;100
100;3;15;11,99219;100
100;2;2;11,99219;100
100;3;15;11,99219;100
100;3;15;11,99219;100
100;3;15;11,99219;100
100;2;2;11,99219;100
100;3;15;11,99219;100
100;2;2;11,99219;100
100;3;15;11,99219;100
100;3;15;12,32568;100
100;3;15;12,32568;100
100;2;2;12,32568;100
100;3;15;12,32568;100
100;2;2;12,32568;100
100;3;15;12,32568;100
100;3;15;12,32568;100
100;2;2;12,32568;100
100;3;15;12,32568;100
100;2;2;12,65918;100
100;2;2;12,65918;100
100;2;2;12,65918;100
100;3;15;12,65918;100
100;2;2;12,65918;100
100;2;2;12,65918;100
100;2;2;12,65918;100
100;3;15;12,65918;100
100;2;2;12,65918;100
100;2;2;12,65918;100
100;3;15;12,99268;100
100;3;15;12,99268;100
100;2;2;12,99268;100
100;3;15;12,99268;100
100;3;15;12,99268;100
100;2;2;12,99268;100
100;2;2;12,99268;100
100;3;15;13,32617;100
100;2;2;13,32617;100
100;3;15;13,32617;100
100;3;15;13,32617;100
100;2;2;13,32617;100
100;3;15;13,32617;100
100;2;2;13,32617;100
100;3;15;13,32617;100
100;3;15;13,32617;100
100;2;2;13,32617;100
100;2;2;13,32617;100
100;2;2;13,65967;100
100;2;2;13,65967;100
100;2;2;13,65967;100
100;2;2;13,65967;100
100;3;15;13,65967;100
100;2;2;13,65967;100
100;2;2;13,65967;100
100;3;15;13,65967;100
100;3;15;13,65967;100
100;3;15;13,65967;100
100;2;2;13,99316;100
100;3;15;13,99316;100
100;3;15;13,99316;100
100;3;15;13,99316;100
100;3;15;13,99316;100
100;3;15;13,99316;100
100;2;2;13,99316;100
100;3;15;14,32666;100
100;3;15;14,32666;100
100;2;2;14,32666;100
100;2;2;14,32666;100
100;2;2;14,32666;100
100;2;2;14,32666;100
100;3;15;14,32666;100
100;3;15;14,66016;100
100;3;15;14,66016;100
100;3;15;14,66016;100
100;2;2;14,66016;100
100;2;2;14,66016;100
100;2;2;14,66016;100
100;3;15;14,66016;100
100;2;2;14,66016;100
100;2;2;14,99365;100
100;3;15;14,99365;100
100;3;15;14,99365;100
100;2;2;14,99365;100
100;3;15;14,99365;100
100;3;15;15,32715;100
100;3;15;15,32715;100
100;3;15;15,32715;100
100;2;2;15,32715;100
100;2;2;15,32715;100
100;3;15;15,32715;100
100;2;2;15,32715;100
100;3;15;15,32715;100
100;2;2;15,66064;100
100;2;2;15,66064;100
100;3;15;15,66064;100
100;3;15;15,66064;100
100;3;15;15,66064;100
100;2;2;15,66064;100
100;3;15;15,66064;100
100;2;2;15,66064;100
100;2;2;15,66064;100
100;2;2;15,66064;100
100;3;15;15,99414;100
100;3;15;15,99414;100
100;3;15;15,99414;100
100;3;15;15,99414;100
100;2;2;15,99414;100
100;3;15;15,99414;100
100;2;2;15,99414;100
100;3;15;15,99414;100
100;2;2;16,32764;100
100;2;2;16,32764;100
100;3;15;16,32764;100
100;3;15;16,32764;100
100;3;15;16,32764;100
100;2;2;16,32764;100
100;2;2;16,32764;100
100;2;2;16,32764;100
100;3;15;16,66113;100
100;3;15;16,66113;100
100;3;15;16,66113;100
100;2;2;16,66113;100
100;3;15;16,66113;100
100;2;2;16,66113;100
100;3;15;16,66113;100
100;3;15;16,66113;100
100;3;15;16,66113;100
100;3;15;16,66113;100
100;2;2;16,66113;100
100;3;15;16,66113;100
100;3;15;16,99463;100
100;3;15;16,99463;100
100;2;2;16,99463;100
100;2;2;16,99463;100
100;2;2;16,99463;100
100;3;15;16,99463;100
100;3;15;16,99463;100
100;2;2;16,99463;100
100;2;2;16,99463;100
100;2;2;16,99463;100
100;3;15;16,99463;100
100;2;2;17,32813;100
100;3;15;17,32813;100
100;3;15;17,32813;100
100;3;15;17,32813;100
100;3;15;17,32813;100
100;3;15;17,32813;100
100;2;2;17,32813;100
100;3;15;17,32813;100
100;3;15;17,32813;100
100;3;15;17,66162;100
100;3;15;17,66162;100
100;3;15;17,66162;100
100;2;2;17,66162;100
100;3;15;17,66162;100
100;3;15;17,66162;100
100;2;2;17,66162;100
100;3;15;17,66162;100
100;2;2;17,66162;100
100;3;15;17,66162;100
100;2;2;17,66162;100
100;2;2;17,99512;100
100;3;15;17,99512;100
100;2;2;17,99512;100
100;3;15;17,99512;100
100;2;2;17,99512;100
100;3;15;17,99512;100
100;3;15;17,99512;100
100;2;2;17,99512;100
100;3;15;18,32861;100
100;3;15;18,32861;100
100;2;2;18,32861;100
100;3;15;18,32861;100
100;2;2;18,32861;100
100;3;15;18,32861;100
100;3;15;18,32861;100
100;3;15;18,32861;100
100;2;2;18,66211;100
100;2;2;18,66211;100
100;3;15;18,66211;100
100;3;15;18,66211;100
100;3;15;18,66211;100
100;2;2;18,66211;100
100;3;15;18,66211;100
100;3;15;18,99561;100
100;2;2;18,99561;100
100;3;15;18,99561;100
100;2;2;18,99561;100
100;2;2;18,99561;100
100;2;2;18,99561;100
100;3;15;18,99561;100
100;2;2;18,99561;100
100;2;2;18,99561;100
100;3;15;18,99561;100
100;3;15;19,3291;100
100;2;2;19,3291;100
100;3;15;19,3291;100
100;3;15;19,3291;100
100;3;15;19,3291;100
100;3;15;19,3291;100
100;2;2;19,3291;100
100;2;2;19,6626;100
100;3;15;19,6626;100
100;2;2;19,6626;100
100;2;2;19,6626;100
100;3;15;19,6626;100
100;3;15;19,6626;100
100;3;15;19,6626;100
100;2;2;19,6626;100
100;3;15;19,6626;100
100;3;15;19,99609;100
100;2;2;19,99609;100
100;3;15;19,99609;100
100;2;2;19,99609;100
100;3;15;19,99609;100
100;2;2;19,99609;100
100;2;2;19,99609;100
100;2;2;19,99609;100
100;3;15;19,99609;100
100;3;15;19,99609;100
100;2;2;19,99609;100
100;2;2;20,32959;100
100;3;15;20,32959;100
100;3;15;20,32959;100
100;2;2;20,32959;100
100;3;15;20,32959;100
100;3;15;20,32959;100
100;3;15;20,32959;100
100;2;2;20,32959;100
100;3;15;20,66309;100
100;3;15;20,66309;100
100;3;15;20,66309;100
100;2;2;20,66309;100
100;3;15;20,66309;100
100;2;2;20,66309;100
100;3;15;20,99658;100
100;2;2;20,99658;100
100;3;15;20,99658;100
100;3;15;20,99658;100
100;2;2;20,99658;100
100;2;2;20,99658;100
100;3;15;20,99658;100
100;2;2;20,99658;100
100;3;15;20,99658;100
100;3;15;20,99658;100
100;3;15;21,33008;100
100;3;15;21,33008;100
100;2;2;21,33008;100
100;3;15;21,33008;100
100;3;15;21,33008;100
100;2;2;21,33008;100
100;2;2;21,33008;100
100;2;2;21,33008;100
100;2;2;21,33008;100
100;3;15;21,33008;100
100;3;15;21,66357;100
100;3;15;21,66357;100
100;2;2;21,66357;100
100;2;2;21,66357;100
100;2;2;21,66357;100
100;3;15;21,66357;100
100;2;2;21,66357;100
100;2;2;21,66357;100
100;3;15;21,66357;100
100;3;15;21,99707;100
100;2;2;21,99707;100
100;2;2;21,99707;100
100;3;15;21,99707;100
100;2;2;21,99707;100
100;2;2;21,99707;100
100;3;15;21,99707;100
100;3;15;22,33057;100
100;3;15;22,33057;100
100;3;15;22,33057;100
100;3;15;22,33057;100
100;3;15;22,33057;100
100;3;15;22,33057;100
100;3;15;22,33057;100
100;3;15;22,33057;100
100;2;2;22,33057;100
100;2;2;22,66406;100
100;3;15;22,66406;100
100;2;2;22,66406;100
100;2;2;22,66406;100
100;2;2;22,66406;100
100;2;2;22,66406;100
100;3;15;22,66406;100
100;2;2;22,66406;100
100;3;15;22,66406;100
100;3;15;22,66406;100
100;2;2;22,66406;100
100;2;2;22,99756;100
100;3;15;22,99756;100
100;3;15;22,99756;100
100;2;2;22,99756;100
100;2;2;22,99756;100
100;3;15;22,99756;100
100;2;2;22,99756;100
100;2;2;22,99756;100
100;2;2;22,99756;100
100;3;15;23,33105;100
100;2;2;23,33105;100
100;2;2;23,33105;100
100;2;2;23,33105;100
100;2;2;23,33105;100
100;3;15;23,33105;100
100;3;15;23,33105;100
100;2;2;23,33105;100
100;3;15;23,33105;100
100;3;15;23,66455;100
100;2;2;23,66455;100
100;2;2;23,66455;100
100;3;15;23,66455;100
100;2;2;23,66455;100
100;3;15;23,66455;100
100;2;2;23,66455;100
100;2;2;23,66455;100
100;3;15;23,66455;100
100;2;2;23,66455;100
100;2;2;23,66455;100
100;3;15;23,99805;100
100;3;15;23,99805;100
100;2;2;23,99805;100
100;3;15;23,99805;100
100;2;2;23,99805;100
100;3;15;23,99805;100
100;3;15;23,99805;100
100;3;15;23,99805;100
100;2;2;24,33154;100
100;2;2;24,33154;100
100;3;15;24,33154;100
100;3;15;24,33154;100
100;2;2;24,33154;100
100;2;2;24,33154;100
100;3;15;24,33154;100
100;3;15;24,33154;100
100;3;15;24,66504;100
100;2;2;24,66504;100
100;3;15;24,66504;100
100;3;15;24,66504;100
100;3;15;24,66504;100
100;3;15;24,66504;100
100;2;2;24,66504;100
100;2;2;24,66504;100
100;2;2;24,66504;100
100;2;2;24,66504;100
100;2;2;24,66504;100
100;2;2;24,99854;100
100;2;2;24,99854;100
100;2;2;24,99854;100
100;2;2;24,99854;100
100;3;15;24,99854;100
100;2;2;24,99854;100
100;3;15;24,99854;100
100;3;15;24,99854;100
100;2;2;24,99854;100
100;3;15;25,33203;100
100;2;2;25,33203;100
100;2;2;25,33203;100
100;2;2;25,33203;100
100;3;15;25,33203;100
100;2;2;25,33203;100
100;2;2;25,33203;100
100;3;15;25,33203;100
100;2;2;25,33203;100
100;3;15;25,33203;100
100;2;2;25,33203;100
100;3;15;25,66553;100
100;3;15;25,66553;100
100;2;2;25,66553;100
100;3;15;25,66553;100
100;2;2;25,66553;100
100;3;15;25,66553;100
100;3;15;25,66553;100
100;3;15;25,66553;100
100;2;2;25,99902;100
100;3;15;25,99902;100
100;2;2;25,99902;100
100;3;15;25,99902;100
100;2;2;25,99902;100
100;2;2;25,99902;100
100;2;2;25,99902;100
100;3;15;25,99902;100
100;2;2;25,99902;100
100;3;15;25,99902;100
100;3;15;26,33252;100
100;2;2;26,33252;100
100;2;2;26,33252;100
100;2;2;26,33252;100
100;2;2;26,33252;100
100;2;2;26,33252;100
100;2;2;26,33252;100
100;3;15;26,33252;100
100;2;2;26,66602;100
100;2;2;26,66602;100
100;3;15;26,66602;100
100;2;2;26,66602;100
100;3;15;26,66602;100
100;2;2;26,66602;100
100;2;2;26,66602;100
100;3;15;26,66602;100
100;2;2;26,66602;100
100;3;15;26,66602;100
100;2;2;26,99951;100
100;2;2;26,99951;100
100;2;2;26,99951;100
100;3;15;26,99951;100
100;2;2;26,99951;100
100;2;2;26,99951;100
100;3;15;26,99951;100
100;3;15;26,99951;100
100;2;2;26,99951;100
100;2;2;26,99951;100
100;3;15;27,33301;100
100;3;15;27,33301;100
100;3;15;27,33301;100
100;3;15;27,33301;100
100;3;15;27,33301;100
100;3;15;27,33301;100
100;2;2;27,33301;100
100;2;2;27,6665;100
100;3;15;27,6665;100
100;2;2;27,6665;100
100;2;2;27,6665;100
100;2;2;27,6665;100
100;3;15;27,6665;100
100;2;2;27,6665;100
100;3;15;27,6665;100
100;2;2;28;100
100;3;15;28;100
100;3;15;28;100
100;2;2;28;100
100;2;2;28;100
100;2;2;28;100
100;3;15;28;100
100;2;2;28,3335;100
100;2;2;28,3335;100
100;3;15;28,3335;100
100;2;2;28,3335;100
100;2;2;28,3335;100
100;2;2;28,3335;100
100;2;2;28,3335;100
100;3;15;28,3335;100
100;3;15;28,3335;100
100;3;15;28,3335;100
100;2;2;28,66699;100
100;3;15;28,66699;100
100;2;2;28,66699;100
100;2;2;28,66699;100
100;2;2;28,66699;100
100;2;2;28,66699;100
100;3;15;28,66699;100
100;3;15;28,66699;100
100;2;2;28,66699;100
100;3;15;28,66699;100
100;3;15;28,66699;100
100;3;15;28,66699;100
100;2;2;29,00049;100
100;3;15;29,00049;100
100;3;15;29,00049;100
100;2;2;29,00049;100
100;3;15;29,00049;100
100;3;15;29,00049;100
100;3;15;29,00049;100
100;3;15;29,00049;100
100;3;15;29,33398;100
100;3;15;29,33398;100
100;3;15;29,33398;100
100;2;2;29,33398;100
100;3;15;29,33398;100
100;3;15;29,33398;100
100;3;15;29,33398;100
100;2;2;29,33398;100
100;3;15;29,33398;100
100;2;2;29,66748;100
100;3;15;29,66748;100
100;3;15;29,66748;100
100;3;15;29,66748;100
100;3;15;29,66748;100
100;2;2;29,66748;100
100;2;2;29,66748;100
100;3;15;29,66748;100
100;2;2;29,66748;100
100;2;2;29,66748;100
100;2;2;29,66748;100
100;3;15;30,00098;100
100;2;2;30,00098;100
100;2;2;30,00098;100
100;3;15;30,00098;85
100;3;15;30,00098;70
100;2;2;30,00098;70
100;3;15;30,00098;55
100;2;2;30,00098;55
100;3;15;30,00098;40
100;3;15;30,33447;25
100;2;2;30,33447;25
100;2;2;30,33447;25
100;3;15;30,33447;25
100;2;2;30,33447;25
100;3;15;30,33447;25
100;3;15;30,33447;25
100;3;15;30,33447;25
100;3;15;30,66797;10
100;2;2;30,66797;10
100;2;2;30,66797;10
100;3;15;30,66797;-5
Player