100;3;15;2,916992;100
100;3;15;2,916992;100
100;3;15;2,916992;100
100;3;15;2,916992;100
100;2;2;2,916992;100
100;3;15;2,916992;100
100;3;15;2,916992;100
100;3;15;2,916992;100
100;2;2;2,916992;100
100;2;2;2,916992;100
100;3;15;2,916992;100
100;2;2;3,25;100
100;3;15;3,25;100
100;2;2;3,25;100
100;2;2;3,25;100
100;3;15;3,25;100
100;3;15;3,25;100
100;2;2;3,25;100
100;2;2;3,25;100
100;2;2;3,25;100
100;2;2;3,583008;100
100;3;15;3,583008;100
100;3;15;3,583008;100
100;2;2;3,583008;100
100;2;2;3,583008;100
100;3;15;3,583008;100
100;3;15;3,583008;100
100;3;15;3,916016;100
100;2;2;3,916016;100
100;2;2;3,916016;100
100;2;2;3,916016;100
100;3;15;3,916016;100
100;3;15;3,916016;100
100;2;2;3,916016;100
100;2;2;3,916016;100
100;2;2;4,249023;100
100;3;15;4,249023;100
100;2;2;4,249023;100
100;2;2;4,249023;100
100;2;2;4,249023;100
100;3;15;4,249023;100
100;3;15;4,582031;100
100;2;2;4,582031;100
100;2;2;4,582031;100
100;2;2;4,582031;100
100;3;15;4,582031;100
100;3;15;4,582031;100
100;3;15;4,582031;100
100;2;2;4,582031;100
100;3;15;4,582031;100
100;3;15;4,582031;100
100;3;15;4,915039;100
100;3;15;4,915039;100
100;3;15;4,915039;100
100;3;15;4,915039;100
100;2;2;4,915039;100
100;2;2;4,915039;100
100;2;2;4,915039;100
100;2;2;4,915039;100
100;3;15;4,915039;100
100;2;2;4,915039;100
100;3;15;4,915039;100
100;3;15;4,915039;100
100;3;15;5,248047;100
100;2;2;5,248047;100
100;2;2;5,248047;100
100;3;15;5,248047;100
100;3;15;5,248047;100
100;3;15;5,248047;100
100;3;15;5,248047;100
100;2;2;5,581055;100
100;3;15;5,581055;100
100;3;15;5,581055;100
100;3;15;5,581055;100
100;3;15;5,581055;100
100;3;15;5,581055;100
100;2;2;5,581055;100
100;2;2;5,581055;100
100;3;15;5,581055;100
100;2;2;5,914063;100
100;2;2;5,914063;100
100;2;2;5,914063;100
100;3;15;5,914063;100
100;2;2;5,914063;100
100;3;15;5,914063;100
100;2;2;5,914063;100
100;3;15;5,914063;100
100;3;15;5,914063;100
100;3;15;5,914063;100
100;3;15;6,24707;100
100;2;2;6,24707;100
100;2;2;6,24707;100
100;3;15;6,24707;100
100;2;2;6,24707;100
100;3;15;6,24707;100
100;2;2;6,24707;100
100;2;2;6,24707;100
100;2;2;6,24707;100
100;2;2;6,24707;100
100;3;15;6,580078;100
100;3;15;6,580078;100
100;2;2;6,580078;100
100;2;2;6,580078;100
100;2;2;6,580078;100
100;2;2;6,580078;100
100;2;2;6,580078;100
100;3;15;6,580078;100
100;3;15;6,580078;100
100;2;2;6,580078;100
100;3;15;6,580078;100
100;3;15;6,580078;100
100;3;15;6,913086;100
100;3;15;6,913086;100
100;2;2;6,913086;100
100;3;15;6,913086;100
100;2;2;6,913086;100
100;3;15;6,913086;100
100;3;15;6,913086;100
100;3;15;6,913086;100
100;2;2;6,913086;100
100;3;15;6,913086;100
100;2;2;6,913086;100
100;3;15;7,246094;100
100;3;15;7,246094;100
100;2;2;7,246094;100
100;3;15;7,246094;100
100;2;2;7,579102;100
100;2;2;7,579102;100
100;3;15;7,579102;100
100;2;2;7,579102;100
100;2;2;7,579102;100
100;3;15;7,579102;100
100;2;2;7,579102;100
100;3;15;7,579102;100
100;2;2;7,579102;100
100;2;2;7,912109;100
100;2;2;7,912109;100
100;3;15;7,912109;100
100;3;15;7,912109;100
100;2;2;7,912109;100
100;3;15;7,912109;100
100;3;15;7,912109;100
100;3;15;8,245117;100
100;3;15;8,245117;100
100;2;2;8,245117;100
100;3;15;8,245117;100
100;3;15;8,245117;100
100;2;2;8,245117;100
100;3;15;8,245117;100
100;3;15;8,245117;100
100;2;2;8,245117;100
100;3;15;8,578125;100
100;2;2;8,578125;100
100;3;15;8,578125;100
100;2;2;8,578125;100
100;3;15;8,578125;100
100;3;15;8,578125;100
100;2;2;8,911133;100
100;2;2;8,911133;100
100;2;2;8,911133;100
100;2;2;8,911133;100
100;2;2;8,911133;100
100;2;2;8,911133;100
100;2;2;8,911133;100
100;2;2;8,911133;100
100;2;2;8,911133;100
100;2;2;9,244141;100
100;3;15;9,244141;100
100;3;15;9,244141;100
100;2;2;9,244141;100
100;3;15;9,244141;100
100;3;15;9,244141;100
100;2;2;9,244141;100
100;2;2;9,244141;100
100;3;15;9,244141;100
100;3;15;9,577148;100
100;2;2;9,577148;100
100;3;15;9,577148;100
100;2;2;9,577148;100
100;3;15;9,577148;100
100;3;15;9,577148;100
100;2;2;9,577148;100
100;3;15;9,577148;100
100;3;15;9,577148;100
100;2;2;9,577148;100
100;2;2;9,910156;100
100;2;2;9,910156;100
100;3;15;9,910156;100
100;2;2;9,910156;100
100;3;15;9,910156;100
100;2;2;9,910156;100
100;2;2;9,910156;100
100;2;2;9,910156;100
100;2;2;9,910156;100
100;3;15;9,910156;100
100;3;15;9,910156;100
100;2;2;10,24316;100
100;3;15;10,24316;100
100;3;15;10,24316;100
100;2;2;10,24316;100
100;3;15;10,24316;100
100;2;2;10,24316;100
100;2;2;10,24316;100
100;2;2;10,24316;100
100;2;2;10,24316;100
100;3;15;10,57617;100
100;2;2;10,57617;100
100;2;2;10,57617;100
100;3;15;10,57617;100
100;2;2;10,57617;100
100;3;15;10,57617;100
100;3;15;10,57617;100
100;3;15;10,57617;100
100;3;15;10,90918;100
100;3;15;10,90918;100
100;3;15;10,90918;100
100;3;15;10,90918;100
100;3;15;10,90918;100
100;3;15;10,90918;100
100;3;15;10,90918;100
100;2;2;10,90918;100
100;3;15;10,90918;100
100;3;15;11,24219;100
100;2;2;11,24219;100
100;3;15;11,24219;100
100;2;2;11,24219;100
100;3;15;11,24219;100
100;2;2;11,24219;100
100;2;2;11,24219;100
100;3;15;11,24219;100
100;3;15;11,5752;100
100;3;15;11,5752;100
100;2;2;11,5752;100
100;2;2;11,5752;100
100;3;15;11,5752;100
100;3;15;11,5752;100
100;2;2;11,5752;100
100;2;2;11,5752;100
100;2;2;11,5752;100
100;3;15;11,5752;100
100;3;15;11,9082;100
100;3;15;11,9082;100
100;2;2;11,9082;100
100;3;15;11,9082;100
100;3;15;11,9082;100
100;3;15;11,9082;100
100;3;15;11,9082;100
100;2;2;12,24121;100
100;3;15;12,24121;100
100;3;15;12,24121;100
100;3;15;12,24121;100
100;3;15;12,24121;100
100;3;15;12,24121;100
100;3;15;12,57422;100
100;3;15;12,57422;100
100;2;2;12,57422;100
100;2;2;12,57422;100
100;3;15;12,57422;100
100;3;15;12,57422;100
100;2;2;12,90723;100
100;2;2;12,90723;100
100;2;2;12,90723;100
100;3;15;12,90723;100
100;3;15;12,90723;100
100;3;15;12,90723;100
100;3;15;13,24023;100
100;3;15;13,24023;100
100;3;15;13,24023;100
100;3;15;13,24023;100
100;2;2;13,24023;100
100;3;15;13,24023;100
100;2;2;13,24023;100
100;2;2;13,24023;100
100;3;15;13,57324;100
100;3;15;13,57324;100
100;2;2;13,57324;100
100;2;2;13,57324;100
100;3;15;13,57324;100
100;3;15;13,57324;100
100;3;15;13,57324;100
100;3;15;13,57324;100
100;2;2;13,90625;100
100;3;15;13,90625;100
100;3;15;13,90625;100
100;3;15;13,90625;100
100;3;15;13,90625;100
100;3;15;13,90625;100
100;2;2;14,23926;100
100;2;2;14,23926;100
100;3;15;14,23926;100
100;3;15;14,23926;100
100;2;2;14,23926;100
100;3;15;14,23926;100
100;3;15;14,23926;100
100;3;15;14,23926;100
100;3;15;14,23926;100
100;2;2;14,23926;100
100;3;15;14,57227;100
100;3;15;14,57227;100
100;2;2;14,57227;100
100;3;15;14,57227;100
100;2;2;14,57227;100
100;2;2;14,57227;100
100;2;2;14,57227;100
100;2;2;14,57227;100
100;3;15;14,57227;100
100;3;15;14,90527;100
100;3;15;14,90527;100
100;3;15;14,90527;100
100;3;15;14,90527;100
100;3;15;14,90527;100
100;3;15;14,90527;100
100;2;2;14,90527;100
100;3;15;14,90527;100
100;2;2;14,90527;100
100;3;15;14,90527;100
100;2;2;15,23828;100
100;3;15;15,23828;100
100;3;15;15,23828;100
100;2;2;15,57129;100
100;3;15;15,57129;100
100;3;15;15,57129;100
100;3;15;15,57129;100
100;2;2;15,57129;100
100;2;2;15,57129;100
100;2;2;15,57129;100
100;2;2;15,57129;100
100;3;15;15,57129;100
100;3;15;15,9043;100
100;3;15;15,9043;100
100;3;15;15,9043;100
100;2;2;15,9043;100
100;2;2;15,9043;100
100;2;2;15,9043;100
100;2;2;15,9043;100
100;2;2;16,2373;100
100;2;2;16,2373;100
100;2;2;16,2373;100
100;3;15;16,2373;100
100;3;15;16,57031;100
100;2;2;16,57031;100
100;3;15;16,57031;100
100;2;2;16,57031;100
100;2;2;16,57031;100
100;2;2;16,57031;100
100;3;15;16,57031;100
100;2;2;16,57031;100
100;3;15;16,90332;100
100;3;15;16,90332;100
100;3;15;16,90332;100
100;3;15;16,90332;100
100;2;2;16,90332;100
100;3;15;16,90332;100
100;2;2;16,90332;100
100;2;2;16,90332;100
100;2;2;16,90332;100
100;3;15;16,90332;100
100;3;15;17,23633;100
100;2;2;17,23633;100
100;3;15;17,23633;100
100;3;15;17,23633;100
100;3;15;17,23633;100
100;3;15;17,23633;100
100;3;15;17,23633;100
100;2;2;17,23633;100
100;2;2;17,56934;100
100;2;2;17,56934;100
100;2;2;17,56934;100
100;2;2;17,56934;100
100;3;15;17,56934;100
100;3;15;17,56934;100
100;3;15;17,56934;100
100;2;2;17,56934;100
100;2;2;17,56934;100
100;3;15;17,56934;100
100;2;2;17,90234;100
100;3;15;17,90234;100
100;2;2;17,90234;100
100;2;2;17,90234;100
100;3;15;17,90234;100
100;3;15;17,90234;100
100;2;2;18,23535;100
100;3;15;18,23535;100
100;3;15;18,23535;100
100;3;15;18,56836;100
100;2;2;18,56836;100
100;2;2;18,56836;100
100;2;2;18,56836;100
100;2;2;18,56836;100
100;2;2;18,56836;100
100;3;15;18,56836;100
100;3;15;18,56836;100
100;2;2;18,90137;100
100;3;15;18,90137;100
100;3;15;18,90137;100
100;3;15;18,90137;100
100;2;2;18,90137;100
100;2;2;18,90137;100
100;2;2;19,23438;100
100;2;2;19,23438;100
100;3;15;19,23438;100
100;3;15;19,23438;100
100;2;2;19,23438;100
100;2;2;19,23438;100
100;3;15;19,56738;100
100;2;2;19,56738;100
100;2;2;19,56738;100
100;2;2;19,56738;100
100;2;2;19,56738;100
100;2;2;19,56738;100
100;3;15;19,56738;100
100;2;2;19,90039;100
100;2;2;19,90039;100
100;3;15;19,90039;100
100;2;2;19,90039;100
100;2;2;19,90039;100
100;3;15;19,90039;100
100;2;2;19,90039;100
100;3;15;19,90039;100
100;2;2;19,90039;100
100;3;15;19,90039;100
100;3;15;19,90039;100
100;3;15;19,90039;100
100;3;15;20,2334;100
100;3;15;20,2334;100
100;2;2;20,2334;100
100;3;15;20,2334;100
100;3;15;20,2334;100
100;3;15;20,2334;100
100;2;2;20,2334;100
100;2;2;20,2334;100
100;2;2;20,56641;100
100;3;15;20,56641;100
100;2;2;20,56641;100
100;2;2;20,56641;100
100;2;2;20,56641;100
100;2;2;20,56641;100
100;2;2;20,89941;100
100;3;15;20,89941;100
100;3;15;20,89941;100
100;3;15;20,89941;100
100;3;15;20,89941;100
100;2;2;20,89941;100
100;2;2;21,23242;100
100;3;15;21,23242;100
100;3;15;21,23242;100
100;2;2;21,23242;100
100;2;2;21,23242;100
100;3;15;21,23242;100
100;2;2;21,23242;100
100;2;2;21,23242;100
100;2;2;21,23242;100
100;2;2;21,56543;100
100;3;15;21,56543;100
100;2;2;21,56543;100
100;2;2;21,56543;100
100;2;2;21,56543;100
100;3;15;21,56543;100
100;3;15;21,56543;100
100;3;15;21,89844;100
100;2;2;21,89844;100
100;2;2;21,89844;100
100;3;15;21,89844;100
100;2;2;21,89844;100
100;2;2;21,89844;100
100;2;2;22,23145;100
100;3;15;22,23145;100
100;2;2;22,23145;100
100;3;15;22,23145;100
100;3;15;22,23145;100
100;2;2;22,23145;100
100;3;15;22,23145;100
100;2;2;22,56445;100
100;3;15;22,56445;100
100;3;15;22,56445;100
100;3;15;22,56445;100
100;3;15;22,56445;100
100;2;2;22,56445;100
100;2;2;22,89746;100
100;2;2;22,89746;100
100;3;15;22,89746;100
100;3;15;22,89746;100
100;2;2;22,89746;100
100;2;2;22,89746;100
100;3;15;23,23047;100
100;2;2;23,23047;100
100;2;2;23,23047;100
100;2;2;23,23047;100
100;2;2;23,23047;100
100;3;15;23,23047;100
100;2;2;23,56348;100
100;2;2;23,56348;100
100;3;15;23,56348;100
100;2;2;23,56348;100
100;3;15;23,56348;100
100;3;15;23,56348;100
100;2;2;23,56348;100
100;3;15;23,89648;100
100;2;2;23,89648;100
100;2;2;23,89648;100
100;2;2;23,89648;100
100;2;2;23,89648;100
100;3;15;23,89648;100
100;3;15;23,89648;100
100;2;2;23,89648;100
100;3;15;24,22949;100
100;3;15;24,22949;100
100;3;15;24,22949;100
100;2;2;24,22949;100
100;3;15;24,22949;100
100;3;15;24,22949;100
100;2;2;24,5625;100
100;3;15;24,5625;100
100;3;15;24,5625;100
100;2;2;24,5625;100
100;3;15;24,5625;100
100;3;15;24,89551;100
100;3;15;24,89551;100
100;3;15;24,89551;100
100;2;2;24,89551;100
100;2;2;24,89551;100
100;3;15;24,89551;100
100;2;2;24,89551;100
100;3;15;24,89551;100
100;3;15;24,89551;100
100;3;15;24,89551;100
100;2;2;25,22852;100
100;3;15;25,22852;100
100;2;2;25,22852;100
100;3;15;25,22852;100
100;2;2;25,22852;100
100;2;2;25,22852;100
100;3;15;25,22852;100
100;3;15;25,22852;100
100;2;2;25,22852;100
100;3;15;25,22852;100
100;3;15;25,22852;100
100;2;2;25,22852;100
100;3;15;25,56152;100
100;3;15;25,56152;100
100;3;15;25,56152;100
100;3;15;25,56152;100
100;2;2;25,56152;100
100;2;2;25,56152;100
100;2;2;25,56152;100
100;2;2;25,56152;100
100;2;2;25,56152;100
100;3;15;25,56152;100
100;3;15;25,89453;100
100;2;2;25,89453;100
100;3;15;25,89453;100
100;2;2;25,89453;100
100;2;2;25,89453;100
100;3;15;25,89453;100
100;3;15;25,89453;100
100;2;2;25,89453;100
100;2;2;25,89453;100
100;3;15;25,89453;100
100;2;2;25,89453;100
100;2;2;26,22754;100
100;3;15;26,22754;100
100;2;2;26,22754;100
100;3;15;26,22754;100
100;2;2;26,22754;100
100;2;2;26,22754;100
100;3;15;26,56055;100
100;3;15;26,56055;100
100;3;15;26,56055;100
100;2;2;26,56055;100
100;3;15;26,56055;100
100;3;15;26,56055;100
100;3;15;26,56055;100
100;2;2;26,56055;100
100;3;15;26,56055;100
100;3;15;26,56055;100
100;3;15;26,56055;100
100;2;2;26,56055;100
100;3;15;26,89355;100
100;3;15;26,89355;100
100;3;15;26,89355;100
100;3;15;26,89355;100
100;3;15;26,89355;100
100;2;2;26,89355;100
100;3;15;26,89355;100
100;2;2;26,89355;100
100;3;15;26,89355;100
100;2;2;27,22656;100
100;3;15;27,22656;100
100;3;15;27,22656;100
100;3;15;27,22656;100
100;2;2;27,22656;100
100;3;15;27,22656;100
100;2;2;27,22656;100
100;3;15;27,22656;100
100;3;15;27,22656;100
100;3;15;27,22656;100
100;3;15;27,55957;100
100;3;15;27,55957;100
100;3;15;27,55957;100
100;3;15;27,55957;100
100;2;2;27,55957;100
100;2;2;27,55957;100
100;2;2;27,55957;100
100;3;15;27,55957;100
100;3;15;27,89258;100
100;2;2;27,89258;100
100;2;2;27,89258;100
100;3;15;27,89258;100
100;3;15;27,89258;100
100;3;15;27,89258;100
100;3;15;27,89258;100
100;2;2;27,89258;100
100;2;2;28,22559;100
100;2;2;28,22559;100
100;3;15;28,22559;100
100;3;15;28,22559;100
100;3;15;28,22559;100
100;2;2;28,22559;100
100;2;2;28,22559;100
100;3;15;28,22559;100
100;2;2;28,55859;100
100;2;2;28,55859;100
100;2;2;28,55859;100
100;2;2;28,55859;100
100;2;2;28,55859;100
100;3;15;28,55859;100
100;3;15;28,55859;100
100;3;15;28,55859;100
100;2;2;28,55859;100
100;2;2;28,55859;100
100;3;15;28,55859;100
100;2;2;28,55859;100
100;3;15;28,55859;100
100;3;15;28,8916;100
100;3;15;28,8916;100
100;2;2;28,8916;100
100;2;2;28,8916;100
100;3;15;28,8916;100
100;3;15;28,8916;100
100;2;2;28,8916;100
100;3;15;28,8916;100
100;3;15;29,22461;100
100;2;2;29,22461;100
100;3;15;29,22461;100
100;3;15;29,22461;100
100;2;2;29,22461;100
100;3;15;29,22461;100
100;3;15;29,22461;100
100;3;15;29,22461;100
100;2;2;29,55762;100
100;2;2;29,55762;100
100;3;15;29,55762;100
100;3;15;29,55762;100
100;3;15;29,89063;100
100;3;15;29,89063;100
100;2;2;29,89063;100
100;2;2;29,89063;100
100;3;15;30,22363;100
100;2;2;30,22363;100
100;3;15;30,22363;100
100;3;15;30,22363;100
100;3;15;30,22363;100
100;3;15;30,22363;100
100;2;2;30,22363;100
100;3;15;30,22363;100
100;2;2;30,55664;100
100;2;2;30,55664;100
100;2;2;30,55664;100
100;3;15;30,55664;100
100;2;2;30,55664;100
100;2;2;30,88965;100
100;2;2;30,88965;100
100;3;15;30,88965;100
100;3;15;30,88965;100
100;3;15;30,88965;100
100;3;15;30,88965;100
100;3;15;30,88965;100
100;2;2;31,22266;100
100;3;15;31,22266;100
100;2;2;31,22266;100
100;3;15;31,22266;100
100;3;15;31,22266;100
100;2;2;31,22266;100
100;2;2;31,22266;100
100;2;2;31,22266;100
100;2;2;31,55566;100
100;2;2;31,55566;100
100;3;15;31,55566;100
100;2;2;31,55566;100
100;2;2;31,55566;100
100;2;2;31,55566;100
100;2;2;31,55566;100
100;2;2;31,55566;100
100;2;2;31,55566;100
100;3;15;31,55566;100
100;3;15;31,55566;100
100;3;15;31,88867;100
100;3;15;31,88867;100
100;3;15;31,88867;100
100;3;15;31,88867;100
100;3;15;31,88867;100
100;2;2;31,88867;100
100;2;2;31,88867;100
100;3;15;32,22168;100
100;3;15;32,22168;100
100;2;2;32,22168;100
100;3;15;32,22168;100
100;3;15;32,22168;100
100;2;2;32,22168;100
100;3;15;32,22168;100
100;2;2;32,22168;100
100;3;15;32,22168;100
100;3;15;32,22168;100
100;3;15;32,22168;100
100;3;15;32,55469;100
100;2;2;32,55469;100
100;3;15;32,55469;100
100;3;15;32,55469;100
100;2;2;32,55469;100
100;3;15;32,55469;100
100;2;2;32,55469;100
100;2;2;32,55469;100
100;2;2;32,55469;100
100;2;2;32,8877;100
100;3;15;32,8877;100
100;3;15;32,8877;100
100;2;2;32,8877;100
100;3;15;32,8877;100
100;2;2;32,8877;100
100;3;15;32,8877;100
100;2;2;32,8877;100
100;3;15;32,8877;100
100;2;2;33,2207;100
100;3;15;33,2207;100
100;2;2;33,2207;100
100;3;15;33,2207;100
100;2;2;33,2207;100
100;3;15;33,2207;100
100;3;15;33,2207;100
100;2;2;33,2207;100
100;3;15;33,2207;100
100;2;2;33,55371;100
100;3;15;33,55371;100
100;3;15;33,55371;100
100;2;2;33,55371;100
100;2;2;33,55371;100
100;3;15;33,55371;100
100;2;2;33,55371;100
100;2;2;33,88672;100
100;2;2;33,88672;100
100;2;2;33,88672;100
100;2;2;33,88672;100
100;3;15;33,88672;100
100;3;15;33,88672;100
100;3;15;33,88672;100
100;3;15;33,88672;100
100;3;15;33,88672;100
100;2;2;34,21973;100
100;3;15;34,21973;100
100;2;2;34,21973;100
100;3;15;34,21973;100
100;3;15;34,21973;100
100;2;2;34,21973;100
100;3;15;34,21973;100
100;3;15;34,21973;100
100;2;2;34,21973;100
100;3;15;34,21973;100
100;3;15;34,21973;100
100;3;15;34,55273;100
100;2;2;34,55273;100
100;2;2;34,55273;100
100;3;15;34,55273;100
100;3;15;34,55273;100
100;2;2;34,55273;100
100;2;2;34,55273;100
100;2;2;34,88574;100
100;2;2;34,88574;100
100;3;15;34,88574;100
100;3;15;34,88574;100
100;2;2;35,21875;100
100;3;15;35,21875;100
100;3;15;35,21875;100
100;3;15;35,21875;100
100;3;15;35,21875;100
100;3;15;35,21875;100
100;3;15;35,21875;100
100;2;2;35,21875;100
100;3;15;35,55176;100
100;2;2;35,55176;100
100;3;15;35,55176;100
100;2;2;35,55176;100
100;2;2;35,55176;100
100;3;15;35,55176;100
100;3;15;35,88477;100
100;2;2;35,88477;100
100;3;15;35,88477;100
100;2;2;35,88477;100
100;3;15;35,88477;100
100;2;2;35,88477;100
100;2;2;36,21777;100
100;2;2;36,21777;100
100;2;2;36,21777;100
100;3;15;36,21777;100
100;3;15;36,21777;100
100;2;2;36,21777;100
100;2;2;36,21777;100
100;2;2;36,21777;100
100;3;15;36,21777;100
100;3;15;36,21777;100
100;3;15;36,55078;100
100;2;2;36,55078;100
100;3;15;36,55078;100
100;2;2;36,55078;100
100;2;2;36,55078;100
100;3;15;36,88379;100
100;3;15;36,88379;100
100;3;15;36,88379;100
100;3;15;36,88379;100
100;3;15;36,88379;100
100;3;15;36,88379;100
100;2;2;36,88379;100
100;3;15;36,88379;100
100;2;2;36,88379;100
100;3;15;36,88379;100
100;3;15;36,88379;100
100;2;2;37,2168;100
100;3;15;37,2168;100
100;2;2;37,2168;100
100;3;15;37,2168;100
100;2;2;37,2168;100
100;2;2;37,2168;100
100;3;15;37,2168;100
100;3;15;37,2168;100
100;3;15;37,2168;100
100;3;15;37,2168;100
100;2;2;37,5498;100
100;3;15;37,5498;100
100;3;15;37,5498;100
100;3;15;37,5498;100
100;2;2;37,5498;100
100;3;15;37,5498;100
100;3;15;37,5498;100
100;3;15;37,5498;100
100;2;2;37,5498;100
100;3;15;37,88281;100
100;3;15;37,88281;100
100;3;15;37,88281;100
100;3;15;37,88281;100
100;3;15;37,88281;100
100;3;15;37,88281;100
100;3;15;37,88281;100
100;2;2;37,88281;100
100;2;2;37,88281;100
100;3;15;37,88281;100
100;3;15;37,88281;100
100;2;2;37,88281;100
100;3;15;38,21582;100
100;3;15;38,21582;100
100;3;15;38,21582;100
100;2;2;38,21582;100
100;2;2;38,21582;100
100;2;2;38,21582;100
100;3;15;38,54883;100
100;2;2;38,54883;100
100;2;2;38,54883;100
100;3;15;38,54883;100
100;3;15;38,54883;100
100;2;2;38,54883;100
100;2;2;38,54883;100
100;2;2;38,54883;100
100;2;2;38,54883;100
100;3;15;38,54883;100
100;3;15;38,88184;100
100;3;15;38,88184;100
100;3;15;38,88184;100
100;3;15;38,88184;100
100;2;2;38,88184;100
100;3;15;38,88184;100
100;3;15;38,88184;100
100;3;15;38,88184;100
100;2;2;38,88184;100
100;3;15;39,21484;100
100;3;15;39,21484;100
100;3;15;39,21484;100
100;3;15;39,21484;100
100;3;15;39,21484;100
100;3;15;39,21484;100
100;3;15;39,21484;100
100;2;2;39,21484;100
100;3;15;39,54785;100
100;3;15;39,54785;100
100;2;2;39,54785;100
100;2;2;39,54785;100
100;3;15;39,54785;100
100;2;2;39,54785;100
100;2;2;39,88086;100
100;2;2;39,88086;100
100;3;15;39,88086;100
100;2;2;39,88086;100
100;3;15;39,88086;100
100;3;15;39,88086;100
100;3;15;39,88086;100
100;2;2;39,88086;100
100;2;2;39,88086;100
100;3;15;39,88086;100
100;2;2;39,88086;100
100;2;2;39,88086;100
100;3;15;40,21387;100
100;3;15;40,21387;100
100;2;2;40,21387;100
100;2;2;40,21387;100
100;2;2;40,21387;100
100;3;15;40,21387;100
100;3;15;40,21387;100
100;3;15;40,21387;100
100;2;2;40,21387;100
100;3;15;40,54688;100
100;2;2;40,54688;100
100;3;15;40,54688;100
100;2;2;40,54688;100
100;2;2;40,54688;100
100;3;15;40,87988;100
100;3;15;40,87988;100
100;3;15;40,87988;100
100;2;2;40,87988;100
100;3;15;40,87988;100
100;3;15;40,87988;100
100;2;2;40,87988;100
100;2;2;40,87988;100
100;3;15;41,21289;100
100;2;2;41,21289;100
100;2;2;41,21289;100
100;2;2;41,21289;100
100;2;2;41,21289;100
100;3;15;41,21289;100
100;3;15;41,21289;100
100;2;2;41,21289;100
100;2;2;41,21289;100
100;3;15;41,5459;100
100;2;2;41,5459;100
100;3;15;41,5459;100
100;3;15;41,5459;100
100;3;15;41,5459;100
100;3;15;41,5459;100
100;2;2;41,5459;100
100;3;15;41,87891;100
100;3;15;41,87891;100
100;2;2;41,87891;100
100;3;15;41,87891;100
100;2;2;41,87891;100
100;2;2;41,87891;100
100;2;2;41,87891;100
100;2;2;41,87891;100
100;2;2;41,87891;100
100;2;2;42,21191;100
100;3;15;42,21191;100
100;3;15;42,21191;100
100;3;15;42,21191;100
100;2;2;42,21191;100
100;2;2;42,21191;100
100;3;15;42,21191;100
100;2;2;42,21191;100
100;2;2;42,54492;100
100;2;2;42,54492;100
100;3;15;42,54492;100
100;2;2;42,54492;100
100;3;15;42,54492;100
100;3;15;42,54492;100
100;3;15;42,54492;100
100;3;15;42,87793;100
100;3;15;42,87793;100
100;3;15;42,87793;100
100;2;2;42,87793;100
100;3;15;43,21094;100
100;3;15;43,21094;100
100;3;15;43,21094;100
100;3;15;43,21094;100
100;2;2;43,21094;100
100;3;15;43,21094;100
100;3;15;43,21094;100
100;3;15;43,54395;100
100;3;15;43,54395;100
100;3;15;43,54395;100
100;3;15;43,54395;100
100;3;15;43,54395;100
100;2;2;43,54395;100
100;3;15;43,87695;100
100;2;2;43,87695;100
100;3;15;43,87695;100
100;3;15;43,87695;100
100;2;2;43,87695;100
100;3;15;43,87695;100
100;3;15;43,87695;100
100;3;15;43,87695;100
100;3;15;43,87695;100
100;3;15;43,87695;100
100;3;15;43,87695;100
100;2;2;44,20996;100
100;3;15;44,20996;100
100;3;15;44,20996;100
100;2;2;44,20996;100
100;3;15;44,20996;100
100;2;2;44,20996;100
100;2;2;44,20996;100
100;2;2;44,20996;100
100;3;15;44,54297;100
100;3;15;44,54297;100
100;2;2;44,54297;100
100;2;2;44,54297;100
100;3;15;44,54297;100
100;2;2;44,54297;100
100;3;15;44,54297;100
100;2;2;44,87598;100
100;3;15;44,87598;100
100;3;15;44,87598;100
100;2;2;44,87598;100
100;2;2;44,87598;100
100;2;2;44,87598;100
100;3;15;44,87598;100
100;3;15;44,87598;100
100;3;15;44,87598;100
100;3;15;44,87598;100
100;2;2;45,20898;100
100;2;2;45,20898;100
100;3;15;45,20898;100
100;2;2;45,20898;100
100;2;2;45,20898;100
100;2;2;45,20898;100
100;3;15;45,20898;100
100;3;15;45,20898;100
100;2;2;45,54199;100
100;3;15;45,54199;100
100;2;2;45,54199;100
100;3;15;45,54199;100
100;2;2;45,54199;100
100;2;2;45,54199;100
100;2;2;45,54199;100
100;2;2;45,54199;100
100;2;2;45,54199;100
100;3;15;45,54199;100
100;2;2;45,54199;100
100;3;15;45,54199;100
100;2;2;45,875;100
100;3;15;45,875;100
100;3;15;45,875;100
100;2;2;45,875;100
100;3;15;45,875;100
100;2;2;45,875;100
100;3;15;45,875;100
100;3;15;45,875;100
100;2;2;46,20801;100
100;2;2;46,20801;100
100;2;2;46,20801;100
100;2;2;46,20801;100
100;2;2;46,20801;100
100;2;2;46,20801;100
100;2;2;46,20801;100
100;3;15;46,20801;100
100;3;15;46,20801;100
100;3;15;46,20801;100
100;2;2;46,20801;100
100;3;15;46,20801;100
100;3;15;46,20801;100
100;3;15;46,20801;100
100;2;2;46,54102;100
100;2;2;46,54102;100
100;2;2;46,54102;100
100;3;15;46,54102;100
100;3;15;46,54102;100
100;3;15;46,54102;100
100;3;15;46,54102;100
100;2;2;46,54102;100
100;3;15;46,87402;100
100;3;15;46,87402;100
100;3;15;46,87402;100
100;3;15;46,87402;100
100;3;15;46,87402;100
100;2;2;46,87402;100
100;2;2;46,87402;100
100;3;15;46,87402;100
100;2;2;46,87402;100
100;3;15;46,87402;100
100;3;15;47,20703;100
100;3;15;47,20703;100
100;3;15;47,20703;100
100;3;15;47,20703;100
100;3;15;47,20703;100
100;2;2;47,20703;100
100;3;15;47,20703;100
100;3;15;47,20703;100
100;3;15;47,20703;100
100;2;2;47,20703;100
100;2;2;47,20703;100
100;3;15;47,20703;100
100;3;15;47,54004;100
100;2;2;47,54004;100
100;3;15;47,54004;100
100;2;2;47,54004;100
100;3;15;47,54004;100
100;3;15;47,54004;100
100;3;15;47,87305;100
100;3;15;47,87305;100
100;2;2;47,87305;100
100;3;15;47,87305;100
100;3;15;47,87305;100
100;3;15;47,87305;100
100;3;15;47,87305;100
100;2;2;48,20605;100
100;2;2;48,20605;100
100;2;2;48,20605;100
100;2;2;48,20605;100
100;2;2;48,20605;100
100;3;15;48,20605;100
100;2;2;48,20605;100
100;2;2;48,20605;100
100;3;15;48,20605;100
100;3;15;48,20605;100
100;3;15;48,20605;100
100;2;2;48,53906;100
100;3;15;48,53906;100
100;2;2;48,53906;100
100;3;15;48,53906;100
100;3;15;48,53906;100
100;3;15;48,53906;100
100;2;2;48,87207;100
100;3;15;48,87207;100
100;2;2;48,87207;100
100;2;2;48,87207;100
100;2;2;48,87207;100
100;3;15;48,87207;100
100;2;2;48,87207;100
100;2;2;49,20508;100
100;3;15;49,20508;100
100;3;15;49,20508;100
100;2;2;49,20508;100
100;3;15;49,20508;100
100;3;15;49,20508;100
100;2;2;49,20508;100
100;3;15;49,20508;100
100;2;2;49,20508;100
100;3;15;49,20508;100
100;2;2;49,53809;100
100;3;15;49,53809;100
100;2;2;49,53809;100
100;2;2;49,53809;100
100;2;2;49,53809;100
100;3;15;49,53809;100
100;3;15;49,53809;100
100;3;15;49,53809;100
100;3;15;49,87109;100
100;3;15;49,87109;100
100;2;2;49,87109;100
100;3;15;49,87109;100
100;2;2;49,87109;100
100;2;2;49,87109;100
100;3;15;49,87109;100
100;2;2;49,87109;100
100;3;15;49,87109;100
100;2;2;50,2041;100
100;2;2;50,2041;100
100;3;15;50,2041;100
100;2;2;50,2041;100
100;2;2;50,2041;100
100;2;2;50,2041;100
100;2;2;50,2041;100
100;2;2;50,2041;100
100;2;2;50,2041;100
100;3;15;50,2041;100
100;2;2;50,53711;100
100;3;15;50,53711;100
100;2;2;50,53711;100
100;3;15;50,53711;100
100;2;2;50,53711;100
100;3;15;50,53711;100
100;3;15;50,53711;100
100;3;15;50,53711;100
100;2;2;50,87012;100
100;3;15;50,87012;100
100;3;15;50,87012;100
100;3;15;50,87012;100
100;3;15;50,87012;100
100;2;2;50,87012;100
100;3;15;50,87012;100
100;3;15;50,87012;100
100;3;15;50,87012;100
100;2;2;50,87012;100
100;2;2;50,87012;100
100;3;15;50,87012;100
100;2;2;51,20313;100
100;3;15;51,20313;100
100;3;15;51,20313;100
100;2;2;51,20313;100
100;3;15;51,20313;100
100;3;15;51,20313;100
100;3;15;51,20313;100
100;3;15;51,20313;100
100;2;2;51,53613;100
100;2;2;51,53613;100
100;3;15;51,53613;100
100;2;2;51,53613;100
100;2;2;51,53613;100
100;2;2;51,53613;100
100;3;15;51,53613;100
100;2;2;51,53613;100
100;3;15;51,53613;100
100;2;2;51,53613;100
100;3;15;51,86914;100
100;2;2;51,86914;100
100;3;15;51,86914;100
100;3;15;51,86914;100
100;3;15;51,86914;100
100;2;2;51,86914;100
100;3;15;51,86914;100
100;3;15;51,86914;100
100;2;2;51,86914;100
100;3;15;51,86914;100
100;3;15;51,86914;100
100;3;15;52,20215;100
100;2;2;52,20215;100
100;3;15;52,20215;100
100;3;15;52,20215;100
100;3;15;52,20215;100
100;3;15;52,53516;100
100;2;2;52,53516;100
100;2;2;52,53516;100
100;3;15;52,53516;85
100;3;15;52,53516;70
100;3;15;52,53516;55
100;3;15;52,53516;40
100;2;2;52,53516;40
100;3;15;52,86816;25
100;3;15;52,86816;10
100;3;15;52,86816;-5
Player