100;2;2;17,23926;100
100;3;15;17,23926;100
100;2;2;17,23926;100
100;2;2;17,23926;100
100;2;2;17,23926;100
100;3;15;17,23926;100
100;3;15;17,23926;100
100;3;15;17,57227;100
100;2;2;17,57227;100
100;3;15;17,57227;100
100;2;2;17,57227;100
100;3;15;17,57227;100
100;2;2;17,57227;100
100;3;15;17,57227;100
100;3;15;17,57227;100
100;3;15;17,57227;100
100;2;2;17,90527;100
100;3;15;17,90527;100
100;2;2;17,90527;100
100;3;15;17,90527;100
100;2;2;17,90527;100
100;3;15;17,90527;100
100;2;2;18,23828;100
100;3;15;18,23828;100
100;3;15;18,23828;100
100;3;15;18,23828;100
100;3;15;18,23828;100
100;3;15;18,23828;100
100;3;15;18,23828;100
100;3;15;18,23828;100
100;2;2;18,23828;100
100;3;15;18,23828;100
100;3;15;18,57129;100
100;2;2;18,57129;100
100;2;2;18,57129;100
100;2;2;18,57129;100
100;2;2;18,57129;100
100;3;15;18,57129;100
100;2;2;18,57129;100
100;2;2;18,57129;100
100;3;15;18,57129;100
100;2;2;18,57129;100
100;3;15;18,57129;100
100;3;15;18,9043;100
100;3;15;18,9043;100
100;2;2;18,9043;100
100;3;15;18,9043;100
100;2;2;18,9043;100
100;3;15;18,9043;100
100;2;2;18,9043;100
100;2;2;18,9043;100
100;3;15;19,2373;100
100;3;15;19,2373;100
100;2;2;19,2373;100
100;3;15;19,2373;100
100;3;15;19,2373;100
100;2;2;19,2373;100
100;3;15;19,2373;100
100;3;15;19,57031;100
100;2;2;19,57031;100
100;3;15;19,57031;100
100;3;15;19,57031;100
100;3;15;19,57031;100
100;3;15;19,57031;100
100;2;2;19,57031;100
100;3;15;19,57031;100
100;3;15;19,57031;100
100;3;15;19,57031;100
100;3;15;19,90332;100
100;3;15;19,90332;100
100;2;2;19,90332;100
100;3;15;19,90332;100
100;2;2;19,90332;100
100;3;15;19,90332;100
100;3;15;19,90332;100
100;3;15;19,90332;100
100;2;2;19,90332;100
100;2;2;19,90332;100
100;2;2;19,90332;100
100;2;2;20,23633;100
100;3;15;20,23633;100
100;2;2;20,23633;100
100;3;15;20,23633;100
100;2;2;20,23633;100
100;3;15;20,23633;100
100;2;2;20,23633;100
100;3;15;20,56934;100
100;3;15;20,56934;100
100;2;2;20,56934;100
100;3;15;20,56934;100
100;3;15;20,56934;100
100;2;2;20,56934;100
100;2;2;20,56934;100
100;2;2;20,56934;100
100;3;15;20,56934;100
100;3;15;20,56934;100
100;3;15;20,56934;100
100;3;15;20,90234;100
100;3;15;20,90234;100
100;3;15;20,90234;100
100;2;2;20,90234;100
100;3;15;20,90234;100
100;2;2;20,90234;100
100;2;2;20,90234;100
100;2;2;20,90234;100
100;3;15;20,90234;100
100;3;15;20,90234;100
100;3;15;20,90234;100
100;3;15;21,23535;100
100;3;15;21,23535;100
100;2;2;21,23535;100
100;3;15;21,23535;100
100;2;2;21,23535;100
100;2;2;21,23535;100
100;2;2;21,23535;100
100;3;15;21,23535;100
100;2;2;21,23535;100
100;3;15;21,23535;100
100;3;15;21,56836;100
100;2;2;21,56836;100
100;2;2;21,56836;100
100;2;2;21,56836;100
100;2;2;21,56836;100
100;2;2;21,56836;100
100;3;15;21,56836;100
100;3;15;21,90137;100
100;2;2;21,90137;100
100;3;15;21,90137;100
100;3;15;21,90137;100
100;2;2;21,90137;100
100;3;15;21,90137;100
100;2;2;21,90137;100
100;2;2;21,90137;100
100;2;2;21,90137;100
100;2;2;22,23438;100
100;3;15;22,23438;100
100;3;15;22,23438;100
100;2;2;22,23438;100
100;3;15;22,23438;100
100;3;15;22,23438;100
100;2;2;22,23438;100
100;3;15;22,23438;100
100;2;2;22,23438;100
100;2;2;22,56738;100
100;3;15;22,56738;100
100;3;15;22,56738;100
100;3;15;22,56738;100
100;2;2;22,56738;100
100;2;2;22,56738;100
100;2;2;22,56738;100
100;2;2;22,56738;100
100;2;2;22,56738;100
100;3;15;22,90039;100
100;2;2;22,90039;100
100;3;15;22,90039;100
100;3;15;22,90039;100
100;2;2;22,90039;100
100;2;2;22,90039;100
100;2;2;22,90039;100
100;3;15;22,90039;100
100;3;15;22,90039;100
100;2;2;22,90039;100
100;2;2;22,90039;100
100;2;2;23,2334;100
100;3;15;23,2334;100
100;2;2;23,2334;100
100;3;15;23,2334;100
100;3;15;23,2334;100
100;3;15;23,2334;100
100;2;2;23,2334;100
100;2;2;23,2334;100
100;3;15;23,2334;100
100;2;2;23,2334;100
100;2;2;23,2334;100
100;3;15;23,2334;100
100;3;15;23,56641;100
100;2;2;23,56641;100
100;3;15;23,56641;100
100;2;2;23,56641;100
100;3;15;23,56641;100
100;3;15;23,56641;100
100;2;2;23,56641;100
100;2;2;23,56641;100
100;3;15;23,56641;100
100;3;15;23,56641;100
100;2;2;23,56641;100
100;2;2;23,89941;100
100;2;2;23,89941;100
100;2;2;23,89941;100
100;3;15;23,89941;100
100;3;15;23,89941;100
100;3;15;23,89941;100
100;3;15;23,89941;100
100;3;15;23,89941;100
100;3;15;23,89941;100
100;3;15;24,23242;100
100;2;2;24,23242;100
100;2;2;24,23242;100
100;3;15;24,23242;100
100;2;2;24,23242;100
100;3;15;24,23242;100
100;2;2;24,23242;100
100;3;15;24,23242;100
100;3;15;24,23242;100
100;3;15;24,56543;100
100;3;15;24,56543;100
100;2;2;24,56543;100
100;2;2;24,56543;100
100;2;2;24,56543;100
100;2;2;24,89844;100
100;2;2;24,89844;100
100;2;2;24,89844;100
100;2;2;24,89844;100
100;2;2;24,89844;100
100;2;2;24,89844;100
100;2;2;24,89844;100
100;3;15;24,89844;100
100;3;15;24,89844;100
100;2;2;24,89844;100
100;2;2;24,89844;100
100;2;2;25,23145;100
100;3;15;25,23145;100
100;2;2;25,23145;100
100;2;2;25,23145;100
100;2;2;25,23145;100
100;3;15;25,23145;100
100;3;15;25,23145;100
100;2;2;25,23145;100
100;3;15;25,23145;100
100;2;2;25,56445;100
100;3;15;25,56445;100
100;3;15;25,56445;100
100;3;15;25,56445;100
100;2;2;25,56445;100
100;3;15;25,89746;100
100;2;2;25,89746;100
100;3;15;25,89746;100
100;3;15;25,89746;100
100;2;2;25,89746;100
100;2;2;25,89746;100
100;3;15;25,89746;100
100;3;15;25,89746;100
100;2;2;25,89746;100
100;2;2;25,89746;100
100;3;15;26,23047;100
100;2;2;26,23047;100
100;3;15;26,23047;100
100;2;2;26,23047;100
100;3;15;26,23047;100
100;2;2;26,23047;100
100;2;2;26,23047;100
100;2;2;26,23047;100
100;3;15;26,23047;100
100;3;15;26,56348;100
100;2;2;26,56348;100
100;3;15;26,56348;100
100;3;15;26,56348;100
100;3;15;26,56348;100
100;2;2;26,56348;100
100;3;15;26,89648;100
100;3;15;26,89648;85
100;3;15;26,89648;70
100;3;15;26,89648;55
100;2;2;26,89648;55
100;2;2;26,89648;55
100;2;2;26,89648;55
100;3;15;26,89648;40
100;3;15;26,89648;25
100;3;15;26,89648;10
100;3;15;26,89648;-5
Player