92;2;2;0;100
92;2;2;0;100
92;3;15;0;100
92;2;2;0;100
92;3;15;0,3333333;100
92;3;15;0,3333333;100
92;2;2;0,3333333;100
92;3;15;0,3333333;100
92;2;2;0,3333333;100
92;2;2;0,3333333;100
92;2;2;0,3333333;100
92;2;2;0,3333333;100
92;3;15;0,3333333;100
92;2;2;0,3333333;100
92;2;2;0,3333333;100
92;2;2;0,6666667;100
92;3;15;0,6666667;100
92;3;15;0,6666667;100
92;2;2;0,6666667;100
92;2;2;0,6666667;100
92;2;2;0,6666667;100
92;3;15;0,6666667;100
92;3;15;0,6666667;100
92;2;2;1;100
92;2;2;1;100
92;2;2;1;100
92;3;15;1;100
92;2;2;1;100
92;3;15;1;100
92;3;15;1;100
92;2;2;1,333333;100
92;3;15;1,333333;100
92;2;2;1,333333;100
92;2;2;1,333333;100
92;3;15;1,333333;100
92;2;2;1,333333;100
92;3;15;1,333333;100
92;3;15;1,666667;100
92;2;2;1,666667;100
92;2;2;1,666667;100
92;3;15;1,666667;100
92;2;2;1,666667;100
92;3;15;1,666667;100
92;2;2;1,666667;100
92;2;2;2;100
92;2;2;2;100
92;2;2;2;100
92;3;15;2;100
92;3;15;2;100
92;3;15;2;100
92;2;2;2,333333;100
92;2;2;2,333333;100
92;2;2;2,333333;100
92;2;2;2,333333;100
92;3;15;2,333333;100
92;3;15;2,666667;100
92;2;2;2,666667;100
92;2;2;2,666667;100
92;2;2;2,666667;100
92;2;2;2,666667;100
92;3;15;2,666667;100
92;2;2;2,666667;100
92;2;2;2,666667;100
92;2;2;2,666667;100
92;3;15;3;100
92;3;15;3;100
92;3;15;3;100
92;3;15;3;100
92;2;2;3;100
92;3;15;3;100
92;3;15;3;100
92;2;2;3;100
92;3;15;3,333333;100
92;2;2;3,333333;100
92;2;2;3,333333;100
92;2;2;3,333333;100
92;2;2;3,333333;100
92;3;15;3,333333;100
92;2;2;3,333333;100
92;3;15;3,333333;100
92;3;15;3,333333;100
92;3;15;3,333333;100
92;2;2;3,666666;100
92;2;2;3,666666;100
92;2;2;3,666666;100
92;2;2;3,666666;100
92;2;2;4;100
92;2;2;4;100
92;2;2;4;100
92;2;2;4;100
92;2;2;4;100
92;3;15;4;100
92;3;15;4;100
92;2;2;4,333333;100
92;2;2;4,333333;100
92;3;15;4,333333;100
92;3;15;4,333333;100
92;2;2;4,333333;100
92;3;15;4,333333;100
92;2;2;4,333333;100
92;2;2;4,333333;100
92;2;2;4,333333;100
92;2;2;4,666667;100
92;3;15;4,666667;100
92;3;15;4,666667;100
92;3;15;4,666667;100
92;2;2;4,666667;100
92;3;15;4,666667;100
92;3;15;4,666667;100
92;3;15;4,666667;100
92;3;15;4,666667;100
92;2;2;4,666667;100
92;2;2;5;100
92;3;15;5;100
92;2;2;5;100
92;2;2;5;100
92;2;2;5;100
92;3;15;5;100
92;2;2;5;100
92;2;2;5;100
92;2;2;5;100
92;2;2;5,333333;100
92;3;15;5,333333;100
92;2;2;5,333333;100
92;3;15;5,333333;100
92;2;2;5,333333;100
92;3;15;5,333333;100
92;3;15;5,666667;100
92;2;2;5,666667;100
92;2;2;5,666667;100
92;2;2;5,666667;100
92;2;2;5,666667;100
92;3;15;5,666667;100
92;2;2;5,666667;100
92;2;2;5,666667;100
92;3;15;5,666667;100
92;3;15;6;100
92;2;2;6;100
92;2;2;6;100
92;2;2;6;100
92;2;2;6;100
92;3;15;6;100
92;2;2;6;100
92;3;15;6;100
92;3;15;6;100
92;2;2;6,333334;100
92;2;2;6,333334;100
92;2;2;6,333334;100
92;2;2;6,333334;100
92;2;2;6,333334;100
92;3;15;6,333334;100
92;2;2;6,333334;100
92;2;2;6,333334;100
92;2;2;6,333334;100
92;2;2;6,666667;100
92;2;2;6,666667;100
92;3;15;6,666667;100
92;2;2;6,666667;100
92;3;15;6,666667;100
92;3;15;6,666667;100
92;2;2;6,666667;100
92;3;15;6,666667;100
92;2;2;6,666667;100
92;2;2;6,666667;100
92;2;2;6,666667;100
92;3;15;6,666667;100
92;2;2;7,000001;100
92;3;15;7,000001;100
92;3;15;7,000001;100
92;3;15;7,000001;100
92;3;15;7,000001;100
92;2;2;7,333334;100
92;3;15;7,333334;100
92;3;15;7,333334;100
92;2;2;7,333334;100
92;3;15;7,333334;100
92;3;15;7,333334;100
92;2;2;7,333334;100
92;3;15;7,333334;100
92;3;15;7,666668;100
92;2;2;7,666668;100
92;3;15;7,666668;100
92;3;15;7,666668;100
92;3;15;7,666668;100
92;3;15;7,666668;100
92;2;2;7,666668;100
92;3;15;7,666668;100
92;3;15;8,000001;100
92;2;2;8,000001;100
92;2;2;8,000001;100
92;2;2;8,000001;100
92;3;15;8,000001;100
92;2;2;8,000001;100
92;3;15;8,000001;100
92;2;2;8,000001;100
92;3;15;8,000001;100
92;2;2;8,333334;100
92;2;2;8,333334;100
92;2;2;8,333334;100
92;3;15;8,333334;100
92;3;15;8,333334;100
92;3;15;8,333334;100
92;3;15;8,333334;100
92;2;2;8,333334;100
92;3;15;8,666667;100
92;3;15;8,666667;100
92;3;15;8,666667;100
92;2;2;8,666667;100
92;3;15;8,666667;100
92;3;15;8,666667;100
92;3;15;8,666667;100
92;3;15;8,666667;100
92;2;2;8,666667;100
92;2;2;9;100
92;2;2;9;100
92;2;2;9;100
92;2;2;9;100
92;2;2;9;100
92;3;15;9,333333;100
92;3;15;9,333333;100
92;3;15;9,333333;100
92;3;15;9,333333;100
92;3;15;9,333333;100
92;2;2;9,333333;100
92;3;15;9,333333;100
92;3;15;9,666666;100
92;3;15;9,666666;100
92;2;2;9,666666;100
92;2;2;9,666666;100
92;2;2;9,666666;100
92;3;15;9,666666;100
92;3;15;9,666666;100
92;3;15;9,666666;100
92;2;2;9,666666;100
92;3;15;9,666666;100
92;2;2;9,666666;100
92;3;15;9,999999;100
92;2;2;9,999999;100
92;2;2;9,999999;100
92;2;2;9,999999;100
92;2;2;9,999999;100
92;3;15;9,999999;100
92;3;15;9,999999;100
92;2;2;9,999999;100
92;2;2;10,33333;100
92;3;15;10,33333;100
92;2;2;10,33333;100
92;3;15;10,33333;100
92;2;2;10,33333;100
92;3;15;10,33333;100
92;2;2;10,33333;100
92;2;2;10,33333;100
92;2;2;10,33333;100
92;3;15;10,33333;100
92;2;2;10,33333;100
92;3;15;10,66667;100
92;2;2;10,66667;100
92;3;15;10,66667;100
92;2;2;10,66667;100
92;3;15;10,66667;100
92;2;2;10,66667;100
92;2;2;10,66667;100
92;3;15;10,66667;100
92;2;2;10,66667;100
92;3;15;10,66667;100
92;2;2;11;100
92;3;15;11;100
92;3;15;11;100
92;2;2;11;100
92;3;15;11;100
92;3;15;11;100
92;3;15;11;100
92;3;15;11,33333;100
92;2;2;11,33333;100
92;2;2;11,33333;100
92;2;2;11,33333;100
92;3;15;11,33333;100
92;3;15;11,33333;100
92;2;2;11,33333;100
92;3;15;11,66666;100
92;3;15;11,66666;100
92;3;15;11,66666;100
92;3;15;11,66666;100
92;3;15;11,66666;100
92;3;15;11,66666;100
92;2;2;11,66666;100
92;3;15;11,66666;100
92;3;15;11,66666;100
92;2;2;12;100
92;3;15;12;100
92;2;2;12;100
92;3;15;12;100
92;3;15;12;100
92;2;2;12;100
92;2;2;12;100
92;3;15;12,33333;100
92;2;2;12,33333;100
92;2;2;12,33333;100
92;2;2;12,33333;100
92;2;2;12,33333;100
92;3;15;12,33333;100
92;2;2;12,33333;100
92;3;15;12,33333;100
92;3;15;12,33333;100
92;2;2;12,33333;100
92;2;2;12,66666;100
92;2;2;12,66666;100
92;2;2;12,66666;100
92;2;2;12,66666;100
92;2;2;12,66666;100
92;3;15;13;100
92;2;2;13;100
92;2;2;13;100
92;3;15;13;100
92;3;15;13;100
92;3;15;13;100
92;2;2;13,33333;100
92;3;15;13,33333;100
92;3;15;13,33333;100
92;2;2;13,33333;100
92;2;2;13,33333;100
92;2;2;13,33333;100
92;3;15;13,33333;100
92;3;15;13,33333;100
92;2;2;13,33333;100
92;3;15;13,33333;100
92;2;2;13,66666;100
92;2;2;13,66666;100
92;3;15;13,66666;100
92;3;15;13,66666;100
92;3;15;13,66666;100
92;3;15;13,66666;100
92;2;2;13,66666;100
92;3;15;13,66666;100
92;2;2;14;100
92;2;2;14;100
92;3;15;14;100
92;3;15;14;100
92;2;2;14;100
92;3;15;14;100
92;3;15;14;100
92;3;15;14;100
92;2;2;14,33333;100
92;2;2;14,33333;100
92;3;15;14,33333;100
92;2;2;14,33333;100
92;3;15;14,33333;100
92;3;15;14,33333;100
92;2;2;14,66666;100
92;3;15;14,66666;100
92;3;15;14,66666;100
92;3;15;14,66666;100
92;2;2;14,66666;100
92;3;15;14,66666;100
92;2;2;14,66666;100
92;3;15;14,66666;100
92;3;15;14,66666;100
92;2;2;14,66666;100
92;2;2;14,99999;100
92;2;2;14,99999;100
92;3;15;14,99999;100
92;3;15;14,99999;100
92;3;15;14,99999;100
92;3;15;14,99999;100
92;2;2;14,99999;100
92;2;2;14,99999;100
92;2;2;14,99999;100
92;2;2;14,99999;100
92;2;2;14,99999;100
92;2;2;14,99999;100
92;2;2;15,33333;100
92;3;15;15,33333;100
92;3;15;15,33333;100
92;3;15;15,33333;100
92;3;15;15,33333;100
92;3;15;15,33333;100
92;3;15;15,33333;100
92;3;15;15,33333;100
92;3;15;15,66666;100
92;3;15;15,66666;100
92;3;15;15,66666;100
92;2;2;15,66666;100
92;2;2;15,66666;100
92;3;15;15,66666;100
92;3;15;15,66666;100
92;3;15;15,66666;100
92;2;2;15,66666;100
92;3;15;15,66666;100
92;3;15;15,66666;100
92;3;15;15,99999;100
92;3;15;15,99999;100
92;3;15;15,99999;100
92;3;15;15,99999;100
92;2;2;15,99999;100
92;3;15;15,99999;100
92;2;2;15,99999;100
92;2;2;15,99999;100
92;3;15;15,99999;100
92;2;2;15,99999;100
92;3;15;16,33333;100
92;3;15;16,33333;100
92;2;2;16,33333;100
92;3;15;16,33333;100
92;3;15;16,33333;100
92;3;15;16,33333;100
92;2;2;16,33333;100
92;3;15;16,33333;100
92;3;15;16,33333;100
92;2;2;16,33333;100
92;2;2;16,66666;100
92;2;2;16,66666;100
92;3;15;16,66666;100
92;2;2;16,66666;100
92;3;15;16,66666;100
92;3;15;16,66666;100
92;2;2;16,99999;100
92;2;2;16,99999;100
92;3;15;16,99999;100
92;3;15;16,99999;100
92;3;15;16,99999;100
92;3;15;17,33333;100
92;2;2;17,33333;100
92;3;15;17,33333;100
92;3;15;17,33333;100
92;3;15;17,33333;100
92;3;15;17,33333;100
92;2;2;17,66666;100
92;2;2;17,66666;100
92;2;2;17,66666;100
92;3;15;17,66666;100
92;2;2;17,66666;100
92;3;15;17,66666;100
92;3;15;17,66666;100
92;2;2;17,66666;100
92;2;2;18;100
92;2;2;18;100
92;3;15;18;100
92;2;2;18;100
92;2;2;18;100
92;2;2;18;100
92;2;2;18;100
92;2;2;18;100
92;3;15;18;100
92;2;2;18;100
92;3;15;18;100
92;2;2;18,33333;100
92;2;2;18,33333;100
92;2;2;18,33333;100
92;3;15;18,33333;100
92;2;2;18,33333;100
92;3;15;18,33333;100
92;3;15;18,33333;100
92;3;15;18,66666;100
92;2;2;18,66666;100
92;2;2;18,66666;100
92;2;2;18,66666;100
92;3;15;18,66666;100
92;2;2;18,66666;100
92;3;15;18,66666;100
92;2;2;18,66666;100
92;3;15;18,66666;100
92;2;2;19;100
92;2;2;19;100
92;2;2;19;100
92;3;15;19;100
92;3;15;19;100
92;3;15;19;100
92;2;2;19;100
92;2;2;19;100
92;3;15;19,33333;100
92;2;2;19,33333;100
92;3;15;19,33333;100
92;3;15;19,33333;100
92;2;2;19,33333;100
92;3;15;19,33333;100
92;2;2;19,33333;100
92;3;15;19,66667;100
92;3;15;19,66667;100
92;2;2;19,66667;100
92;2;2;19,66667;100
92;2;2;19,66667;100
92;2;2;19,66667;100
92;3;15;19,66667;100
92;2;2;19,66667;100
92;3;15;19,66667;100
92;2;2;19,66667;100
92;3;15;19,66667;100
92;3;15;19,66667;100
92;3;15;20;100
92;2;2;20;100
92;2;2;20;100
92;2;2;20;100
92;3;15;20;100
92;3;15;20;100
92;2;2;20;100
92;2;2;20;100
92;3;15;20;100
92;2;2;20;100
92;2;2;20;100
92;2;2;20,33333;100
92;3;15;20,33333;100
92;3;15;20,33333;100
92;3;15;20,33333;100
92;2;2;20,33333;100
92;2;2;20,33333;100
92;2;2;20,33333;100
92;2;2;20,33333;100
92;3;15;20,33333;100
92;2;2;20,66667;100
92;2;2;20,66667;100
92;2;2;20,66667;100
92;3;15;20,66667;100
92;3;15;20,66667;100
92;3;15;20,66667;100
92;2;2;21;100
92;3;15;21;100
92;3;15;21;100
92;3;15;21;100
92;3;15;21;100
92;3;15;21;100
92;2;2;21;100
92;3;15;21;100
92;2;2;21;100
92;3;15;21,33334;100
92;3;15;21,33334;100
92;3;15;21,33334;100
92;2;2;21,33334;100
92;2;2;21,33334;100
92;2;2;21,33334;100
92;2;2;21,33334;100
92;3;15;21,33334;100
92;3;15;21,33334;100
92;3;15;21,66667;100
92;3;15;21,66667;100
92;2;2;21,66667;100
92;2;2;21,66667;100
92;3;15;21,66667;100
92;2;2;21,66667;100
92;3;15;21,66667;100
92;2;2;21,66667;100
92;3;15;21,66667;100
92;3;15;22;100
92;2;2;22;100
92;3;15;22;100
92;3;15;22;100
92;3;15;22;100
92;3;15;22;100
92;3;15;22;100
92;2;2;22;100
92;2;2;22;100
92;2;2;22;100
92;2;2;22,33334;100
92;3;15;22,33334;100
92;2;2;22,33334;100
92;2;2;22,33334;100
92;3;15;22,33334;100
92;3;15;22,33334;100
92;2;2;22,66667;100
92;2;2;22,66667;100
92;2;2;22,66667;100
92;3;15;22,66667;100
92;2;2;22,66667;100
92;3;15;22,66667;100
92;2;2;22,66667;100
92;3;15;22,66667;100
92;3;15;22,66667;100
92;3;15;22,66667;100
92;2;2;22,66667;100
92;3;15;22,66667;100
92;2;2;23,00001;100
92;2;2;23,00001;100
92;3;15;23,00001;100
92;3;15;23,00001;100
92;3;15;23,00001;100
92;3;15;23,00001;100
92;2;2;23,00001;100
92;3;15;23,00001;100
92;3;15;23,00001;100
92;3;15;23,00001;100
92;3;15;23,33334;100
92;3;15;23,33334;100
92;2;2;23,33334;100
92;2;2;23,33334;100
92;2;2;23,33334;100
92;3;15;23,33334;100
92;3;15;23,33334;100
92;3;15;23,33334;100
92;2;2;23,33334;100
92;3;15;23,33334;100
92;2;2;23,33334;100
92;3;15;23,66667;100
92;2;2;23,66667;100
92;2;2;23,66667;100
92;2;2;23,66667;100
92;2;2;23,66667;100
92;2;2;23,66667;100
92;2;2;23,66667;100
92;2;2;23,66667;100
92;3;15;24,00001;100
92;2;2;24,00001;100
92;2;2;24,00001;100
92;2;2;24,00001;100
92;3;15;24,00001;100
92;3;15;24,00001;100
92;2;2;24,33334;100
92;2;2;24,33334;100
92;2;2;24,33334;100
92;3;15;24,33334;100
92;2;2;24,33334;100
92;2;2;24,33334;100
92;2;2;24,66668;100
92;2;2;24,66668;100
92;3;15;24,66668;100
92;2;2;24,66668;100
92;3;15;24,66668;100
92;2;2;24,66668;100
92;2;2;24,66668;100
92;3;15;24,66668;100
92;2;2;24,66668;100
92;3;15;24,66668;100
92;3;15;24,66668;100
92;3;15;24,66668;100
92;2;2;25,00001;100
92;3;15;25,00001;100
92;2;2;25,00001;100
92;3;15;25,00001;100
92;2;2;25,00001;100
92;2;2;25,00001;100
92;3;15;25,00001;100
92;3;15;25,33334;100
92;3;15;25,33334;100
92;3;15;25,33334;100
92;3;15;25,33334;100
92;3;15;25,33334;100
92;2;2;25,33334;100
92;2;2;25,33334;100
92;3;15;25,33334;100
92;2;2;25,33334;100
92;3;15;25,66668;100
92;3;15;25,66668;100
92;2;2;25,66668;100
92;3;15;25,66668;100
92;3;15;26,00001;100
92;3;15;26,00001;100
92;2;2;26,00001;100
92;2;2;26,00001;100
92;3;15;26,00001;100
92;3;15;26,00001;100
92;3;15;26,33335;100
92;3;15;26,33335;100
92;3;15;26,33335;100
92;2;2;26,33335;100
92;2;2;26,33335;100
92;3;15;26,33335;100
92;2;2;26,33335;100
92;3;15;26,33335;100
92;3;15;26,33335;100
92;2;2;26,66668;100
92;3;15;26,66668;100
92;2;2;26,66668;100
92;3;15;26,66668;100
92;3;15;26,66668;100
92;2;2;26,66668;100
92;2;2;27,00001;100
92;2;2;27,00001;100
92;2;2;27,00001;100
92;3;15;27,00001;100
92;2;2;27,00001;100
92;2;2;27,00001;100
92;2;2;27,00001;100
92;2;2;27,00001;100
92;2;2;27,00001;100
92;3;15;27,00001;100
92;2;2;27,00001;100
92;2;2;27,33335;100
92;3;15;27,33335;100
92;2;2;27,33335;100
92;2;2;27,33335;100
92;3;15;27,33335;100
92;2;2;27,33335;100
92;2;2;27,33335;100
92;2;2;27,66668;100
92;2;2;27,66668;100
92;2;2;27,66668;100
92;3;15;27,66668;100
92;3;15;27,66668;100
92;3;15;27,66668;100
92;2;2;27,66668;100
92;2;2;27,66668;100
92;2;2;27,66668;100
92;3;15;28,00002;100
92;2;2;28,00002;100
92;3;15;28,00002;100
92;2;2;28,00002;100
92;2;2;28,00002;100
92;3;15;28,00002;100
92;2;2;28,00002;100
92;3;15;28,00002;100
92;3;15;28,33335;100
92;2;2;28,33335;100
92;2;2;28,33335;100
92;2;2;28,33335;100
92;3;15;28,33335;100
92;2;2;28,33335;100
92;3;15;28,33335;100
92;3;15;28,33335;100
92;2;2;28,33335;100
92;2;2;28,33335;100
92;3;15;28,33335;100
92;2;2;28,66668;100
92;2;2;28,66668;100
92;3;15;28,66668;100
92;3;15;28,66668;100
92;3;15;28,66668;100
92;3;15;28,66668;100
92;2;2;28,66668;100
92;2;2;29,00002;100
92;2;2;29,00002;100
92;2;2;29,00002;100
92;2;2;29,00002;100
92;3;15;29,00002;100
92;3;15;29,00002;100
92;2;2;29,00002;100
92;3;15;29,00002;100
92;3;15;29,00002;100
92;2;2;29,00002;100
92;3;15;29,00002;100
92;2;2;29,00002;100
92;3;15;29,33335;100
92;2;2;29,33335;100
92;2;2;29,33335;100
92;2;2;29,33335;100
92;2;2;29,33335;100
92;3;15;29,33335;100
92;3;15;29,33335;100
92;3;15;29,33335;100
92;3;15;29,33335;100
92;3;15;29,66669;100
92;2;2;29,66669;100
92;3;15;29,66669;100
92;3;15;29,66669;100
92;3;15;29,66669;100
92;3;15;29,66669;100
92;2;2;29,66669;100
92;3;15;29,66669;100
92;3;15;29,66669;100
92;3;15;29,66669;100
92;3;15;29,66669;100
92;2;2;29,66669;100
100;2;2;29,66669;100
100;3;15;30,00002;100
100;3;15;30,00002;100
100;2;2;30,00002;100
100;3;15;30,00002;100
100;3;15;30,00002;100
100;3;15;30,00002;100
100;2;2;30,33335;100
100;2;2;30,33335;100
100;2;2;30,33335;100
100;3;15;30,33335;100
100;3;15;30,33335;100
100;3;15;30,33335;100
100;3;15;30,33335;100
100;3;15;30,33335;100
100;3;15;30,66669;100
100;2;2;30,66669;100
100;2;2;30,66669;100
100;3;15;30,66669;100
100;2;2;30,66669;100
100;3;15;30,66669;100
100;3;15;30,66669;100
100;2;2;30,66669;100
100;3;15;30,66669;100
100;3;15;31,00002;100
100;3;15;31,00002;100
100;3;15;31,00002;100
100;2;2;31,00002;100
100;3;15;31,00002;100
100;3;15;31,00002;100
100;3;15;31,00002;100
100;3;15;31,00002;100
100;2;2;31,00002;100
100;3;15;31,33335;100
100;2;2;31,33335;100
100;3;15;31,33335;100
100;3;15;31,33335;100
100;2;2;31,33335;100
100;2;2;31,33335;100
100;2;2;31,33335;100
100;2;2;31,33335;100
100;3;15;31,33335;100
100;2;2;31,33335;100
100;2;2;31,33335;100
100;3;15;31,33335;100
100;3;15;31,66669;100
100;3;15;31,66669;100
100;3;15;31,66669;100
100;3;15;31,66669;100
100;2;2;31,66669;100
100;2;2;31,66669;100
100;3;15;31,66669;100
100;3;15;31,66669;100
100;3;15;31,66669;100
100;2;2;31,66669;100
100;3;15;32,00002;100
100;2;2;32,00002;100
100;2;2;32,00002;100
100;3;15;32,00002;100
100;2;2;32,33335;100
100;2;2;32,33335;100
100;2;2;32,33335;100
100;3;15;32,33335;100
100;2;2;32,33335;100
100;2;2;32,33335;100
100;2;2;32,33335;100
100;2;2;32,33335;100
100;2;2;32,66669;100
100;2;2;32,66669;100
100;3;15;32,66669;100
100;3;15;32,66669;100
100;2;2;32,66669;100
100;3;15;32,66669;100
100;2;2;32,66669;100
100;2;2;32,66669;100
100;3;15;32,66669;100
100;2;2;33,00002;100
100;2;2;33,00002;100
100;3;15;33,00002;100
100;3;15;33,00002;100
100;2;2;33,00002;100
100;2;2;33,00002;100
100;3;15;33,00002;100
100;2;2;33,00002;100
100;3;15;33,00002;100
100;2;2;33,00002;100
100;3;15;33,33335;100
100;2;2;33,33335;100
100;3;15;33,33335;100
100;3;15;33,33335;100
100;2;2;33,33335;100
100;2;2;33,33335;100
100;2;2;33,33335;100
100;3;15;33,33335;100
100;2;2;33,33335;100
100;3;15;33,66668;100
100;2;2;33,66668;100
100;3;15;33,66668;100
100;2;2;33,66668;100
100;3;15;33,66668;100
100;2;2;33,66668;100
100;2;2;33,66668;100
100;3;15;33,66668;100
100;2;2;33,66668;100
100;2;2;33,66668;100
100;2;2;34,00002;100
100;3;15;34,00002;100
100;3;15;34,00002;100
100;2;2;34,00002;100
100;2;2;34,00002;100
100;2;2;34,00002;100
100;2;2;34,00002;100
100;3;15;34,00002;100
100;2;2;34,00002;100
100;2;2;34,00002;100
100;2;2;34,33335;100
100;3;15;34,33335;100
100;2;2;34,33335;100
100;2;2;34,33335;100
100;3;15;34,33335;100
100;3;15;34,33335;100
100;3;15;34,33335;100
100;2;2;34,33335;100
100;2;2;34,66668;100
100;3;15;34,66668;100
100;2;2;34,66668;100
100;3;15;34,66668;100
100;2;2;34,66668;100
100;3;15;34,66668;100
100;3;15;34,66668;100
100;3;15;34,66668;100
100;2;2;35,00001;100
100;3;15;35,00001;100
100;2;2;35,00001;100
100;3;15;35,00001;100
100;2;2;35,00001;100
100;3;15;35,00001;100
100;2;2;35,00001;100
100;2;2;35,00001;100
100;3;15;35,00001;100
100;3;15;35,00001;100
100;2;2;35,33334;100
100;3;15;35,33334;100
100;2;2;35,33334;100
100;2;2;35,33334;100
100;3;15;35,33334;100
100;3;15;35,33334;100
100;3;15;35,33334;100
100;2;2;35,33334;100
100;2;2;35,66668;100
100;3;15;35,66668;100
100;2;2;35,66668;100
100;3;15;35,66668;100
100;2;2;35,66668;100
100;3;15;35,66668;100
100;2;2;35,66668;100
100;3;15;35,66668;100
100;2;2;35,66668;100
100;3;15;35,66668;100
100;3;15;36,00001;100
100;2;2;36,00001;100
100;2;2;36,00001;100
100;3;15;36,00001;100
100;3;15;36,00001;100
100;2;2;36,00001;100
100;3;15;36,00001;100
100;3;15;36,00001;100
100;2;2;36,00001;100
100;2;2;36,00001;100
100;3;15;36,33334;100
100;3;15;36,33334;100
100;2;2;36,33334;100
100;3;15;36,33334;100
100;3;15;36,33334;100
100;2;2;36,33334;100
100;2;2;36,33334;100
100;3;15;36,33334;100
100;2;2;36,33334;100
100;2;2;36,33334;100
100;3;15;36,33334;100
100;3;15;36,66667;100
100;3;15;36,66667;100
100;2;2;36,66667;100
100;3;15;36,66667;100
100;3;15;36,66667;100
100;2;2;36,66667;100
100;3;15;36,66667;100
100;2;2;36,66667;100
100;2;2;36,66667;100
100;3;15;36,66667;100
100;2;2;36,66667;100
100;2;2;37;100
100;2;2;37;100
100;3;15;37;100
100;3;15;37;100
100;3;15;37;100
100;3;15;37;100
100;3;15;37;100
100;2;2;37,33334;100
100;3;15;37,33334;100
100;3;15;37,33334;100
100;2;2;37,33334;100
100;2;2;37,33334;100
100;3;15;37,33334;100
100;2;2;37,33334;100
100;3;15;37,66667;100
100;2;2;37,66667;100
100;2;2;37,66667;100
100;2;2;37,66667;100
100;2;2;37,66667;100
100;2;2;37,66667;100
100;2;2;38;100
100;2;2;38;100
100;2;2;38;100
100;2;2;38;100
100;3;15;38;100
100;2;2;38,33333;100
100;3;15;38,33333;100
100;3;15;38,33333;100
100;3;15;38,33333;100
100;2;2;38,33333;100
100;2;2;38,33333;100
100;3;15;38,33333;100
100;3;15;38,33333;100
100;3;15;38,33333;100
100;2;2;38,33333;100
100;2;2;38,33333;100
100;2;2;38,33333;100
100;2;2;38,66666;100
100;2;2;38,66666;100
100;3;15;38,66666;100
100;3;15;38,66666;100
100;3;15;39;100
100;2;2;39;100
100;3;15;39;100
100;3;15;39;100
100;2;2;39;100
100;2;2;39;100
100;2;2;39;100
100;3;15;39;100
100;2;2;39,33333;100
100;2;2;39,33333;100
100;3;15;39,33333;100
100;2;2;39,33333;100
100;2;2;39,33333;100
100;2;2;39,33333;100
100;3;15;39,33333;100
100;2;2;39,33333;100
100;2;2;39,33333;100
100;3;15;39,33333;100
100;2;2;39,66666;100
100;2;2;39,66666;100
100;2;2;39,66666;100
100;3;15;39,66666;100
100;3;15;39,66666;100
100;2;2;39,66666;100
100;2;2;39,66666;100
100;3;15;39,66666;100
100;2;2;39,66666;100
100;3;15;39,66666;100
100;3;15;39,99999;100
100;2;2;39,99999;100
100;2;2;39,99999;100
100;3;15;39,99999;100
100;2;2;39,99999;100
100;3;15;39,99999;100
100;2;2;39,99999;100
100;2;2;40,33332;100
100;3;15;40,33332;100
100;3;15;40,33332;100
100;2;2;40,33332;100
100;3;15;40,33332;100
100;2;2;40,33332;100
100;2;2;40,33332;100
100;3;15;40,33332;100
100;3;15;40,33332;100
100;2;2;40,33332;100
100;2;2;40,33332;100
100;3;15;40,66666;100
100;3;15;40,66666;100
100;3;15;40,66666;100
100;3;15;40,66666;100
100;2;2;40,66666;100
100;2;2;40,66666;100
100;2;2;40,66666;100
100;2;2;40,66666;100
100;3;15;40,99999;100
100;3;15;40,99999;100
100;2;2;40,99999;100
100;2;2;40,99999;100
100;2;2;40,99999;100
100;2;2;40,99999;100
100;2;2;40,99999;100
100;3;15;41,33332;100
100;2;2;41,33332;100
100;2;2;41,33332;100
100;3;15;41,33332;100
100;3;15;41,33332;100
100;3;15;41,33332;100
100;2;2;41,33332;100
100;2;2;41,33332;100
100;3;15;41,33332;100
100;2;2;41,33332;100
100;3;15;41,33332;100
100;3;15;41,66665;100
100;3;15;41,66665;100
100;3;15;41,66665;100
100;3;15;41,66665;100
100;2;2;41,66665;100
100;3;15;41,66665;100
100;2;2;41,66665;100
100;3;15;41,66665;100
100;2;2;41,66665;100
100;2;2;41,99998;100
100;2;2;41,99998;100
100;3;15;41,99998;100
100;2;2;41,99998;100
100;2;2;41,99998;100
100;2;2;41,99998;100
100;3;15;41,99998;100
100;2;2;41,99998;100
100;3;15;41,99998;100
100;3;15;41,99998;100
100;3;15;41,99998;100
100;3;15;41,99998;100
100;2;2;42,33332;100
100;3;15;42,33332;100
100;2;2;42,33332;100
100;3;15;42,33332;100
100;3;15;42,33332;100
100;3;15;42,33332;100
100;3;15;42,33332;100
100;2;2;42,33332;100
100;3;15;42,33332;100
100;2;2;42,33332;100
100;2;2;42,33332;100
100;3;15;42,33332;100
100;2;2;42,66665;100
100;2;2;42,66665;100
100;2;2;42,66665;100
100;2;2;42,66665;100
100;3;15;42,66665;100
100;2;2;42,66665;100
100;2;2;42,99998;100
100;3;15;42,99998;100
100;2;2;42,99998;100
100;2;2;42,99998;100
100;2;2;42,99998;100
100;3;15;42,99998;100
100;2;2;42,99998;100
100;3;15;42,99998;100
100;3;15;42,99998;100
100;3;15;43,33331;100
100;2;2;43,33331;100
100;3;15;43,33331;100
100;3;15;43,33331;100
100;3;15;43,33331;100
100;3;15;43,33331;100
100;3;15;43,33331;100
100;3;15;43,33331;100
100;2;2;43,33331;100
100;2;2;43,33331;100
100;3;15;43,66665;100
100;2;2;43,66665;100
100;3;15;43,66665;100
100;3;15;43,66665;100
100;2;2;43,66665;100
100;2;2;43,66665;100
100;3;15;43,66665;100
100;3;15;43,66665;100
100;3;15;43,66665;100
100;2;2;43,66665;100
100;3;15;43,99998;100
100;2;2;43,99998;100
100;3;15;43,99998;100
100;2;2;43,99998;100
100;3;15;43,99998;100
100;3;15;43,99998;100
100;3;15;43,99998;100
100;2;2;43,99998;100
100;2;2;44,33331;100
100;3;15;44,33331;100
100;3;15;44,33331;100
100;2;2;44,33331;100
100;2;2;44,66664;100
100;2;2;44,66664;100
100;3;15;44,66664;100
100;2;2;44,66664;100
100;2;2;44,66664;100
100;3;15;44,66664;100
100;3;15;44,66664;100
100;3;15;44,66664;100
100;3;15;44,99997;100
100;2;2;44,99997;100
100;2;2;44,99997;100
100;3;15;44,99997;100
100;3;15;44,99997;100
100;3;15;44,99997;100
100;2;2;44,99997;100
100;3;15;44,99997;100
100;2;2;44,99997;100
100;3;15;45,33331;100
100;2;2;45,33331;100
100;3;15;45,33331;100
100;3;15;45,33331;100
100;3;15;45,33331;100
100;3;15;45,33331;100
100;2;2;45,33331;100
100;2;2;45,66664;100
100;2;2;45,66664;100
100;2;2;45,66664;100
100;3;15;45,66664;100
100;2;2;45,66664;100
100;2;2;45,66664;100
100;3;15;45,66664;100
100;2;2;45,99997;100
100;2;2;45,99997;100
100;3;15;45,99997;100
100;3;15;45,99997;100
100;3;15;45,99997;100
100;2;2;45,99997;100
100;3;15;45,99997;100
100;2;2;45,99997;100
100;3;15;45,99997;100
100;2;2;46,3333;100
100;3;15;46,3333;100
100;3;15;46,3333;100
100;2;2;46,3333;100
100;3;15;46,3333;100
100;2;2;46,3333;100
100;3;15;46,3333;100
100;2;2;46,3333;100
100;3;15;46,66663;100
100;3;15;46,66663;100
100;3;15;46,66663;100
100;2;2;46,66663;100
100;2;2;46,66663;100
100;2;2;46,66663;100
100;2;2;46,66663;100
100;3;15;46,66663;100
100;2;2;46,66663;100
100;3;15;46,66663;100
100;2;2;46,99997;100
100;3;15;46,99997;100
100;3;15;46,99997;100
100;3;15;46,99997;100
100;3;15;46,99997;100
100;2;2;46,99997;100
100;2;2;46,99997;100
100;3;15;47,3333;100
100;2;2;47,3333;100
100;3;15;47,3333;100
100;2;2;47,3333;100
100;2;2;47,3333;100
100;2;2;47,3333;100
100;3;15;47,3333;100
100;3;15;47,3333;100
100;2;2;47,3333;100
100;2;2;47,3333;100
100;3;15;47,66663;100
100;2;2;47,66663;100
100;2;2;47,66663;100
100;2;2;47,66663;100
100;3;15;47,66663;100
100;3;15;47,66663;100
100;3;15;47,66663;100
100;2;2;47,66663;100
100;3;15;47,99996;100
100;2;2;47,99996;100
100;3;15;47,99996;100
100;3;15;48,33329;100
100;2;2;48,33329;100
100;2;2;48,33329;100
100;2;2;48,33329;100
100;3;15;48,33329;100
100;2;2;48,33329;100
100;2;2;48,66663;100
100;2;2;48,66663;100
100;3;15;48,66663;100
100;2;2;48,66663;100
100;2;2;48,66663;100
100;3;15;48,99996;100
100;3;15;48,99996;100
100;2;2;48,99996;100
100;2;2;48,99996;100
100;2;2;48,99996;100
100;2;2;48,99996;100
100;3;15;49,33329;100
100;2;2;49,33329;100
100;3;15;49,33329;100
100;3;15;49,33329;100
100;3;15;49,33329;100
100;3;15;49,33329;100
100;3;15;49,33329;100
100;2;2;49,33329;100
100;2;2;49,66662;100
100;2;2;49,66662;100
100;3;15;49,66662;100
100;3;15;49,66662;100
100;2;2;49,66662;100
100;2;2;49,66662;100
100;3;15;49,99995;100
100;3;15;49,99995;100
100;2;2;49,99995;100
100;2;2;49,99995;100
100;3;15;49,99995;100
100;3;15;49,99995;100
100;3;15;49,99995;100
100;3;15;49,99995;100
100;2;2;50,33329;100
100;2;2;50,33329;100
100;3;15;50,33329;100
100;2;2;50,33329;100
100;3;15;50,33329;100
100;3;15;50,33329;100
100;2;2;50,33329;100
100;2;2;50,66662;100
100;2;2;50,66662;100
100;3;15;50,66662;100
100;3;15;50,66662;100
100;3;15;50,66662;100
100;2;2;50,66662;100
100;3;15;50,66662;100
100;2;2;50,66662;100
100;2;2;50,66662;100
100;2;2;50,66662;100
100;2;2;50,66662;100
100;3;15;50,99995;100
100;3;15;50,99995;100
100;3;15;50,99995;100
100;3;15;50,99995;100
100;3;15;50,99995;100
100;2;2;50,99995;100
100;3;15;50,99995;100
100;3;15;50,99995;100
100;2;2;51,33328;100
100;2;2;51,33328;100
100;2;2;51,33328;100
100;3;15;51,33328;100
100;3;15;51,33328;100
100;3;15;51,33328;100
100;2;2;51,33328;100
100;3;15;51,33328;100
100;2;2;51,66661;100
100;2;2;51,66661;100
100;2;2;51,66661;100
100;2;2;51,66661;100
100;3;15;51,66661;100
100;2;2;51,66661;100
100;3;15;51,66661;100
100;2;2;51,66661;100
100;3;15;51,99995;100
100;2;2;51,99995;100
100;3;15;51,99995;100
100;3;15;51,99995;100
100;2;2;51,99995;100
100;3;15;51,99995;100
100;2;2;51,99995;100
100;3;15;51,99995;100
100;2;2;51,99995;100
100;2;2;52,33328;100
100;3;15;52,33328;100
100;3;15;52,33328;100
100;3;15;52,33328;100
100;3;15;52,33328;100
100;2;2;52,33328;100
100;2;2;52,33328;100
100;3;15;52,33328;100
100;2;2;52,33328;100
100;2;2;52,66661;100
100;2;2;52,66661;100
100;3;15;52,66661;100
100;3;15;52,66661;100
100;2;2;52,66661;100
100;2;2;52,66661;100
100;3;15;52,66661;100
100;3;15;52,66661;100
100;3;15;52,66661;100
100;2;2;52,99994;100
100;2;2;52,99994;100
100;3;15;52,99994;100
100;3;15;52,99994;100
100;3;15;52,99994;100
100;3;15;52,99994;100
100;2;2;52,99994;100
100;3;15;52,99994;100
100;3;15;53,33327;100
100;3;15;53,33327;100
100;3;15;53,33327;100
100;2;2;53,33327;100
100;3;15;53,33327;100
100;2;2;53,33327;100
100;2;2;53,33327;100
100;3;15;53,33327;100
100;2;2;53,33327;100
100;2;2;53,33327;100
100;2;2;53,33327;100
100;2;2;53,66661;100
100;2;2;53,66661;100
100;2;2;53,66661;100
100;3;15;53,66661;100
100;2;2;53,66661;100
100;2;2;53,66661;100
100;2;2;53,66661;100
100;2;2;53,66661;100
100;2;2;53,66661;100
100;2;2;53,66661;100
100;3;15;53,99994;100
100;2;2;53,99994;100
100;3;15;53,99994;100
100;3;15;53,99994;100
100;3;15;53,99994;100
100;2;2;53,99994;100
100;3;15;54,33327;100
100;2;2;54,33327;100
100;3;15;54,33327;100
100;2;2;54,33327;100
100;2;2;54,33327;100
100;3;15;54,33327;100
100;3;15;54,33327;100
100;3;15;54,33327;100
100;3;15;54,33327;100
100;2;2;54,33327;100
100;3;15;54,33327;100
100;3;15;54,33327;100
100;2;2;54,33327;100
100;2;2;54,6666;100
100;2;2;54,6666;100
100;3;15;54,6666;100
100;2;2;54,6666;100
100;2;2;54,6666;100
100;3;15;54,6666;100
100;3;15;54,6666;100
100;3;15;54,99994;100
100;2;2;54,99994;100
100;2;2;54,99994;100
100;3;15;54,99994;100
100;3;15;54,99994;100
100;2;2;54,99994;100
100;2;2;54,99994;100
100;3;15;54,99994;100
100;3;15;55,33327;100
100;3;15;55,33327;100
100;2;2;55,33327;100
100;2;2;55,33327;100
100;3;15;55,33327;100
100;2;2;55,6666;100
100;3;15;55,6666;100
100;3;15;55,6666;100
100;3;15;55,6666;100
100;2;2;55,6666;100
100;2;2;55,6666;100
100;3;15;55,6666;100
100;3;15;55,6666;100
100;3;15;55,99993;100
100;2;2;55,99993;100
100;2;2;55,99993;100
100;2;2;55,99993;100
100;3;15;55,99993;100
100;2;2;55,99993;100
100;2;2;56,33326;100
100;2;2;56,33326;100
100;2;2;56,33326;100
100;3;15;56,33326;100
100;2;2;56,33326;100
100;3;15;56,33326;100
100;2;2;56,33326;100
100;3;15;56,33326;100
100;2;2;56,33326;100
100;3;15;56,6666;100
100;2;2;56,6666;100
100;3;15;56,6666;100
100;2;2;56,6666;100
100;2;2;56,6666;100
100;3;15;56,6666;100
100;2;2;56,99993;100
100;2;2;56,99993;100
100;3;15;56,99993;100
100;3;15;56,99993;100
100;3;15;56,99993;100
100;3;15;57,33326;100
100;3;15;57,33326;100
100;2;2;57,33326;100
100;2;2;57,33326;100
100;3;15;57,33326;100
100;2;2;57,33326;100
100;2;2;57,33326;100
100;3;15;57,33326;100
100;2;2;57,33326;100
100;2;2;57,66659;100
100;2;2;57,66659;100
100;2;2;57,66659;100
100;3;15;57,66659;100
100;2;2;57,66659;100
100;2;2;57,66659;100
100;3;15;57,66659;100
100;2;2;57,66659;100
100;3;15;57,66659;100
100;3;15;57,66659;100
100;2;2;57,99992;100
100;2;2;57,99992;100
100;2;2;57,99992;100
100;2;2;57,99992;100
100;3;15;57,99992;100
100;3;15;57,99992;100
100;2;2;58,33326;100
100;2;2;58,33326;100
100;2;2;58,33326;100
100;3;15;58,33326;100
100;3;15;58,33326;100
100;2;2;58,33326;100
100;2;2;58,33326;100
100;2;2;58,33326;100
100;3;15;58,33326;100
100;3;15;58,33326;100
100;3;15;58,33326;100
100;2;2;58,66659;100
100;3;15;58,66659;100
100;2;2;58,66659;100
100;2;2;58,66659;100
100;2;2;58,66659;100
100;2;2;58,66659;100
100;2;2;58,66659;100
100;3;15;58,66659;100
100;3;15;58,99992;100
100;2;2;58,99992;100
100;3;15;58,99992;100
100;3;15;58,99992;100
100;3;15;58,99992;100
100;2;2;58,99992;100
100;3;15;58,99992;100
100;2;2;58,99992;100
100;3;15;58,99992;100
100;3;15;59,33325;100
100;3;15;59,33325;85
100;2;2;59,33325;85
100;2;2;59,33325;85
100;3;15;59,33325;70
100;2;2;59,33325;70
100;3;15;59,33325;55
100;3;15;59,33325;40
100;3;15;59,33325;25
100;2;2;59,33325;25
100;2;2;59,33325;25
100;2;2;59,66658;25
84;2;2;59,66658;23
76;2;2;59,66658;21
52;3;15;59,66658;6
20;3;15;59,66658;-9
Player