100;2;2;51,53906;100
100;3;15;51,53906;100
100;3;15;51,53906;100
100;3;15;51,87207;100
100;2;2;51,87207;100
100;3;15;51,87207;100
100;2;2;51,87207;100
100;2;2;51,87207;100
100;2;2;51,87207;100
100;3;15;51,87207;100
100;2;2;51,87207;100
100;2;2;51,87207;100
100;2;2;52,20508;100
100;2;2;52,20508;100
100;3;15;52,20508;100
100;3;15;52,20508;100
100;2;2;52,20508;100
100;3;15;52,20508;100
100;3;15;52,20508;100
100;3;15;52,20508;100
100;3;15;52,20508;100
100;2;2;52,53809;100
100;3;15;52,53809;100
100;3;15;52,53809;100
100;3;15;52,53809;100
100;3;15;52,53809;100
100;3;15;52,53809;100
100;3;15;52,53809;100
100;3;15;52,53809;100
100;3;15;52,53809;100
100;3;15;52,87109;100
100;3;15;52,87109;100
100;3;15;52,87109;100
100;2;2;52,87109;100
100;3;15;52,87109;100
100;3;15;52,87109;100
100;2;2;52,87109;100
100;3;15;53,2041;100
100;3;15;53,2041;100
100;3;15;53,2041;100
100;3;15;53,2041;100
100;2;2;53,2041;100
100;3;15;53,2041;100
100;2;2;53,2041;100
100;2;2;53,53711;100
100;3;15;53,53711;100
100;2;2;53,53711;100
100;2;2;53,53711;100
100;3;15;53,53711;100
100;2;2;53,53711;100
100;3;15;53,53711;100
100;3;15;53,53711;100
100;2;2;53,53711;100
100;3;15;53,87012;100
100;3;15;53,87012;100
100;3;15;53,87012;100
100;3;15;53,87012;100
100;2;2;53,87012;100
100;2;2;53,87012;100
100;2;2;53,87012;100
100;3;15;53,87012;100
100;2;2;53,87012;100
100;3;15;53,87012;100
100;2;2;53,87012;100
100;2;2;53,87012;100
100;2;2;53,87012;100
100;3;15;54,20313;100
100;2;2;54,20313;100
100;3;15;54,20313;100
100;3;15;54,20313;100
100;2;2;54,20313;100
100;2;2;54,20313;100
100;2;2;54,20313;100
100;2;2;54,20313;100
100;3;15;54,53613;100
100;2;2;54,53613;100
100;3;15;54,53613;100
100;2;2;54,53613;100
100;2;2;54,53613;100
100;2;2;54,53613;100
100;2;2;54,86914;100
100;3;15;54,86914;100
100;3;15;54,86914;100
100;3;15;54,86914;100
100;3;15;54,86914;100
100;2;2;54,86914;100
100;3;15;54,86914;100
100;2;2;55,20215;100
100;3;15;55,20215;100
100;2;2;55,20215;100
100;3;15;55,20215;100
100;2;2;55,20215;100
100;2;2;55,20215;100
100;3;15;55,20215;100
100;3;15;55,20215;100
100;3;15;55,53516;100
100;3;15;55,53516;100
100;2;2;55,53516;100
100;3;15;55,53516;100
100;2;2;55,53516;100
100;3;15;55,53516;100
100;2;2;55,86816;100
100;3;15;55,86816;100
100;3;15;55,86816;100
100;3;15;55,86816;100
100;3;15;55,86816;100
100;3;15;55,86816;100
100;2;2;55,86816;100
100;2;2;55,86816;100
100;2;2;55,86816;100
100;3;15;55,86816;100
100;3;15;55,86816;100
100;3;15;56,20117;100
100;2;2;56,20117;100
100;3;15;56,20117;100
100;3;15;56,20117;100
100;2;2;56,20117;100
100;3;15;56,20117;100
100;3;15;56,20117;100
100;3;15;56,20117;100
100;2;2;56,20117;100
100;3;15;56,53418;100
100;3;15;56,53418;100
100;3;15;56,53418;100
100;3;15;56,53418;100
100;2;2;56,53418;100
100;3;15;56,53418;100
100;3;15;56,53418;100
100;2;2;56,53418;100
100;2;2;56,53418;100
100;2;2;56,86719;100
100;3;15;56,86719;100
100;2;2;56,86719;100
100;2;2;56,86719;100
100;2;2;56,86719;100
100;3;15;56,86719;100
100;2;2;56,86719;100
100;2;2;56,86719;100
100;2;2;57,2002;100
100;3;15;57,2002;100
100;3;15;57,2002;100
100;2;2;57,2002;100
100;3;15;57,2002;100
100;2;2;57,2002;100
100;2;2;57,2002;100
100;2;2;57,2002;100
100;3;15;57,5332;100
100;2;2;57,5332;100
100;2;2;57,5332;100
100;3;15;57,5332;100
100;2;2;57,5332;100
100;2;2;57,5332;100
100;3;15;57,86621;100
100;3;15;57,86621;100
100;3;15;57,86621;100
100;3;15;57,86621;100
100;3;15;57,86621;100
100;2;2;57,86621;100
100;3;15;58,19922;100
100;3;15;58,19922;100
100;2;2;58,19922;100
100;3;15;58,19922;100
100;2;2;58,19922;100
100;3;15;58,19922;100
100;3;15;58,19922;100
100;2;2;58,19922;100
100;2;2;58,19922;100
100;3;15;58,19922;100
100;2;2;58,19922;100
100;2;2;58,53223;100
100;2;2;58,53223;100
100;3;15;58,53223;100
100;2;2;58,53223;100
100;2;2;58,53223;100
100;3;15;58,53223;100
100;2;2;58,53223;100
100;2;2;58,53223;100
100;3;15;58,86523;100
100;2;2;58,86523;100
100;2;2;58,86523;100
100;3;15;58,86523;100
100;3;15;58,86523;100
100;3;15;59,19824;100
100;2;2;59,19824;100
100;3;15;59,19824;100
100;3;15;59,19824;100
100;2;2;59,19824;100
100;3;15;59,19824;100
100;2;2;59,19824;100
100;3;15;59,19824;100
100;2;2;59,19824;100
100;2;2;59,53125;100
100;3;15;59,53125;100
100;2;2;59,53125;100
100;3;15;59,53125;100
100;3;15;59,53125;100
100;2;2;59,86426;100
100;2;2;59,86426;100
100;2;2;59,86426;100
100;2;2;59,86426;100
100;2;2;59,86426;100
100;3;15;59,86426;100
100;3;15;59,86426;100
100;3;15;59,86426;100
100;3;15;59,86426;100
100;2;2;59,86426;100
100;3;15;59,86426;100
100;2;2;0,1972656;100
100;2;2;0,1972656;100
100;3;15;0,1972656;100
100;3;15;0,1972656;100
100;3;15;0,1972656;100
100;2;2;0,1972656;100
100;2;2;0,1972656;100
100;3;15;0,1972656;100
100;3;15;0,1972656;100
100;3;15;0,5302734;100
100;2;2;0,5302734;100
100;2;2;0,5302734;100
100;3;15;0,5302734;100
100;3;15;0,5302734;100
100;2;2;0,5302734;100
100;3;15;0,5302734;100
100;3;15;0,5302734;100
100;3;15;0,5302734;100
100;3;15;0,5302734;100
100;3;15;0,5302734;100
100;3;15;0,5302734;100
100;2;2;0,8632813;100
100;2;2;0,8632813;100
100;3;15;0,8632813;100
100;3;15;0,8632813;100
100;3;15;0,8632813;100
100;3;15;0,8632813;100
100;3;15;0,8632813;100
100;2;2;1,196289;100
100;3;15;1,196289;100
100;2;2;1,196289;100
100;3;15;1,196289;100
100;3;15;1,196289;100
100;3;15;1,196289;100
100;2;2;1,196289;100
100;2;2;1,529297;100
100;2;2;1,529297;100
100;2;2;1,529297;100
100;2;2;1,529297;100
100;2;2;1,529297;100
100;3;15;1,862305;100
100;3;15;1,862305;100
100;2;2;1,862305;100
100;3;15;1,862305;100
100;2;2;1,862305;100
100;3;15;1,862305;100
100;2;2;1,862305;100
100;3;15;2,195313;100
100;3;15;2,195313;100
100;3;15;2,195313;100
100;3;15;2,195313;100
100;3;15;2,195313;100
100;3;15;2,195313;100
100;3;15;2,195313;100
100;3;15;2,195313;100
100;3;15;2,195313;100
100;2;2;2,195313;100
100;2;2;2,195313;100
100;3;15;2,52832;100
100;2;2;2,52832;100
100;2;2;2,52832;100
100;3;15;2,52832;100
100;3;15;2,52832;100
100;2;2;2,52832;100
100;2;2;2,52832;100
100;2;2;2,52832;100
100;3;15;2,52832;100
100;3;15;2,52832;100
100;2;2;2,52832;100
100;3;15;2,52832;100
100;3;15;2,861328;100
100;2;2;2,861328;100
100;2;2;2,861328;100
100;2;2;2,861328;100
100;3;15;2,861328;100
100;3;15;2,861328;100
100;3;15;2,861328;100
100;2;2;2,861328;100
100;3;15;2,861328;100
100;2;2;2,861328;100
100;2;2;3,194336;100
100;3;15;3,194336;100
100;3;15;3,194336;100
100;3;15;3,194336;100
100;3;15;3,194336;100
100;2;2;3,194336;100
100;2;2;3,194336;100
100;3;15;3,194336;100
100;2;2;3,527344;100
100;2;2;3,527344;100
100;3;15;3,527344;100
100;3;15;3,527344;100
100;2;2;3,527344;100
100;3;15;3,527344;100
100;3;15;3,527344;100
100;3;15;3,527344;100
100;2;2;3,860352;100
100;3;15;3,860352;100
100;2;2;3,860352;100
100;2;2;3,860352;100
100;3;15;3,860352;100
100;3;15;3,860352;100
100;3;15;3,860352;100
100;2;2;3,860352;100
100;3;15;3,860352;100
100;3;15;4,193359;100
100;3;15;4,193359;100
100;3;15;4,193359;100
100;2;2;4,193359;100
100;3;15;4,193359;100
100;2;2;4,193359;100
100;3;15;4,193359;100
100;3;15;4,193359;100
100;3;15;4,193359;100
100;2;2;4,193359;100
100;3;15;4,526367;100
100;2;2;4,526367;100
100;3;15;4,526367;100
100;2;2;4,526367;100
100;3;15;4,526367;100
100;3;15;4,526367;100
100;3;15;4,859375;100
100;3;15;4,859375;85
100;3;15;4,859375;70
100;2;2;4,859375;70
100;3;15;4,859375;55
100;2;2;4,859375;55
100;3;15;4,859375;40
100;3;15;4,859375;25
100;2;2;4,859375;25
100;3;15;4,859375;10
100;2;2;4,859375;10
100;2;2;4,859375;10
100;3;15;5,192383;-5
Player