100;3;15;18,146;100
100;2;2;18,146;100
100;2;2;18,146;100
100;2;2;18,146;100
100;3;15;18,146;100
100;2;2;18,146;100
100;3;15;18,146;100
100;3;15;18,146;100
100;2;2;18,47949;100
100;3;15;18,47949;100
100;2;2;18,47949;100
100;2;2;18,47949;100
100;2;2;18,47949;100
100;3;15;18,47949;100
100;3;15;18,81299;100
100;3;15;18,81299;100
100;3;15;18,81299;100
100;2;2;18,81299;100
100;3;15;18,81299;100
100;2;2;18,81299;100
100;3;15;18,81299;100
100;3;15;18,81299;100
100;3;15;18,81299;100
100;3;15;19,14648;100
100;2;2;19,14648;100
100;2;2;19,14648;100
100;2;2;19,14648;100
100;3;15;19,14648;100
100;2;2;19,14648;100
100;2;2;19,14648;100
100;2;2;19,14648;100
100;2;2;19,14648;100
100;3;15;19,47998;100
100;3;15;19,47998;100
100;3;15;19,47998;100
100;3;15;19,47998;100
100;3;15;19,47998;100
100;3;15;19,47998;100
100;3;15;19,81348;100
100;2;2;19,81348;100
100;2;2;19,81348;100
100;2;2;19,81348;100
100;3;15;19,81348;100
100;2;2;19,81348;100
100;3;15;19,81348;100
100;2;2;19,81348;100
100;2;2;20,14697;100
100;3;15;20,14697;100
100;2;2;20,14697;100
100;2;2;20,14697;100
100;3;15;20,14697;100
100;3;15;20,14697;100
100;3;15;20,14697;100
100;3;15;20,14697;100
100;3;15;20,14697;100
100;2;2;20,14697;100
100;3;15;20,48047;100
100;2;2;20,48047;100
100;2;2;20,48047;100
100;3;15;20,48047;100
100;2;2;20,48047;100
100;3;15;20,81396;100
100;3;15;20,81396;100
100;3;15;20,81396;100
100;2;2;20,81396;100
100;3;15;20,81396;100
100;3;15;20,81396;100
100;2;2;20,81396;100
100;3;15;20,81396;100
100;2;2;20,81396;100
100;2;2;20,81396;100
100;2;2;20,81396;100
100;2;2;20,81396;100
100;3;15;21,14746;100
100;2;2;21,14746;100
100;3;15;21,14746;100
100;2;2;21,14746;100
100;3;15;21,14746;100
100;3;15;21,14746;100
100;3;15;21,14746;100
100;3;15;21,14746;100
100;2;2;21,14746;100
100;2;2;21,14746;100
100;3;15;21,14746;100
100;2;2;21,14746;100
100;3;15;21,48096;100
100;2;2;21,48096;100
100;2;2;21,48096;100
100;3;15;21,48096;100
100;2;2;21,48096;100
100;2;2;21,48096;100
100;3;15;21,48096;100
100;3;15;21,81445;100
100;3;15;21,81445;100
100;2;2;21,81445;100
100;3;15;21,81445;100
100;3;15;21,81445;100
100;2;2;21,81445;100
100;3;15;21,81445;100
100;2;2;21,81445;100
100;2;2;22,14795;100
100;2;2;22,14795;100
100;2;2;22,14795;100
100;2;2;22,14795;100
100;3;15;22,14795;100
100;2;2;22,14795;100
100;2;2;22,14795;100
100;3;15;22,48145;100
100;2;2;22,48145;100
100;2;2;22,48145;100
100;3;15;22,48145;100
100;3;15;22,48145;100
100;3;15;22,48145;100
100;2;2;22,48145;100
100;3;15;22,81494;100
100;2;2;22,81494;100
100;3;15;22,81494;100
100;2;2;22,81494;100
100;3;15;22,81494;100
100;3;15;22,81494;100
100;2;2;22,81494;100
100;3;15;22,81494;100
100;2;2;22,81494;100
100;2;2;22,81494;100
100;3;15;22,81494;100
100;3;15;22,81494;100
100;3;15;22,81494;100
100;2;2;23,14844;100
100;2;2;23,14844;100
100;3;15;23,14844;100
100;2;2;23,14844;100
100;3;15;23,14844;100
100;2;2;23,14844;100
100;2;2;23,14844;100
100;3;15;23,14844;100
100;2;2;23,48193;100
100;2;2;23,48193;100
100;3;15;23,48193;100
100;3;15;23,48193;100
100;3;15;23,48193;100
100;3;15;23,48193;100
100;3;15;23,48193;100
100;2;2;23,48193;100
100;3;15;23,48193;100
100;3;15;23,81543;100
100;2;2;23,81543;100
100;3;15;23,81543;100
100;3;15;23,81543;100
100;3;15;23,81543;100
100;2;2;23,81543;100
100;3;15;24,14893;100
100;2;2;24,14893;100
100;3;15;24,14893;100
100;2;2;24,14893;100
100;2;2;24,14893;100
100;2;2;24,14893;100
100;2;2;24,14893;100
100;3;15;24,14893;100
100;3;15;24,48242;100
100;2;2;24,48242;100
100;3;15;24,48242;100
100;3;15;24,48242;100
100;2;2;24,48242;100
100;2;2;24,48242;100
100;2;2;24,48242;100
100;3;15;24,48242;100
100;3;15;24,48242;100
100;2;2;24,48242;100
100;2;2;24,48242;100
100;2;2;24,81592;100
100;3;15;24,81592;100
100;2;2;24,81592;100
100;3;15;24,81592;100
100;3;15;24,81592;100
100;2;2;24,81592;100
100;3;15;24,81592;100
100;3;15;24,81592;100
100;3;15;24,81592;100
100;3;15;25,14941;100
100;3;15;25,14941;100
100;2;2;25,14941;100
100;3;15;25,14941;100
100;3;15;25,14941;100
100;3;15;25,14941;100
100;3;15;25,14941;100
100;3;15;25,14941;100
100;2;2;25,48291;100
100;2;2;25,48291;100
100;3;15;25,48291;100
100;2;2;25,48291;100
100;2;2;25,48291;100
100;2;2;25,48291;100
100;2;2;25,48291;100
100;3;15;25,48291;100
100;3;15;25,48291;100
100;2;2;25,81641;100
100;3;15;25,81641;100
100;3;15;25,81641;100
100;2;2;25,81641;100
100;3;15;25,81641;100
100;3;15;25,81641;100
100;2;2;25,81641;100
100;2;2;25,81641;100
100;3;15;25,81641;100
100;3;15;26,1499;100
100;3;15;26,1499;100
100;2;2;26,1499;100
100;2;2;26,1499;100
100;2;2;26,1499;100
100;3;15;26,1499;100
100;3;15;26,1499;100
100;3;15;26,1499;100
100;2;2;26,1499;100
100;2;2;26,1499;100
100;2;2;26,1499;100
100;3;15;26,1499;100
100;2;2;26,4834;100
100;3;15;26,4834;100
100;2;2;26,4834;100
100;2;2;26,4834;100
100;3;15;26,4834;100
100;2;2;26,81689;100
100;3;15;26,81689;100
100;3;15;26,81689;100
100;2;2;26,81689;100
100;3;15;26,81689;100
100;2;2;26,81689;100
100;2;2;26,81689;100
100;2;2;26,81689;100
100;2;2;26,81689;100
100;2;2;26,81689;100
100;2;2;26,81689;100
100;2;2;26,81689;100
100;2;2;27,15039;100
100;3;15;27,15039;100
100;2;2;27,15039;100
100;2;2;27,15039;100
100;2;2;27,15039;100
100;3;15;27,15039;100
100;2;2;27,15039;100
100;2;2;27,15039;100
100;3;15;27,15039;100
100;3;15;27,48389;100
100;3;15;27,48389;100
100;3;15;27,48389;100
100;3;15;27,48389;100
100;2;2;27,48389;100
100;2;2;27,48389;100
100;3;15;27,48389;100
100;3;15;27,81738;100
100;3;15;27,81738;100
100;2;2;27,81738;100
100;3;15;27,81738;100
100;2;2;27,81738;100
100;3;15;27,81738;100
100;3;15;27,81738;100
100;2;2;28,15088;100
100;3;15;28,15088;100
100;2;2;28,15088;100
100;2;2;28,15088;100
100;2;2;28,15088;100
100;3;15;28,15088;100
100;3;15;28,15088;100
100;3;15;28,15088;100
100;3;15;28,15088;100
100;3;15;28,15088;100
100;2;2;28,48438;100
100;3;15;28,48438;100
100;3;15;28,48438;100
100;2;2;28,48438;100
100;3;15;28,48438;100
100;2;2;28,48438;100
100;2;2;28,48438;100
100;3;15;28,48438;100
100;3;15;28,81787;100
100;2;2;28,81787;100
100;3;15;28,81787;100
100;2;2;28,81787;100
100;2;2;28,81787;100
100;3;15;28,81787;100
100;2;2;28,81787;100
100;3;15;28,81787;100
100;3;15;28,81787;100
100;3;15;29,15137;100
100;2;2;29,15137;100
100;3;15;29,15137;100
100;3;15;29,15137;100
100;2;2;29,15137;100
100;2;2;29,15137;100
100;3;15;29,15137;100
100;3;15;29,15137;100
100;2;2;29,48486;100
100;3;15;29,48486;100
100;3;15;29,48486;100
100;3;15;29,48486;100
100;2;2;29,48486;100
100;3;15;29,48486;100
100;3;15;29,81836;100
100;3;15;29,81836;100
100;3;15;29,81836;100
100;2;2;29,81836;100
100;3;15;29,81836;100
100;2;2;29,81836;100
100;2;2;29,81836;100
100;2;2;29,81836;100
100;3;15;29,81836;100
100;3;15;29,81836;100
100;2;2;29,81836;100
100;3;15;30,15186;100
100;2;2;30,15186;100
100;3;15;30,15186;100
100;3;15;30,15186;100
100;2;2;30,15186;100
100;3;15;30,15186;100
100;2;2;30,15186;100
100;2;2;30,15186;100
100;3;15;30,15186;100
100;2;2;30,15186;100
100;3;15;30,15186;100
100;3;15;30,48535;100
100;2;2;30,48535;100
100;2;2;30,48535;100
100;3;15;30,48535;100
100;3;15;30,48535;100
100;2;2;30,48535;100
100;2;2;30,81885;100
100;2;2;30,81885;100
100;3;15;30,81885;100
100;2;2;30,81885;100
100;2;2;30,81885;100
100;3;15;30,81885;100
100;2;2;30,81885;100
100;3;15;30,81885;100
100;2;2;30,81885;100
100;3;15;30,81885;100
100;2;2;31,15234;100
100;3;15;31,15234;100
100;3;15;31,15234;100
100;2;2;31,15234;100
100;2;2;31,15234;100
100;2;2;31,15234;100
100;3;15;31,15234;100
100;2;2;31,15234;100
100;3;15;31,15234;100
100;3;15;31,15234;100
100;2;2;31,48584;100
100;3;15;31,48584;100
100;2;2;31,48584;100
100;3;15;31,48584;100
100;2;2;31,48584;100
100;3;15;31,48584;100
100;2;2;31,48584;100
100;2;2;31,48584;100
100;2;2;31,48584;100
100;3;15;31,48584;100
100;2;2;31,81934;100
100;3;15;31,81934;100
100;3;15;31,81934;100
100;3;15;31,81934;100
100;3;15;31,81934;100
100;2;2;31,81934;100
100;3;15;31,81934;100
100;3;15;32,15283;100
100;3;15;32,15283;100
100;2;2;32,15283;100
100;3;15;32,15283;100
100;3;15;32,15283;100
100;2;2;32,15283;100
100;3;15;32,15283;100
100;2;2;32,15283;100
100;2;2;32,15283;100
100;2;2;32,15283;100
100;2;2;32,15283;100
100;3;15;32,48633;100
100;3;15;32,48633;100
100;3;15;32,48633;100
100;2;2;32,48633;100
100;3;15;32,48633;100
100;3;15;32,48633;100
100;2;2;32,48633;100
100;2;2;32,48633;100
100;2;2;32,48633;100
100;3;15;32,81982;100
100;2;2;32,81982;100
100;2;2;32,81982;100
100;3;15;32,81982;100
100;2;2;32,81982;100
100;3;15;32,81982;100
100;3;15;32,81982;100
100;3;15;32,81982;100
100;2;2;33,15332;100
100;3;15;33,15332;100
100;3;15;33,15332;100
100;3;15;33,15332;100
100;3;15;33,15332;100
100;3;15;33,15332;100
100;3;15;33,15332;100
100;2;2;33,15332;100
100;3;15;33,15332;100
100;3;15;33,15332;100
100;3;15;33,15332;100
100;2;2;33,48682;100
100;2;2;33,48682;100
100;3;15;33,48682;100
100;2;2;33,48682;100
100;2;2;33,48682;100
100;3;15;33,82031;100
100;3;15;33,82031;100
100;3;15;33,82031;100
100;3;15;33,82031;100
100;2;2;33,82031;100
100;2;2;33,82031;100
100;2;2;33,82031;100
100;2;2;33,82031;100
100;2;2;33,82031;100
100;2;2;33,82031;100
100;2;2;34,15381;100
100;3;15;34,15381;100
100;3;15;34,15381;100
100;2;2;34,15381;100
100;3;15;34,15381;100
100;3;15;34,15381;100
100;2;2;34,15381;100
100;3;15;34,15381;100
100;3;15;34,15381;100
100;3;15;34,15381;100
100;2;2;34,4873;100
100;3;15;34,4873;100
100;3;15;34,4873;100
100;2;2;34,4873;100
100;2;2;34,4873;100
100;2;2;34,4873;100
100;2;2;34,4873;100
100;3;15;34,4873;100
100;2;2;34,4873;100
100;3;15;34,4873;100
100;3;15;34,4873;100
100;3;15;34,4873;100
100;3;15;34,4873;100
100;2;2;34,8208;100
100;2;2;34,8208;100
100;3;15;34,8208;100
100;2;2;34,8208;100
100;2;2;34,8208;100
100;2;2;34,8208;100
100;2;2;34,8208;100
100;3;15;34,8208;100
100;3;15;35,1543;100
100;3;15;35,1543;100
100;3;15;35,1543;100
100;3;15;35,1543;100
100;2;2;35,1543;100
100;2;2;35,1543;100
100;2;2;35,1543;100
100;3;15;35,1543;100
100;3;15;35,1543;100
100;2;2;35,1543;100
100;3;15;35,1543;100
100;2;2;35,48779;100
100;2;2;35,48779;100
100;3;15;35,48779;100
100;3;15;35,48779;100
100;2;2;35,48779;100
100;2;2;35,48779;100
100;2;2;35,48779;100
100;2;2;35,48779;100
100;3;15;35,48779;100
100;3;15;35,82129;100
100;2;2;35,82129;100
100;3;15;35,82129;100
100;3;15;35,82129;100
100;3;15;35,82129;100
100;2;2;35,82129;100
100;3;15;35,82129;100
100;2;2;35,82129;100
100;3;15;35,82129;100
100;2;2;36,15479;100
100;3;15;36,15479;100
100;2;2;36,15479;100
100;2;2;36,48828;100
100;2;2;36,48828;100
100;3;15;36,48828;100
100;2;2;36,48828;100
100;2;2;36,48828;100
100;2;2;36,48828;100
100;2;2;36,48828;100
100;2;2;36,82178;100
100;3;15;36,82178;100
100;3;15;36,82178;100
100;3;15;36,82178;100
100;2;2;36,82178;100
100;2;2;36,82178;100
100;3;15;36,82178;100
100;3;15;36,82178;100
100;2;2;36,82178;100
100;3;15;37,15527;100
100;3;15;37,15527;100
100;3;15;37,15527;100
100;3;15;37,15527;100
100;2;2;37,15527;100
100;2;2;37,15527;100
100;2;2;37,15527;100
100;3;15;37,15527;100
100;2;2;37,15527;100
100;3;15;37,15527;100
100;3;15;37,48877;100
100;3;15;37,48877;100
100;2;2;37,48877;100
100;3;15;37,48877;100
100;2;2;37,48877;100
100;3;15;37,48877;100
100;3;15;37,48877;100
100;2;2;37,48877;100
100;2;2;37,48877;100
100;2;2;37,82227;100
100;2;2;37,82227;100
100;2;2;37,82227;100
100;3;15;37,82227;100
100;3;15;37,82227;100
100;3;15;38,15576;100
100;2;2;38,15576;100
100;2;2;38,15576;100
100;3;15;38,15576;100
100;2;2;38,15576;100
100;3;15;38,15576;100
100;2;2;38,15576;100
100;3;15;38,15576;100
100;3;15;38,15576;100
100;3;15;38,48926;100
100;2;2;38,48926;100
100;3;15;38,48926;100
100;3;15;38,48926;100
100;3;15;38,82275;100
100;3;15;38,82275;100
100;2;2;38,82275;100
100;2;2;39,15625;100
100;3;15;39,15625;100
100;3;15;39,15625;100
100;2;2;39,15625;100
100;3;15;39,15625;100
100;2;2;39,15625;100
100;2;2;39,15625;100
100;2;2;39,15625;100
100;3;15;39,15625;100
100;3;15;39,48975;100
100;2;2;39,48975;100
100;2;2;39,48975;100
100;3;15;39,48975;100
100;2;2;39,48975;100
100;3;15;39,48975;100
100;3;15;39,48975;100
100;3;15;39,48975;100
100;3;15;39,48975;100
100;2;2;39,82324;100
100;3;15;39,82324;100
100;2;2;39,82324;100
100;2;2;39,82324;100
100;2;2;39,82324;100
100;2;2;39,82324;100
100;3;15;39,82324;100
100;2;2;39,82324;100
100;3;15;39,82324;100
100;2;2;39,82324;100
100;3;15;39,82324;100
100;2;2;40,15674;100
100;3;15;40,15674;100
100;3;15;40,15674;100
100;3;15;40,15674;100
100;2;2;40,15674;100
100;2;2;40,15674;100
100;2;2;40,15674;100
100;3;15;40,15674;100
100;2;2;40,15674;100
100;2;2;40,15674;100
100;3;15;40,15674;100
100;2;2;40,49023;100
100;3;15;40,49023;100
100;2;2;40,49023;100
100;2;2;40,49023;100
100;3;15;40,49023;100
100;3;15;40,49023;100
100;3;15;40,49023;100
100;2;2;40,82373;100
100;2;2;40,82373;100
100;2;2;40,82373;100
100;2;2;40,82373;100
100;3;15;40,82373;100
100;3;15;40,82373;100
100;3;15;41,15723;100
100;3;15;41,15723;100
100;3;15;41,15723;100
100;3;15;41,15723;100
100;3;15;41,15723;100
100;3;15;41,15723;100
100;3;15;41,15723;100
100;3;15;41,15723;100
100;3;15;41,15723;100
100;3;15;41,15723;100
100;2;2;41,49072;100
100;3;15;41,49072;100
100;3;15;41,49072;100
100;3;15;41,49072;100
100;3;15;41,49072;100
100;2;2;41,49072;100
100;3;15;41,82422;100
100;2;2;41,82422;100
100;3;15;41,82422;100
100;2;2;41,82422;100
100;2;2;41,82422;100
100;2;2;41,82422;100
100;2;2;41,82422;100
100;3;15;42,15771;100
100;2;2;42,15771;100
100;2;2;42,15771;100
100;2;2;42,15771;100
100;2;2;42,15771;100
100;3;15;42,15771;100
100;2;2;42,15771;100
100;2;2;42,49121;100
100;2;2;42,49121;100
100;3;15;42,49121;100
100;3;15;42,49121;100
100;3;15;42,49121;100
100;2;2;42,49121;100
100;3;15;42,49121;100
100;3;15;42,49121;100
100;3;15;42,49121;100
100;3;15;42,49121;100
100;2;2;42,49121;100
100;3;15;42,49121;100
100;3;15;42,49121;100
100;2;2;42,82471;100
100;3;15;42,82471;100
100;2;2;42,82471;100
100;2;2;42,82471;100
100;3;15;42,82471;100
100;3;15;42,82471;100
100;3;15;42,82471;100
100;3;15;43,1582;100
100;3;15;43,1582;100
100;3;15;43,1582;100
100;2;2;43,1582;100
100;3;15;43,1582;100
100;2;2;43,1582;100
100;2;2;43,1582;100
100;3;15;43,1582;100
100;3;15;43,1582;100
100;2;2;43,4917;100
100;2;2;43,4917;100
100;3;15;43,4917;100
100;2;2;43,4917;100
100;3;15;43,4917;100
100;2;2;43,4917;100
100;3;15;43,4917;100
100;3;15;43,4917;100
100;3;15;43,4917;100
100;2;2;43,4917;100
100;2;2;43,4917;100
100;2;2;43,8252;100
100;2;2;43,8252;100
100;2;2;43,8252;100
100;2;2;43,8252;100
100;3;15;43,8252;100
100;3;15;43,8252;100
100;3;15;43,8252;100
100;2;2;43,8252;100
100;3;15;44,15869;100
100;3;15;44,15869;100
100;2;2;44,15869;100
100;3;15;44,15869;100
100;3;15;44,15869;100
100;2;2;44,49219;100
100;3;15;44,49219;100
100;3;15;44,49219;100
100;2;2;44,49219;100
100;3;15;44,49219;100
100;2;2;44,49219;100
100;2;2;44,49219;100
100;2;2;44,82568;100
100;2;2;44,82568;100
100;3;15;44,82568;100
100;3;15;44,82568;100
100;3;15;44,82568;100
100;3;15;44,82568;100
100;2;2;44,82568;100
100;3;15;44,82568;100
100;3;15;44,82568;100
100;3;15;45,15918;100
100;3;15;45,15918;100
100;3;15;45,15918;100
100;3;15;45,15918;100
100;2;2;45,15918;100
100;3;15;45,15918;100
100;2;2;45,15918;100
100;2;2;45,15918;100
100;3;15;45,15918;100
100;3;15;45,15918;100
100;3;15;45,15918;100
100;3;15;45,49268;100
100;3;15;45,49268;100
100;3;15;45,49268;100
100;3;15;45,49268;100
100;2;2;45,49268;100
100;2;2;45,49268;100
100;3;15;45,49268;100
100;3;15;45,82617;100
100;3;15;45,82617;100
100;2;2;45,82617;100
100;3;15;45,82617;100
100;3;15;45,82617;100
100;3;15;45,82617;100
100;3;15;45,82617;100
100;2;2;45,82617;100
100;3;15;45,82617;100
100;2;2;45,82617;100
100;3;15;45,82617;100
100;3;15;45,82617;100
100;3;15;45,82617;100
100;3;15;46,15967;100
100;2;2;46,15967;100
100;2;2;46,15967;100
100;3;15;46,15967;100
100;3;15;46,15967;100
100;2;2;46,15967;100
100;2;2;46,49316;100
100;3;15;46,49316;100
100;3;15;46,49316;100
100;2;2;46,49316;100
100;3;15;46,82666;100
100;2;2;46,82666;100
100;2;2;46,82666;100
100;2;2;46,82666;100
100;3;15;46,82666;100
100;2;2;46,82666;100
100;3;15;46,82666;100
100;2;2;46,82666;100
100;3;15;47,16016;100
100;3;15;47,16016;100
100;2;2;47,16016;100
100;2;2;47,16016;100
100;2;2;47,16016;100
100;2;2;47,16016;100
100;2;2;47,16016;100
100;2;2;47,16016;100
100;2;2;47,16016;100
100;2;2;47,16016;100
100;3;15;47,16016;100
100;3;15;47,16016;100
100;3;15;47,49365;100
100;3;15;47,49365;100
100;2;2;47,49365;100
100;2;2;47,49365;100
100;2;2;47,49365;100
100;3;15;47,49365;100
100;2;2;47,49365;100
100;2;2;47,82715;100
100;2;2;47,82715;100
100;2;2;47,82715;100
100;2;2;47,82715;100
100;3;15;47,82715;100
100;2;2;47,82715;100
100;3;15;47,82715;100
100;2;2;47,82715;100
100;2;2;47,82715;100
100;2;2;47,82715;100
100;3;15;48,16064;100
100;3;15;48,16064;100
100;3;15;48,16064;100
100;2;2;48,16064;100
100;2;2;48,16064;100
100;3;15;48,16064;100
100;3;15;48,16064;100
100;3;15;48,16064;100
100;2;2;48,16064;100
100;3;15;48,16064;100
100;3;15;48,49414;100
100;2;2;48,49414;100
100;2;2;48,49414;100
100;2;2;48,49414;100
100;2;2;48,49414;100
100;2;2;48,49414;100
100;3;15;48,49414;100
100;3;15;48,49414;100
100;3;15;48,49414;100
100;3;15;48,49414;100
100;2;2;48,49414;100
100;3;15;48,82764;100
100;2;2;48,82764;100
100;3;15;48,82764;100
100;2;2;48,82764;100
100;3;15;48,82764;100
100;2;2;48,82764;100
100;2;2;48,82764;100
100;3;15;48,82764;100
100;3;15;48,82764;100
100;2;2;49,16113;100
100;2;2;49,16113;100
100;3;15;49,16113;100
100;2;2;49,16113;100
100;3;15;49,16113;100
100;2;2;49,16113;100
100;3;15;49,49463;100
100;3;15;49,49463;100
100;3;15;49,49463;100
100;3;15;49,49463;100
100;2;2;49,49463;100
100;2;2;49,49463;100
100;2;2;49,49463;100
100;3;15;49,49463;100
100;3;15;49,49463;100
100;2;2;49,49463;100
100;3;15;49,82813;100
100;2;2;49,82813;100
100;3;15;49,82813;100
100;3;15;49,82813;100
100;2;2;49,82813;100
100;2;2;50,16162;100
100;2;2;50,16162;100
100;3;15;50,16162;100
100;3;15;50,49512;100
100;3;15;50,49512;100
100;2;2;50,49512;100
100;2;2;50,49512;100
100;2;2;50,49512;100
100;2;2;50,49512;100
100;3;15;50,49512;100
100;3;15;50,49512;100
100;2;2;50,82861;100
100;2;2;50,82861;100
100;3;15;50,82861;100
100;3;15;50,82861;100
100;2;2;50,82861;100
100;2;2;50,82861;100
100;2;2;50,82861;100
100;2;2;51,16211;100
100;3;15;51,16211;100
100;3;15;51,16211;100
100;2;2;51,16211;100
100;3;15;51,16211;100
100;3;15;51,16211;100
100;2;2;51,16211;100
100;3;15;51,16211;100
100;2;2;51,16211;100
100;2;2;51,49561;100
100;3;15;51,49561;100
100;3;15;51,49561;100
100;3;15;51,49561;100
100;2;2;51,49561;100
100;2;2;51,49561;100
100;3;15;51,49561;100
100;2;2;51,49561;100
100;3;15;51,49561;100
100;3;15;51,49561;100
100;3;15;51,8291;100
100;2;2;51,8291;100
100;3;15;51,8291;100
100;3;15;51,8291;100
100;3;15;51,8291;100
100;3;15;51,8291;100
100;3;15;51,8291;100
100;2;2;52,1626;100
100;3;15;52,1626;100
100;2;2;52,1626;100
100;2;2;52,1626;100
100;3;15;52,1626;100
100;2;2;52,1626;100
100;3;15;52,1626;100
100;3;15;52,1626;100
100;2;2;52,1626;100
100;3;15;52,1626;100
100;2;2;52,49609;100
100;3;15;52,49609;100
100;2;2;52,49609;100
100;2;2;52,49609;100
100;3;15;52,49609;100
100;2;2;52,49609;100
100;3;15;52,49609;100
100;2;2;52,49609;100
100;3;15;52,49609;100
100;2;2;52,82959;100
100;3;15;52,82959;100
100;2;2;52,82959;100
100;3;15;52,82959;100
100;2;2;52,82959;100
100;3;15;52,82959;100
100;2;2;52,82959;100
100;2;2;52,82959;100
100;3;15;52,82959;100
100;2;2;52,82959;100
100;2;2;52,82959;100
100;3;15;53,16309;100
100;3;15;53,16309;100
100;3;15;53,16309;100
100;3;15;53,16309;100
100;3;15;53,16309;100
100;2;2;53,49658;100
100;2;2;53,49658;100
100;2;2;53,49658;100
100;2;2;53,49658;100
100;2;2;53,49658;100
100;3;15;53,83008;100
100;3;15;53,83008;100
100;2;2;53,83008;100
100;2;2;53,83008;100
100;2;2;53,83008;100
100;3;15;53,83008;100
100;2;2;54,16357;100
100;3;15;54,16357;100
100;2;2;54,16357;100
100;2;2;54,16357;100
100;2;2;54,16357;100
100;3;15;54,16357;100
100;3;15;54,49707;100
100;2;2;54,49707;100
100;3;15;54,49707;100
100;3;15;54,49707;100
100;3;15;54,49707;100
100;2;2;54,49707;100
100;2;2;54,49707;100
100;3;15;54,49707;100
100;3;15;54,83057;100
100;2;2;54,83057;100
100;2;2;54,83057;100
100;3;15;54,83057;100
100;3;15;54,83057;100
100;3;15;54,83057;100
100;3;15;54,83057;100
100;2;2;54,83057;100
100;3;15;54,83057;100
100;2;2;55,16406;100
100;3;15;55,16406;100
100;3;15;55,16406;100
100;3;15;55,16406;100
100;2;2;55,16406;100
100;3;15;55,16406;100
100;2;2;55,16406;100
100;3;15;55,49756;100
100;3;15;55,49756;100
100;2;2;55,49756;100
100;2;2;55,49756;100
100;3;15;55,49756;100
100;3;15;55,49756;100
100;3;15;55,49756;100
100;3;15;55,49756;100
100;2;2;55,83105;100
100;3;15;55,83105;100
100;3;15;55,83105;100
100;2;2;55,83105;100
100;2;2;55,83105;100
100;2;2;55,83105;100
100;3;15;55,83105;100
100;2;2;55,83105;100
100;3;15;55,83105;100
100;2;2;56,16455;100
100;3;15;56,16455;100
100;3;15;56,16455;100
100;3;15;56,16455;100
100;3;15;56,16455;100
100;2;2;56,16455;100
100;2;2;56,49805;100
100;3;15;56,49805;100
100;2;2;56,49805;100
100;3;15;56,49805;100
100;2;2;56,49805;100
100;3;15;56,83154;100
100;2;2;56,83154;100
100;3;15;56,83154;100
100;2;2;56,83154;100
100;3;15;56,83154;100
100;3;15;56,83154;100
100;2;2;57,16504;100
100;2;2;57,16504;100
100;2;2;57,16504;100
100;3;15;57,16504;100
100;2;2;57,16504;100
100;2;2;57,16504;100
100;3;15;57,16504;100
100;2;2;57,16504;100
100;2;2;57,49854;100
100;3;15;57,49854;100
100;3;15;57,49854;100
100;2;2;57,49854;100
100;3;15;57,49854;100
100;2;2;57,49854;100
100;2;2;57,49854;100
100;3;15;57,49854;100
100;3;15;57,83203;100
100;2;2;57,83203;100
100;3;15;57,83203;100
100;2;2;57,83203;100
100;3;15;57,83203;100
100;3;15;57,83203;100
100;3;15;57,83203;100
100;3;15;57,83203;100
100;3;15;57,83203;100
100;2;2;58,16553;100
100;2;2;58,16553;100
100;2;2;58,16553;100
100;2;2;58,16553;100
100;2;2;58,16553;100
100;2;2;58,16553;100
100;2;2;58,16553;100
100;2;2;58,16553;100
100;2;2;58,16553;100
100;3;15;58,49902;100
100;2;2;58,49902;100
100;2;2;58,49902;100
100;2;2;58,49902;100
100;2;2;58,49902;100
100;2;2;58,49902;100
100;2;2;58,49902;100
100;3;15;58,49902;100
100;3;15;58,83252;100
100;3;15;58,83252;100
100;3;15;58,83252;100
100;3;15;58,83252;100
100;3;15;58,83252;100
100;2;2;58,83252;100
100;2;2;58,83252;100
100;2;2;59,16602;100
100;3;15;59,16602;100
100;3;15;59,16602;100
100;3;15;59,16602;100
100;2;2;59,16602;100
100;3;15;59,16602;100
100;2;2;59,16602;100
100;3;15;59,16602;100
100;2;2;59,16602;100
100;3;15;59,49951;100
100;3;15;59,49951;100
100;3;15;59,49951;100
100;2;2;59,49951;100
100;3;15;59,49951;100
100;2;2;59,49951;100
100;2;2;59,83301;100
100;3;15;59,83301;100
100;3;15;59,83301;100
100;2;2;59,83301;100
100;2;2;59,83301;100
100;2;2;59,83301;100
100;2;2;59,83301;100
100;3;15;59,83301;100
100;2;2;59,83301;100
100;2;2;59,83301;100
100;3;15;0,1665039;100
100;3;15;0,1665039;100
100;2;2;0,1665039;100
100;3;15;0,1665039;100
100;2;2;0,1665039;100
100;2;2;0,1665039;100
100;2;2;0,1665039;100
100;3;15;0,1665039;100
100;3;15;0,1665039;100
100;2;2;0,1665039;100
100;2;2;0,5;100
100;3;15;0,5;100
100;2;2;0,5;100
100;3;15;0,5;100
100;2;2;0,5;100
100;2;2;0,5;100
100;3;15;0,5;100
100;3;15;0,5;100
100;3;15;0,8334961;100
100;3;15;0,8334961;100
100;3;15;0,8334961;100
100;2;2;0,8334961;100
100;2;2;0,8334961;100
100;2;2;0,8334961;100
100;3;15;0,8334961;100
100;2;2;0,8334961;100
100;2;2;0,8334961;100
100;3;15;1,166992;100
100;3;15;1,166992;100
100;3;15;1,166992;100
100;2;2;1,166992;100
100;3;15;1,166992;100
100;2;2;1,166992;100
100;2;2;1,166992;100
100;3;15;1,166992;100
100;3;15;1,166992;100
100;2;2;1,166992;100
100;3;15;1,500488;100
100;3;15;1,500488;100
100;3;15;1,500488;100
100;3;15;1,500488;100
100;2;2;1,500488;100
100;3;15;1,500488;100
100;2;2;1,500488;100
100;3;15;1,500488;100
100;3;15;1,500488;100
100;2;2;1,500488;100
100;3;15;1,500488;100
100;2;2;1,500488;100
100;2;2;1,833984;100
100;3;15;1,833984;100
100;3;15;1,833984;100
100;3;15;1,833984;100
100;3;15;1,833984;100
100;2;2;1,833984;100
100;3;15;1,833984;100
100;2;2;1,833984;100
100;2;2;1,833984;100
100;3;15;1,833984;100
100;2;2;2,16748;100
100;3;15;2,16748;100
100;3;15;2,16748;100
100;3;15;2,16748;100
100;3;15;2,16748;100
100;2;2;2,16748;100
100;3;15;2,16748;100
100;3;15;2,16748;100
100;2;2;2,16748;100
100;3;15;2,16748;100
100;3;15;2,16748;100
100;3;15;2,16748;100
100;3;15;2,500977;100
100;3;15;2,500977;100
100;2;2;2,500977;100
100;2;2;2,500977;100
100;3;15;2,500977;100
100;2;2;2,500977;100
100;2;2;2,500977;100
100;3;15;2,500977;100
100;3;15;2,500977;100
100;2;2;2,500977;100
100;3;15;2,500977;100
100;3;15;2,834473;100
100;2;2;2,834473;100
100;2;2;2,834473;100
100;3;15;2,834473;100
100;3;15;2,834473;100
100;2;2;2,834473;100
100;3;15;2,834473;100
100;3;15;2,834473;100
100;2;2;2,834473;100
100;3;15;3,167969;100
100;2;2;3,167969;100
100;2;2;3,167969;100
100;3;15;3,167969;100
100;2;2;3,167969;100
100;2;2;3,167969;100
100;3;15;3,167969;100
100;2;2;3,167969;100
100;3;15;3,167969;100
100;2;2;3,501465;100
100;2;2;3,501465;100
100;3;15;3,501465;100
100;2;2;3,501465;100
100;2;2;3,501465;100
100;2;2;3,501465;100
100;2;2;3,501465;100
100;3;15;3,834961;100
100;3;15;3,834961;100
100;2;2;3,834961;100
100;3;15;3,834961;100
100;2;2;3,834961;100
100;3;15;3,834961;100
100;2;2;3,834961;100
100;2;2;3,834961;100
100;3;15;4,168457;100
100;3;15;4,168457;100
100;3;15;4,168457;100
100;2;2;4,168457;100
100;3;15;4,168457;100
100;3;15;4,168457;100
100;3;15;4,168457;100
100;3;15;4,168457;100
100;3;15;4,168457;100
100;2;2;4,501953;100
100;3;15;4,501953;100
100;3;15;4,501953;100
100;3;15;4,501953;100
100;3;15;4,501953;100
100;2;2;4,501953;100
100;3;15;4,501953;100
100;2;2;4,501953;100
100;3;15;4,501953;100
100;2;2;4,501953;100
100;2;2;4,501953;100
100;2;2;4,835449;100
100;3;15;4,835449;100
100;2;2;4,835449;100
100;3;15;4,835449;100
100;2;2;4,835449;100
100;2;2;4,835449;100
100;3;15;4,835449;100
100;3;15;4,835449;100
100;2;2;4,835449;100
100;3;15;4,835449;100
100;3;15;5,168945;100
100;2;2;5,168945;100
100;3;15;5,168945;100
100;2;2;5,168945;100
100;2;2;5,168945;100
100;2;2;5,168945;100
100;2;2;5,168945;100
100;2;2;5,168945;100
100;2;2;5,168945;100
100;2;2;5,168945;100
100;2;2;5,502441;100
100;3;15;5,502441;100
100;2;2;5,502441;100
100;3;15;5,502441;100
100;3;15;5,502441;100
100;2;2;5,502441;100
100;2;2;5,502441;100
100;3;15;5,502441;100
100;2;2;5,835938;100
100;3;15;5,835938;100
100;2;2;5,835938;100
100;2;2;5,835938;100
100;3;15;5,835938;100
100;3;15;5,835938;100
100;3;15;5,835938;100
100;2;2;5,835938;100
100;3;15;5,835938;100
100;3;15;5,835938;100
100;2;2;6,169434;100
100;3;15;6,169434;100
100;2;2;6,169434;100
100;2;2;6,169434;100
100;2;2;6,169434;100
100;3;15;6,169434;100
100;3;15;6,169434;100
100;2;2;6,169434;100
100;2;2;6,169434;100
100;3;15;6,50293;100
100;3;15;6,50293;100
100;3;15;6,50293;100
100;3;15;6,50293;100
100;2;2;6,50293;100
100;3;15;6,50293;100
100;2;2;6,50293;100
100;3;15;6,836426;100
100;3;15;6,836426;100
100;3;15;6,836426;100
100;2;2;6,836426;100
100;3;15;6,836426;100
100;2;2;6,836426;100
100;3;15;6,836426;100
100;2;2;6,836426;100
100;2;2;6,836426;100
100;3;15;6,836426;100
100;3;15;7,169922;100
100;3;15;7,169922;100
100;3;15;7,169922;100
100;2;2;7,169922;100
100;2;2;7,169922;100
100;2;2;7,169922;100
100;3;15;7,169922;100
100;3;15;7,169922;100
100;3;15;7,169922;100
100;3;15;7,169922;100
100;3;15;7,503418;100
100;3;15;7,503418;100
100;3;15;7,503418;100
100;2;2;7,503418;100
100;3;15;7,503418;100
100;2;2;7,503418;100
100;3;15;7,503418;100
100;3;15;7,836914;100
100;3;15;7,836914;100
100;2;2;7,836914;100
100;2;2;7,836914;100
100;2;2;7,836914;100
100;3;15;7,836914;100
100;2;2;7,836914;100
100;3;15;7,836914;100
100;3;15;7,836914;100
100;3;15;8,17041;100
100;3;15;8,17041;100
100;2;2;8,17041;100
100;2;2;8,17041;100
100;3;15;8,17041;100
100;3;15;8,17041;100
100;3;15;8,17041;100
100;2;2;8,17041;100
100;2;2;8,17041;100
100;3;15;8,17041;100
100;2;2;8,17041;100
100;3;15;8,17041;100
100;3;15;8,503906;100
100;3;15;8,503906;100
100;2;2;8,503906;100
100;3;15;8,503906;100
100;3;15;8,503906;100
100;2;2;8,503906;100
100;3;15;8,503906;100
100;2;2;8,503906;100
100;3;15;8,837402;100
100;3;15;8,837402;100
100;3;15;8,837402;100
100;2;2;8,837402;100
100;2;2;8,837402;100
100;2;2;8,837402;100
100;3;15;8,837402;100
100;2;2;8,837402;100
100;3;15;9,170898;100
100;3;15;9,170898;100
100;3;15;9,170898;100
100;3;15;9,170898;100
100;3;15;9,170898;100
100;3;15;9,170898;100
100;2;2;9,170898;100
100;3;15;9,170898;100
100;3;15;9,504395;100
100;3;15;9,504395;100
100;3;15;9,504395;100
100;2;2;9,504395;100
100;2;2;9,504395;100
100;3;15;9,504395;100
100;2;2;9,837891;100
100;3;15;9,837891;100
100;3;15;9,837891;100
100;2;2;9,837891;100
100;3;15;9,837891;100
100;2;2;9,837891;100
100;3;15;9,837891;100
100;3;15;9,837891;100
100;3;15;9,837891;100
100;3;15;9,837891;100
100;3;15;9,837891;100
100;2;2;9,837891;100
100;3;15;9,837891;100
100;3;15;10,17139;100
100;3;15;10,17139;100
100;3;15;10,17139;100
100;2;2;10,17139;100
100;2;2;10,17139;100
100;2;2;10,17139;100
100;2;2;10,17139;100
100;2;2;10,17139;100
100;2;2;10,50488;100
100;3;15;10,50488;100
100;2;2;10,50488;100
100;2;2;10,50488;100
100;2;2;10,50488;100
100;3;15;10,50488;100
100;2;2;10,50488;100
100;2;2;10,50488;100
100;2;2;10,50488;100
100;2;2;10,50488;100
100;3;15;10,50488;100
100;2;2;10,83838;100
100;3;15;10,83838;100
100;3;15;10,83838;100
100;3;15;10,83838;100
100;2;2;10,83838;100
100;3;15;10,83838;100
100;3;15;10,83838;100
100;2;2;11,17188;100
100;3;15;11,17188;100
100;2;2;11,17188;100
100;3;15;11,17188;100
100;2;2;11,17188;100
100;3;15;11,17188;100
100;3;15;11,17188;100
100;3;15;11,17188;100
100;2;2;11,17188;100
100;3;15;11,50537;100
100;2;2;11,50537;100
100;2;2;11,50537;100
100;3;15;11,50537;100
100;3;15;11,83887;100
100;3;15;11,83887;100
100;2;2;11,83887;100
100;2;2;11,83887;100
100;2;2;11,83887;100
100;3;15;11,83887;100
100;3;15;11,83887;100
100;3;15;12,17236;100
100;2;2;12,17236;100
100;2;2;12,17236;100
100;3;15;12,17236;100
100;3;15;12,17236;100
100;3;15;12,17236;100
100;2;2;12,17236;100
100;3;15;12,17236;100
100;2;2;12,50586;100
100;2;2;12,50586;100
100;3;15;12,50586;100
100;3;15;12,50586;100
100;3;15;12,50586;100
100;3;15;12,50586;100
100;2;2;12,50586;100
100;2;2;12,50586;100
100;2;2;12,83936;100
100;2;2;12,83936;100
100;3;15;12,83936;100
100;2;2;12,83936;100
100;2;2;12,83936;100
100;2;2;12,83936;100
100;2;2;12,83936;100
100;2;2;12,83936;100
100;2;2;13,17285;100
100;3;15;13,17285;100
100;2;2;13,17285;100
100;2;2;13,17285;100
100;3;15;13,17285;100
100;2;2;13,17285;100
100;3;15;13,17285;100
100;3;15;13,17285;100
100;2;2;13,17285;100
100;2;2;13,17285;100
100;2;2;13,17285;100
100;2;2;13,17285;100
100;2;2;13,50635;100
100;3;15;13,50635;100
100;2;2;13,50635;100
100;3;15;13,50635;100
100;3;15;13,50635;100
100;3;15;13,50635;100
100;2;2;13,50635;100
100;3;15;13,50635;100
100;2;2;13,83984;100
100;3;15;13,83984;100
100;2;2;13,83984;100
100;3;15;13,83984;100
100;3;15;13,83984;100
100;2;2;13,83984;100
100;2;2;13,83984;100
100;2;2;13,83984;100
100;3;15;13,83984;100
100;2;2;13,83984;100
100;2;2;14,17334;100
100;2;2;14,17334;100
100;2;2;14,17334;100
100;2;2;14,17334;100
100;3;15;14,17334;100
100;3;15;14,17334;100
100;3;15;14,17334;100
100;3;15;14,50684;100
100;3;15;14,50684;100
100;3;15;14,50684;100
100;3;15;14,50684;100
100;3;15;14,50684;100
100;3;15;14,50684;100
100;2;2;14,50684;100
100;3;15;14,84033;100
100;3;15;14,84033;100
100;3;15;14,84033;100
100;2;2;14,84033;100
100;3;15;14,84033;100
100;3;15;14,84033;100
100;2;2;14,84033;100
100;3;15;14,84033;100
100;3;15;14,84033;100
100;3;15;15,17383;100
100;2;2;15,17383;100
100;2;2;15,17383;100
100;2;2;15,17383;100
100;2;2;15,17383;100
100;2;2;15,17383;100
100;3;15;15,17383;100
100;3;15;15,17383;100
100;2;2;15,17383;100
100;3;15;15,17383;100
100;2;2;15,17383;100
100;2;2;15,50732;100
100;2;2;15,50732;100
100;3;15;15,50732;100
100;2;2;15,50732;100
100;2;2;15,50732;100
100;3;15;15,50732;100
100;3;15;15,50732;100
100;3;15;15,50732;100
100;3;15;15,50732;100
100;3;15;15,84082;100
100;2;2;15,84082;100
100;2;2;15,84082;100
100;2;2;15,84082;100
100;3;15;15,84082;100
100;3;15;15,84082;100
100;2;2;15,84082;100
100;2;2;15,84082;100
100;3;15;15,84082;100
100;3;15;16,17432;100
100;2;2;16,17432;100
100;3;15;16,17432;100
100;2;2;16,17432;100
100;2;2;16,17432;100
100;3;15;16,17432;100
100;2;2;16,17432;100
100;3;15;16,17432;100
100;2;2;16,17432;100
100;2;2;16,17432;100
100;2;2;16,50781;100
100;3;15;16,50781;100
100;3;15;16,50781;100
100;3;15;16,50781;100
100;3;15;16,50781;100
100;3;15;16,50781;100
100;3;15;16,50781;100
100;3;15;16,50781;100
100;3;15;16,50781;100
100;2;2;16,50781;100
100;3;15;16,84131;100
100;3;15;16,84131;100
100;3;15;16,84131;100
100;3;15;16,84131;100
100;3;15;16,84131;100
100;2;2;16,84131;100
100;2;2;16,84131;100
100;3;15;16,84131;100
100;2;2;16,84131;100
100;2;2;17,1748;100
100;2;2;17,1748;100
100;2;2;17,1748;100
100;3;15;17,1748;100
100;2;2;17,1748;100
100;3;15;17,1748;100
100;2;2;17,1748;100
100;3;15;17,1748;100
100;3;15;17,5083;100
100;2;2;17,5083;100
100;2;2;17,5083;100
100;2;2;17,5083;100
100;3;15;17,5083;100
100;2;2;17,5083;100
100;2;2;17,5083;100
100;3;15;17,5083;100
100;3;15;17,5083;100
100;3;15;17,8418;100
100;2;2;17,8418;100
100;3;15;17,8418;100
100;3;15;17,8418;100
100;3;15;17,8418;100
100;2;2;17,8418;100
100;3;15;17,8418;100
100;2;2;17,8418;100
100;2;2;17,8418;100
100;3;15;17,8418;100
100;2;2;18,17529;100
100;3;15;18,17529;100
100;3;15;18,17529;100
100;3;15;18,17529;100
100;2;2;18,17529;100
100;3;15;18,50879;100
100;3;15;18,50879;100
100;2;2;18,50879;100
100;2;2;18,50879;100
100;2;2;18,50879;100
100;3;15;18,50879;100
100;2;2;18,50879;100
100;2;2;18,50879;100
100;2;2;18,50879;100
100;3;15;18,50879;100
100;2;2;18,50879;100
100;3;15;18,50879;100
100;3;15;18,84229;100
100;2;2;18,84229;100
100;2;2;18,84229;100
100;3;15;18,84229;100
100;2;2;19,17578;100
100;2;2;19,17578;100
100;2;2;19,17578;100
100;2;2;19,17578;100
100;3;15;19,17578;100
100;2;2;19,17578;100
100;2;2;19,17578;100
100;3;15;19,17578;100
100;2;2;19,17578;100
100;2;2;19,50928;100
100;3;15;19,50928;100
100;3;15;19,50928;100
100;2;2;19,50928;100
100;2;2;19,50928;100
100;2;2;19,50928;100
100;2;2;19,50928;100
100;3;15;19,50928;100
100;2;2;19,50928;100
100;3;15;19,84277;100
100;3;15;19,84277;100
100;2;2;19,84277;100
100;3;15;19,84277;100
100;3;15;19,84277;100
100;3;15;19,84277;100
100;2;2;19,84277;100
100;2;2;19,84277;100
100;3;15;19,84277;100
100;3;15;19,84277;100
100;3;15;20,17627;100
100;2;2;20,17627;100
100;2;2;20,17627;100
100;3;15;20,17627;100
100;2;2;20,17627;100
100;3;15;20,50977;100
100;3;15;20,50977;100
100;2;2;20,50977;100
100;3;15;20,50977;100
100;3;15;20,50977;100
100;2;2;20,50977;100
100;2;2;20,50977;100
100;2;2;20,50977;100
100;2;2;20,50977;100
100;3;15;20,50977;100
100;3;15;20,84326;100
100;2;2;20,84326;100
100;2;2;20,84326;100
100;3;15;20,84326;100
100;3;15;20,84326;100
100;3;15;20,84326;100
100;3;15;20,84326;100
100;2;2;21,17676;100
100;2;2;21,17676;100
100;3;15;21,17676;100
100;3;15;21,17676;100
100;3;15;21,17676;100
100;2;2;21,17676;100
100;2;2;21,17676;100
100;2;2;21,17676;100
100;3;15;21,17676;100
100;2;2;21,17676;100
100;3;15;21,51025;100
100;3;15;21,51025;100
100;2;2;21,51025;100
100;2;2;21,51025;100
100;3;15;21,51025;100
100;3;15;21,51025;100
100;3;15;21,84375;100
100;3;15;21,84375;100
100;3;15;21,84375;100
100;3;15;21,84375;100
100;3;15;21,84375;100
100;2;2;21,84375;100
100;3;15;21,84375;100
100;3;15;21,84375;100
100;3;15;22,17725;100
100;3;15;22,17725;100
100;2;2;22,17725;100
100;2;2;22,17725;100
100;2;2;22,17725;100
100;2;2;22,17725;100
100;2;2;22,17725;100
100;3;15;22,17725;100
100;2;2;22,17725;100
100;2;2;22,51074;100
100;3;15;22,51074;100
100;2;2;22,51074;100
100;2;2;22,51074;100
100;2;2;22,51074;100
100;3;15;22,51074;100
100;2;2;22,51074;100
100;2;2;22,84424;100
100;3;15;22,84424;100
100;3;15;22,84424;100
100;3;15;22,84424;100
100;3;15;22,84424;100
100;3;15;22,84424;100
100;2;2;22,84424;100
100;3;15;22,84424;100
100;3;15;22,84424;100
100;3;15;23,17773;100
100;2;2;23,17773;100
100;3;15;23,17773;100
100;3;15;23,17773;100
100;3;15;23,17773;100
100;3;15;23,17773;100
100;2;2;23,17773;100
100;2;2;23,51123;100
100;2;2;23,51123;100
100;2;2;23,51123;100
100;2;2;23,51123;100
100;2;2;23,51123;100
100;3;15;23,51123;100
100;3;15;23,51123;100
100;3;15;23,51123;100
100;3;15;23,51123;100
100;2;2;23,51123;100
100;3;15;23,51123;100
100;3;15;23,84473;100
100;3;15;23,84473;100
100;2;2;23,84473;100
100;2;2;23,84473;100
100;3;15;23,84473;100
100;2;2;23,84473;100
100;2;2;23,84473;100
100;3;15;23,84473;100
100;2;2;23,84473;100
100;3;15;23,84473;100
100;3;15;24,17822;100
100;3;15;24,17822;100
100;3;15;24,17822;100
100;3;15;24,17822;100
100;2;2;24,17822;100
100;2;2;24,17822;100
100;3;15;24,17822;100
100;2;2;24,17822;100
100;3;15;24,17822;100
100;3;15;24,17822;100
100;3;15;24,17822;100
100;2;2;24,51172;100
100;2;2;24,51172;100
100;2;2;24,51172;100
100;2;2;24,51172;100
100;3;15;24,51172;100
100;3;15;24,51172;100
100;2;2;24,51172;100
100;3;15;24,51172;100
100;3;15;24,84521;100
100;3;15;24,84521;100
100;2;2;24,84521;100
100;2;2;24,84521;100
100;3;15;24,84521;100
100;3;15;24,84521;100
100;3;15;24,84521;100
100;2;2;24,84521;100
100;3;15;24,84521;100
100;3;15;25,17871;100
100;3;15;25,17871;100
100;3;15;25,17871;100
100;3;15;25,17871;100
100;3;15;25,17871;100
100;2;2;25,17871;100
100;3;15;25,17871;100
100;3;15;25,17871;100
100;3;15;25,51221;100
100;3;15;25,51221;100
100;3;15;25,51221;100
100;3;15;25,51221;100
100;2;2;25,51221;100
100;2;2;25,51221;100
100;2;2;25,51221;100
100;2;2;25,51221;100
100;2;2;25,51221;100
100;2;2;25,51221;100
100;3;15;25,51221;100
100;3;15;25,51221;100
100;2;2;25,8457;100
100;3;15;25,8457;100
100;3;15;25,8457;100
100;3;15;25,8457;100
100;3;15;25,8457;100
100;3;15;25,8457;100
100;2;2;25,8457;100
100;2;2;25,8457;100
100;2;2;26,1792;100
100;3;15;26,1792;100
100;2;2;26,1792;100
100;2;2;26,1792;100
100;2;2;26,1792;100
100;2;2;26,1792;100
100;2;2;26,1792;100
100;3;15;26,1792;100
100;2;2;26,5127;100
100;2;2;26,5127;100
100;2;2;26,5127;100
100;3;15;26,5127;100
100;2;2;26,5127;100
100;2;2;26,5127;100
100;3;15;26,5127;100
100;2;2;26,84619;100
100;3;15;26,84619;100
100;3;15;26,84619;100
100;3;15;26,84619;100
100;3;15;26,84619;100
100;2;2;26,84619;100
100;3;15;26,84619;100
100;3;15;27,17969;100
100;3;15;27,17969;100
100;3;15;27,17969;100
100;2;2;27,17969;100
100;2;2;27,17969;100
100;2;2;27,17969;100
100;2;2;27,17969;100
100;3;15;27,17969;100
100;2;2;27,17969;100
100;2;2;27,51318;100
100;3;15;27,51318;100
100;2;2;27,51318;100
100;3;15;27,51318;100
100;3;15;27,51318;100
100;2;2;27,51318;100
100;2;2;27,51318;100
100;2;2;27,51318;100
100;3;15;27,84668;100
100;2;2;27,84668;100
100;3;15;27,84668;100
100;2;2;27,84668;100
100;3;15;27,84668;100
100;2;2;27,84668;100
100;3;15;27,84668;100
100;3;15;27,84668;100
100;3;15;27,84668;100
100;3;15;27,84668;100
100;2;2;27,84668;100
100;2;2;27,84668;100
100;3;15;28,18018;100
100;2;2;28,18018;100
100;3;15;28,18018;100
100;2;2;28,18018;100
100;2;2;28,18018;100
100;3;15;28,18018;100
100;2;2;28,18018;100
100;3;15;28,18018;100
100;2;2;28,18018;100
100;2;2;28,51367;100
100;2;2;28,51367;100
100;3;15;28,51367;100
100;3;15;28,51367;100
100;3;15;28,51367;100
100;3;15;28,51367;100
100;3;15;28,51367;100
100;2;2;28,51367;100
100;2;2;28,51367;100
100;2;2;28,84717;100
100;2;2;28,84717;100
100;2;2;28,84717;100
100;2;2;28,84717;100
100;3;15;28,84717;100
100;2;2;28,84717;100
100;2;2;28,84717;100
100;2;2;28,84717;100
100;2;2;29,18066;100
100;3;15;29,18066;100
100;3;15;29,18066;100
100;3;15;29,18066;100
100;2;2;29,18066;100
100;2;2;29,51416;100
100;3;15;29,51416;100
100;3;15;29,51416;100
100;3;15;29,51416;100
100;3;15;29,51416;100
100;2;2;29,51416;100
100;2;2;29,51416;100
100;2;2;29,51416;100
100;3;15;29,51416;100
100;3;15;29,84766;100
100;2;2;29,84766;100
100;3;15;29,84766;100
100;3;15;29,84766;100
100;3;15;29,84766;100
100;3;15;29,84766;100
100;2;2;29,84766;100
100;2;2;29,84766;100
100;2;2;30,18115;100
100;3;15;30,18115;100
100;3;15;30,18115;100
100;2;2;30,18115;100
100;2;2;30,18115;100
100;2;2;30,18115;100
100;2;2;30,18115;100
100;3;15;30,18115;100
100;3;15;30,18115;100
100;3;15;30,51465;100
100;2;2;30,51465;100
100;2;2;30,51465;100
100;2;2;30,51465;100
100;2;2;30,51465;100
100;3;15;30,51465;100
100;3;15;30,51465;100
100;2;2;30,51465;100
100;2;2;30,51465;100
100;2;2;30,84814;100
100;2;2;30,84814;100
100;3;15;30,84814;100
100;2;2;30,84814;100
100;2;2;30,84814;100
100;2;2;30,84814;100
100;2;2;30,84814;100
100;2;2;31,18164;100
100;3;15;31,18164;100
100;2;2;31,18164;100
100;3;15;31,18164;100
100;2;2;31,18164;100
100;2;2;31,18164;100
100;2;2;31,51514;100
100;2;2;31,51514;100
100;2;2;31,51514;100
100;3;15;31,51514;100
100;2;2;31,84863;100
100;3;15;31,84863;100
100;3;15;31,84863;100
100;3;15;31,84863;100
100;2;2;31,84863;100
100;2;2;31,84863;100
100;2;2;32,18213;100
100;3;15;32,18213;100
100;3;15;32,18213;100
100;2;2;32,18213;100
100;3;15;32,18213;100
100;3;15;32,18213;100
100;2;2;32,18213;100
100;2;2;32,18213;100
100;2;2;32,51563;100
100;2;2;32,51563;100
100;2;2;32,51563;100
100;3;15;32,51563;100
100;3;15;32,51563;100
100;2;2;32,51563;100
100;2;2;32,51563;100
100;3;15;32,51563;100
100;2;2;32,51563;100
100;3;15;32,84912;100
100;3;15;32,84912;100
100;2;2;32,84912;100
100;3;15;32,84912;100
100;2;2;32,84912;100
100;3;15;32,84912;100
100;3;15;32,84912;100
100;3;15;32,84912;100
100;3;15;32,84912;100
100;3;15;32,84912;100
100;3;15;33,18262;100
100;2;2;33,18262;100
100;3;15;33,18262;100
100;3;15;33,18262;100
100;3;15;33,18262;100
100;2;2;33,18262;100
100;3;15;33,18262;100
100;2;2;33,18262;100
100;3;15;33,18262;100
100;2;2;33,51611;100
100;2;2;33,51611;100
100;3;15;33,51611;100
100;3;15;33,51611;100
100;3;15;33,51611;100
100;2;2;33,51611;100
100;3;15;33,51611;100
100;3;15;33,51611;100
100;2;2;33,51611;100
100;2;2;33,51611;100
100;2;2;33,51611;100
100;3;15;33,51611;100
100;3;15;33,84961;100
100;2;2;33,84961;100
100;3;15;33,84961;100
100;2;2;33,84961;100
100;2;2;33,84961;100
100;2;2;33,84961;100
100;3;15;33,84961;100
100;3;15;33,84961;100
100;2;2;33,84961;100
100;2;2;34,18311;100
100;3;15;34,18311;100
100;3;15;34,18311;100
100;3;15;34,18311;100
100;2;2;34,18311;100
100;3;15;34,18311;100
100;2;2;34,18311;100
100;2;2;34,18311;100
100;3;15;34,18311;100
100;3;15;34,18311;100
100;2;2;34,18311;100
100;3;15;34,5166;100
100;2;2;34,5166;100
100;3;15;34,5166;100
100;3;15;34,5166;100
100;3;15;34,5166;100
100;2;2;34,5166;100
100;3;15;34,8501;100
100;2;2;34,8501;100
100;2;2;34,8501;100
100;3;15;34,8501;100
100;2;2;34,8501;100
100;3;15;34,8501;100
100;2;2;34,8501;100
100;2;2;34,8501;100
100;2;2;34,8501;100
100;3;15;34,8501;100
100;2;2;35,18359;100
100;3;15;35,18359;100
100;2;2;35,18359;100
100;2;2;35,18359;100
100;3;15;35,18359;100
100;3;15;35,18359;100
100;2;2;35,18359;100
100;2;2;35,18359;100
100;2;2;35,51709;100
100;2;2;35,51709;100
100;2;2;35,51709;100
100;2;2;35,51709;100
100;3;15;35,51709;100
100;2;2;35,51709;100
100;3;15;35,51709;100
100;3;15;35,51709;100
100;2;2;35,51709;100
100;3;15;35,85059;100
100;3;15;35,85059;100
100;3;15;35,85059;100
100;2;2;35,85059;100
100;3;15;35,85059;100
100;2;2;35,85059;100
100;2;2;35,85059;100
100;2;2;36,18408;100
100;3;15;36,18408;100
100;3;15;36,18408;100
100;3;15;36,18408;100
100;2;2;36,18408;100
100;2;2;36,18408;100
100;2;2;36,18408;100
100;2;2;36,18408;100
100;2;2;36,18408;100
100;3;15;36,18408;100
100;2;2;36,51758;100
100;3;15;36,51758;100
100;3;15;36,51758;100
100;2;2;36,51758;100
100;2;2;36,51758;100
100;3;15;36,51758;100
100;3;15;36,51758;100
100;3;15;36,85107;100
100;2;2;36,85107;100
100;3;15;36,85107;100
100;3;15;36,85107;100
100;3;15;36,85107;100
100;2;2;36,85107;100
100;2;2;36,85107;100
100;2;2;36,85107;100
100;3;15;36,85107;100
100;3;15;36,85107;100
100;3;15;36,85107;100
100;2;2;36,85107;100
100;3;15;36,85107;100
100;2;2;37,18457;100
100;3;15;37,18457;100
100;3;15;37,18457;100
100;3;15;37,18457;100
100;3;15;37,18457;100
100;2;2;37,18457;100
100;2;2;37,18457;100
100;2;2;37,18457;100
100;3;15;37,18457;100
100;2;2;37,18457;100
100;2;2;37,18457;100
100;2;2;37,18457;100
100;2;2;37,51807;100
100;3;15;37,51807;100
100;2;2;37,51807;100
100;2;2;37,51807;100
100;2;2;37,51807;100
100;2;2;37,51807;100
100;2;2;37,51807;100
100;2;2;37,51807;100
100;3;15;37,85156;100
100;2;2;37,85156;100
100;3;15;37,85156;100
100;2;2;37,85156;100
100;3;15;37,85156;100
100;2;2;37,85156;100
100;2;2;37,85156;100
100;2;2;38,18506;100
100;3;15;38,18506;100
100;3;15;38,18506;100
100;3;15;38,18506;100
100;2;2;38,18506;100
100;2;2;38,18506;100
100;3;15;38,18506;100
100;3;15;38,18506;100
100;2;2;38,51855;100
100;2;2;38,51855;100
100;3;15;38,51855;100
100;2;2;38,51855;100
100;3;15;38,51855;100
100;2;2;38,51855;100
100;2;2;38,51855;100
100;2;2;38,51855;100
100;3;15;38,51855;100
100;3;15;38,51855;100
100;2;2;38,51855;100
100;2;2;38,51855;100
100;3;15;38,51855;100
100;2;2;38,85205;100
100;2;2;38,85205;100
100;2;2;38,85205;100
100;3;15;38,85205;100
100;3;15;38,85205;100
100;2;2;38,85205;100
100;3;15;38,85205;100
100;3;15;38,85205;100
100;3;15;38,85205;100
100;3;15;38,85205;100
100;2;2;39,18555;100
100;3;15;39,18555;100
100;3;15;39,18555;100
100;3;15;39,18555;100
100;2;2;39,18555;100
100;2;2;39,18555;100
100;2;2;39,18555;100
100;3;15;39,18555;100
100;3;15;39,51904;100
100;2;2;39,51904;100
100;3;15;39,51904;100
100;2;2;39,51904;100
100;3;15;39,51904;100
100;3;15;39,51904;100
100;3;15;39,51904;100
100;2;2;39,51904;100
100;3;15;39,51904;100
100;3;15;39,51904;100
100;2;2;39,85254;100
100;2;2;39,85254;100
100;2;2;39,85254;100
100;2;2;39,85254;100
100;3;15;39,85254;85
100;2;2;39,85254;85
100;3;15;39,85254;70
100;2;2;39,85254;70
100;3;15;39,85254;55
100;3;15;39,85254;40
100;2;2;40,18604;40
100;3;15;40,18604;25
68;3;15;40,18604;10
60;2;2;40,18604;8
52;2;2;40,18604;6
44;3;15;40,18604;-9
Player