92;3;15;45,3573;100
92;2;2;45,3573;100
92;2;2;45,3573;100
92;2;2;45,3573;100
92;2;2;45,3573;100
92;3;15;45,3573;100
92;3;15;45,3573;100
92;3;15;45,3573;100
92;2;2;45,3573;100
92;3;15;45,3573;100
92;3;15;45,69067;100
92;2;2;45,69067;100
92;3;15;45,69067;100
92;3;15;45,69067;100
92;2;2;45,69067;100
92;2;2;45,69067;100
92;3;15;45,69067;100
92;3;15;45,69067;100
92;3;15;45,69067;100
92;2;2;45,69067;100
92;2;2;45,69067;100
92;2;2;46,02405;100
92;3;15;46,02405;100
92;2;2;46,02405;100
92;2;2;46,02405;100
92;2;2;46,02405;100
92;2;2;46,02405;100
92;2;2;46,02405;100
92;3;15;46,02405;100
92;3;15;46,02405;100
92;2;2;46,35742;100
92;3;15;46,35742;100
92;3;15;46,35742;100
92;3;15;46,35742;100
92;2;2;46,35742;100
92;2;2;46,35742;100
92;3;15;46,35742;100
92;2;2;46,35742;100
92;3;15;46,35742;100
92;2;2;46,6908;100
92;2;2;46,6908;100
92;2;2;46,6908;100
92;3;15;46,6908;100
92;2;2;46,6908;100
92;2;2;46,6908;100
92;2;2;46,6908;100
92;2;2;46,6908;100
92;3;15;46,6908;100
92;3;15;46,6908;100
92;2;2;47,02417;100
92;3;15;47,02417;100
92;3;15;47,02417;100
92;2;2;47,02417;100
92;2;2;47,02417;100
92;3;15;47,02417;100
92;2;2;47,02417;100
92;2;2;47,02417;100
92;3;15;47,02417;100
92;2;2;47,02417;100
92;2;2;47,35754;100
92;2;2;47,35754;100
92;3;15;47,35754;100
92;2;2;47,35754;100
92;3;15;47,69092;100
92;2;2;47,69092;100
92;3;15;47,69092;100
92;3;15;47,69092;100
92;3;15;47,69092;100
92;2;2;47,69092;100
92;2;2;47,69092;100
92;2;2;47,69092;100
92;3;15;47,69092;100
92;2;2;47,69092;100
92;2;2;48,02429;100
92;2;2;48,02429;100
92;2;2;48,02429;100
92;3;15;48,02429;100
92;2;2;48,02429;100
92;3;15;48,02429;100
92;2;2;48,02429;100
92;2;2;48,02429;100
92;2;2;48,02429;100
92;3;15;48,35767;100
92;3;15;48,35767;100
92;3;15;48,35767;100
92;2;2;48,35767;100
92;3;15;48,35767;100
92;3;15;48,35767;100
92;2;2;48,35767;100
92;3;15;48,35767;100
92;3;15;48,35767;100
92;2;2;48,69104;100
92;2;2;48,69104;100
92;3;15;48,69104;100
92;3;15;48,69104;100
92;3;15;48,69104;100
92;3;15;48,69104;100
92;3;15;49,02441;100
92;3;15;49,02441;100
92;3;15;49,02441;100
92;2;2;49,02441;100
92;3;15;49,02441;100
92;2;2;49,02441;100
92;2;2;49,02441;100
92;2;2;49,02441;100
92;2;2;49,02441;100
92;2;2;49,35779;100
92;3;15;49,35779;100
92;2;2;49,35779;100
92;2;2;49,35779;100
92;3;15;49,35779;100
92;2;2;49,35779;100
92;2;2;49,35779;100
92;3;15;49,69116;100
92;2;2;49,69116;100
92;2;2;49,69116;100
92;3;15;49,69116;100
92;2;2;49,69116;100
92;3;15;49,69116;100
92;3;15;49,69116;100
92;3;15;49,69116;100
92;2;2;50,02454;100
92;2;2;50,02454;100
92;3;15;50,02454;100
92;3;15;50,02454;100
92;3;15;50,02454;100
92;3;15;50,02454;100
92;3;15;50,02454;100
92;2;2;50,02454;100
92;2;2;50,02454;100
92;2;2;50,35791;100
92;3;15;50,35791;100
92;2;2;50,35791;100
92;2;2;50,35791;100
92;3;15;50,35791;100
92;3;15;50,35791;100
92;3;15;50,35791;100
92;2;2;50,35791;100
92;2;2;50,35791;100
92;2;2;50,35791;100
92;2;2;50,69128;100
92;3;15;50,69128;100
92;3;15;50,69128;100
92;3;15;50,69128;100
92;2;2;50,69128;100
92;2;2;50,69128;100
92;3;15;50,69128;100
92;2;2;50,69128;100
92;2;2;51,02466;100
92;3;15;51,02466;100
92;2;2;51,02466;100
92;3;15;51,02466;100
92;3;15;51,02466;100
92;2;2;51,02466;100
92;2;2;51,02466;100
92;3;15;51,02466;100
92;2;2;51,02466;100
92;2;2;51,02466;100
92;2;2;51,02466;100
92;3;15;51,02466;100
92;3;15;51,35803;100
92;3;15;51,35803;100
92;3;15;51,35803;100
92;2;2;51,35803;100
92;3;15;51,35803;100
92;2;2;51,35803;100
92;2;2;51,35803;100
92;3;15;51,35803;100
92;3;15;51,35803;100
92;2;2;51,35803;100
92;3;15;51,69141;100
92;2;2;51,69141;100
92;3;15;51,69141;100
92;3;15;51,69141;100
92;2;2;51,69141;100
92;3;15;51,69141;100
92;3;15;51,69141;100
92;2;2;52,02478;100
92;2;2;52,02478;100
92;3;15;52,02478;100
92;3;15;52,02478;100
92;3;15;52,35815;100
92;3;15;52,35815;100
92;3;15;52,35815;100
92;2;2;52,35815;100
92;3;15;52,35815;100
92;2;2;52,35815;100
92;3;15;52,69153;100
92;2;2;52,69153;100
92;2;2;52,69153;100
92;2;2;52,69153;100
92;2;2;52,69153;100
92;2;2;53,0249;100
92;2;2;53,0249;100
92;2;2;53,0249;100
92;2;2;53,0249;100
92;2;2;53,0249;100
92;3;15;53,0249;100
92;2;2;53,0249;100
92;2;2;53,0249;100
92;2;2;53,35828;100
92;3;15;53,35828;100
92;2;2;53,35828;100
92;2;2;53,35828;100
92;3;15;53,35828;100
92;2;2;53,35828;100
92;2;2;53,35828;100
92;3;15;53,69165;100
92;2;2;53,69165;100
92;3;15;53,69165;100
92;3;15;53,69165;100
92;2;2;53,69165;100
92;3;15;53,69165;100
92;2;2;53,69165;100
92;3;15;53,69165;100
92;2;2;53,69165;100
92;3;15;53,69165;100
92;2;2;53,69165;100
92;2;2;53,69165;100
92;3;15;54,02502;100
92;2;2;54,02502;100
92;2;2;54,02502;100
92;2;2;54,02502;100
92;2;2;54,02502;100
92;2;2;54,3584;100
92;3;15;54,3584;100
92;3;15;54,3584;100
92;3;15;54,3584;100
92;3;15;54,3584;100
92;2;2;54,3584;100
92;3;15;54,3584;100
92;2;2;54,3584;100
92;2;2;54,3584;100
92;2;2;54,3584;100
92;2;2;54,69177;100
92;3;15;54,69177;100
92;3;15;54,69177;100
92;3;15;54,69177;100
92;2;2;54,69177;100
92;3;15;54,69177;100
92;3;15;54,69177;100
92;2;2;54,69177;100
92;3;15;55,02515;100
92;3;15;55,02515;100
92;3;15;55,02515;100
92;3;15;55,02515;100
92;3;15;55,02515;100
92;2;2;55,02515;100
92;2;2;55,02515;100
92;3;15;55,02515;100
92;3;15;55,02515;100
92;3;15;55,02515;100
92;3;15;55,02515;100
92;3;15;55,35852;100
92;3;15;55,35852;100
92;3;15;55,35852;100
92;2;2;55,35852;100
92;2;2;55,35852;100
92;3;15;55,35852;100
92;3;15;55,35852;100
92;2;2;55,35852;100
92;2;2;55,35852;100
92;3;15;55,69189;100
92;3;15;55,69189;100
92;2;2;55,69189;100
92;2;2;55,69189;100
92;2;2;55,69189;100
92;3;15;55,69189;100
92;3;15;55,69189;100
92;2;2;55,69189;100
92;2;2;55,69189;100
92;3;15;56,02527;100
92;3;15;56,02527;100
92;2;2;56,02527;100
92;3;15;56,02527;100
92;3;15;56,02527;100
92;2;2;56,02527;100
92;3;15;56,02527;100
92;2;2;56,02527;100
92;2;2;56,35864;100
92;3;15;56,35864;100
92;2;2;56,35864;100
92;2;2;56,35864;100
92;3;15;56,35864;100
92;3;15;56,35864;100
92;2;2;56,35864;100
92;3;15;56,35864;100
92;3;15;56,35864;100
92;2;2;56,35864;100
92;3;15;56,35864;100
92;3;15;56,35864;100
92;2;2;56,69202;100
92;3;15;56,69202;100
92;2;2;56,69202;100
92;2;2;56,69202;100
92;3;15;56,69202;100
92;3;15;56,69202;100
92;3;15;56,69202;100
92;3;15;56,69202;100
92;2;2;56,69202;100
92;3;15;56,69202;100
92;3;15;56,69202;100
92;2;2;56,69202;100
92;3;15;56,69202;100
92;3;15;57,02539;100
92;3;15;57,02539;100
92;2;2;57,02539;100
92;2;2;57,02539;100
92;3;15;57,02539;100
92;2;2;57,02539;100
92;2;2;57,02539;100
92;3;15;57,02539;100
92;2;2;57,02539;100
92;3;15;57,02539;100
92;2;2;57,35876;100
92;3;15;57,35876;100
92;2;2;57,35876;100
92;3;15;57,35876;100
92;2;2;57,35876;100
92;2;2;57,35876;100
92;3;15;57,35876;100
92;2;2;57,69214;100
92;3;15;57,69214;100
92;3;15;57,69214;100
92;3;15;57,69214;100
92;3;15;57,69214;100
92;2;2;57,69214;100
92;2;2;57,69214;100
92;3;15;57,69214;100
92;3;15;57,69214;100
92;3;15;57,69214;100
92;2;2;58,02551;100
92;3;15;58,02551;100
92;3;15;58,02551;100
92;3;15;58,02551;100
92;3;15;58,02551;100
92;2;2;58,02551;100
92;3;15;58,35889;100
92;3;15;58,35889;100
92;3;15;58,35889;100
92;2;2;58,35889;100
92;3;15;58,35889;100
92;3;15;58,35889;100
92;2;2;58,35889;100
92;3;15;58,35889;100
92;3;15;58,35889;100
92;2;2;58,35889;100
92;2;2;58,35889;100
92;2;2;58,69226;100
92;3;15;58,69226;100
92;2;2;58,69226;100
92;3;15;58,69226;100
92;2;2;58,69226;100
92;3;15;58,69226;100
92;2;2;58,69226;100
92;2;2;58,69226;100
92;2;2;58,69226;100
92;3;15;59,02563;100
92;2;2;59,02563;100
92;3;15;59,02563;100
92;3;15;59,02563;100
92;2;2;59,02563;100
92;3;15;59,35901;100
92;3;15;59,35901;100
92;3;15;59,35901;100
92;2;2;59,35901;100
92;3;15;59,35901;100
92;3;15;59,35901;100
92;2;2;59,35901;100
92;2;2;59,35901;100
92;2;2;59,35901;100
92;2;2;59,69238;100
92;2;2;59,69238;100
92;2;2;59,69238;100
92;2;2;59,69238;100
92;2;2;59,69238;100
92;3;15;59,69238;100
92;3;15;59,69238;100
92;3;15;59,69238;100
92;3;15;59,69238;100
92;3;15;59,69238;100
92;2;2;0,02575684;100
92;2;2;0,02575684;100
92;2;2;0,02575684;100
92;2;2;0,02575684;100
92;3;15;0,02575684;100
92;3;15;0,02575684;100
92;2;2;0,02575684;100
92;2;2;0,02575684;100
92;2;2;0,02575684;100
92;3;15;0,02575684;100
92;3;15;0,02575684;100
92;2;2;0,3591309;100
92;3;15;0,3591309;100
92;3;15;0,3591309;100
92;2;2;0,3591309;100
92;2;2;0,3591309;100
92;2;2;0,3591309;100
92;2;2;0,3591309;100
92;2;2;0,6925049;100
92;2;2;0,6925049;100
92;2;2;0,6925049;100
92;3;15;0,6925049;100
92;2;2;0,6925049;100
92;2;2;0,6925049;100
92;3;15;0,6925049;100
92;2;2;1,025879;100
92;2;2;1,025879;100
92;3;15;1,025879;100
92;2;2;1,025879;100
92;3;15;1,025879;100
92;2;2;1,359253;100
92;3;15;1,359253;100
92;3;15;1,359253;100
92;2;2;1,359253;100
92;2;2;1,359253;100
92;3;15;1,359253;100
92;2;2;1,692627;100
92;2;2;1,692627;100
92;3;15;1,692627;100
92;3;15;1,692627;100
92;2;2;1,692627;100
92;2;2;1,692627;100
92;3;15;2,026001;100
92;2;2;2,026001;100
92;3;15;2,026001;100
92;2;2;2,026001;100
92;3;15;2,026001;100
92;3;15;2,026001;100
92;3;15;2,026001;100
92;2;2;2,026001;100
92;3;15;2,026001;100
92;3;15;2,026001;100
92;2;2;2,026001;100
92;2;2;2,359375;100
92;2;2;2,359375;100
92;2;2;2,359375;100
92;3;15;2,359375;100
92;3;15;2,359375;100
92;3;15;2,359375;100
92;2;2;2,359375;100
92;2;2;2,359375;100
92;2;2;2,692749;100
92;2;2;2,692749;100
92;3;15;2,692749;100
92;2;2;2,692749;100
92;2;2;3,026123;100
92;3;15;3,026123;100
92;3;15;3,026123;100
92;2;2;3,026123;100
92;2;2;3,026123;100
92;2;2;3,026123;100
92;2;2;3,026123;100
92;3;15;3,026123;100
92;2;2;3,026123;100
92;3;15;3,026123;100
92;3;15;3,359497;100
92;2;2;3,359497;100
92;3;15;3,359497;100
92;2;2;3,359497;100
92;2;2;3,359497;100
92;3;15;3,359497;100
92;2;2;3,359497;100
92;3;15;3,359497;100
92;2;2;3,692871;100
92;2;2;3,692871;100
92;3;15;3,692871;100
92;3;15;3,692871;100
92;2;2;3,692871;100
92;3;15;4,026245;100
92;3;15;4,026245;100
92;3;15;4,026245;100
92;3;15;4,026245;100
92;3;15;4,026245;100
92;3;15;4,359619;100
92;3;15;4,359619;100
92;2;2;4,359619;100
92;3;15;4,359619;100
92;3;15;4,359619;100
92;3;15;4,359619;100
92;3;15;4,359619;100
92;2;2;4,359619;100
92;2;2;4,359619;100
92;3;15;4,359619;100
92;2;2;4,692993;100
92;2;2;4,692993;100
92;3;15;4,692993;100
92;3;15;4,692993;100
92;2;2;4,692993;100
92;3;15;4,692993;100
92;2;2;4,692993;100
92;3;15;4,692993;100
92;2;2;4,692993;100
92;3;15;5,026367;100
92;3;15;5,026367;100
92;3;15;5,026367;100
92;2;2;5,026367;100
92;2;2;5,026367;100
92;3;15;5,026367;100
92;2;2;5,026367;100
92;3;15;5,359741;100
92;2;2;5,359741;100
92;2;2;5,359741;100
92;2;2;5,359741;100
92;2;2;5,359741;100
92;2;2;5,359741;100
92;3;15;5,359741;100
92;3;15;5,359741;100
92;3;15;5,359741;100
92;2;2;5,693115;100
92;2;2;5,693115;100
92;2;2;5,693115;100
92;3;15;5,693115;100
92;3;15;5,693115;100
92;3;15;5,693115;100
92;2;2;5,693115;100
92;3;15;5,693115;100
92;3;15;5,693115;100
92;3;15;6,026489;100
92;2;2;6,026489;100
92;2;2;6,026489;100
92;3;15;6,026489;100
92;3;15;6,026489;100
92;3;15;6,026489;100
92;2;2;6,359863;100
92;2;2;6,359863;100
92;2;2;6,359863;100
92;2;2;6,359863;100
92;2;2;6,359863;100
92;2;2;6,359863;100
92;3;15;6,359863;100
92;3;15;6,359863;100
92;3;15;6,359863;100
92;2;2;6,359863;100
92;2;2;6,693237;100
92;2;2;6,693237;100
92;3;15;6,693237;100
92;3;15;6,693237;100
92;3;15;6,693237;100
92;3;15;6,693237;100
92;3;15;6,693237;100
92;2;2;6,693237;100
92;2;2;6,693237;100
92;3;15;6,693237;100
92;2;2;6,693237;100
92;2;2;6,693237;100
92;2;2;7,026611;100
92;3;15;7,026611;100
92;3;15;7,026611;100
92;3;15;7,026611;100
92;3;15;7,026611;100
92;2;2;7,026611;100
92;2;2;7,026611;100
92;2;2;7,359985;100
92;3;15;7,359985;85
92;3;15;7,359985;70
92;2;2;7,359985;70
92;3;15;7,359985;55
92;2;2;7,359985;55
92;2;2;7,359985;55
92;3;15;7,359985;40
92;2;2;7,693359;40
92;2;2;7,693359;40
92;3;15;7,693359;40
92;2;2;7,693359;40
92;2;2;7,693359;40
92;2;2;7,693359;40
92;2;2;7,693359;40
92;2;2;7,693359;40
92;2;2;8,026733;40
92;3;15;8,026733;25
92;3;15;8,026733;10
92;2;2;8,026733;10
92;2;2;8,026733;10
92;2;2;8,026733;10
92;3;15;8,026733;-5
Player