92;3;15;28,53613;100
92;3;15;28,53613;100
92;2;2;28,53613;100
92;3;15;28,53613;100
92;2;2;28,53613;100
92;3;15;28,53613;100
92;2;2;28,53613;100
92;2;2;28,86963;100
92;3;15;28,86963;100
92;3;15;28,86963;100
92;3;15;28,86963;100
92;3;15;28,86963;100
92;3;15;28,86963;100
92;3;15;28,86963;100
92;2;2;29,20313;100
92;2;2;29,20313;100
92;2;2;29,20313;100
92;2;2;29,20313;100
92;3;15;29,20313;100
92;3;15;29,20313;100
92;3;15;29,20313;100
92;3;15;29,53662;100
92;2;2;29,53662;100
92;2;2;29,53662;100
92;2;2;29,53662;100
92;3;15;29,53662;100
92;2;2;29,53662;100
92;3;15;29,53662;100
92;3;15;29,53662;100
92;2;2;29,53662;100
92;2;2;29,53662;100
92;3;15;29,53662;100
92;3;15;29,87012;100
92;2;2;29,87012;100
92;3;15;29,87012;100
92;2;2;29,87012;100
92;2;2;29,87012;100
92;3;15;29,87012;100
92;3;15;29,87012;100
92;3;15;29,87012;100
92;3;15;30,20361;100
92;2;2;30,20361;100
92;3;15;30,20361;100
92;3;15;30,20361;100
92;3;15;30,20361;100
92;3;15;30,20361;100
92;3;15;30,20361;100
92;2;2;30,20361;100
92;2;2;30,20361;100
92;3;15;30,20361;100
92;3;15;30,20361;100
92;2;2;30,53711;100
92;2;2;30,53711;100
92;3;15;30,53711;100
92;2;2;30,53711;100
92;2;2;30,87061;100
92;2;2;30,87061;100
92;3;15;30,87061;100
92;3;15;30,87061;100
92;2;2;30,87061;100
92;2;2;30,87061;100
92;3;15;31,2041;100
92;2;2;31,2041;100
92;2;2;31,2041;100
92;3;15;31,2041;100
92;3;15;31,2041;100
92;3;15;31,2041;100
92;3;15;31,5376;100
92;2;2;31,5376;100
92;3;15;31,5376;100
92;3;15;31,5376;100
92;3;15;31,5376;100
92;3;15;31,5376;100
92;3;15;31,5376;100
92;3;15;31,87109;100
92;2;2;31,87109;100
92;2;2;32,20459;100
92;3;15;32,20459;100
92;2;2;32,20459;100
92;3;15;32,20459;100
92;2;2;32,20459;100
92;2;2;32,20459;100
92;2;2;32,20459;100
92;3;15;32,20459;100
92;3;15;32,20459;100
92;2;2;32,53809;100
92;3;15;32,53809;100
92;3;15;32,53809;100
92;2;2;32,53809;100
92;2;2;32,53809;100
92;3;15;32,53809;100
92;2;2;32,53809;100
92;3;15;32,53809;100
92;3;15;32,53809;100
92;3;15;32,53809;100
92;2;2;32,53809;100
92;3;15;32,87158;100
92;2;2;32,87158;100
92;2;2;32,87158;100
92;2;2;32,87158;100
92;3;15;32,87158;100
92;3;15;32,87158;100
92;3;15;33,20508;100
92;2;2;33,20508;100
92;2;2;33,20508;100
92;2;2;33,20508;100
92;3;15;33,20508;100
92;3;15;33,20508;100
92;2;2;33,20508;100
92;3;15;33,53857;100
92;3;15;33,53857;100
92;3;15;33,53857;100
92;3;15;33,53857;100
92;3;15;33,53857;100
92;3;15;33,53857;100
92;3;15;33,53857;100
92;3;15;33,53857;100
92;2;2;33,87207;100
92;3;15;33,87207;100
92;2;2;33,87207;100
92;3;15;33,87207;100
92;2;2;33,87207;100
92;3;15;34,20557;100
92;3;15;34,20557;100
92;2;2;34,20557;100
92;2;2;34,20557;100
92;3;15;34,20557;100
92;3;15;34,20557;100
92;3;15;34,20557;100
92;2;2;34,53906;100
92;3;15;34,53906;100
92;3;15;34,53906;100
92;3;15;34,53906;100
92;3;15;34,53906;100
92;2;2;34,53906;100
92;3;15;34,53906;100
92;2;2;34,53906;100
92;2;2;34,53906;100
92;3;15;34,87256;100
92;3;15;34,87256;100
92;3;15;34,87256;100
92;3;15;34,87256;100
92;3;15;34,87256;100
92;2;2;34,87256;100
92;2;2;35,20605;100
92;2;2;35,20605;100
92;2;2;35,20605;100
92;2;2;35,20605;100
92;3;15;35,20605;100
92;2;2;35,20605;100
92;2;2;35,53955;100
92;2;2;35,53955;100
92;2;2;35,53955;100
92;3;15;35,53955;100
92;3;15;35,53955;100
92;2;2;35,53955;100
92;3;15;35,53955;100
92;3;15;35,53955;100
92;2;2;35,87305;100
92;2;2;35,87305;100
92;2;2;35,87305;100
92;3;15;35,87305;100
92;3;15;35,87305;100
92;2;2;35,87305;100
92;3;15;35,87305;100
92;2;2;35,87305;100
92;2;2;35,87305;100
92;3;15;36,20654;100
92;3;15;36,20654;100
92;2;2;36,20654;100
92;3;15;36,20654;100
92;3;15;36,20654;100
92;3;15;36,20654;100
92;3;15;36,20654;100
92;2;2;36,54004;100
92;3;15;36,54004;100
92;3;15;36,54004;100
92;2;2;36,54004;100
92;3;15;36,54004;100
92;2;2;36,54004;100
92;3;15;36,54004;100
92;3;15;36,54004;100
92;3;15;36,54004;100
92;2;2;36,54004;100
92;2;2;36,54004;100
92;3;15;36,87354;100
92;3;15;36,87354;100
92;2;2;36,87354;100
92;2;2;36,87354;100
92;2;2;36,87354;100
92;2;2;37,20703;100
92;3;15;37,20703;100
92;2;2;37,20703;100
92;3;15;37,20703;100
92;3;15;37,20703;100
92;3;15;37,20703;100
92;2;2;37,20703;100
92;3;15;37,20703;100
92;3;15;37,54053;100
92;3;15;37,54053;100
92;2;2;37,54053;100
92;3;15;37,54053;100
92;2;2;37,54053;100
92;3;15;37,87402;100
92;3;15;37,87402;100
92;3;15;37,87402;100
92;3;15;37,87402;100
92;3;15;37,87402;100
92;3;15;37,87402;100
92;2;2;38,20752;100
92;2;2;38,20752;100
92;3;15;38,20752;100
92;2;2;38,20752;100
92;3;15;38,20752;100
92;3;15;38,54102;100
92;3;15;38,54102;100
92;2;2;38,54102;100
92;3;15;38,54102;100
92;3;15;38,54102;100
92;2;2;38,54102;100
92;3;15;38,87451;100
92;3;15;38,87451;100
92;3;15;38,87451;100
92;3;15;38,87451;100
92;3;15;39,20801;100
92;2;2;39,20801;100
92;3;15;39,20801;100
92;3;15;39,5415;100
92;2;2;39,5415;100
92;3;15;39,5415;100
92;3;15;39,5415;100
92;2;2;39,5415;100
92;2;2;39,5415;100
92;3;15;39,5415;100
92;2;2;39,875;100
92;2;2;39,875;100
92;3;15;39,875;100
92;3;15;39,875;100
92;3;15;39,875;100
92;2;2;39,875;100
92;3;15;39,875;100
92;3;15;40,2085;100
92;3;15;40,2085;100
92;2;2;40,2085;100
92;2;2;40,2085;100
92;3;15;40,2085;100
92;2;2;40,54199;100
92;2;2;40,54199;100
92;2;2;40,54199;100
92;3;15;40,54199;100
92;2;2;40,54199;100
92;3;15;40,54199;100
92;3;15;40,54199;100
92;3;15;40,87549;100
92;3;15;40,87549;100
92;3;15;40,87549;100
92;3;15;40,87549;100
92;2;2;40,87549;100
92;3;15;41,20898;100
92;2;2;41,20898;100
92;3;15;41,20898;100
92;3;15;41,20898;100
92;3;15;41,20898;100
92;2;2;41,20898;100
92;2;2;41,20898;100
92;3;15;41,20898;100
92;3;15;41,20898;100
92;3;15;41,20898;100
92;3;15;41,20898;100
92;3;15;41,54248;100
92;2;2;41,54248;100
92;3;15;41,54248;100
92;3;15;41,54248;100
92;2;2;41,54248;100
92;2;2;41,54248;100
92;3;15;41,54248;100
92;2;2;41,87598;100
92;2;2;41,87598;100
92;2;2;41,87598;100
92;2;2;41,87598;100
92;2;2;41,87598;100
92;3;15;41,87598;100
92;3;15;41,87598;100
92;2;2;42,20947;100
92;3;15;42,20947;100
92;2;2;42,20947;100
92;2;2;42,20947;100
92;2;2;42,20947;100
92;2;2;42,20947;100
92;3;15;42,20947;100
92;3;15;42,20947;100
92;3;15;42,20947;100
92;3;15;42,54297;100
92;3;15;42,54297;100
92;3;15;42,54297;100
92;2;2;42,54297;100
92;3;15;42,54297;100
92;2;2;42,54297;100
92;2;2;42,54297;100
92;2;2;42,87646;100
92;3;15;42,87646;100
92;2;2;42,87646;100
92;2;2;42,87646;100
92;3;15;43,20996;100
92;3;15;43,20996;100
92;3;15;43,20996;100
92;2;2;43,20996;100
92;3;15;43,20996;100
92;3;15;43,20996;100
92;3;15;43,54346;100
92;3;15;43,54346;100
92;3;15;43,54346;100
92;2;2;43,54346;100
92;3;15;43,54346;100
92;2;2;43,54346;100
92;3;15;43,54346;100
92;2;2;43,87695;100
92;3;15;43,87695;100
92;2;2;43,87695;100
92;3;15;43,87695;100
92;2;2;44,21045;100
92;2;2;44,21045;100
92;3;15;44,21045;100
92;2;2;44,21045;100
92;2;2;44,21045;100
92;2;2;44,21045;100
92;3;15;44,21045;100
92;3;15;44,54395;100
92;2;2;44,54395;100
92;3;15;44,54395;100
92;3;15;44,54395;100
92;3;15;44,54395;100
92;3;15;44,54395;100
92;3;15;44,54395;100
92;2;2;44,87744;100
92;2;2;44,87744;100
92;2;2;44,87744;100
92;3;15;44,87744;100
92;2;2;44,87744;100
92;2;2;45,21094;100
92;2;2;45,21094;100
92;2;2;45,21094;100
92;3;15;45,21094;100
92;2;2;45,21094;100
92;3;15;45,21094;100
92;3;15;45,21094;100
92;3;15;45,21094;100
92;3;15;45,54443;100
92;2;2;45,54443;100
92;3;15;45,54443;100
92;2;2;45,54443;100
92;3;15;45,54443;100
92;3;15;45,54443;100
92;3;15;45,54443;100
92;3;15;45,54443;100
92;3;15;45,54443;100
92;2;2;45,87793;100
92;2;2;45,87793;100
92;2;2;45,87793;100
92;2;2;45,87793;100
92;3;15;45,87793;100
92;3;15;45,87793;100
92;2;2;46,21143;100
92;3;15;46,21143;100
92;2;2;46,21143;100
92;2;2;46,21143;100
92;3;15;46,21143;100
92;3;15;46,21143;100
92;2;2;46,21143;100
92;2;2;46,21143;100
92;3;15;46,54492;100
92;2;2;46,54492;100
92;3;15;46,54492;100
92;3;15;46,54492;100
92;3;15;46,54492;100
92;2;2;46,87842;100
92;3;15;46,87842;100
92;3;15;46,87842;100
92;2;2;46,87842;100
92;3;15;46,87842;100
92;3;15;46,87842;100
92;2;2;47,21191;100
92;3;15;47,21191;85
92;3;15;47,21191;70
92;3;15;47,21191;55
92;3;15;47,21191;40
92;3;15;47,21191;25
92;2;2;47,21191;25
92;2;2;47,21191;25
92;3;15;47,21191;10
92;3;15;47,21191;-5
Player