92;2;2;25,32532;100
92;2;2;25,32532;100
92;3;15;25,32532;100
92;2;2;25,32532;100
92;2;2;25,65863;100
92;2;2;25,65863;100
92;2;2;25,65863;100
92;3;15;25,65863;100
92;3;15;25,65863;100
92;3;15;25,65863;100
92;3;15;25,65863;100
92;2;2;25,65863;100
92;2;2;25,65863;100
92;3;15;25,65863;100
92;2;2;25,99194;100
92;3;15;25,99194;100
92;2;2;25,99194;100
92;3;15;25,99194;100
92;3;15;25,99194;100
92;3;15;25,99194;100
92;3;15;25,99194;100
92;2;2;25,99194;100
92;3;15;25,99194;100
92;2;2;26,32526;100
92;2;2;26,32526;100
92;3;15;26,32526;100
92;3;15;26,32526;100
92;3;15;26,32526;100
92;3;15;26,32526;100
92;3;15;26,32526;100
92;3;15;26,65857;100
92;3;15;26,65857;100
92;2;2;26,65857;100
92;3;15;26,65857;100
92;2;2;26,65857;100
92;3;15;26,65857;100
92;2;2;26,65857;100
92;2;2;26,65857;100
92;2;2;26,65857;100
92;2;2;26,65857;100
92;3;15;26,65857;100
92;3;15;26,65857;100
92;3;15;26,99188;100
92;3;15;26,99188;100
92;3;15;26,99188;100
92;3;15;26,99188;100
92;3;15;26,99188;100
92;2;2;26,99188;100
92;2;2;26,99188;100
92;3;15;26,99188;100
92;3;15;26,99188;100
92;3;15;26,99188;100
92;3;15;27,3252;100
92;3;15;27,3252;100
92;2;2;27,3252;100
92;3;15;27,3252;100
92;3;15;27,3252;100
92;2;2;27,3252;100
92;3;15;27,3252;100
92;3;15;27,3252;100
92;3;15;27,3252;100
92;2;2;27,3252;100
92;2;2;27,3252;100
92;2;2;27,3252;100
92;3;15;27,3252;100
92;2;2;27,65851;100
92;3;15;27,65851;100
92;2;2;27,65851;100
92;3;15;27,65851;100
92;3;15;27,65851;100
92;3;15;27,65851;100
92;3;15;27,65851;100
92;3;15;27,65851;100
92;2;2;27,65851;100
92;3;15;27,65851;100
92;3;15;27,99182;100
92;2;2;27,99182;100
92;3;15;27,99182;100
92;2;2;27,99182;100
92;2;2;27,99182;100
92;3;15;27,99182;100
92;2;2;27,99182;100
92;2;2;28,32513;100
92;3;15;28,32513;100
92;3;15;28,32513;100
92;3;15;28,32513;100
92;2;2;28,32513;100
92;3;15;28,32513;100
92;3;15;28,32513;100
92;3;15;28,32513;100
92;2;2;28,32513;100
92;2;2;28,65845;100
92;2;2;28,65845;100
92;3;15;28,65845;100
92;2;2;28,65845;100
92;3;15;28,65845;100
92;2;2;28,65845;100
92;3;15;28,65845;100
92;3;15;28,65845;100
92;3;15;28,65845;100
92;3;15;28,65845;100
92;2;2;28,99176;100
92;3;15;28,99176;100
92;2;2;28,99176;100
92;3;15;28,99176;100
92;3;15;28,99176;100
92;2;2;28,99176;100
92;2;2;28,99176;100
92;3;15;28,99176;100
92;3;15;28,99176;100
92;3;15;28,99176;100
92;2;2;28,99176;100
92;3;15;29,32507;100
92;3;15;29,32507;100
92;3;15;29,32507;100
92;3;15;29,32507;100
92;3;15;29,32507;100
92;3;15;29,32507;100
92;2;2;29,32507;100
92;3;15;29,32507;100
92;3;15;29,32507;100
92;3;15;29,32507;100
92;3;15;29,32507;100
92;3;15;29,65839;100
92;3;15;29,65839;100
92;3;15;29,65839;100
92;2;2;29,65839;100
92;3;15;29,65839;100
92;3;15;29,65839;100
92;3;15;29,65839;100
92;2;2;29,65839;100
92;3;15;29,65839;100
92;3;15;29,65839;100
92;3;15;29,65839;100
92;3;15;29,9917;100
92;3;15;29,9917;100
92;2;2;29,9917;100
92;3;15;29,9917;100
92;3;15;29,9917;100
92;2;2;29,9917;100
92;2;2;29,9917;100
92;2;2;29,9917;100
92;3;15;29,9917;100
92;2;2;29,9917;100
92;3;15;29,9917;100
92;3;15;29,9917;100
92;3;15;29,9917;100
92;2;2;29,9917;100
92;3;15;30,32501;100
92;2;2;30,32501;100
92;2;2;30,32501;100
92;3;15;30,32501;100
92;2;2;30,32501;100
92;3;15;30,32501;100
92;2;2;30,32501;100
92;3;15;30,32501;100
92;2;2;30,32501;100
92;2;2;30,32501;100
92;2;2;30,65833;100
92;3;15;30,65833;100
92;3;15;30,65833;100
92;2;2;30,65833;100
92;2;2;30,65833;100
92;3;15;30,65833;100
92;2;2;30,65833;100
92;2;2;30,65833;100
92;2;2;30,65833;100
92;3;15;30,65833;100
92;3;15;30,99164;100
92;2;2;30,99164;100
92;2;2;30,99164;100
92;3;15;30,99164;100
92;2;2;30,99164;100
92;2;2;30,99164;100
92;3;15;30,99164;100
92;3;15;30,99164;100
92;3;15;31,32495;100
92;3;15;31,32495;100
92;2;2;31,32495;100
92;2;2;31,32495;100
92;3;15;31,32495;100
92;2;2;31,32495;100
92;2;2;31,32495;100
92;2;2;31,32495;100
92;3;15;31,32495;100
92;3;15;31,32495;100
92;3;15;31,65826;100
92;2;2;31,65826;100
92;3;15;31,99158;100
92;3;15;31,99158;100
92;2;2;31,99158;100
92;2;2;31,99158;100
92;2;2;31,99158;100
92;2;2;31,99158;100
92;3;15;31,99158;100
92;3;15;32,32489;100
92;3;15;32,32489;100
92;3;15;32,32489;100
92;3;15;32,32489;100
92;2;2;32,32489;100
92;3;15;32,32489;100
92;3;15;32,6582;100
92;3;15;32,6582;100
92;2;2;32,6582;100
92;3;15;32,6582;100
92;2;2;32,6582;100
92;2;2;32,6582;100
92;2;2;32,6582;100
92;2;2;32,6582;100
92;2;2;32,99152;100
92;2;2;32,99152;100
92;3;15;32,99152;100
92;2;2;32,99152;100
92;2;2;32,99152;100
92;3;15;32,99152;100
92;3;15;32,99152;100
92;2;2;32,99152;100
92;2;2;32,99152;100
92;3;15;32,99152;100
92;3;15;33,32483;100
92;3;15;33,32483;100
92;2;2;33,32483;100
92;2;2;33,32483;100
92;3;15;33,32483;100
92;3;15;33,32483;100
92;3;15;33,32483;100
92;3;15;33,32483;100
92;3;15;33,32483;100
92;3;15;33,32483;100
92;2;2;33,32483;100
92;2;2;33,65814;100
92;2;2;33,65814;100
92;3;15;33,65814;100
92;3;15;33,65814;100
92;2;2;33,65814;100
92;2;2;33,65814;100
92;3;15;33,99146;100
92;2;2;33,99146;100
92;2;2;33,99146;100
92;2;2;33,99146;100
92;2;2;33,99146;100
92;3;15;34,32477;100
92;2;2;34,32477;100
92;3;15;34,32477;100
92;3;15;34,32477;100
92;2;2;34,32477;100
92;3;15;34,32477;100
92;2;2;34,32477;100
92;2;2;34,65808;100
92;2;2;34,65808;100
92;3;15;34,65808;100
92;2;2;34,65808;100
92;2;2;34,65808;100
92;3;15;34,65808;100
92;3;15;34,65808;100
92;3;15;34,99139;100
92;3;15;34,99139;100
92;2;2;34,99139;100
92;2;2;34,99139;100
92;3;15;34,99139;100
92;3;15;34,99139;100
92;3;15;34,99139;100
92;3;15;34,99139;100
92;3;15;34,99139;100
92;3;15;35,32471;100
92;2;2;35,32471;100
92;3;15;35,32471;100
92;2;2;35,32471;100
92;2;2;35,32471;100
92;2;2;35,32471;100
92;3;15;35,32471;100
92;3;15;35,32471;100
92;2;2;35,32471;100
92;2;2;35,65802;100
92;3;15;35,65802;100
92;2;2;35,65802;100
92;3;15;35,65802;100
92;3;15;35,65802;100
92;2;2;35,65802;100
92;3;15;35,65802;100
92;3;15;35,65802;100
92;2;2;35,65802;100
92;3;15;35,65802;100
92;2;2;35,65802;100
92;3;15;35,99133;100
92;3;15;35,99133;100
92;3;15;35,99133;100
92;3;15;35,99133;100
92;3;15;35,99133;100
92;2;2;35,99133;100
92;2;2;35,99133;100
92;3;15;35,99133;100
92;3;15;35,99133;100
92;3;15;36,32465;100
92;2;2;36,32465;100
92;2;2;36,32465;100
92;2;2;36,32465;100
92;2;2;36,32465;100
92;3;15;36,32465;100
92;2;2;36,32465;100
92;2;2;36,32465;100
92;2;2;36,32465;100
92;3;15;36,32465;100
92;2;2;36,65796;100
92;2;2;36,65796;100
92;3;15;36,65796;100
92;3;15;36,65796;100
92;2;2;36,65796;100
92;3;15;36,65796;100
92;3;15;36,65796;100
92;3;15;36,65796;100
92;3;15;36,65796;100
92;3;15;36,65796;100
92;3;15;36,65796;100
92;3;15;36,65796;100
92;3;15;36,65796;100
92;3;15;36,99127;100
92;2;2;36,99127;100
92;3;15;36,99127;100
92;3;15;36,99127;100
92;3;15;36,99127;100
92;2;2;36,99127;100
92;2;2;37,32458;100
92;2;2;37,32458;100
92;3;15;37,32458;100
92;3;15;37,32458;100
92;3;15;37,32458;100
92;3;15;37,32458;100
92;3;15;37,32458;100
92;2;2;37,32458;100
92;2;2;37,6579;100
92;3;15;37,6579;100
92;3;15;37,6579;100
92;3;15;37,6579;100
92;2;2;37,6579;100
92;3;15;37,6579;100
92;3;15;37,6579;100
92;2;2;37,6579;100
92;3;15;37,6579;100
92;3;15;37,99121;100
92;2;2;37,99121;100
92;2;2;37,99121;100
92;2;2;37,99121;100
92;3;15;37,99121;100
92;3;15;37,99121;100
92;2;2;37,99121;100
92;2;2;37,99121;100
92;2;2;37,99121;100
92;2;2;38,32452;100
92;2;2;38,32452;100
92;2;2;38,32452;100
92;2;2;38,32452;100
92;2;2;38,32452;100
92;2;2;38,65784;100
92;3;15;38,65784;100
92;3;15;38,65784;100
92;3;15;38,65784;100
92;3;15;38,65784;100
92;3;15;38,65784;100
92;3;15;38,65784;100
92;3;15;38,65784;100
92;2;2;38,65784;100
92;2;2;38,65784;100
92;3;15;38,99115;100
92;3;15;38,99115;100
92;3;15;38,99115;100
92;3;15;38,99115;100
92;2;2;38,99115;100
92;3;15;38,99115;100
92;3;15;38,99115;100
92;3;15;38,99115;100
92;2;2;38,99115;100
92;2;2;38,99115;100
92;2;2;38,99115;100
92;3;15;38,99115;100
92;3;15;39,32446;100
92;3;15;39,32446;100
92;2;2;39,32446;100
92;3;15;39,32446;100
92;2;2;39,32446;100
92;2;2;39,32446;100
92;2;2;39,32446;100
92;2;2;39,32446;100
92;3;15;39,65778;100
92;3;15;39,65778;100
92;3;15;39,65778;100
92;2;2;39,65778;100
92;3;15;39,65778;100
92;3;15;39,65778;100
92;3;15;39,65778;100
92;2;2;39,65778;100
92;2;2;39,99109;100
92;3;15;39,99109;100
92;3;15;39,99109;100
92;3;15;39,99109;100
92;2;2;39,99109;100
92;2;2;39,99109;100
92;3;15;39,99109;100
92;2;2;39,99109;100
92;3;15;39,99109;100
92;3;15;40,3244;100
92;3;15;40,3244;100
92;3;15;40,3244;100
92;2;2;40,3244;100
92;2;2;40,3244;100
92;3;15;40,3244;100
92;3;15;40,3244;100
92;3;15;40,3244;100
92;3;15;40,3244;100
92;2;2;40,65771;100
92;3;15;40,65771;100
92;2;2;40,65771;100
92;3;15;40,65771;100
92;3;15;40,65771;100
92;3;15;40,65771;100
92;2;2;40,65771;100
92;2;2;40,65771;100
92;3;15;40,65771;100
92;2;2;40,65771;100
92;3;15;40,99103;100
92;3;15;40,99103;100
92;3;15;40,99103;100
92;3;15;40,99103;100
92;3;15;40,99103;100
92;2;2;40,99103;100
92;3;15;40,99103;100
92;2;2;40,99103;100
92;2;2;41,32434;100
92;3;15;41,32434;100
92;2;2;41,32434;100
92;3;15;41,32434;100
92;2;2;41,32434;100
92;2;2;41,32434;100
92;3;15;41,32434;100
92;2;2;41,32434;100
92;2;2;41,32434;100
92;3;15;41,32434;100
92;3;15;41,32434;100
92;3;15;41,65765;100
92;3;15;41,65765;100
92;3;15;41,65765;100
92;2;2;41,65765;100
92;2;2;41,65765;100
92;2;2;41,65765;100
92;2;2;41,65765;100
92;3;15;41,65765;100
92;3;15;41,65765;100
92;2;2;41,99097;100
92;2;2;41,99097;100
92;3;15;41,99097;100
92;3;15;41,99097;100
92;3;15;41,99097;100
92;2;2;41,99097;100
92;2;2;41,99097;100
92;2;2;41,99097;100
92;2;2;41,99097;100
92;3;15;42,32428;100
92;2;2;42,32428;100
92;2;2;42,32428;100
92;3;15;42,32428;100
92;3;15;42,32428;100
92;3;15;42,32428;100
92;2;2;42,65759;100
92;3;15;42,65759;100
92;3;15;42,65759;100
92;3;15;42,65759;100
92;2;2;42,65759;100
92;3;15;42,65759;100
92;3;15;42,65759;100
92;2;2;42,65759;100
92;2;2;42,65759;100
92;2;2;42,99091;100
92;3;15;42,99091;100
92;2;2;42,99091;100
92;3;15;42,99091;100
92;2;2;42,99091;100
92;2;2;42,99091;100
92;3;15;42,99091;100
92;3;15;42,99091;100
92;3;15;42,99091;100
92;3;15;42,99091;100
92;2;2;43,32422;100
92;2;2;43,32422;100
92;3;15;43,32422;100
92;2;2;43,32422;100
92;3;15;43,32422;100
92;3;15;43,32422;100
92;2;2;43,32422;100
92;3;15;43,32422;100
92;3;15;43,65753;100
92;3;15;43,65753;100
92;3;15;43,65753;100
92;2;2;43,65753;100
92;3;15;43,65753;100
92;2;2;43,65753;100
92;3;15;43,65753;100
92;3;15;43,65753;100
92;3;15;43,65753;100
92;3;15;43,65753;100
92;3;15;43,65753;100
92;2;2;43,65753;100
92;3;15;43,99084;100
92;3;15;43,99084;100
92;3;15;43,99084;100
92;3;15;43,99084;100
92;2;2;43,99084;100
92;2;2;43,99084;100
92;3;15;43,99084;100
92;3;15;43,99084;100
92;2;2;44,32416;100
92;3;15;44,32416;100
92;2;2;44,32416;100
92;2;2;44,32416;100
92;2;2;44,32416;100
92;2;2;44,32416;100
92;3;15;44,32416;100
92;3;15;44,32416;100
92;3;15;44,32416;100
92;2;2;44,32416;100
92;3;15;44,32416;100
92;3;15;44,32416;100
92;2;2;44,65747;100
92;2;2;44,65747;100
92;3;15;44,65747;100
92;2;2;44,65747;100
92;3;15;44,65747;100
92;2;2;44,65747;100
92;2;2;44,65747;100
92;2;2;44,65747;100
92;3;15;44,65747;100
92;3;15;44,65747;100
92;3;15;44,65747;100
92;3;15;44,99078;100
92;2;2;44,99078;100
92;3;15;44,99078;100
92;2;2;44,99078;100
92;2;2;44,99078;100
92;2;2;44,99078;100
92;3;15;44,99078;100
92;3;15;44,99078;100
92;3;15;44,99078;100
92;2;2;45,3241;100
92;3;15;45,3241;100
92;3;15;45,3241;100
92;2;2;45,3241;100
92;2;2;45,3241;100
92;2;2;45,3241;100
92;3;15;45,3241;100
92;2;2;45,65741;100
92;2;2;45,65741;100
92;2;2;45,65741;100
92;3;15;45,65741;100
92;3;15;45,65741;100
92;3;15;45,65741;100
92;2;2;45,65741;100
92;3;15;45,65741;100
92;3;15;45,65741;100
92;2;2;45,99072;100
92;2;2;45,99072;100
92;3;15;45,99072;100
92;3;15;45,99072;100
92;2;2;45,99072;100
92;2;2;45,99072;100
92;3;15;45,99072;100
92;2;2;45,99072;100
92;2;2;45,99072;100
92;3;15;45,99072;100
92;2;2;46,32404;100
92;3;15;46,32404;100
92;3;15;46,32404;100
92;3;15;46,32404;100
92;3;15;46,32404;100
92;3;15;46,32404;100
92;2;2;46,32404;100
92;3;15;46,65735;100
92;3;15;46,65735;100
92;2;2;46,65735;100
92;2;2;46,65735;100
92;2;2;46,65735;100
92;3;15;46,65735;100
92;2;2;46,65735;100
92;2;2;46,65735;100
92;3;15;46,65735;100
92;3;15;46,65735;100
92;3;15;46,65735;100
92;3;15;46,99066;100
92;2;2;46,99066;100
92;2;2;46,99066;100
92;3;15;46,99066;100
92;2;2;46,99066;100
92;2;2;46,99066;100
92;2;2;47,32397;100
92;2;2;47,32397;100
92;3;15;47,32397;100
92;2;2;47,32397;100
92;3;15;47,32397;100
92;2;2;47,32397;100
92;2;2;47,32397;100
92;3;15;47,32397;100
92;3;15;47,32397;100
92;2;2;47,65729;100
92;3;15;47,65729;100
92;3;15;47,65729;100
92;3;15;47,65729;100
92;3;15;47,65729;100
92;2;2;47,65729;100
92;3;15;47,65729;100
92;3;15;47,9906;100
92;2;2;47,9906;100
92;3;15;47,9906;100
92;3;15;47,9906;100
92;3;15;47,9906;100
92;2;2;47,9906;100
92;3;15;47,9906;100
92;2;2;47,9906;100
92;3;15;48,32391;100
92;3;15;48,32391;100
92;3;15;48,32391;100
92;2;2;48,32391;100
92;3;15;48,32391;100
92;2;2;48,32391;100
92;3;15;48,32391;100
92;3;15;48,32391;100
92;3;15;48,32391;100
92;3;15;48,32391;100
92;3;15;48,32391;100
92;3;15;48,65723;100
92;3;15;48,65723;100
92;3;15;48,65723;100
92;2;2;48,65723;100
92;3;15;48,65723;100
92;3;15;48,65723;100
92;3;15;48,65723;100
92;3;15;48,65723;100
92;2;2;48,99054;100
92;2;2;48,99054;100
92;2;2;48,99054;100
92;3;15;48,99054;100
92;2;2;48,99054;100
92;2;2;48,99054;100
92;2;2;48,99054;100
92;2;2;48,99054;100
92;3;15;49,32385;100
92;3;15;49,32385;100
92;3;15;49,32385;100
92;2;2;49,32385;100
92;3;15;49,32385;100
92;3;15;49,32385;100
92;3;15;49,65717;100
92;3;15;49,65717;100
92;2;2;49,65717;100
92;2;2;49,65717;100
92;2;2;49,65717;100
92;3;15;49,99048;100
92;3;15;49,99048;100
92;2;2;49,99048;100
92;2;2;49,99048;100
92;3;15;49,99048;100
92;2;2;49,99048;100
92;2;2;50,32379;100
92;2;2;50,32379;100
92;3;15;50,32379;100
92;3;15;50,32379;100
92;3;15;50,32379;100
92;3;15;50,32379;100
92;3;15;50,32379;100
92;2;2;50,32379;100
92;3;15;50,32379;100
92;3;15;50,32379;100
92;2;2;50,32379;100
92;3;15;50,6571;100
92;3;15;50,6571;100
92;3;15;50,6571;100
92;3;15;50,6571;100
92;2;2;50,6571;100
92;3;15;50,6571;100
92;2;2;50,6571;100
92;3;15;50,6571;100
92;3;15;50,6571;100
92;2;2;50,99042;100
92;3;15;50,99042;100
92;2;2;50,99042;100
92;3;15;50,99042;100
92;3;15;50,99042;100
92;2;2;50,99042;100
92;3;15;50,99042;100
92;3;15;50,99042;100
92;3;15;50,99042;100
92;3;15;50,99042;100
92;2;2;50,99042;100
92;3;15;50,99042;100
92;3;15;51,32373;100
92;3;15;51,32373;100
92;2;2;51,32373;100
92;2;2;51,32373;100
92;2;2;51,32373;100
92;2;2;51,32373;100
92;3;15;51,32373;100
92;3;15;51,65704;100
92;3;15;51,65704;100
92;2;2;51,65704;100
92;2;2;51,65704;100
92;2;2;51,65704;100
92;3;15;51,65704;100
92;3;15;51,99036;100
92;3;15;51,99036;100
92;3;15;51,99036;100
92;3;15;51,99036;100
92;2;2;51,99036;100
92;2;2;51,99036;100
92;3;15;51,99036;100
92;3;15;51,99036;100
92;2;2;51,99036;100
92;2;2;51,99036;100
92;3;15;52,32367;100
92;3;15;52,32367;100
92;2;2;52,32367;100
92;3;15;52,32367;100
92;3;15;52,32367;100
92;3;15;52,32367;100
92;3;15;52,32367;100
92;3;15;52,32367;100
92;3;15;52,32367;100
92;3;15;52,32367;100
92;3;15;52,32367;100
92;2;2;52,32367;100
92;2;2;52,32367;100
92;3;15;52,65698;100
92;3;15;52,65698;100
92;3;15;52,65698;100
92;3;15;52,65698;100
92;3;15;52,65698;100
92;3;15;52,65698;100
92;3;15;52,65698;100
92;2;2;52,65698;100
92;3;15;52,65698;100
92;3;15;52,9903;100
92;2;2;52,9903;100
92;3;15;52,9903;100
92;3;15;52,9903;100
92;2;2;52,9903;100
92;3;15;52,9903;100
92;3;15;52,9903;100
92;3;15;52,9903;100
92;3;15;52,9903;100
92;3;15;52,9903;100
92;2;2;53,32361;100
92;2;2;53,32361;100
92;3;15;53,32361;100
92;3;15;53,32361;100
92;2;2;53,32361;100
92;3;15;53,32361;100
92;3;15;53,32361;100
92;3;15;53,32361;100
92;2;2;53,65692;100
92;3;15;53,65692;100
92;2;2;53,65692;100
92;3;15;53,65692;100
92;3;15;53,65692;100
92;2;2;53,65692;100
92;3;15;53,65692;100
92;2;2;53,65692;100
92;2;2;53,99023;100
92;3;15;53,99023;100
92;2;2;53,99023;100
92;2;2;53,99023;100
92;2;2;53,99023;100
92;3;15;53,99023;100
92;3;15;53,99023;100
92;2;2;53,99023;100
92;3;15;53,99023;100
92;2;2;53,99023;100
92;3;15;54,32355;100
92;3;15;54,32355;100
92;3;15;54,32355;100
92;2;2;54,32355;100
92;2;2;54,32355;100
92;3;15;54,32355;100
92;2;2;54,65686;100
92;3;15;54,65686;100
92;2;2;54,65686;100
92;2;2;54,65686;100
92;2;2;54,65686;100
92;3;15;54,65686;100
92;2;2;54,99017;100
92;2;2;54,99017;100
92;3;15;54,99017;100
92;2;2;54,99017;100
92;2;2;54,99017;100
92;2;2;54,99017;100
92;2;2;54,99017;100
92;2;2;54,99017;100
92;3;15;54,99017;100
92;2;2;55,32349;100
92;3;15;55,32349;100
92;3;15;55,32349;100
92;2;2;55,32349;100
92;2;2;55,32349;100
92;3;15;55,32349;100
92;2;2;55,32349;100
100;2;2;55,32349;100
100;3;15;55,32349;100
100;3;15;55,32349;100
100;3;15;55,32349;100
100;2;2;55,32349;100
100;3;15;55,6568;100
100;2;2;55,6568;100
100;3;15;55,6568;100
100;3;15;55,6568;100
100;3;15;55,6568;100
100;2;2;55,6568;100
100;3;15;55,6568;100
100;2;2;55,99011;100
100;3;15;55,99011;100
100;2;2;55,99011;100
100;3;15;55,99011;100
100;2;2;55,99011;100
100;2;2;55,99011;100
100;3;15;55,99011;100
100;2;2;56,32343;100
100;2;2;56,32343;100
100;2;2;56,32343;100
100;3;15;56,32343;100
100;2;2;56,32343;100
100;3;15;56,65674;100
100;3;15;56,65674;100
100;3;15;56,65674;100
100;3;15;56,65674;100
100;2;2;56,65674;100
100;3;15;56,65674;100
100;2;2;56,65674;100
100;3;15;56,65674;100
100;3;15;56,65674;100
100;3;15;56,65674;100
100;3;15;56,65674;100
100;2;2;56,65674;100
100;3;15;56,99005;100
100;3;15;56,99005;100
100;3;15;56,99005;100
100;3;15;56,99005;100
100;3;15;56,99005;100
100;2;2;56,99005;100
100;3;15;56,99005;100
100;3;15;56,99005;100
100;2;2;56,99005;100
100;3;15;56,99005;100
100;2;2;56,99005;100
100;2;2;56,99005;100
100;2;2;57,32336;100
100;3;15;57,32336;100
100;3;15;57,32336;100
100;3;15;57,32336;100
100;3;15;57,32336;100
100;2;2;57,32336;100
100;2;2;57,65668;100
100;2;2;57,65668;100
100;2;2;57,65668;100
100;3;15;57,65668;100
100;2;2;57,65668;100
100;2;2;57,65668;100
100;3;15;57,65668;100
100;2;2;57,65668;100
100;2;2;57,65668;100
100;2;2;57,65668;100
100;3;15;57,98999;100
100;2;2;57,98999;100
100;2;2;57,98999;100
100;3;15;57,98999;100
100;3;15;57,98999;100
100;3;15;57,98999;100
100;3;15;57,98999;100
100;3;15;57,98999;100
100;3;15;58,3233;100
100;2;2;58,3233;100
100;3;15;58,3233;100
100;3;15;58,3233;100
100;3;15;58,3233;100
100;3;15;58,3233;100
100;2;2;58,3233;100
100;2;2;58,3233;100
100;2;2;58,3233;100
100;2;2;58,3233;100
100;3;15;58,65662;100
100;3;15;58,65662;100
100;2;2;58,65662;100
100;2;2;58,65662;100
100;2;2;58,65662;100
100;3;15;58,65662;100
100;2;2;58,65662;100
100;3;15;58,98993;100
100;2;2;58,98993;100
100;2;2;58,98993;100
100;3;15;58,98993;100
100;3;15;58,98993;100
100;3;15;58,98993;100
100;2;2;58,98993;100
100;3;15;58,98993;100
100;2;2;59,32324;100
100;3;15;59,32324;100
100;2;2;59,32324;100
100;3;15;59,32324;100
100;3;15;59,32324;100
100;2;2;59,65656;100
100;2;2;59,65656;100
100;2;2;59,65656;100
100;2;2;59,65656;100
100;3;15;59,65656;100
100;2;2;59,65656;100
100;2;2;59,65656;100
100;3;15;59,65656;100
100;3;15;59,98987;100
100;2;2;59,98987;100
100;2;2;59,98987;100
100;2;2;59,98987;100
100;3;15;59,98987;100
100;2;2;59,98987;100
100;2;2;59,98987;100
100;3;15;59,98987;100
100;3;15;59,98987;100
100;3;15;0,3231812;100
100;2;2;0,3231812;100
100;2;2;0,3231812;100
100;3;15;0,3231812;100
100;2;2;0,3231812;100
100;3;15;0,3231812;100
100;3;15;0,3231812;100
100;2;2;0,3231812;100
100;2;2;0,3231812;100
100;3;15;0,3231812;100
100;3;15;0,3231812;100
100;3;15;0,6564941;100
100;3;15;0,6564941;100
100;3;15;0,6564941;100
100;3;15;0,6564941;100
100;2;2;0,6564941;100
100;2;2;0,6564941;100
100;3;15;0,6564941;100
100;2;2;0,6564941;100
100;3;15;0,6564941;100
100;3;15;0,6564941;100
100;2;2;0,9898071;100
100;2;2;0,9898071;100
100;2;2;0,9898071;100
100;3;15;0,9898071;100
100;2;2;0,9898071;100
100;3;15;0,9898071;100
100;2;2;0,9898071;100
100;3;15;0,9898071;100
100;2;2;0,9898071;100
100;3;15;1,32312;100
100;3;15;1,32312;100
100;2;2;1,32312;100
100;3;15;1,32312;100
100;3;15;1,32312;100
100;3;15;1,32312;100
100;2;2;1,32312;100
100;3;15;1,32312;100
100;3;15;1,32312;100
100;2;2;1,656433;100
100;3;15;1,656433;100
100;2;2;1,656433;100
100;3;15;1,656433;100
100;2;2;1,656433;100
100;3;15;1,656433;100
100;3;15;1,656433;100
100;3;15;1,656433;100
100;3;15;1,656433;100
100;2;2;1,656433;100
100;2;2;1,656433;100
100;3;15;1,656433;100
100;2;2;1,656433;100
100;2;2;1,989746;100
100;2;2;1,989746;100
100;3;15;1,989746;100
100;3;15;1,989746;100
100;2;2;1,989746;100
100;3;15;1,989746;100
100;3;15;1,989746;100
100;2;2;1,989746;100
100;3;15;1,989746;100
100;2;2;1,989746;100
100;3;15;2,323059;100
100;3;15;2,323059;100
100;3;15;2,323059;100
100;3;15;2,323059;100
100;2;2;2,323059;100
100;3;15;2,323059;100
100;2;2;2,323059;100
100;2;2;2,323059;100
100;2;2;2,323059;100
100;3;15;2,323059;100
100;2;2;2,323059;100
100;3;15;2,323059;100
100;2;2;2,323059;100
100;3;15;2,656372;100
100;3;15;2,656372;100
100;3;15;2,656372;100
100;2;2;2,656372;100
100;2;2;2,656372;100
100;2;2;2,656372;100
100;3;15;2,656372;100
100;3;15;2,989685;100
100;2;2;2,989685;100
100;2;2;2,989685;100
100;3;15;2,989685;100
100;3;15;2,989685;100
100;3;15;2,989685;100
100;2;2;2,989685;100
100;2;2;2,989685;100
100;2;2;2,989685;100
100;3;15;3,322998;100
100;3;15;3,322998;100
100;3;15;3,322998;100
100;3;15;3,322998;100
100;3;15;3,322998;100
100;2;2;3,322998;100
100;2;2;3,322998;100
100;3;15;3,322998;100
100;2;2;3,656311;100
100;2;2;3,656311;100
100;2;2;3,656311;100
100;2;2;3,656311;100
100;3;15;3,656311;100
100;2;2;3,656311;100
100;3;15;3,656311;100
100;3;15;3,989624;100
100;2;2;3,989624;100
100;3;15;3,989624;100
100;2;2;3,989624;100
100;2;2;3,989624;100
100;2;2;3,989624;100
100;3;15;3,989624;100
100;2;2;4,322937;100
100;3;15;4,322937;100
100;2;2;4,322937;100
100;3;15;4,322937;100
100;3;15;4,322937;100
100;3;15;4,322937;100
100;3;15;4,322937;100
100;2;2;4,322937;100
100;3;15;4,322937;100
100;2;2;4,322937;100
100;2;2;4,322937;100
100;3;15;4,65625;100
100;2;2;4,65625;100
100;3;15;4,65625;100
100;2;2;4,65625;100
100;2;2;4,65625;100
100;3;15;4,65625;100
100;3;15;4,65625;100
100;3;15;4,65625;100
100;2;2;4,65625;100
100;3;15;4,65625;100
100;3;15;4,989563;100
100;2;2;4,989563;100
100;2;2;4,989563;100
100;2;2;4,989563;100
100;3;15;4,989563;100
100;3;15;4,989563;100
100;2;2;4,989563;100
100;2;2;4,989563;100
100;3;15;4,989563;100
100;3;15;5,322876;100
100;3;15;5,322876;100
100;2;2;5,322876;100
100;3;15;5,322876;100
100;2;2;5,322876;100
100;2;2;5,322876;100
100;3;15;5,322876;100
100;3;15;5,322876;100
100;3;15;5,322876;100
100;3;15;5,322876;100
100;2;2;5,656189;100
100;3;15;5,656189;100
100;2;2;5,656189;100
100;2;2;5,656189;100
100;3;15;5,656189;100
100;2;2;5,656189;100
100;3;15;5,656189;100
100;2;2;5,656189;100
100;3;15;5,989502;100
100;3;15;5,989502;100
100;2;2;5,989502;100
100;2;2;5,989502;100
100;3;15;5,989502;100
100;3;15;5,989502;100
100;3;15;5,989502;100
100;3;15;5,989502;100
100;2;2;5,989502;100
100;3;15;5,989502;100
100;2;2;5,989502;100
100;3;15;6,322815;100
100;2;2;6,322815;100
100;3;15;6,322815;100
100;2;2;6,322815;100
100;3;15;6,322815;100
100;3;15;6,322815;100
100;3;15;6,322815;100
100;3;15;6,322815;100
100;3;15;6,322815;100
100;2;2;6,656128;100
100;3;15;6,656128;100
100;3;15;6,656128;100
100;3;15;6,656128;100
100;3;15;6,656128;100
100;3;15;6,656128;100
100;2;2;6,656128;100
100;3;15;6,989441;100
100;3;15;6,989441;100
100;2;2;6,989441;100
100;2;2;6,989441;100
100;2;2;6,989441;100
100;2;2;6,989441;100
100;3;15;6,989441;100
100;3;15;7,322754;100
100;2;2;7,322754;100
100;3;15;7,322754;100
100;3;15;7,322754;100
100;3;15;7,322754;100
100;3;15;7,322754;100
100;3;15;7,322754;100
100;2;2;7,322754;100
100;2;2;7,322754;100
100;3;15;7,322754;100
100;3;15;7,322754;100
100;2;2;7,322754;100
100;3;15;7,656067;100
100;3;15;7,656067;100
100;3;15;7,656067;100
100;3;15;7,656067;100
100;2;2;7,656067;100
100;2;2;7,656067;100
100;3;15;7,656067;100
100;2;2;7,656067;100
100;2;2;7,656067;100
100;3;15;7,98938;100
100;2;2;7,98938;100
100;2;2;7,98938;100
100;2;2;7,98938;100
100;3;15;7,98938;100
100;3;15;7,98938;100
100;2;2;7,98938;100
100;3;15;7,98938;100
100;3;15;8,322693;100
100;3;15;8,322693;100
100;3;15;8,322693;100
100;3;15;8,322693;100
100;3;15;8,322693;100
100;3;15;8,322693;100
100;2;2;8,322693;100
100;2;2;8,322693;100
100;3;15;8,322693;100
100;2;2;8,322693;100
100;3;15;8,322693;100
100;2;2;8,656006;100
100;3;15;8,656006;100
100;3;15;8,656006;100
100;2;2;8,656006;100
100;3;15;8,656006;100
100;3;15;8,656006;100
100;2;2;8,989319;100
100;2;2;8,989319;100
100;2;2;8,989319;100
100;3;15;8,989319;100
100;2;2;8,989319;100
100;2;2;8,989319;100
100;2;2;8,989319;100
100;2;2;8,989319;100
100;3;15;8,989319;100
100;2;2;9,322632;100
100;3;15;9,322632;100
100;3;15;9,322632;100
100;2;2;9,322632;100
100;3;15;9,322632;100
100;2;2;9,322632;100
100;3;15;9,322632;100
100;2;2;9,322632;100
100;2;2;9,322632;100
100;3;15;9,655945;100
100;2;2;9,655945;100
100;3;15;9,655945;100
100;2;2;9,655945;100
100;2;2;9,655945;100
100;2;2;9,655945;100
100;3;15;9,655945;100
100;3;15;9,989258;100
100;2;2;9,989258;100
100;2;2;9,989258;100
100;2;2;9,989258;100
100;3;15;9,989258;100
100;2;2;9,989258;100
100;3;15;9,989258;100
100;2;2;9,989258;100
100;2;2;10,32257;100
100;3;15;10,32257;100
100;3;15;10,32257;100
100;2;2;10,32257;100
100;2;2;10,32257;100
100;2;2;10,32257;100
100;2;2;10,32257;100
100;2;2;10,65588;100
100;2;2;10,65588;100
100;3;15;10,65588;100
100;2;2;10,65588;100
100;3;15;10,65588;100
100;3;15;10,65588;100
100;3;15;10,9892;100
100;3;15;10,9892;100
100;3;15;10,9892;100
100;3;15;10,9892;100
100;3;15;10,9892;100
100;3;15;10,9892;100
100;3;15;10,9892;100
100;3;15;10,9892;100
100;2;2;11,32251;100
100;3;15;11,32251;100
100;2;2;11,32251;100
100;3;15;11,32251;100
100;3;15;11,32251;100
100;2;2;11,32251;100
100;3;15;11,32251;100
100;2;2;11,65582;100
100;2;2;11,65582;100
100;3;15;11,65582;100
100;2;2;11,65582;100
100;3;15;11,65582;100
100;2;2;11,65582;100
100;3;15;11,65582;100
100;3;15;11,65582;100
100;3;15;11,65582;100
100;3;15;11,98914;100
100;3;15;11,98914;100
100;3;15;11,98914;100
100;2;2;11,98914;100
100;3;15;11,98914;100
100;3;15;11,98914;100
100;3;15;11,98914;100
100;3;15;12,32245;100
100;3;15;12,32245;100
100;3;15;12,32245;100
100;3;15;12,32245;100
100;2;2;12,32245;100
100;3;15;12,32245;100
100;2;2;12,32245;100
100;2;2;12,32245;100
100;3;15;12,32245;100
100;2;2;12,65576;100
100;3;15;12,65576;100
100;2;2;12,65576;100
100;3;15;12,65576;100
100;2;2;12,65576;100
100;2;2;12,65576;100
100;3;15;12,65576;100
100;3;15;12,65576;100
100;3;15;12,98907;100
100;2;2;12,98907;100
100;3;15;12,98907;100
100;2;2;12,98907;100
100;3;15;12,98907;100
100;3;15;12,98907;100
100;2;2;12,98907;100
100;3;15;12,98907;100
100;3;15;12,98907;100
100;2;2;12,98907;100
100;2;2;13,32239;100
100;3;15;13,32239;100
100;3;15;13,32239;100
100;2;2;13,32239;100
100;3;15;13,32239;100
100;2;2;13,32239;100
100;3;15;13,32239;100
100;3;15;13,32239;100
100;2;2;13,32239;100
100;2;2;13,32239;100
100;2;2;13,6557;100
100;2;2;13,6557;100
100;3;15;13,6557;100
100;2;2;13,6557;100
100;2;2;13,6557;100
100;3;15;13,6557;100
100;3;15;13,6557;100
100;3;15;13,6557;100
100;3;15;13,98901;100
100;3;15;13,98901;100
100;2;2;13,98901;100
100;2;2;13,98901;100
100;3;15;13,98901;100
100;3;15;13,98901;100
100;2;2;13,98901;100
100;2;2;13,98901;100
100;3;15;13,98901;100
100;3;15;14,32233;100
100;3;15;14,32233;100
100;2;2;14,32233;100
100;3;15;14,32233;100
100;2;2;14,32233;100
100;3;15;14,32233;100
100;3;15;14,32233;100
100;2;2;14,32233;100
100;2;2;14,65564;100
100;2;2;14,65564;100
100;3;15;14,65564;100
100;2;2;14,65564;100
100;2;2;14,65564;100
100;2;2;14,65564;100
100;3;15;14,65564;100
100;2;2;14,65564;100
100;3;15;14,65564;100
100;2;2;14,98895;100
100;3;15;14,98895;100
100;2;2;14,98895;100
100;2;2;14,98895;100
100;3;15;14,98895;100
100;3;15;14,98895;100
100;2;2;15,32227;100
100;2;2;15,32227;100
100;2;2;15,32227;100
100;2;2;15,32227;100
100;3;15;15,32227;100
100;3;15;15,32227;100
100;2;2;15,32227;100
100;2;2;15,32227;100
100;3;15;15,32227;100
100;2;2;15,32227;100
100;3;15;15,65558;100
100;2;2;15,65558;100
100;2;2;15,65558;100
100;3;15;15,65558;100
100;3;15;15,65558;100
100;2;2;15,65558;100
100;2;2;15,65558;100
100;3;15;15,65558;100
100;3;15;15,65558;100
100;3;15;15,65558;100
100;2;2;15,65558;100
100;3;15;15,98889;100
100;2;2;15,98889;100
100;3;15;15,98889;100
100;3;15;15,98889;100
100;3;15;15,98889;100
100;2;2;15,98889;100
100;2;2;15,98889;100
100;2;2;15,98889;100
100;3;15;15,98889;100
100;2;2;15,98889;100
100;3;15;16,3222;100
100;3;15;16,3222;100
100;2;2;16,3222;100
100;2;2;16,3222;100
100;3;15;16,3222;100
100;3;15;16,3222;100
100;2;2;16,3222;100
100;2;2;16,3222;100
100;3;15;16,3222;100
100;2;2;16,3222;100
100;3;15;16,3222;100
100;2;2;16,3222;100
100;2;2;16,3222;100
100;2;2;16,3222;100
100;3;15;16,65552;100
100;2;2;16,65552;100
100;3;15;16,65552;100
100;3;15;16,65552;100
100;3;15;16,65552;100
100;3;15;16,65552;100
100;2;2;16,65552;100
100;2;2;16,65552;100
100;3;15;16,65552;100
100;2;2;16,65552;100
100;2;2;16,98883;100
100;2;2;16,98883;100
100;3;15;16,98883;100
100;3;15;16,98883;100
100;2;2;16,98883;100
100;3;15;16,98883;100
100;2;2;16,98883;100
100;3;15;16,98883;100
100;3;15;16,98883;100
100;3;15;17,32214;100
100;2;2;17,32214;100
100;2;2;17,32214;100
100;2;2;17,32214;100
100;3;15;17,32214;100
100;3;15;17,32214;100
100;2;2;17,32214;100
100;2;2;17,32214;100
100;2;2;17,32214;100
100;3;15;17,32214;100
100;3;15;17,32214;100
100;3;15;17,65546;100
100;3;15;17,65546;100
100;2;2;17,65546;100
100;2;2;17,65546;100
100;2;2;17,65546;100
100;2;2;17,65546;100
100;3;15;17,65546;100
100;3;15;17,98877;100
100;3;15;17,98877;100
100;2;2;17,98877;100
100;3;15;17,98877;100
100;3;15;17,98877;100
100;2;2;17,98877;100
100;2;2;17,98877;100
100;3;15;17,98877;100
100;3;15;17,98877;100
100;2;2;18,32208;100
100;2;2;18,32208;100
100;2;2;18,32208;100
100;3;15;18,32208;100
100;2;2;18,32208;100
100;2;2;18,32208;100
100;3;15;18,32208;100
100;3;15;18,32208;100
100;3;15;18,32208;100
100;3;15;18,32208;100
100;3;15;18,6554;100
100;3;15;18,6554;100
100;3;15;18,6554;100
100;3;15;18,6554;100
100;3;15;18,6554;100
100;2;2;18,6554;100
100;3;15;18,6554;100
100;2;2;18,98871;100
100;3;15;18,98871;100
100;3;15;18,98871;100
100;3;15;18,98871;100
100;2;2;18,98871;100
100;3;15;18,98871;100
100;3;15;18,98871;100
100;2;2;18,98871;100
100;3;15;18,98871;100
100;3;15;18,98871;100
100;2;2;19,32202;100
100;3;15;19,32202;100
100;2;2;19,32202;100
100;3;15;19,32202;100
100;3;15;19,32202;100
100;3;15;19,32202;100
100;3;15;19,32202;100
100;2;2;19,32202;100
100;3;15;19,65533;100
100;3;15;19,65533;100
100;2;2;19,65533;100
100;3;15;19,65533;100
100;3;15;19,65533;100
100;3;15;19,65533;100
100;3;15;19,65533;100
100;3;15;19,65533;100
100;2;2;19,65533;100
100;3;15;19,65533;100
100;2;2;19,65533;100
100;3;15;19,98865;100
100;2;2;19,98865;100
100;3;15;19,98865;100
100;3;15;19,98865;100
100;3;15;19,98865;100
100;3;15;19,98865;100
100;2;2;19,98865;100
100;2;2;19,98865;100
100;2;2;19,98865;100
100;3;15;20,32196;100
100;2;2;20,32196;100
100;3;15;20,32196;100
100;3;15;20,32196;100
100;3;15;20,32196;100
100;3;15;20,32196;100
100;3;15;20,32196;100
100;3;15;20,32196;100
100;3;15;20,32196;100
100;3;15;20,65527;100
100;3;15;20,65527;100
100;2;2;20,65527;100
100;2;2;20,65527;100
100;3;15;20,65527;100
100;3;15;20,65527;100
100;2;2;20,98859;100
100;2;2;20,98859;100
100;3;15;20,98859;100
100;3;15;20,98859;100
100;2;2;20,98859;100
100;3;15;20,98859;100
100;3;15;20,98859;100
100;2;2;20,98859;100
100;3;15;21,3219;100
100;3;15;21,3219;100
100;3;15;21,3219;100
100;3;15;21,3219;100
100;2;2;21,3219;100
100;2;2;21,3219;100
100;3;15;21,3219;100
100;2;2;21,3219;100
100;2;2;21,65521;100
100;3;15;21,65521;100
100;3;15;21,65521;100
100;3;15;21,65521;100
100;2;2;21,65521;100
100;2;2;21,65521;100
100;3;15;21,65521;100
100;3;15;21,65521;100
100;2;2;21,65521;100
100;2;2;21,65521;100
100;3;15;21,98853;100
100;3;15;21,98853;100
100;3;15;21,98853;100
100;2;2;21,98853;100
100;3;15;21,98853;100
100;2;2;21,98853;100
100;2;2;21,98853;100
100;2;2;21,98853;100
100;2;2;21,98853;100
100;3;15;21,98853;100
100;3;15;21,98853;100
100;3;15;21,98853;100
100;3;15;21,98853;100
100;2;2;22,32184;100
100;3;15;22,32184;100
100;2;2;22,32184;100
100;2;2;22,32184;100
100;3;15;22,32184;100
100;3;15;22,32184;100
100;3;15;22,32184;100
100;2;2;22,32184;100
100;2;2;22,32184;100
100;3;15;22,65515;100
100;3;15;22,65515;100
100;3;15;22,65515;100
100;3;15;22,65515;100
100;3;15;22,65515;100
100;2;2;22,65515;100
100;2;2;22,65515;100
100;3;15;22,98846;100
100;2;2;22,98846;100
100;2;2;22,98846;100
100;3;15;22,98846;100
100;3;15;22,98846;100
100;3;15;22,98846;100
100;3;15;22,98846;100
100;3;15;22,98846;100
100;2;2;23,32178;100
100;3;15;23,32178;100
100;3;15;23,32178;100
100;3;15;23,32178;100
100;3;15;23,32178;100
100;2;2;23,32178;100
100;3;15;23,32178;100
100;3;15;23,32178;100
100;3;15;23,65509;100
100;3;15;23,65509;100
100;3;15;23,65509;100
100;3;15;23,65509;100
100;3;15;23,65509;100
100;3;15;23,65509;100
100;3;15;23,9884;100
100;2;2;23,9884;100
100;2;2;23,9884;100
100;3;15;23,9884;100
100;2;2;23,9884;100
100;2;2;23,9884;100
100;3;15;23,9884;100
100;3;15;23,9884;100
100;3;15;23,9884;100
100;3;15;23,9884;100
100;3;15;23,9884;100
100;3;15;23,9884;100
100;3;15;24,32172;100
100;3;15;24,32172;100
100;3;15;24,32172;100
100;3;15;24,32172;100
100;2;2;24,32172;100
100;2;2;24,32172;100
100;2;2;24,32172;100
100;3;15;24,32172;100
100;3;15;24,32172;100
100;3;15;24,32172;100
100;3;15;24,65503;100
100;3;15;24,65503;100
100;2;2;24,65503;100
100;3;15;24,65503;100
100;3;15;24,65503;100
100;2;2;24,65503;100
100;3;15;24,65503;100
100;3;15;24,65503;100
100;3;15;24,65503;100
100;2;2;24,65503;100
100;2;2;24,65503;100
100;3;15;24,98834;100
100;3;15;24,98834;100
100;2;2;24,98834;100
100;2;2;24,98834;100
100;3;15;24,98834;100
100;3;15;24,98834;100
100;2;2;24,98834;100
100;2;2;24,98834;100
100;3;15;24,98834;100
100;3;15;25,32166;100
100;2;2;25,32166;100
100;3;15;25,32166;100
100;3;15;25,32166;100
100;3;15;25,32166;100
100;2;2;25,32166;100
100;2;2;25,32166;100
100;3;15;25,32166;100
100;3;15;25,32166;100
100;2;2;25,65497;100
100;2;2;25,65497;100
100;2;2;25,65497;100
100;3;15;25,65497;100
100;2;2;25,65497;100
100;2;2;25,65497;100
100;2;2;25,98828;100
100;3;15;25,98828;100
100;2;2;25,98828;100
100;2;2;25,98828;100
100;2;2;25,98828;100
100;2;2;25,98828;100
100;3;15;25,98828;100
100;3;15;26,32159;100
100;3;15;26,32159;100
100;2;2;26,32159;100
100;2;2;26,32159;100
100;3;15;26,32159;100
100;3;15;26,32159;100
100;3;15;26,32159;100
100;3;15;26,32159;100
100;2;2;26,32159;100
100;2;2;26,32159;100
100;2;2;26,65491;100
100;2;2;26,65491;100
100;3;15;26,65491;100
100;2;2;26,65491;100
100;3;15;26,65491;100
100;3;15;26,65491;100
100;2;2;26,98822;100
100;3;15;26,98822;100
100;3;15;26,98822;100
100;2;2;26,98822;100
100;2;2;26,98822;100
100;3;15;27,32153;100
100;3;15;27,32153;100
100;2;2;27,32153;100
100;2;2;27,32153;100
100;3;15;27,32153;100
100;3;15;27,32153;100
100;2;2;27,32153;100
100;2;2;27,32153;100
100;3;15;27,65485;100
100;3;15;27,65485;100
100;2;2;27,65485;100
100;3;15;27,65485;100
100;3;15;27,65485;100
100;3;15;27,65485;100
100;3;15;27,65485;100
100;3;15;27,65485;100
100;2;2;27,65485;100
100;3;15;27,65485;100
100;2;2;27,65485;100
100;3;15;27,98816;100
100;2;2;27,98816;100
100;3;15;27,98816;100
100;2;2;27,98816;100
100;2;2;27,98816;100
100;3;15;27,98816;100
100;2;2;27,98816;100
100;3;15;28,32147;100
100;3;15;28,32147;100
100;3;15;28,32147;100
100;2;2;28,32147;100
100;2;2;28,32147;100
100;3;15;28,32147;100
100;2;2;28,32147;100
100;2;2;28,32147;100
100;3;15;28,32147;100
100;3;15;28,32147;100
100;3;15;28,65479;100
100;3;15;28,65479;100
100;2;2;28,65479;100
100;3;15;28,65479;100
100;3;15;28,65479;100
100;2;2;28,65479;100
100;2;2;28,65479;100
100;3;15;28,65479;100
100;2;2;28,65479;100
100;3;15;28,65479;100
100;3;15;28,65479;100
100;3;15;28,9881;100
100;3;15;28,9881;100
100;3;15;28,9881;100
100;3;15;28,9881;100
100;2;2;29,32141;100
100;2;2;29,32141;100
100;3;15;29,32141;100
100;3;15;29,32141;100
100;2;2;29,65472;100
100;3;15;29,65472;100
100;3;15;29,65472;100
100;3;15;29,65472;100
100;3;15;29,65472;100
100;3;15;29,65472;100
100;3;15;29,65472;100
100;3;15;29,98804;100
100;3;15;29,98804;100
100;3;15;29,98804;100
100;3;15;29,98804;100
100;2;2;29,98804;100
100;2;2;29,98804;100
100;3;15;29,98804;100
100;2;2;29,98804;100
100;3;15;29,98804;100
100;3;15;29,98804;100
100;2;2;29,98804;100
100;3;15;30,32135;100
100;2;2;30,32135;100
100;3;15;30,32135;100
100;3;15;30,32135;100
100;3;15;30,32135;100
100;2;2;30,32135;100
100;3;15;30,32135;100
100;3;15;30,65466;100
100;2;2;30,65466;100
100;3;15;30,65466;100
100;3;15;30,65466;100
100;2;2;30,65466;100
100;3;15;30,65466;100
100;2;2;30,65466;100
100;2;2;30,65466;100
100;2;2;30,65466;100
100;3;15;30,65466;100
100;3;15;30,98798;100
100;2;2;30,98798;100
100;2;2;30,98798;100
100;3;15;30,98798;100
100;2;2;30,98798;100
100;2;2;30,98798;100
100;2;2;30,98798;100
100;3;15;31,32129;100
100;3;15;31,32129;100
100;3;15;31,32129;100
100;3;15;31,32129;100
100;2;2;31,32129;100
100;3;15;31,32129;100
100;3;15;31,32129;100
100;3;15;31,6546;100
100;2;2;31,6546;100
100;2;2;31,6546;100
100;2;2;31,6546;100
100;3;15;31,6546;100
100;3;15;31,6546;100
100;2;2;31,6546;100
100;3;15;31,6546;100
100;2;2;31,6546;100
100;3;15;31,6546;100
100;3;15;31,98792;100
100;2;2;31,98792;100
100;3;15;31,98792;100
100;2;2;31,98792;100
100;3;15;31,98792;100
100;2;2;31,98792;100
100;2;2;31,98792;100
100;2;2;32,32123;100
100;2;2;32,32123;100
100;3;15;32,32123;100
100;2;2;32,32123;100
100;3;15;32,32123;100
100;3;15;32,32123;100
100;2;2;32,32123;100
100;3;15;32,32123;100
100;2;2;32,32123;100
100;2;2;32,32123;100
100;3;15;32,32123;100
100;3;15;32,32123;100
100;3;15;32,65454;100
100;3;15;32,65454;100
100;3;15;32,65454;100
100;2;2;32,65454;100
100;3;15;32,65454;100
100;3;15;32,65454;100
100;3;15;32,65454;100
100;3;15;32,65454;100
100;3;15;32,65454;100
100;3;15;32,65454;100
100;2;2;32,98785;100
100;3;15;32,98785;100
100;2;2;32,98785;100
100;2;2;32,98785;100
100;2;2;32,98785;100
100;2;2;32,98785;100
100;2;2;32,98785;100
100;2;2;32,98785;100
100;3;15;32,98785;100
100;2;2;32,98785;100
100;2;2;32,98785;100
100;3;15;33,32117;100
100;2;2;33,32117;100
100;2;2;33,32117;100
100;2;2;33,32117;100
100;3;15;33,32117;100
100;3;15;33,32117;100
100;3;15;33,32117;100
100;2;2;33,65448;100
100;3;15;33,65448;100
100;3;15;33,65448;100
100;3;15;33,65448;100
100;3;15;33,65448;100
100;3;15;33,65448;100
100;2;2;33,65448;100
100;3;15;33,65448;100
100;3;15;33,65448;100
100;3;15;33,98779;100
100;2;2;33,98779;100
100;2;2;33,98779;100
100;3;15;33,98779;100
100;3;15;33,98779;100
100;3;15;33,98779;100
100;3;15;33,98779;100
100;2;2;33,98779;100
100;2;2;34,32111;100
100;3;15;34,32111;100
100;2;2;34,32111;100
100;3;15;34,32111;100
100;3;15;34,32111;100
100;2;2;34,32111;100
100;3;15;34,32111;100
100;2;2;34,32111;100
100;2;2;34,32111;100
100;3;15;34,32111;100
100;3;15;34,32111;100
100;2;2;34,65442;100
100;3;15;34,65442;100
100;3;15;34,65442;100
100;3;15;34,65442;100
100;2;2;34,65442;100
100;2;2;34,65442;100
100;3;15;34,65442;100
100;2;2;34,98773;100
100;2;2;34,98773;100
100;2;2;34,98773;100
100;3;15;34,98773;100
100;3;15;34,98773;100
100;2;2;34,98773;100
100;2;2;34,98773;100
100;3;15;34,98773;100
100;3;15;35,32104;100
100;2;2;35,32104;100
100;2;2;35,32104;100
100;3;15;35,32104;100
100;2;2;35,32104;100
100;2;2;35,32104;100
100;3;15;35,32104;100
100;3;15;35,32104;100
100;3;15;35,32104;100
100;2;2;35,32104;100
100;3;15;35,65436;100
100;2;2;35,65436;100
100;3;15;35,65436;100
100;2;2;35,65436;100
100;3;15;35,65436;100
100;2;2;35,65436;100
100;3;15;35,65436;100
100;3;15;35,65436;100
100;3;15;35,98767;100
100;3;15;35,98767;100
100;3;15;35,98767;100
100;3;15;35,98767;100
100;2;2;35,98767;100
100;2;2;35,98767;100
100;2;2;35,98767;100
100;3;15;36,32098;100
100;3;15;36,32098;100
100;2;2;36,32098;100
100;3;15;36,32098;100
100;2;2;36,32098;100
100;3;15;36,32098;100
100;2;2;36,6543;100
100;3;15;36,6543;100
100;3;15;36,6543;100
100;2;2;36,6543;100
100;2;2;36,98761;100
100;3;15;36,98761;100
100;2;2;36,98761;100
100;3;15;36,98761;100
100;2;2;36,98761;100
100;3;15;36,98761;100
100;3;15;36,98761;100
100;3;15;37,32092;100
100;3;15;37,32092;100
100;2;2;37,32092;100
100;3;15;37,32092;100
100;2;2;37,32092;100
100;3;15;37,32092;100
100;2;2;37,32092;100
100;3;15;37,32092;100
100;3;15;37,32092;100
100;2;2;37,65424;100
100;3;15;37,65424;100
100;3;15;37,65424;100
100;3;15;37,65424;100
100;2;2;37,65424;100
100;3;15;37,65424;100
100;2;2;37,65424;100
100;3;15;37,65424;100
100;3;15;37,98755;100
100;3;15;37,98755;100
100;3;15;37,98755;100
100;3;15;37,98755;100
100;3;15;37,98755;100
100;3;15;37,98755;100
100;2;2;37,98755;100
100;2;2;37,98755;100
100;2;2;38,32086;100
100;3;15;38,32086;100
100;2;2;38,32086;100
100;3;15;38,32086;100
100;3;15;38,32086;100
100;2;2;38,32086;100
100;3;15;38,32086;100
100;3;15;38,32086;100
100;2;2;38,65417;100
100;3;15;38,65417;100
100;3;15;38,65417;100
100;3;15;38,65417;100
100;3;15;38,65417;100
100;3;15;38,65417;100
100;3;15;38,65417;100
100;3;15;38,98749;100
100;2;2;38,98749;100
100;2;2;38,98749;100
100;2;2;38,98749;100
100;3;15;38,98749;100
100;2;2;38,98749;100
100;3;15;38,98749;100
100;3;15;38,98749;100
100;3;15;38,98749;100
100;3;15;38,98749;100
100;3;15;38,98749;100
100;2;2;39,3208;100
100;3;15;39,3208;100
100;2;2;39,3208;100
100;2;2;39,3208;100
100;2;2;39,3208;100
100;2;2;39,3208;100
100;3;15;39,65411;100
100;3;15;39,65411;100
100;2;2;39,65411;100
100;3;15;39,65411;100
100;3;15;39,65411;100
100;2;2;39,65411;100
100;2;2;39,65411;100
100;3;15;39,65411;100
100;3;15;39,98743;100
100;3;15;39,98743;100
100;3;15;39,98743;100
100;3;15;39,98743;100
100;3;15;39,98743;100
100;2;2;39,98743;100
100;3;15;39,98743;100
100;3;15;40,32074;100
100;3;15;40,32074;100
100;2;2;40,32074;100
100;2;2;40,32074;100
100;3;15;40,32074;100
100;3;15;40,32074;100
100;3;15;40,32074;100
100;3;15;40,65405;100
100;3;15;40,65405;100
100;3;15;40,65405;100
100;2;2;40,65405;100
100;3;15;40,65405;100
100;3;15;40,65405;100
100;3;15;40,65405;100
100;3;15;40,65405;100
100;2;2;40,98737;100
100;2;2;40,98737;100
100;3;15;40,98737;100
100;2;2;41,32068;100
100;2;2;41,32068;100
100;3;15;41,32068;100
100;3;15;41,32068;100
100;3;15;41,32068;100
100;3;15;41,32068;100
100;2;2;41,32068;100
100;2;2;41,32068;100
100;3;15;41,32068;100
100;3;15;41,65399;100
100;2;2;41,65399;100
100;3;15;41,65399;100
100;3;15;41,65399;100
100;3;15;41,65399;100
100;3;15;41,65399;100
100;2;2;41,65399;100
100;2;2;41,9873;100
100;3;15;41,9873;100
100;3;15;41,9873;100
100;3;15;41,9873;100
100;2;2;41,9873;100
100;3;15;41,9873;100
100;3;15;41,9873;100
100;2;2;41,9873;100
100;2;2;42,32062;100
100;2;2;42,32062;100
100;2;2;42,32062;100
100;3;15;42,32062;100
100;3;15;42,32062;100
100;3;15;42,32062;100
100;2;2;42,32062;100
100;2;2;42,32062;100
100;2;2;42,32062;100
100;3;15;42,32062;100
100;3;15;42,32062;100
100;2;2;42,32062;100
100;2;2;42,65393;100
100;3;15;42,65393;100
100;3;15;42,65393;100
100;3;15;42,65393;100
100;3;15;42,65393;100
100;3;15;42,65393;100
100;3;15;42,65393;100
100;2;2;42,65393;100
100;3;15;42,65393;100
100;2;2;42,98724;100
100;3;15;42,98724;100
100;2;2;42,98724;100
100;3;15;42,98724;100
100;2;2;42,98724;100
100;2;2;42,98724;100
100;3;15;42,98724;100
100;2;2;42,98724;100
100;3;15;42,98724;100
100;2;2;43,32056;100
100;3;15;43,32056;100
100;2;2;43,32056;100
100;2;2;43,32056;100
100;3;15;43,32056;100
100;2;2;43,32056;100
100;3;15;43,32056;100
100;3;15;43,32056;100
100;3;15;43,32056;100
100;2;2;43,65387;100
100;3;15;43,65387;100
100;2;2;43,65387;100
100;2;2;43,65387;100
100;3;15;43,65387;100
100;3;15;43,65387;100
100;2;2;43,65387;100
100;2;2;43,65387;100
100;3;15;43,98718;100
100;3;15;43,98718;100
100;2;2;43,98718;100
100;3;15;43,98718;100
100;3;15;44,3205;100
100;3;15;44,3205;100
100;2;2;44,3205;100
100;2;2;44,3205;100
100;3;15;44,3205;100
100;3;15;44,3205;100
100;2;2;44,3205;100
100;3;15;44,3205;100
100;2;2;44,65381;100
100;3;15;44,65381;100
100;2;2;44,65381;100
100;2;2;44,65381;100
100;3;15;44,65381;100
100;2;2;44,65381;100
100;2;2;44,98712;100
100;3;15;44,98712;100
100;3;15;44,98712;100
100;2;2;44,98712;100
100;3;15;44,98712;100
100;3;15;44,98712;100
100;2;2;44,98712;100
100;3;15;44,98712;100
100;2;2;44,98712;100
100;3;15;44,98712;100
100;2;2;45,32043;100
100;3;15;45,32043;100
100;3;15;45,32043;100
100;3;15;45,32043;100
100;3;15;45,32043;100
100;3;15;45,32043;100
100;2;2;45,32043;100
100;3;15;45,32043;100
100;2;2;45,32043;100
100;3;15;45,65375;100
100;2;2;45,65375;100
100;3;15;45,65375;100
100;2;2;45,65375;100
100;3;15;45,65375;100
100;3;15;45,65375;100
100;2;2;45,65375;100
100;3;15;45,65375;100
100;2;2;45,65375;100
100;3;15;45,98706;100
100;3;15;45,98706;100
100;2;2;45,98706;100
100;2;2;45,98706;100
100;3;15;45,98706;100
100;2;2;45,98706;100
100;2;2;45,98706;100
100;3;15;46,32037;100
100;2;2;46,32037;100
100;2;2;46,32037;100
100;3;15;46,32037;100
100;2;2;46,32037;100
100;2;2;46,32037;100
100;2;2;46,32037;100
100;2;2;46,32037;100
100;3;15;46,32037;100
100;2;2;46,65369;100
100;2;2;46,65369;100
100;2;2;46,65369;100
100;3;15;46,65369;100
100;3;15;46,65369;100
100;2;2;46,65369;100
100;3;15;46,65369;100
100;3;15;46,65369;100
100;3;15;46,65369;100
100;2;2;46,65369;100
100;2;2;46,65369;100
100;3;15;46,65369;100
100;2;2;46,987;100
100;3;15;46,987;100
100;2;2;46,987;100
100;3;15;46,987;100
100;2;2;46,987;100
100;2;2;46,987;100
100;3;15;46,987;100
100;2;2;47,32031;100
100;2;2;47,32031;100
100;3;15;47,32031;100
100;2;2;47,32031;100
100;2;2;47,32031;100
100;2;2;47,32031;100
100;3;15;47,32031;100
100;3;15;47,65363;100
100;2;2;47,65363;100
100;2;2;47,65363;100
100;3;15;47,65363;100
100;3;15;47,65363;100
100;3;15;47,65363;100
100;3;15;47,65363;100
100;3;15;47,65363;100
100;3;15;47,65363;100
100;2;2;47,65363;100
100;3;15;47,98694;100
100;2;2;47,98694;100
100;2;2;47,98694;100
100;2;2;47,98694;100
100;3;15;47,98694;100
100;2;2;47,98694;100
100;2;2;47,98694;100
100;3;15;47,98694;100
100;2;2;48,32025;100
100;3;15;48,32025;100
100;2;2;48,32025;100
100;2;2;48,32025;100
100;2;2;48,32025;100
100;3;15;48,65356;100
100;2;2;48,65356;100
100;3;15;48,65356;100
100;3;15;48,65356;100
100;2;2;48,65356;100
100;3;15;48,65356;100
100;3;15;48,65356;100
100;3;15;48,65356;100
100;3;15;48,98688;100
100;3;15;48,98688;100
100;3;15;48,98688;100
100;2;2;48,98688;100
100;2;2;48,98688;100
100;2;2;48,98688;100
100;3;15;48,98688;100
100;3;15;49,32019;100
100;3;15;49,32019;100
100;3;15;49,32019;100
100;3;15;49,32019;100
100;2;2;49,32019;100
100;3;15;49,32019;100
100;2;2;49,32019;100
100;2;2;49,32019;100
100;3;15;49,32019;100
100;3;15;49,6535;100
100;3;15;49,6535;100
100;3;15;49,6535;100
100;3;15;49,6535;100
100;2;2;49,6535;100
100;3;15;49,6535;100
100;3;15;49,6535;100
100;2;2;49,6535;100
100;3;15;49,6535;100
100;3;15;49,6535;100
100;3;15;49,98682;100
100;3;15;49,98682;100
100;2;2;49,98682;100
100;2;2;49,98682;100
100;2;2;49,98682;100
100;2;2;49,98682;100
100;2;2;49,98682;100
100;3;15;50,32013;100
100;3;15;50,32013;100
100;3;15;50,32013;100
100;3;15;50,32013;100
100;3;15;50,32013;100
100;2;2;50,32013;100
100;3;15;50,32013;100
100;3;15;50,65344;100
100;3;15;50,65344;100
100;3;15;50,65344;100
100;2;2;50,65344;100
100;3;15;50,65344;100
100;3;15;50,65344;100
100;3;15;50,65344;100
100;3;15;50,65344;100
100;2;2;50,65344;100
100;2;2;50,98676;100
100;2;2;50,98676;100
100;3;15;50,98676;100
100;3;15;50,98676;100
100;3;15;50,98676;100
100;2;2;50,98676;100
100;2;2;50,98676;100
100;2;2;50,98676;100
100;3;15;51,32007;100
100;2;2;51,32007;100
100;3;15;51,32007;100
100;2;2;51,32007;100
100;3;15;51,32007;100
100;3;15;51,32007;100
100;3;15;51,32007;100
100;3;15;51,32007;100
100;3;15;51,65338;100
100;3;15;51,65338;100
100;3;15;51,65338;100
100;2;2;51,65338;100
100;2;2;51,65338;100
100;3;15;51,65338;100
100;2;2;51,65338;100
100;2;2;51,65338;100
100;3;15;51,65338;100
100;3;15;51,65338;100
100;3;15;51,65338;100
100;3;15;51,65338;100
100;3;15;51,98669;100
100;3;15;51,98669;100
100;3;15;51,98669;100
100;3;15;51,98669;100
100;3;15;51,98669;100
100;3;15;51,98669;100
100;2;2;51,98669;100
100;3;15;52,32001;100
100;2;2;52,32001;100
100;3;15;52,32001;100
100;3;15;52,32001;100
100;3;15;52,32001;100
100;3;15;52,32001;100
100;3;15;52,32001;100
100;3;15;52,32001;100
100;2;2;52,32001;100
100;2;2;52,32001;100
100;2;2;52,32001;100
100;3;15;52,65332;100
100;2;2;52,65332;100
100;2;2;52,65332;100
100;3;15;52,65332;100
100;3;15;52,65332;100
100;2;2;52,65332;100
100;3;15;52,65332;100
100;3;15;52,65332;100
100;3;15;52,65332;100
100;3;15;52,65332;100
100;3;15;52,98663;100
100;2;2;52,98663;100
100;3;15;52,98663;100
100;2;2;52,98663;100
100;2;2;52,98663;100
100;2;2;52,98663;100
100;2;2;52,98663;100
100;2;2;52,98663;100
100;2;2;52,98663;100
100;2;2;53,31995;100
100;3;15;53,31995;100
100;3;15;53,31995;100
100;2;2;53,31995;100
100;2;2;53,31995;100
100;3;15;53,31995;100
100;3;15;53,31995;100
100;3;15;53,31995;100
100;3;15;53,31995;100
100;2;2;53,31995;100
100;2;2;53,65326;100
100;2;2;53,65326;100
100;3;15;53,65326;100
100;3;15;53,65326;100
100;2;2;53,65326;100
100;2;2;53,65326;100
100;3;15;53,65326;100
100;2;2;53,65326;100
100;2;2;53,98657;100
100;3;15;53,98657;100
100;3;15;53,98657;100
100;3;15;53,98657;100
100;2;2;53,98657;100
100;3;15;53,98657;100
100;3;15;53,98657;100
100;2;2;54,31989;100
100;3;15;54,31989;100
100;3;15;54,31989;100
100;2;2;54,31989;100
100;3;15;54,31989;100
100;3;15;54,31989;100
100;2;2;54,31989;100
100;3;15;54,31989;100
100;3;15;54,31989;100
100;2;2;54,31989;100
100;3;15;54,31989;100
100;2;2;54,31989;100
100;2;2;54,6532;100
100;3;15;54,6532;100
100;3;15;54,6532;100
100;2;2;54,6532;100
100;3;15;54,6532;100
100;2;2;54,6532;100
100;3;15;54,98651;100
100;3;15;54,98651;100
100;2;2;54,98651;100
100;2;2;54,98651;100
100;3;15;54,98651;100
100;2;2;54,98651;100
100;3;15;54,98651;100
100;3;15;54,98651;100
100;2;2;54,98651;100
100;3;15;55,31982;100
100;2;2;55,31982;100
100;3;15;55,31982;100
100;3;15;55,31982;100
100;3;15;55,31982;100
100;2;2;55,31982;100
100;2;2;55,31982;100
100;3;15;55,31982;100
100;3;15;55,31982;100
100;3;15;55,65314;100
100;2;2;55,65314;100
100;3;15;55,65314;100
100;3;15;55,65314;100
100;2;2;55,65314;100
100;2;2;55,65314;100
100;2;2;55,65314;100
100;3;15;55,65314;100
100;2;2;55,65314;100
100;3;15;55,65314;100
100;2;2;55,98645;100
100;2;2;55,98645;100
100;3;15;55,98645;100
100;3;15;55,98645;100
100;2;2;55,98645;100
100;2;2;56,31976;100
100;3;15;56,31976;100
100;2;2;56,31976;100
100;3;15;56,31976;100
100;2;2;56,31976;100
100;3;15;56,31976;100
100;3;15;56,31976;100
100;3;15;56,31976;100
100;3;15;56,31976;100
100;2;2;56,31976;100
100;2;2;56,65308;100
100;3;15;56,65308;100
100;3;15;56,65308;100
100;2;2;56,65308;100
100;2;2;56,65308;100
100;2;2;56,65308;100
100;2;2;56,65308;100
100;2;2;56,65308;100
100;2;2;56,98639;100
100;3;15;56,98639;100
100;3;15;56,98639;100
100;3;15;56,98639;100
100;2;2;56,98639;100
100;3;15;56,98639;100
100;3;15;56,98639;100
100;2;2;56,98639;100
100;3;15;57,3197;100
100;3;15;57,3197;100
100;3;15;57,3197;100
100;3;15;57,3197;100
100;2;2;57,3197;100
100;3;15;57,3197;100
100;3;15;57,3197;100
100;3;15;57,3197;100
100;2;2;57,65302;100
100;3;15;57,65302;100
100;3;15;57,65302;100
100;3;15;57,65302;100
100;3;15;57,65302;100
100;2;2;57,65302;100
100;3;15;57,65302;100
100;2;2;57,65302;100
100;3;15;57,65302;100
100;2;2;57,65302;100
100;3;15;57,65302;100
100;3;15;57,65302;100
100;3;15;57,65302;100
100;3;15;57,65302;100
100;3;15;57,65302;100
100;3;15;57,98633;100
100;3;15;57,98633;100
100;2;2;57,98633;100
100;3;15;57,98633;100
100;3;15;57,98633;100
100;3;15;57,98633;100
100;3;15;57,98633;100
100;3;15;57,98633;100
100;2;2;58,31964;100
100;3;15;58,31964;100
100;2;2;58,31964;100
100;3;15;58,31964;100
100;2;2;58,31964;100
100;2;2;58,31964;100
100;3;15;58,31964;100
100;3;15;58,31964;100
100;3;15;58,31964;100
100;2;2;58,31964;100
100;2;2;58,31964;100
100;3;15;58,65295;100
100;3;15;58,65295;100
100;3;15;58,65295;100
100;2;2;58,65295;100
100;3;15;58,65295;100
100;3;15;58,65295;100
100;3;15;58,65295;100
100;3;15;58,65295;100
100;2;2;58,65295;100
100;3;15;58,98627;100
100;2;2;58,98627;100
100;3;15;58,98627;100
100;3;15;58,98627;100
100;2;2;58,98627;100
100;2;2;58,98627;100
100;3;15;59,31958;100
100;3;15;59,31958;100
100;2;2;59,31958;100
100;3;15;59,31958;100
100;3;15;59,31958;100
100;3;15;59,31958;100
100;3;15;59,31958;100
100;3;15;59,31958;100
100;3;15;59,31958;100
100;2;2;59,31958;100
100;2;2;59,31958;100
100;3;15;59,31958;100
100;3;15;59,31958;100
100;3;15;59,65289;100
100;3;15;59,65289;100
100;3;15;59,65289;100
100;2;2;59,65289;100
100;3;15;59,65289;100
100;3;15;59,65289;100
100;3;15;59,65289;100
100;2;2;59,65289;100
100;3;15;59,65289;100
100;3;15;59,65289;100
100;2;2;59,65289;100
100;3;15;59,65289;100
100;3;15;59,98621;100
100;3;15;59,98621;100
100;3;15;59,98621;100
100;2;2;59,98621;100
100;3;15;59,98621;100
100;2;2;59,98621;100
100;3;15;59,98621;100
100;2;2;59,98621;100
100;2;2;0,319519;100
100;3;15;0,319519;100
100;2;2;0,319519;100
100;3;15;0,319519;100
100;3;15;0,319519;100
100;3;15;0,319519;100
100;2;2;0,319519;100
100;3;15;0,319519;100
100;3;15;0,652832;100
100;3;15;0,652832;100
100;2;2;0,652832;100
100;3;15;0,652832;100
100;2;2;0,652832;100
100;3;15;0,652832;100
100;3;15;0,652832;100
100;2;2;0,652832;100
100;3;15;0,652832;100
100;2;2;0,652832;100
100;3;15;0,652832;100
100;3;15;0,986145;100
100;2;2;0,986145;100
100;3;15;0,986145;100
100;3;15;0,986145;100
100;2;2;0,986145;100
100;2;2;0,986145;100
100;3;15;1,319458;100
100;2;2;1,319458;100
100;3;15;1,319458;100
100;3;15;1,319458;100
100;3;15;1,319458;100
100;3;15;1,319458;100
100;2;2;1,319458;100
100;2;2;1,319458;100
100;3;15;1,319458;100
100;3;15;1,319458;100
100;3;15;1,319458;100
100;3;15;1,319458;100
100;3;15;1,652771;100
100;2;2;1,652771;100
100;3;15;1,652771;100
100;3;15;1,652771;100
100;3;15;1,652771;100
100;3;15;1,652771;100
100;3;15;1,652771;100
100;2;2;1,652771;100
100;2;2;1,986084;100
100;3;15;1,986084;100
100;3;15;1,986084;100
100;3;15;1,986084;100
100;3;15;1,986084;100
100;2;2;1,986084;100
100;2;2;1,986084;100
100;2;2;1,986084;100
100;2;2;1,986084;100
100;3;15;2,319397;100
100;3;15;2,319397;100
100;2;2;2,319397;100
100;3;15;2,319397;100
100;3;15;2,319397;100
100;3;15;2,319397;100
100;2;2;2,319397;100
100;2;2;2,319397;100
100;3;15;2,319397;100
100;3;15;2,319397;100
100;2;2;2,65271;100
100;3;15;2,65271;100
100;3;15;2,65271;100
100;3;15;2,65271;100
100;3;15;2,65271;100
100;3;15;2,65271;100
100;3;15;2,65271;100
100;2;2;2,65271;100
100;3;15;2,65271;100
100;3;15;2,986023;100
100;3;15;2,986023;100
100;2;2;2,986023;100
100;2;2;2,986023;100
100;2;2;2,986023;100
100;2;2;2,986023;100
100;2;2;3,319336;100
100;3;15;3,319336;100
100;3;15;3,319336;100
100;3;15;3,319336;100
100;3;15;3,319336;100
100;3;15;3,319336;100
100;3;15;3,319336;100
100;2;2;3,319336;100
100;2;2;3,319336;100
100;2;2;3,319336;100
100;2;2;3,319336;100
100;3;15;3,652649;100
100;3;15;3,652649;100
100;2;2;3,652649;100
100;2;2;3,652649;100
100;2;2;3,985962;100
100;3;15;3,985962;100
100;2;2;3,985962;100
100;3;15;3,985962;100
100;3;15;3,985962;100
100;2;2;3,985962;100
100;3;15;3,985962;100
100;3;15;3,985962;100
100;2;2;3,985962;100
100;3;15;3,985962;100
100;2;2;4,319275;100
100;3;15;4,319275;100
100;2;2;4,319275;100
100;3;15;4,319275;100
100;3;15;4,319275;100
100;2;2;4,319275;100
100;3;15;4,319275;100
100;2;2;4,319275;100
100;2;2;4,652588;100
100;2;2;4,652588;100
100;3;15;4,652588;100
100;2;2;4,652588;100
100;3;15;4,652588;100
100;3;15;4,985901;100
100;3;15;4,985901;100
100;2;2;4,985901;100
100;2;2;4,985901;100
100;3;15;4,985901;100
100;3;15;4,985901;100
100;3;15;4,985901;100
100;3;15;4,985901;100
100;3;15;4,985901;100
100;3;15;4,985901;100
100;3;15;5,319214;100
100;2;2;5,319214;100
100;2;2;5,319214;100
100;3;15;5,319214;100
100;3;15;5,319214;100
100;2;2;5,652527;100
100;3;15;5,652527;100
100;3;15;5,652527;100
100;3;15;5,652527;100
100;3;15;5,652527;100
100;3;15;5,652527;100
100;2;2;5,652527;100
100;2;2;5,652527;100
100;2;2;5,652527;100
100;3;15;5,98584;100
100;2;2;5,98584;100
100;2;2;5,98584;100
100;2;2;5,98584;100
100;3;15;5,98584;100
100;2;2;5,98584;100
100;3;15;5,98584;100
100;3;15;6,319153;100
100;3;15;6,319153;100
100;3;15;6,319153;100
100;3;15;6,319153;100
100;2;2;6,319153;100
100;3;15;6,319153;100
100;3;15;6,319153;100
100;2;2;6,319153;100
100;2;2;6,319153;100
100;3;15;6,319153;100
100;2;2;6,319153;100
100;3;15;6,652466;100
100;3;15;6,652466;100
100;2;2;6,652466;100
100;2;2;6,652466;100
100;3;15;6,652466;100
100;2;2;6,652466;100
100;3;15;6,652466;100
100;3;15;6,652466;100
100;2;2;6,652466;100
100;2;2;6,652466;100
100;2;2;6,652466;100
100;3;15;6,985779;100
100;2;2;6,985779;100
100;3;15;6,985779;100
100;3;15;6,985779;100
100;2;2;6,985779;100
100;3;15;6,985779;100
100;3;15;7,319092;100
100;3;15;7,319092;100
100;2;2;7,319092;100
100;3;15;7,319092;100
100;2;2;7,319092;100
100;3;15;7,319092;100
100;3;15;7,319092;100
100;2;2;7,652405;100
100;3;15;7,652405;100
100;2;2;7,652405;100
100;2;2;7,652405;100
100;2;2;7,652405;100
100;3;15;7,652405;100
100;2;2;7,652405;100
100;2;2;7,652405;100
100;2;2;7,652405;100
100;2;2;7,652405;100
100;3;15;7,652405;100
100;2;2;7,652405;100
100;3;15;7,985718;100
100;3;15;7,985718;100
100;3;15;7,985718;100
100;3;15;7,985718;100
100;3;15;7,985718;100
100;2;2;7,985718;100
100;3;15;7,985718;100
100;2;2;7,985718;100
100;2;2;7,985718;100
100;3;15;7,985718;100
100;3;15;8,319031;100
100;3;15;8,319031;100
100;2;2;8,319031;100
100;3;15;8,319031;100
100;2;2;8,319031;100
100;3;15;8,319031;100
100;3;15;8,319031;100
100;3;15;8,319031;100
100;3;15;8,319031;100
100;3;15;8,319031;100
100;3;15;8,319031;100
100;3;15;8,319031;100
100;3;15;8,652344;100
100;3;15;8,652344;100
100;2;2;8,652344;100
100;3;15;8,652344;100
100;3;15;8,652344;100
100;2;2;8,985657;100
100;3;15;8,985657;100
100;3;15;8,985657;100
100;2;2;8,985657;100
100;2;2;8,985657;100
100;2;2;8,985657;100
100;3;15;8,985657;100
100;2;2;8,985657;100
100;2;2;9,31897;100
100;2;2;9,31897;100
100;3;15;9,31897;100
100;3;15;9,31897;100
100;3;15;9,31897;100
100;2;2;9,31897;100
100;2;2;9,31897;100
100;3;15;9,31897;100
100;3;15;9,31897;100
100;2;2;9,31897;100
100;3;15;9,652283;100
100;3;15;9,652283;100
100;3;15;9,652283;100
100;3;15;9,652283;100
100;2;2;9,652283;100
100;3;15;9,652283;100
100;2;2;9,652283;100
100;3;15;9,652283;100
100;3;15;9,652283;100
100;3;15;9,652283;100
100;3;15;9,652283;100
100;2;2;9,985596;100
100;3;15;9,985596;100
100;3;15;9,985596;100
100;3;15;9,985596;100
100;3;15;9,985596;100
100;3;15;9,985596;100
100;3;15;9,985596;100
100;3;15;9,985596;100
100;3;15;10,31891;100
100;2;2;10,31891;100
100;3;15;10,31891;100
100;3;15;10,31891;100
100;2;2;10,31891;100
100;3;15;10,31891;100
100;2;2;10,31891;100
100;3;15;10,31891;100
100;3;15;10,31891;100
100;3;15;10,65222;100
100;3;15;10,65222;100
100;2;2;10,65222;100
100;3;15;10,65222;100
100;2;2;10,65222;100
100;2;2;10,65222;100
100;3;15;10,65222;100
100;2;2;10,65222;100
100;2;2;10,65222;100
100;2;2;10,65222;100
100;2;2;10,98553;100
100;3;15;10,98553;100
100;2;2;10,98553;100
100;2;2;10,98553;100
100;3;15;10,98553;100
100;2;2;11,31885;100
100;3;15;11,31885;100
100;3;15;11,31885;100
100;2;2;11,31885;100
100;2;2;11,31885;100
100;3;15;11,31885;100
100;2;2;11,31885;100
100;3;15;11,65216;100
100;3;15;11,65216;100
100;2;2;11,65216;100
100;3;15;11,65216;100
100;3;15;11,65216;100
100;3;15;11,65216;100
100;2;2;11,65216;100
100;2;2;11,65216;100
100;3;15;11,65216;100
100;3;15;11,65216;100
100;3;15;11,98547;100
100;3;15;11,98547;100
100;3;15;11,98547;100
100;3;15;11,98547;100
100;3;15;11,98547;100
100;2;2;11,98547;100
100;2;2;11,98547;100
100;2;2;11,98547;100
100;2;2;11,98547;100
100;3;15;11,98547;100
100;2;2;11,98547;100
100;2;2;12,31879;100
100;2;2;12,31879;100
100;2;2;12,31879;100
100;3;15;12,31879;100
100;3;15;12,31879;100
100;3;15;12,31879;100
100;2;2;12,31879;100
100;2;2;12,31879;100
100;3;15;12,6521;100
100;2;2;12,6521;100
100;3;15;12,6521;100
100;3;15;12,6521;100
100;3;15;12,6521;100
100;3;15;12,6521;100
100;3;15;12,6521;100
100;2;2;12,6521;100
100;3;15;12,6521;100
100;3;15;12,6521;100
100;2;2;12,6521;100
100;2;2;12,6521;100
100;3;15;12,6521;100
100;3;15;12,98541;100
100;3;15;12,98541;100
100;3;15;12,98541;100
100;3;15;12,98541;100
100;3;15;12,98541;100
100;3;15;12,98541;100
100;3;15;12,98541;100
100;3;15;12,98541;100
100;2;2;12,98541;100
100;2;2;13,31873;100
100;3;15;13,31873;100
100;3;15;13,31873;100
100;3;15;13,31873;100
100;3;15;13,31873;100
100;3;15;13,31873;100
100;2;2;13,31873;100
100;2;2;13,31873;100
100;3;15;13,31873;100
100;3;15;13,31873;100
100;3;15;13,31873;100
100;3;15;13,65204;100
100;3;15;13,65204;100
100;3;15;13,65204;100
100;2;2;13,65204;100
100;3;15;13,65204;100
100;3;15;13,65204;100
100;2;2;13,65204;100
100;2;2;13,65204;100
100;2;2;13,65204;100
100;2;2;13,65204;100
100;3;15;13,98535;100
100;2;2;13,98535;100
100;3;15;13,98535;100
100;3;15;13,98535;100
100;3;15;13,98535;100
100;2;2;13,98535;100
100;2;2;13,98535;100
100;3;15;13,98535;100
100;3;15;13,98535;100
100;3;15;14,31866;100
100;3;15;14,31866;100
100;3;15;14,31866;100
100;2;2;14,31866;100
100;3;15;14,31866;100
100;2;2;14,31866;100
100;2;2;14,31866;100
100;2;2;14,31866;100
100;2;2;14,31866;100
100;2;2;14,31866;100
100;2;2;14,65198;100
100;2;2;14,65198;100
100;3;15;14,65198;100
100;3;15;14,65198;100
100;2;2;14,65198;100
100;3;15;14,65198;100
100;3;15;14,65198;100
100;3;15;14,65198;100
100;3;15;14,65198;100
100;3;15;14,98529;100
100;3;15;14,98529;100
100;3;15;14,98529;100
100;2;2;14,98529;100
100;3;15;14,98529;100
100;2;2;14,98529;100
100;3;15;14,98529;100
100;3;15;14,98529;100
100;2;2;14,98529;100
100;3;15;14,98529;100
100;3;15;15,3186;100
100;2;2;15,3186;100
100;2;2;15,3186;100
100;2;2;15,3186;100
100;2;2;15,3186;100
100;2;2;15,3186;100
100;2;2;15,3186;100
100;3;15;15,3186;100
100;2;2;15,65192;100
100;3;15;15,65192;100
100;2;2;15,65192;100
100;2;2;15,65192;100
100;2;2;15,65192;100
100;3;15;15,65192;100
100;3;15;15,65192;100
100;3;15;15,98523;100
100;2;2;15,98523;100
100;3;15;15,98523;100
100;3;15;15,98523;100
100;3;15;15,98523;100
100;2;2;15,98523;100
100;3;15;15,98523;100
100;2;2;16,31854;100
100;3;15;16,31854;100
100;2;2;16,31854;100
100;3;15;16,31854;100
100;2;2;16,31854;100
100;3;15;16,31854;100
100;2;2;16,31854;100
100;3;15;16,65186;100
100;3;15;16,65186;100
100;3;15;16,65186;100
100;3;15;16,65186;100
100;2;2;16,65186;100
100;3;15;16,65186;100
100;3;15;16,65186;100
100;3;15;16,65186;100
100;2;2;16,65186;100
100;2;2;16,98517;100
100;2;2;16,98517;100
100;2;2;16,98517;100
100;3;15;16,98517;100
100;3;15;16,98517;100
100;2;2;16,98517;100
100;3;15;16,98517;100
100;3;15;16,98517;100
100;2;2;17,31848;100
100;2;2;17,31848;100
100;2;2;17,31848;100
100;2;2;17,31848;100
100;2;2;17,31848;100
100;3;15;17,31848;85
100;2;2;17,31848;85
100;3;15;17,31848;70
100;2;2;17,31848;70
100;3;15;17,31848;55
100;2;2;17,31848;55
100;3;15;17,31848;40
100;3;15;17,31848;25
100;3;15;17,31848;10
100;2;2;17,65179;10
100;2;2;17,65179;8
92;3;15;17,65179;-7
Player