92;2;2;6,708252;100
92;2;2;6,708252;100
92;3;15;6,708252;100
92;3;15;6,708252;100
92;3;15;6,708252;100
92;2;2;6,708252;100
92;2;2;6,708252;100
92;2;2;7,041504;100
92;3;15;7,041504;100
92;3;15;7,041504;100
92;3;15;7,041504;100
92;2;2;7,041504;100
92;3;15;7,041504;100
92;3;15;7,041504;100
92;2;2;7,041504;100
92;3;15;7,041504;100
92;3;15;7,041504;100
92;2;2;7,374756;100
92;2;2;7,374756;100
92;3;15;7,374756;100
92;3;15;7,374756;100
92;2;2;7,374756;100
92;2;2;7,374756;100
92;2;2;7,374756;100
92;3;15;7,374756;100
92;2;2;7,374756;100
92;2;2;7,374756;100
92;2;2;7,708008;100
92;2;2;7,708008;100
92;2;2;7,708008;100
92;2;2;7,708008;100
92;3;15;7,708008;100
92;3;15;7,708008;100
92;2;2;7,708008;100
92;3;15;7,708008;100
92;3;15;8,04126;100
92;2;2;8,04126;100
92;2;2;8,04126;100
92;3;15;8,04126;100
92;3;15;8,04126;100
92;3;15;8,04126;100
92;3;15;8,04126;100
92;2;2;8,04126;100
92;2;2;8,04126;100
92;2;2;8,04126;100
92;3;15;8,04126;100
92;3;15;8,374512;100
92;3;15;8,374512;100
92;3;15;8,374512;100
92;2;2;8,374512;100
92;2;2;8,374512;100
92;3;15;8,374512;100
92;3;15;8,374512;100
92;2;2;8,374512;100
92;3;15;8,374512;100
92;2;2;8,374512;100
92;2;2;8,374512;100
92;3;15;8,374512;100
92;3;15;8,707764;100
92;2;2;8,707764;100
92;2;2;8,707764;100
92;3;15;8,707764;100
92;3;15;8,707764;100
92;3;15;8,707764;100
92;3;15;8,707764;100
92;2;2;8,707764;100
92;3;15;9,041016;100
92;2;2;9,041016;100
92;2;2;9,041016;100
92;3;15;9,041016;100
92;3;15;9,041016;100
92;3;15;9,041016;100
92;2;2;9,041016;100
92;2;2;9,374268;100
92;3;15;9,374268;100
92;3;15;9,374268;100
92;2;2;9,374268;100
92;3;15;9,374268;100
92;2;2;9,374268;100
92;2;2;9,374268;100
92;3;15;9,374268;100
92;3;15;9,374268;100
92;2;2;9,70752;100
92;3;15;9,70752;100
92;3;15;9,70752;100
92;2;2;9,70752;100
92;2;2;9,70752;100
92;3;15;9,70752;100
92;2;2;9,70752;100
92;2;2;9,70752;100
92;3;15;10,04077;100
92;3;15;10,04077;100
92;2;2;10,04077;100
92;2;2;10,04077;100
92;2;2;10,04077;100
92;2;2;10,04077;100
92;3;15;10,04077;100
92;2;2;10,04077;100
92;2;2;10,37402;100
92;3;15;10,37402;100
92;2;2;10,37402;100
92;2;2;10,37402;100
92;3;15;10,37402;100
92;3;15;10,37402;100
92;2;2;10,37402;100
92;3;15;10,37402;100
92;2;2;10,70728;100
92;2;2;10,70728;100
92;3;15;10,70728;100
92;3;15;10,70728;100
92;3;15;10,70728;100
92;3;15;11,04053;100
92;3;15;11,04053;100
92;3;15;11,04053;100
92;2;2;11,04053;100
92;2;2;11,04053;100
92;2;2;11,37378;100
92;2;2;11,37378;100
92;3;15;11,37378;100
92;3;15;11,37378;100
92;3;15;11,37378;100
92;3;15;11,37378;100
92;2;2;11,37378;100
92;3;15;11,37378;100
92;3;15;11,70703;100
92;2;2;11,70703;100
92;2;2;11,70703;100
92;2;2;11,70703;100
92;3;15;11,70703;100
92;2;2;11,70703;100
92;3;15;11,70703;100
92;2;2;12,04028;100
92;2;2;12,04028;100
92;3;15;12,04028;100
92;2;2;12,04028;100
92;2;2;12,04028;100
92;2;2;12,04028;100
92;2;2;12,04028;100
92;3;15;12,04028;100
92;3;15;12,04028;100
92;2;2;12,04028;100
92;3;15;12,04028;100
92;3;15;12,37354;100
92;3;15;12,37354;100
92;3;15;12,37354;100
92;3;15;12,37354;100
92;3;15;12,37354;100
92;3;15;12,37354;100
92;3;15;12,70679;100
92;3;15;12,70679;100
92;3;15;12,70679;100
92;3;15;12,70679;100
92;2;2;12,70679;100
92;3;15;12,70679;100
92;2;2;12,70679;100
92;3;15;12,70679;100
92;3;15;12,70679;100
92;3;15;13,04004;100
92;3;15;13,04004;100
92;3;15;13,04004;100
92;3;15;13,04004;100
92;3;15;13,04004;100
92;3;15;13,04004;100
92;2;2;13,04004;100
92;3;15;13,37329;100
92;3;15;13,37329;100
92;2;2;13,37329;100
92;2;2;13,37329;100
92;3;15;13,70654;100
92;3;15;13,70654;100
92;2;2;13,70654;100
92;3;15;13,70654;100
92;2;2;13,70654;100
92;3;15;13,70654;100
92;2;2;13,70654;100
92;3;15;14,03979;100
92;2;2;14,03979;100
92;3;15;14,03979;100
92;2;2;14,03979;100
92;3;15;14,03979;100
92;2;2;14,03979;100
92;3;15;14,03979;100
92;2;2;14,37305;100
92;2;2;14,37305;100
92;3;15;14,37305;100
92;2;2;14,37305;100
92;2;2;14,37305;100
92;3;15;14,7063;100
92;3;15;14,7063;100
92;3;15;14,7063;100
92;2;2;14,7063;100
92;3;15;14,7063;100
92;3;15;14,7063;100
92;2;2;14,7063;100
92;2;2;15,03955;100
92;2;2;15,03955;100
92;3;15;15,03955;100
92;3;15;15,03955;100
92;3;15;15,03955;100
92;3;15;15,03955;100
92;2;2;15,03955;100
92;3;15;15,03955;100
92;2;2;15,03955;100
92;3;15;15,03955;100
92;3;15;15,03955;100
92;2;2;15,3728;100
92;2;2;15,3728;100
92;3;15;15,3728;100
92;2;2;15,3728;100
92;3;15;15,3728;100
92;2;2;15,3728;100
92;3;15;15,3728;100
92;2;2;15,3728;100
92;2;2;15,3728;100
92;3;15;15,70605;100
92;3;15;15,70605;100
92;2;2;15,70605;100
92;3;15;15,70605;100
92;3;15;15,70605;100
92;2;2;15,70605;100
92;3;15;15,70605;100
92;3;15;16,03931;100
92;3;15;16,03931;100
92;2;2;16,03931;100
92;3;15;16,03931;100
92;2;2;16,03931;100
92;2;2;16,03931;100
92;2;2;16,03931;100
92;3;15;16,03931;100
92;2;2;16,03931;100
92;2;2;16,03931;100
92;3;15;16,37256;100
92;3;15;16,37256;100
92;2;2;16,37256;100
92;3;15;16,37256;100
92;2;2;16,37256;100
92;2;2;16,37256;100
92;3;15;16,37256;100
92;2;2;16,37256;100
92;2;2;16,37256;100
92;2;2;16,37256;100
92;2;2;16,70581;100
92;2;2;16,70581;100
92;3;15;16,70581;100
92;2;2;16,70581;100
92;2;2;16,70581;100
92;3;15;16,70581;100
92;2;2;16,70581;100
92;3;15;16,70581;100
92;3;15;17,03906;100
92;2;2;17,03906;100
92;3;15;17,03906;100
92;3;15;17,03906;100
92;3;15;17,03906;100
92;2;2;17,03906;100
92;2;2;17,03906;100
92;2;2;17,03906;100
92;3;15;17,03906;100
92;3;15;17,03906;100
92;2;2;17,37231;100
92;3;15;17,37231;100
92;3;15;17,37231;100
92;3;15;17,37231;100
92;3;15;17,37231;100
92;2;2;17,37231;100
92;2;2;17,37231;100
92;3;15;17,37231;100
92;2;2;17,37231;100
92;3;15;17,70557;100
92;3;15;17,70557;100
92;2;2;17,70557;100
92;2;2;17,70557;100
92;2;2;17,70557;100
92;3;15;17,70557;100
92;3;15;17,70557;100
92;2;2;17,70557;100
92;3;15;17,70557;100
92;3;15;17,70557;100
92;2;2;17,70557;100
92;2;2;17,70557;100
92;2;2;17,70557;100
92;3;15;18,03882;100
92;2;2;18,03882;100
92;2;2;18,03882;100
92;3;15;18,03882;100
92;2;2;18,03882;100
92;2;2;18,03882;100
92;2;2;18,03882;100
92;2;2;18,37207;100
92;2;2;18,37207;100
92;3;15;18,37207;100
92;3;15;18,37207;100
92;2;2;18,37207;100
92;3;15;18,37207;100
92;2;2;18,37207;100
92;3;15;18,37207;100
92;2;2;18,37207;100
92;3;15;18,70532;100
92;3;15;18,70532;100
92;3;15;18,70532;100
92;3;15;18,70532;100
92;2;2;18,70532;100
92;3;15;18,70532;100
92;3;15;18,70532;100
92;3;15;19,03857;100
92;3;15;19,03857;100
92;2;2;19,03857;100
92;2;2;19,03857;100
92;3;15;19,03857;100
92;3;15;19,03857;100
92;2;2;19,03857;100
92;3;15;19,03857;100
92;3;15;19,03857;100
92;3;15;19,03857;100
92;3;15;19,03857;100
92;2;2;19,03857;100
92;3;15;19,37183;100
92;3;15;19,37183;100
92;3;15;19,37183;100
92;2;2;19,37183;100
92;3;15;19,37183;100
92;2;2;19,37183;100
92;3;15;19,37183;100
92;2;2;19,37183;100
92;3;15;19,37183;100
92;3;15;19,70508;100
92;2;2;19,70508;100
92;3;15;19,70508;100
92;2;2;19,70508;100
92;2;2;19,70508;100
92;2;2;19,70508;100
92;2;2;19,70508;100
92;2;2;19,70508;100
92;3;15;19,70508;100
92;2;2;19,70508;100
92;2;2;20,03833;100
92;3;15;20,03833;100
92;3;15;20,03833;100
92;2;2;20,03833;100
92;3;15;20,03833;100
92;2;2;20,03833;100
92;2;2;20,03833;100
92;2;2;20,03833;100
92;3;15;20,03833;100
92;2;2;20,03833;100
92;3;15;20,37158;100
92;2;2;20,37158;100
92;3;15;20,37158;100
92;3;15;20,37158;100
92;3;15;20,37158;100
92;3;15;20,37158;100
92;2;2;20,37158;100
92;3;15;20,37158;100
92;3;15;20,37158;100
92;2;2;20,37158;100
92;3;15;20,70483;100
92;2;2;20,70483;100
92;3;15;20,70483;85
92;3;15;20,70483;70
92;3;15;20,70483;55
92;2;2;20,70483;55
92;2;2;20,70483;55
92;2;2;20,70483;55
92;3;15;20,70483;40
92;3;15;21,03809;25
92;3;15;21,03809;10
84;2;2;21,03809;8
52;2;2;21,03809;6
36;3;15;21,03809;-9
Player