100;3;15;44,25781;100
100;3;15;44,59131;100
100;2;2;44,59131;100
100;3;15;44,59131;100
100;2;2;44,59131;100
100;3;15;44,59131;100
100;3;15;44,59131;100
100;2;2;44,59131;100
100;3;15;44,59131;100
100;3;15;44,59131;100
100;2;2;44,9248;100
100;3;15;44,9248;100
100;2;2;44,9248;100
100;3;15;44,9248;100
100;3;15;44,9248;100
100;2;2;44,9248;100
100;3;15;44,9248;100
100;2;2;44,9248;100
100;3;15;45,2583;100
100;3;15;45,2583;100
100;2;2;45,2583;100
100;3;15;45,2583;100
100;3;15;45,2583;100
100;2;2;45,2583;100
100;2;2;45,2583;100
100;3;15;45,5918;100
100;2;2;45,5918;100
100;2;2;45,5918;100
100;2;2;45,5918;100
100;3;15;45,5918;100
100;2;2;45,5918;100
100;2;2;45,5918;100
100;3;15;45,5918;100
100;2;2;45,92529;100
100;2;2;45,92529;100
100;3;15;45,92529;100
100;3;15;45,92529;100
100;3;15;45,92529;100
100;2;2;45,92529;100
100;2;2;45,92529;100
100;2;2;45,92529;100
100;3;15;45,92529;100
100;2;2;46,25879;100
100;2;2;46,25879;100
100;2;2;46,25879;100
100;3;15;46,25879;100
100;3;15;46,25879;100
100;2;2;46,59229;100
100;3;15;46,59229;100
100;3;15;46,59229;100
100;2;2;46,59229;100
100;2;2;46,59229;100
100;2;2;46,59229;100
100;3;15;46,59229;100
100;3;15;46,59229;100
100;2;2;46,59229;100
100;3;15;46,92578;100
100;3;15;46,92578;100
100;3;15;46,92578;100
100;3;15;46,92578;100
100;2;2;46,92578;100
100;3;15;47,25928;100
100;3;15;47,25928;100
100;3;15;47,25928;100
100;2;2;47,25928;100
100;2;2;47,25928;100
100;2;2;47,25928;100
100;2;2;47,25928;100
100;3;15;47,25928;100
100;2;2;47,59277;100
100;2;2;47,59277;100
100;2;2;47,59277;100
100;2;2;47,59277;100
100;3;15;47,59277;100
100;2;2;47,59277;100
100;2;2;47,59277;100
100;3;15;47,59277;100
100;3;15;47,59277;100
100;3;15;47,92627;100
100;3;15;47,92627;100
100;3;15;47,92627;100
100;2;2;47,92627;100
100;2;2;47,92627;100
100;2;2;48,25977;100
100;3;15;48,25977;100
100;2;2;48,25977;100
100;2;2;48,25977;100
100;3;15;48,25977;100
100;2;2;48,25977;100
100;2;2;48,25977;100
100;2;2;48,25977;100
100;3;15;48,25977;100
100;2;2;48,59326;100
100;3;15;48,59326;100
100;3;15;48,59326;100
100;3;15;48,59326;100
100;2;2;48,59326;100
100;3;15;48,59326;100
100;2;2;48,59326;100
100;3;15;48,59326;100
100;3;15;48,92676;100
100;2;2;48,92676;100
100;2;2;48,92676;100
100;2;2;48,92676;100
100;3;15;48,92676;100
100;3;15;48,92676;100
100;3;15;48,92676;100
100;3;15;48,92676;100
100;2;2;49,26025;100
100;3;15;49,26025;100
100;2;2;49,26025;100
100;3;15;49,26025;100
100;3;15;49,59375;100
100;3;15;49,59375;100
100;3;15;49,59375;100
100;2;2;49,59375;100
100;3;15;49,59375;100
100;3;15;49,59375;100
100;3;15;49,59375;100
100;2;2;49,59375;100
100;2;2;49,59375;100
100;3;15;49,59375;100
100;2;2;49,92725;100
100;3;15;49,92725;100
100;2;2;49,92725;100
100;3;15;49,92725;100
100;3;15;49,92725;100
100;3;15;49,92725;100
100;3;15;49,92725;100
100;2;2;49,92725;100
100;2;2;49,92725;100
100;3;15;49,92725;100
100;2;2;49,92725;100
100;3;15;49,92725;100
100;2;2;50,26074;100
100;2;2;50,26074;100
100;3;15;50,26074;100
100;2;2;50,26074;100
100;2;2;50,26074;100
100;3;15;50,26074;100
100;2;2;50,26074;100
100;3;15;50,26074;100
100;2;2;50,59424;100
100;3;15;50,59424;100
100;2;2;50,59424;100
100;2;2;50,59424;100
100;2;2;50,59424;100
100;3;15;50,59424;100
100;3;15;50,92773;100
100;3;15;50,92773;100
100;2;2;50,92773;100
100;3;15;50,92773;100
100;3;15;50,92773;100
100;2;2;50,92773;100
100;2;2;50,92773;100
100;3;15;50,92773;100
100;2;2;51,26123;100
100;3;15;51,26123;100
100;3;15;51,26123;100
100;2;2;51,26123;100
100;3;15;51,26123;100
100;2;2;51,26123;100
100;3;15;51,59473;100
100;3;15;51,59473;100
100;2;2;51,59473;100
100;2;2;51,59473;100
100;2;2;51,59473;100
100;2;2;51,59473;100
100;2;2;51,59473;100
100;2;2;51,59473;100
100;2;2;51,92822;100
100;3;15;51,92822;100
100;3;15;51,92822;100
100;2;2;51,92822;100
100;2;2;51,92822;100
100;2;2;51,92822;100
100;3;15;51,92822;100
100;2;2;52,26172;100
100;3;15;52,26172;100
100;2;2;52,26172;100
100;2;2;52,26172;100
100;2;2;52,26172;100
100;2;2;52,26172;100
100;3;15;52,26172;100
100;3;15;52,26172;100
100;3;15;52,59521;100
100;3;15;52,59521;100
100;3;15;52,59521;100
100;3;15;52,59521;100
100;3;15;52,59521;100
100;3;15;52,59521;100
100;3;15;52,59521;100
100;2;2;52,59521;100
100;3;15;52,92871;100
100;3;15;52,92871;100
100;3;15;52,92871;100
100;3;15;52,92871;100
100;2;2;52,92871;100
100;2;2;52,92871;100
100;2;2;53,26221;100
100;3;15;53,26221;100
100;3;15;53,26221;100
100;2;2;53,26221;100
100;3;15;53,5957;100
100;3;15;53,5957;100
100;3;15;53,5957;100
100;3;15;53,5957;100
100;3;15;53,5957;100
100;3;15;53,5957;100
100;2;2;53,5957;100
100;2;2;53,5957;100
100;2;2;53,9292;100
100;2;2;53,9292;100
100;2;2;53,9292;100
100;2;2;53,9292;100
100;3;15;53,9292;100
100;3;15;53,9292;100
100;2;2;53,9292;100
100;3;15;53,9292;100
100;3;15;53,9292;100
100;2;2;53,9292;100
100;2;2;54,2627;100
100;2;2;54,2627;100
100;2;2;54,2627;100
100;2;2;54,59619;100
100;3;15;54,59619;100
100;3;15;54,59619;100
100;2;2;54,59619;100
100;3;15;54,59619;100
100;2;2;54,59619;100
100;3;15;54,59619;100
100;2;2;54,92969;100
100;2;2;54,92969;100
100;3;15;54,92969;100
100;2;2;54,92969;100
100;2;2;54,92969;100
100;3;15;54,92969;100
100;2;2;54,92969;100
100;3;15;55,26318;100
100;3;15;55,26318;100
100;2;2;55,26318;100
100;3;15;55,26318;100
100;3;15;55,26318;100
100;3;15;55,26318;100
100;3;15;55,59668;100
100;2;2;55,59668;100
100;3;15;55,59668;100
100;3;15;55,59668;100
100;3;15;55,59668;100
100;3;15;55,59668;100
100;2;2;55,93018;100
100;3;15;55,93018;100
100;2;2;55,93018;100
100;2;2;55,93018;100
100;3;15;55,93018;100
100;2;2;55,93018;100
100;3;15;55,93018;100
100;2;2;55,93018;100
100;3;15;55,93018;100
100;3;15;56,26367;100
100;2;2;56,26367;100
100;3;15;56,26367;100
100;3;15;56,26367;100
100;3;15;56,26367;100
100;2;2;56,59717;100
100;2;2;56,59717;100
100;2;2;56,59717;100
100;3;15;56,59717;100
100;2;2;56,59717;100
100;3;15;56,59717;100
100;3;15;56,93066;100
100;2;2;56,93066;100
100;2;2;56,93066;100
100;3;15;56,93066;100
100;3;15;56,93066;100
100;3;15;56,93066;100
100;2;2;56,93066;100
100;2;2;56,93066;100
100;2;2;57,26416;100
100;2;2;57,26416;100
100;3;15;57,26416;100
100;3;15;57,26416;100
100;2;2;57,26416;100
100;3;15;57,26416;100
100;2;2;57,26416;100
100;2;2;57,26416;100
100;2;2;57,26416;100
100;2;2;57,26416;100
100;3;15;57,59766;100
100;3;15;57,59766;100
100;3;15;57,59766;100
100;2;2;57,59766;100
100;2;2;57,59766;100
100;3;15;57,59766;100
100;3;15;57,59766;100
100;3;15;57,59766;100
100;2;2;57,59766;100
100;2;2;57,59766;100
100;3;15;57,59766;100
100;3;15;57,93115;100
100;3;15;57,93115;100
100;3;15;57,93115;100
100;3;15;57,93115;100
100;2;2;57,93115;100
100;2;2;57,93115;100
100;2;2;57,93115;100
100;2;2;57,93115;100
100;3;15;57,93115;100
100;2;2;57,93115;100
100;3;15;58,26465;100
100;2;2;58,26465;100
100;3;15;58,26465;100
100;2;2;58,26465;100
100;3;15;58,26465;100
100;2;2;58,26465;100
100;2;2;58,59814;100
100;3;15;58,59814;100
100;3;15;58,59814;100
100;3;15;58,59814;100
100;3;15;58,59814;100
100;2;2;58,59814;100
100;3;15;58,93164;100
100;3;15;58,93164;100
100;2;2;58,93164;100
100;3;15;58,93164;100
100;2;2;58,93164;100
100;3;15;59,26514;100
100;3;15;59,26514;100
100;3;15;59,26514;100
100;3;15;59,26514;100
100;3;15;59,26514;100
100;2;2;59,59863;100
100;2;2;59,59863;100
100;3;15;59,59863;100
100;2;2;59,59863;100
100;2;2;59,59863;100
100;3;15;59,59863;100
100;3;15;59,59863;100
100;2;2;59,93213;100
100;3;15;59,93213;100
100;2;2;59,93213;100
100;2;2;59,93213;100
100;2;2;59,93213;100
100;2;2;0,265625;100
100;3;15;0,265625;100
100;3;15;0,265625;100
100;2;2;0,265625;100
100;3;15;0,265625;100
100;2;2;0,265625;100
100;2;2;0,265625;100
100;2;2;0,265625;100
100;3;15;0,265625;100
100;2;2;0,265625;100
100;3;15;0,265625;100
100;2;2;0,5991211;100
100;2;2;0,5991211;100
100;3;15;0,5991211;100
100;2;2;0,5991211;100
100;2;2;0,5991211;100
100;3;15;0,5991211;100
100;2;2;0,5991211;100
100;2;2;0,5991211;100
100;2;2;0,5991211;100
100;3;15;0,9326172;100
100;2;2;0,9326172;100
100;2;2;0,9326172;100
100;3;15;0,9326172;100
100;2;2;0,9326172;100
100;2;2;0,9326172;100
100;3;15;0,9326172;100
100;2;2;0,9326172;100
100;2;2;1,266113;100
100;2;2;1,266113;100
100;3;15;1,266113;100
100;2;2;1,266113;100
100;3;15;1,266113;100
100;3;15;1,266113;100
100;2;2;1,266113;100
100;3;15;1,266113;100
100;3;15;1,599609;100
100;3;15;1,599609;100
100;3;15;1,599609;100
100;2;2;1,599609;100
100;2;2;1,599609;100
100;2;2;1,599609;100
100;3;15;1,599609;100
100;2;2;1,599609;100
100;2;2;1,933105;100
100;3;15;1,933105;100
100;3;15;1,933105;100
100;2;2;1,933105;100
100;3;15;1,933105;100
100;2;2;1,933105;100
100;2;2;1,933105;100
100;3;15;1,933105;100
100;2;2;1,933105;100
100;3;15;1,933105;100
100;3;15;1,933105;100
100;3;15;2,266602;100
100;2;2;2,266602;100
100;3;15;2,266602;100
100;3;15;2,266602;100
100;2;2;2,266602;100
100;2;2;2,266602;100
100;2;2;2,266602;100
100;3;15;2,266602;100
100;2;2;2,266602;100
100;3;15;2,600098;100
100;3;15;2,600098;100
100;2;2;2,600098;100
100;2;2;2,600098;100
100;2;2;2,600098;100
100;2;2;2,600098;100
100;3;15;2,600098;100
100;2;2;2,600098;100
100;3;15;2,933594;100
100;2;2;2,933594;100
100;3;15;2,933594;100
100;3;15;2,933594;100
100;3;15;2,933594;100
100;3;15;2,933594;100
100;3;15;2,933594;100
100;3;15;2,933594;100
100;3;15;3,26709;100
100;3;15;3,26709;100
100;3;15;3,26709;100
100;2;2;3,26709;100
100;2;2;3,26709;100
100;2;2;3,26709;100
100;3;15;3,600586;100
100;3;15;3,600586;100
100;3;15;3,600586;100
100;2;2;3,600586;100
100;2;2;3,600586;100
100;2;2;3,600586;100
100;3;15;3,600586;100
100;2;2;3,600586;100
100;2;2;3,600586;100
100;3;15;3,934082;100
100;3;15;3,934082;100
100;2;2;3,934082;100
100;3;15;3,934082;100
100;2;2;3,934082;100
100;2;2;3,934082;100
100;3;15;3,934082;100
100;2;2;3,934082;100
100;3;15;4,267578;100
100;3;15;4,267578;100
100;3;15;4,267578;100
100;3;15;4,267578;100
100;2;2;4,267578;100
100;2;2;4,267578;100
100;2;2;4,267578;100
100;2;2;4,267578;100
100;3;15;4,267578;100
100;3;15;4,267578;100
100;2;2;4,267578;100
100;3;15;4,267578;100
100;3;15;4,601074;100
100;2;2;4,601074;100
100;3;15;4,601074;100
100;3;15;4,601074;100
100;2;2;4,601074;100
100;3;15;4,601074;100
100;3;15;4,601074;100
100;3;15;4,93457;100
100;3;15;4,93457;100
100;3;15;4,93457;100
100;2;2;4,93457;100
100;3;15;4,93457;100
100;2;2;4,93457;100
100;2;2;4,93457;100
100;2;2;4,93457;100
100;2;2;4,93457;100
100;3;15;4,93457;100
100;3;15;4,93457;100
100;2;2;5,268066;100
100;3;15;5,268066;100
100;3;15;5,268066;100
100;3;15;5,268066;100
100;3;15;5,268066;100
100;2;2;5,268066;100
100;3;15;5,268066;100
100;3;15;5,268066;100
100;3;15;5,268066;100
100;2;2;5,268066;100
100;3;15;5,601563;100
100;2;2;5,601563;100
100;2;2;5,601563;100
100;2;2;5,601563;100
100;2;2;5,601563;100
100;3;15;5,601563;100
100;2;2;5,601563;100
100;2;2;5,601563;100
100;2;2;5,601563;100
100;2;2;5,601563;100
100;3;15;5,601563;100
100;3;15;5,935059;100
100;3;15;5,935059;100
100;3;15;5,935059;100
100;3;15;5,935059;100
100;3;15;5,935059;100
100;2;2;5,935059;100
100;3;15;5,935059;100
100;3;15;5,935059;100
100;3;15;5,935059;100
100;3;15;5,935059;100
100;2;2;5,935059;100
100;3;15;5,935059;100
100;3;15;6,268555;100
100;2;2;6,268555;100
100;3;15;6,268555;100
100;3;15;6,268555;100
100;3;15;6,268555;100
100;3;15;6,268555;100
100;2;2;6,268555;100
100;3;15;6,602051;100
100;2;2;6,602051;100
100;3;15;6,602051;100
100;3;15;6,602051;100
100;2;2;6,602051;100
100;3;15;6,602051;100
100;2;2;6,602051;100
100;3;15;6,602051;100
100;3;15;6,602051;100
100;2;2;6,602051;100
100;2;2;6,935547;100
100;2;2;6,935547;100
100;2;2;6,935547;100
100;3;15;6,935547;100
100;3;15;6,935547;100
100;3;15;6,935547;100
100;3;15;6,935547;100
100;3;15;6,935547;100
100;3;15;7,269043;100
100;3;15;7,269043;100
100;2;2;7,269043;100
100;3;15;7,269043;100
100;3;15;7,269043;100
100;2;2;7,269043;100
100;3;15;7,269043;100
100;3;15;7,269043;100
100;2;2;7,269043;100
100;3;15;7,602539;100
100;2;2;7,602539;100
100;3;15;7,602539;100
100;2;2;7,602539;100
100;3;15;7,602539;100
100;3;15;7,602539;100
100;3;15;7,602539;100
100;2;2;7,602539;100
100;2;2;7,936035;100
100;2;2;7,936035;100
100;3;15;7,936035;100
100;3;15;7,936035;100
100;2;2;7,936035;100
100;2;2;7,936035;100
100;3;15;7,936035;100
100;2;2;7,936035;100
100;3;15;7,936035;100
100;3;15;7,936035;100
100;3;15;8,269531;100
100;2;2;8,269531;100
100;3;15;8,269531;100
100;2;2;8,269531;100
100;3;15;8,269531;100
100;3;15;8,269531;100
100;3;15;8,269531;100
100;3;15;8,269531;100
100;3;15;8,603027;100
100;2;2;8,603027;100
100;2;2;8,603027;100
100;3;15;8,603027;100
100;3;15;8,603027;100
100;2;2;8,603027;100
100;3;15;8,603027;100
100;2;2;8,936523;100
100;3;15;8,936523;100
100;3;15;8,936523;100
100;3;15;8,936523;100
100;2;2;8,936523;100
100;3;15;8,936523;100
100;3;15;8,936523;100
100;3;15;8,936523;100
100;2;2;9,27002;100
100;3;15;9,27002;100
100;3;15;9,27002;100
100;2;2;9,27002;100
100;2;2;9,27002;100
100;3;15;9,27002;100
100;3;15;9,27002;100
100;3;15;9,603516;100
100;3;15;9,603516;100
100;2;2;9,603516;100
100;3;15;9,603516;100
100;3;15;9,603516;100
100;2;2;9,603516;100
100;3;15;9,603516;100
100;3;15;9,603516;100
100;2;2;9,603516;100
100;3;15;9,603516;100
100;3;15;9,937012;100
100;3;15;9,937012;100
100;3;15;9,937012;100
100;2;2;9,937012;100
100;3;15;9,937012;100
100;3;15;9,937012;100
100;2;2;9,937012;100
100;2;2;9,937012;100
100;3;15;10,27051;100
100;2;2;10,27051;100
100;3;15;10,27051;100
100;2;2;10,27051;100
100;2;2;10,27051;100
100;3;15;10,27051;100
100;2;2;10,27051;100
100;3;15;10,27051;100
100;2;2;10,27051;100
100;3;15;10,27051;100
100;2;2;10,604;100
100;2;2;10,604;100
100;2;2;10,604;100
100;3;15;10,604;100
100;3;15;10,604;100
100;3;15;10,604;100
100;3;15;10,604;100
100;2;2;10,604;100
100;3;15;10,9375;100
100;3;15;10,9375;100
100;2;2;10,9375;100
100;2;2;10,9375;100
100;3;15;10,9375;100
100;2;2;11,271;100
100;2;2;11,271;100
100;2;2;11,271;100
100;2;2;11,271;100
100;2;2;11,60449;100
100;3;15;11,60449;100
100;3;15;11,60449;100
100;3;15;11,60449;100
100;2;2;11,60449;100
100;3;15;11,60449;100
100;3;15;11,60449;100
100;2;2;11,60449;100
100;3;15;11,93799;100
100;3;15;11,93799;100
100;3;15;11,93799;100
100;2;2;11,93799;100
100;2;2;11,93799;100
100;2;2;11,93799;100
100;2;2;11,93799;100
100;3;15;11,93799;100
100;2;2;12,27148;100
100;2;2;12,27148;100
100;2;2;12,27148;100
100;2;2;12,27148;100
100;3;15;12,27148;100
100;3;15;12,60498;100
100;3;15;12,60498;100
100;2;2;12,60498;100
100;2;2;12,60498;100
100;2;2;12,60498;100
100;2;2;12,60498;100
100;2;2;12,60498;100
100;3;15;12,93848;100
100;2;2;12,93848;100
100;2;2;12,93848;100
100;2;2;12,93848;100
100;3;15;12,93848;100
100;2;2;12,93848;100
100;3;15;12,93848;100
100;2;2;12,93848;100
100;2;2;12,93848;100
100;3;15;13,27197;100
100;2;2;13,27197;100
100;2;2;13,27197;100
100;3;15;13,27197;100
100;3;15;13,27197;100
100;3;15;13,27197;100
100;2;2;13,27197;100
100;2;2;13,27197;100
100;3;15;13,27197;100
100;3;15;13,60547;100
100;2;2;13,60547;100
100;3;15;13,60547;100
100;2;2;13,60547;100
100;3;15;13,60547;100
100;2;2;13,60547;100
100;2;2;13,60547;100
100;3;15;13,93896;100
100;2;2;13,93896;100
100;2;2;13,93896;100
100;2;2;13,93896;100
100;2;2;13,93896;100
100;3;15;13,93896;100
100;3;15;13,93896;100
100;3;15;13,93896;100
100;3;15;13,93896;100
100;2;2;14,27246;100
100;3;15;14,27246;100
100;3;15;14,27246;100
100;2;2;14,27246;100
100;3;15;14,27246;100
100;2;2;14,27246;100
100;2;2;14,27246;100
100;2;2;14,27246;100
100;3;15;14,27246;100
100;3;15;14,60596;100
100;3;15;14,60596;100
100;3;15;14,60596;100
100;3;15;14,60596;100
100;2;2;14,60596;100
100;2;2;14,60596;100
100;3;15;14,93945;100
100;2;2;14,93945;100
100;3;15;14,93945;100
100;3;15;14,93945;100
100;2;2;14,93945;100
100;3;15;14,93945;100
100;3;15;14,93945;100
100;3;15;14,93945;100
100;2;2;14,93945;100
100;2;2;14,93945;100
100;2;2;15,27295;100
100;2;2;15,27295;100
100;3;15;15,27295;100
100;2;2;15,27295;100
100;3;15;15,27295;100
100;3;15;15,27295;100
100;3;15;15,27295;100
100;2;2;15,60645;100
100;2;2;15,60645;100
100;3;15;15,60645;100
100;2;2;15,60645;100
100;3;15;15,60645;100
100;3;15;15,93994;100
100;3;15;15,93994;100
100;3;15;15,93994;100
100;3;15;15,93994;100
100;2;2;15,93994;100
100;2;2;15,93994;100
100;2;2;15,93994;100
100;3;15;15,93994;100
100;3;15;16,27344;100
100;2;2;16,27344;100
100;2;2;16,27344;100
100;3;15;16,27344;100
100;2;2;16,27344;100
100;2;2;16,27344;100
100;2;2;16,27344;100
100;2;2;16,27344;100
100;3;15;16,27344;100
100;2;2;16,27344;100
100;3;15;16,60693;100
100;2;2;16,60693;100
100;3;15;16,60693;100
100;2;2;16,60693;100
100;3;15;16,60693;100
100;3;15;16,60693;100
100;3;15;16,60693;100
100;2;2;16,60693;100
100;3;15;16,60693;100
100;2;2;16,94043;100
100;3;15;16,94043;100
100;3;15;16,94043;100
100;3;15;16,94043;100
100;3;15;16,94043;100
100;2;2;16,94043;100
100;2;2;16,94043;100
100;3;15;17,27393;100
100;3;15;17,27393;100
100;2;2;17,27393;100
100;3;15;17,27393;100
100;3;15;17,27393;100
100;2;2;17,27393;100
100;3;15;17,27393;100
100;3;15;17,27393;100
100;2;2;17,60742;100
100;3;15;17,60742;100
100;2;2;17,60742;100
100;3;15;17,60742;100
100;2;2;17,60742;100
100;3;15;17,60742;100
100;2;2;17,94092;100
100;2;2;17,94092;100
100;3;15;17,94092;100
100;3;15;17,94092;100
100;2;2;17,94092;100
100;3;15;18,27441;100
100;3;15;18,27441;100
100;3;15;18,27441;100
100;3;15;18,27441;100
100;2;2;18,27441;100
100;3;15;18,27441;100
100;2;2;18,27441;100
100;2;2;18,60791;100
100;2;2;18,60791;100
100;3;15;18,60791;100
100;2;2;18,60791;100
100;2;2;18,60791;100
100;3;15;18,60791;100
100;3;15;18,60791;100
100;3;15;18,94141;100
100;2;2;18,94141;100
100;2;2;18,94141;100
100;2;2;18,94141;100
100;2;2;18,94141;100
100;2;2;18,94141;100
100;2;2;19,2749;100
100;2;2;19,2749;100
100;3;15;19,2749;100
100;2;2;19,2749;100
100;3;15;19,2749;100
100;2;2;19,2749;100
100;3;15;19,2749;100
100;3;15;19,2749;100
100;2;2;19,2749;100
100;2;2;19,2749;100
100;2;2;19,6084;100
100;3;15;19,6084;100
100;2;2;19,6084;100
100;2;2;19,6084;100
100;3;15;19,6084;100
100;2;2;19,6084;100
100;2;2;19,6084;100
100;2;2;19,6084;100
100;3;15;19,6084;100
100;2;2;19,6084;100
100;2;2;19,94189;100
100;2;2;19,94189;100
100;3;15;19,94189;100
100;2;2;19,94189;100
100;3;15;19,94189;100
100;3;15;19,94189;100
100;3;15;19,94189;100
100;2;2;19,94189;100
100;3;15;20,27539;100
100;2;2;20,27539;100
100;3;15;20,27539;100
100;2;2;20,27539;100
100;3;15;20,27539;100
100;3;15;20,27539;100
100;2;2;20,27539;100
100;2;2;20,27539;100
100;3;15;20,27539;100
100;3;15;20,60889;100
100;3;15;20,60889;100
100;3;15;20,60889;100
100;3;15;20,60889;100
100;2;2;20,60889;100
100;3;15;20,60889;100
100;3;15;20,94238;100
100;3;15;20,94238;100
100;2;2;20,94238;100
100;2;2;20,94238;100
100;2;2;20,94238;100
100;3;15;20,94238;100
100;3;15;20,94238;100
100;3;15;20,94238;100
100;3;15;20,94238;100
100;3;15;20,94238;100
100;2;2;21,27588;100
100;2;2;21,27588;100
100;3;15;21,27588;100
100;2;2;21,27588;100
100;3;15;21,27588;100
100;3;15;21,27588;100
100;2;2;21,27588;100
100;3;15;21,60938;100
100;3;15;21,60938;100
100;3;15;21,60938;100
100;3;15;21,60938;100
100;3;15;21,60938;100
100;3;15;21,60938;100
100;3;15;21,60938;100
100;3;15;21,94287;100
100;3;15;21,94287;100
100;3;15;21,94287;100
100;3;15;21,94287;100
100;2;2;21,94287;100
100;2;2;21,94287;100
100;2;2;21,94287;100
100;3;15;21,94287;100
100;3;15;22,27637;100
100;3;15;22,27637;100
100;3;15;22,27637;100
100;2;2;22,27637;100
100;3;15;22,27637;100
100;3;15;22,27637;100
100;2;2;22,60986;100
100;3;15;22,60986;100
100;2;2;22,60986;100
100;2;2;22,60986;100
100;2;2;22,60986;100
100;2;2;22,60986;100
100;3;15;22,94336;100
100;3;15;22,94336;100
100;3;15;22,94336;100
100;3;15;22,94336;100
100;3;15;22,94336;100
100;2;2;22,94336;100
100;2;2;22,94336;100
100;3;15;22,94336;100
100;2;2;22,94336;100
100;3;15;22,94336;100
100;3;15;22,94336;100
100;2;2;22,94336;100
100;3;15;23,27686;100
100;3;15;23,27686;100
100;3;15;23,27686;100
100;2;2;23,27686;100
100;2;2;23,61035;100
100;2;2;23,61035;100
100;2;2;23,61035;100
100;3;15;23,61035;100
100;2;2;23,61035;100
100;2;2;23,61035;100
100;2;2;23,61035;100
100;2;2;23,61035;100
100;2;2;23,61035;100
100;2;2;23,61035;100
100;3;15;23,94385;100
100;3;15;23,94385;100
100;3;15;23,94385;100
100;2;2;23,94385;100
100;3;15;23,94385;100
100;2;2;23,94385;100
100;2;2;23,94385;100
100;3;15;23,94385;100
100;2;2;24,27734;100
100;2;2;24,27734;100
100;3;15;24,27734;100
100;3;15;24,27734;100
100;3;15;24,27734;100
100;2;2;24,61084;100
100;2;2;24,61084;100
100;3;15;24,61084;100
100;3;15;24,61084;100
100;2;2;24,61084;100
100;2;2;24,61084;100
100;3;15;24,61084;100
100;3;15;24,61084;100
100;3;15;24,94434;100
100;3;15;24,94434;100
100;2;2;24,94434;100
100;3;15;24,94434;100
100;2;2;24,94434;100
100;3;15;24,94434;100
100;3;15;25,27783;100
100;3;15;25,27783;100
100;2;2;25,27783;100
100;2;2;25,27783;100
100;2;2;25,27783;100
100;3;15;25,61133;100
100;3;15;25,61133;100
100;2;2;25,61133;100
100;2;2;25,61133;100
100;3;15;25,61133;100
100;3;15;25,61133;100
100;3;15;25,61133;100
100;3;15;25,61133;100
100;3;15;25,94482;100
100;3;15;25,94482;100
100;2;2;25,94482;100
100;3;15;25,94482;100
100;3;15;26,27832;100
100;3;15;26,27832;100
100;3;15;26,27832;100
100;3;15;26,27832;100
100;2;2;26,27832;100
100;3;15;26,61182;100
100;3;15;26,61182;100
100;2;2;26,61182;100
100;2;2;26,61182;100
100;3;15;26,61182;100
100;3;15;26,61182;100
100;3;15;26,61182;100
100;2;2;26,61182;100
100;3;15;26,61182;100
100;3;15;26,61182;100
100;3;15;26,94531;100
100;2;2;26,94531;100
100;3;15;26,94531;100
100;2;2;26,94531;100
100;3;15;26,94531;100
100;2;2;26,94531;100
100;3;15;26,94531;100
100;3;15;26,94531;100
100;3;15;26,94531;100
100;3;15;26,94531;100
100;3;15;26,94531;100
100;2;2;26,94531;100
100;3;15;27,27881;100
100;3;15;27,27881;100
100;2;2;27,27881;100
100;3;15;27,27881;100
100;2;2;27,27881;100
100;2;2;27,27881;100
100;2;2;27,27881;100
100;3;15;27,6123;100
100;2;2;27,6123;100
100;3;15;27,6123;100
100;3;15;27,6123;100
100;2;2;27,6123;100
100;3;15;27,6123;100
100;2;2;27,9458;100
100;3;15;27,9458;100
100;3;15;27,9458;100
100;2;2;27,9458;100
100;2;2;27,9458;100
100;2;2;28,2793;100
100;2;2;28,2793;100
100;3;15;28,2793;100
100;2;2;28,61279;100
100;2;2;28,61279;100
100;3;15;28,61279;100
100;3;15;28,61279;100
100;3;15;28,61279;100
100;3;15;28,61279;100
100;2;2;28,94629;100
100;2;2;28,94629;100
100;3;15;28,94629;100
100;3;15;28,94629;100
100;2;2;28,94629;100
100;2;2;28,94629;100
100;2;2;29,27979;100
100;2;2;29,27979;100
100;2;2;29,27979;100
100;3;15;29,61328;100
100;3;15;29,61328;100
100;3;15;29,61328;100
100;2;2;29,61328;100
100;2;2;29,61328;100
100;3;15;29,61328;100
100;3;15;29,61328;100
100;3;15;29,61328;100
100;2;2;29,61328;100
100;2;2;29,61328;100
100;3;15;29,61328;100
100;3;15;29,94678;100
100;2;2;29,94678;100
100;3;15;29,94678;100
100;3;15;29,94678;100
100;3;15;29,94678;100
100;2;2;29,94678;100
100;3;15;29,94678;100
100;3;15;29,94678;100
100;3;15;29,94678;100
100;2;2;30,28027;100
100;2;2;30,28027;100
100;3;15;30,28027;100
100;2;2;30,28027;100
100;3;15;30,28027;100
100;3;15;30,28027;100
100;2;2;30,28027;100
100;3;15;30,28027;100
100;3;15;30,28027;100
100;3;15;30,61377;100
100;3;15;30,61377;100
100;3;15;30,61377;100
100;3;15;30,61377;100
100;3;15;30,61377;100
100;2;2;30,61377;100
100;3;15;30,61377;100
100;3;15;30,61377;100
100;3;15;30,94727;100
100;2;2;30,94727;100
100;2;2;30,94727;100
100;3;15;30,94727;100
100;3;15;30,94727;100
100;2;2;30,94727;100
100;3;15;30,94727;100
100;3;15;30,94727;100
100;2;2;30,94727;100
100;2;2;31,28076;100
100;3;15;31,28076;100
100;3;15;31,28076;100
100;3;15;31,28076;100
100;3;15;31,28076;100
100;3;15;31,28076;100
100;3;15;31,28076;100
100;3;15;31,61426;100
100;3;15;31,61426;100
100;2;2;31,61426;100
100;3;15;31,61426;100
100;3;15;31,61426;100
100;3;15;31,61426;100
100;2;2;31,61426;100
100;2;2;31,61426;100
100;3;15;31,61426;100
100;3;15;31,61426;100
100;3;15;31,61426;100
100;3;15;31,61426;100
100;2;2;31,94775;100
100;2;2;31,94775;100
100;3;15;31,94775;100
100;2;2;31,94775;100
100;2;2;31,94775;100
100;2;2;31,94775;100
100;2;2;32,28125;100
100;2;2;32,28125;100
100;2;2;32,28125;100
100;3;15;32,28125;100
100;3;15;32,28125;100
100;3;15;32,61475;100
100;3;15;32,61475;100
100;2;2;32,61475;100
100;3;15;32,61475;100
100;2;2;32,61475;100
100;2;2;32,61475;100
100;3;15;32,61475;100
100;3;15;32,61475;100
100;3;15;32,94824;100
100;3;15;32,94824;100
100;3;15;32,94824;100
100;3;15;32,94824;100
100;3;15;32,94824;100
100;3;15;32,94824;100
100;2;2;33,28174;100
100;3;15;33,28174;100
100;3;15;33,28174;100
100;2;2;33,28174;100
100;2;2;33,61523;100
100;2;2;33,61523;100
100;3;15;33,61523;100
100;2;2;33,61523;100
100;2;2;33,61523;100
100;3;15;33,61523;100
100;3;15;33,61523;100
100;2;2;33,94873;100
100;2;2;33,94873;100
100;3;15;33,94873;100
100;3;15;33,94873;100
100;2;2;33,94873;100
100;2;2;33,94873;100
100;3;15;33,94873;100
100;3;15;33,94873;100
100;3;15;34,28223;100
100;2;2;34,28223;100
100;2;2;34,28223;100
100;2;2;34,28223;100
100;2;2;34,28223;100
100;3;15;34,28223;100
100;3;15;34,61572;100
100;2;2;34,61572;100
100;3;15;34,61572;100
100;2;2;34,61572;100
100;2;2;34,61572;100
100;3;15;34,61572;100
100;2;2;34,61572;100
100;3;15;34,61572;100
100;2;2;34,61572;100
100;3;15;34,61572;100
100;2;2;34,61572;100
100;2;2;34,61572;100
100;2;2;34,61572;100
100;3;15;34,94922;100
100;2;2;34,94922;100
100;3;15;34,94922;100
100;2;2;34,94922;100
100;3;15;34,94922;100
100;3;15;34,94922;100
100;3;15;35,28271;100
100;3;15;35,28271;100
100;3;15;35,28271;100
100;2;2;35,28271;100
100;3;15;35,28271;100
100;2;2;35,28271;100
100;2;2;35,61621;100
100;3;15;35,61621;100
100;3;15;35,61621;100
100;3;15;35,61621;100
100;2;2;35,61621;100
100;2;2;35,61621;100
100;3;15;35,94971;100
100;3;15;35,94971;100
100;2;2;35,94971;100
100;3;15;35,94971;100
100;3;15;35,94971;100
100;2;2;36,2832;100
100;2;2;36,2832;100
100;3;15;36,2832;100
100;3;15;36,2832;100
100;3;15;36,2832;100
100;3;15;36,2832;100
100;3;15;36,2832;100
100;3;15;36,2832;100
100;2;2;36,6167;100
100;2;2;36,6167;100
100;2;2;36,6167;100
100;3;15;36,6167;100
100;3;15;36,6167;100
100;2;2;36,6167;100
100;2;2;36,6167;100
100;2;2;36,6167;100
100;2;2;36,9502;100
100;2;2;36,9502;100
100;3;15;36,9502;100
100;3;15;36,9502;100
100;2;2;36,9502;100
100;2;2;36,9502;100
100;3;15;36,9502;100
100;3;15;36,9502;100
100;3;15;36,9502;100
100;3;15;36,9502;100
100;2;2;37,28369;100
100;3;15;37,28369;100
100;3;15;37,28369;100
100;2;2;37,28369;100
100;3;15;37,28369;100
100;2;2;37,28369;100
100;2;2;37,61719;100
100;3;15;37,61719;100
100;2;2;37,61719;100
100;2;2;37,61719;100
100;3;15;37,61719;100
100;3;15;37,95068;100
100;3;15;37,95068;100
100;2;2;37,95068;100
100;3;15;37,95068;100
100;3;15;37,95068;100
100;2;2;37,95068;100
100;3;15;37,95068;100
100;2;2;37,95068;100
100;2;2;37,95068;100
100;3;15;38,28418;100
100;2;2;38,28418;100
100;2;2;38,28418;100
100;2;2;38,28418;100
100;3;15;38,28418;100
100;2;2;38,28418;100
100;3;15;38,28418;100
100;2;2;38,61768;100
100;2;2;38,61768;100
100;2;2;38,61768;100
100;3;15;38,61768;100
100;2;2;38,61768;100
100;3;15;38,61768;100
100;2;2;38,61768;100
100;2;2;38,61768;100
100;3;15;38,95117;100
100;2;2;38,95117;100
100;3;15;38,95117;100
100;3;15;38,95117;100
100;3;15;38,95117;100
100;3;15;38,95117;100
100;2;2;38,95117;100
100;3;15;38,95117;100
100;3;15;38,95117;100
100;3;15;38,95117;100
100;2;2;39,28467;100
100;3;15;39,28467;100
100;3;15;39,28467;100
100;3;15;39,28467;100
100;3;15;39,28467;100
100;2;2;39,28467;100
100;3;15;39,28467;100
100;3;15;39,61816;100
100;3;15;39,61816;100
100;3;15;39,61816;100
100;3;15;39,61816;100
100;3;15;39,61816;100
100;3;15;39,61816;100
100;3;15;39,61816;100
100;2;2;39,61816;100
100;3;15;39,95166;100
100;2;2;39,95166;100
100;3;15;39,95166;100
100;3;15;39,95166;100
100;2;2;39,95166;100
100;3;15;39,95166;100
100;2;2;39,95166;100
100;3;15;39,95166;100
100;2;2;39,95166;100
100;2;2;39,95166;100
100;3;15;40,28516;100
100;2;2;40,28516;100
100;2;2;40,28516;100
100;2;2;40,28516;100
100;2;2;40,28516;100
100;2;2;40,28516;100
100;3;15;40,61865;85
100;3;15;40,61865;70
100;3;15;40,61865;55
100;2;2;40,61865;55
100;2;2;40,61865;55
100;3;15;40,95215;40
92;3;15;40,95215;25
68;2;2;40,95215;23
60;2;2;40,95215;21
52;2;2;40,95215;19
28;2;2;40,95215;17
-4;3;15;40,95215;2
Boss