92;3;15;22,00488;100
92;2;2;22,00488;100
92;2;2;22,00488;100
92;3;15;22,33813;100
92;3;15;22,33813;100
92;2;2;22,33813;100
92;2;2;22,33813;100
92;2;2;22,33813;100
92;3;15;22,33813;100
92;2;2;22,33813;100
92;2;2;22,33813;100
92;2;2;22,33813;100
92;3;15;22,33813;100
92;3;15;22,67139;100
92;2;2;22,67139;100
92;2;2;22,67139;100
92;3;15;22,67139;100
92;2;2;22,67139;100
92;3;15;22,67139;100
92;2;2;22,67139;100
92;2;2;22,67139;100
92;3;15;23,00464;100
92;2;2;23,00464;100
92;2;2;23,00464;100
92;2;2;23,00464;100
92;3;15;23,00464;100
92;2;2;23,00464;100
92;3;15;23,00464;100
92;2;2;23,00464;100
92;3;15;23,00464;100
92;2;2;23,00464;100
92;2;2;23,00464;100
92;2;2;23,00464;100
92;2;2;23,00464;100
92;2;2;23,33789;100
92;3;15;23,33789;100
92;2;2;23,33789;100
92;3;15;23,33789;100
92;2;2;23,33789;100
92;2;2;23,33789;100
92;2;2;23,33789;100
92;3;15;23,33789;100
92;2;2;23,33789;100
92;2;2;23,33789;100
92;3;15;23,67114;100
92;2;2;23,67114;100
92;2;2;23,67114;100
92;2;2;23,67114;100
92;2;2;23,67114;100
92;2;2;23,67114;100
92;3;15;23,67114;100
92;2;2;23,67114;100
92;3;15;24,00439;100
92;2;2;24,00439;100
92;2;2;24,00439;100
92;2;2;24,00439;100
92;2;2;24,00439;100
92;3;15;24,00439;100
92;2;2;24,00439;100
92;3;15;24,00439;100
92;2;2;24,00439;100
92;2;2;24,33765;100
92;2;2;24,33765;100
92;2;2;24,33765;100
92;2;2;24,33765;100
92;2;2;24,33765;100
92;3;15;24,6709;100
92;3;15;24,6709;100
92;3;15;24,6709;100
92;2;2;24,6709;100
92;3;15;24,6709;100
92;3;15;24,6709;100
92;2;2;24,6709;100
92;2;2;24,6709;100
92;2;2;25,00415;100
92;2;2;25,00415;100
92;3;15;25,00415;100
92;3;15;25,00415;100
92;2;2;25,00415;100
92;2;2;25,00415;100
92;2;2;25,00415;100
92;3;15;25,00415;100
92;2;2;25,3374;100
92;2;2;25,3374;100
92;3;15;25,3374;100
92;3;15;25,3374;100
92;2;2;25,3374;100
92;3;15;25,67065;100
92;2;2;25,67065;100
92;2;2;25,67065;100
92;2;2;25,67065;100
92;2;2;25,67065;100
92;2;2;25,67065;100
92;2;2;25,67065;100
92;2;2;25,67065;100
92;2;2;25,67065;100
92;3;15;25,67065;100
92;2;2;26,00391;100
92;3;15;26,00391;100
92;2;2;26,00391;100
92;2;2;26,00391;100
92;2;2;26,00391;100
92;3;15;26,00391;100
92;3;15;26,00391;100
92;3;15;26,00391;100
92;2;2;26,33716;100
92;3;15;26,33716;100
92;2;2;26,33716;100
92;2;2;26,33716;100
92;3;15;26,33716;100
92;3;15;26,33716;100
92;3;15;26,33716;100
92;2;2;26,33716;100
92;3;15;26,67041;100
92;2;2;26,67041;100
92;2;2;26,67041;100
92;3;15;26,67041;100
92;2;2;26,67041;100
92;2;2;26,67041;100
92;3;15;26,67041;100
92;3;15;27,00366;100
92;3;15;27,00366;100
92;3;15;27,00366;100
92;3;15;27,00366;100
92;3;15;27,00366;100
92;2;2;27,00366;100
92;2;2;27,33691;100
92;2;2;27,33691;100
92;3;15;27,33691;100
92;2;2;27,33691;100
92;3;15;27,33691;100
92;2;2;27,33691;100
92;3;15;27,33691;100
92;3;15;27,33691;100
92;2;2;27,67017;100
92;3;15;27,67017;100
92;2;2;27,67017;100
92;2;2;27,67017;100
92;3;15;28,00342;100
92;3;15;28,00342;100
92;2;2;28,00342;100
92;2;2;28,00342;100
92;3;15;28,00342;100
92;3;15;28,00342;100
92;2;2;28,00342;100
92;2;2;28,00342;100
92;2;2;28,00342;100
92;3;15;28,00342;100
92;3;15;28,33667;100
92;2;2;28,33667;100
92;3;15;28,33667;100
92;2;2;28,33667;100
92;2;2;28,33667;100
92;3;15;28,33667;100
92;2;2;28,33667;100
92;3;15;28,66992;100
92;3;15;28,66992;100
92;3;15;28,66992;100
92;2;2;28,66992;100
92;2;2;29,00317;100
92;2;2;29,00317;100
92;3;15;29,00317;100
92;2;2;29,00317;100
92;2;2;29,00317;100
92;2;2;29,00317;100
92;3;15;29,33643;100
92;3;15;29,33643;100
92;3;15;29,33643;100
92;2;2;29,33643;100
92;3;15;29,33643;100
92;2;2;29,33643;100
92;2;2;29,33643;100
92;3;15;29,66968;100
92;3;15;29,66968;100
92;2;2;29,66968;100
92;3;15;29,66968;100
92;3;15;29,66968;100
92;2;2;29,66968;100
92;2;2;29,66968;100
92;3;15;29,66968;100
92;3;15;29,66968;100
92;3;15;30,00293;100
92;3;15;30,00293;100
92;3;15;30,00293;100
92;3;15;30,00293;100
92;3;15;30,00293;100
92;2;2;30,00293;100
92;2;2;30,00293;100
92;3;15;30,33618;100
92;2;2;30,33618;100
92;2;2;30,33618;100
92;3;15;30,33618;100
92;2;2;30,33618;100
92;3;15;30,66943;100
92;2;2;30,66943;100
92;2;2;30,66943;100
92;3;15;30,66943;100
92;2;2;30,66943;100
92;2;2;30,66943;100
92;2;2;30,66943;100
92;2;2;30,66943;100
92;3;15;31,00269;100
92;3;15;31,00269;100
92;2;2;31,00269;100
92;3;15;31,00269;100
92;2;2;31,00269;100
92;2;2;31,00269;100
92;3;15;31,00269;100
92;2;2;31,00269;100
92;3;15;31,33594;100
92;2;2;31,33594;100
92;2;2;31,33594;100
92;2;2;31,33594;100
92;2;2;31,33594;100
92;3;15;31,33594;100
92;2;2;31,33594;100
92;2;2;31,66919;100
92;2;2;31,66919;100
92;3;15;31,66919;100
92;2;2;31,66919;100
92;3;15;31,66919;100
92;2;2;31,66919;100
92;3;15;31,66919;100
92;2;2;31,66919;100
92;2;2;32,00244;100
92;2;2;32,00244;100
92;2;2;32,00244;100
92;3;15;32,00244;100
92;2;2;32,33569;100
92;2;2;32,33569;100
92;3;15;32,33569;100
92;3;15;32,33569;100
92;2;2;32,33569;100
92;3;15;32,33569;100
92;3;15;32,33569;100
92;3;15;32,66895;100
92;3;15;32,66895;100
92;2;2;32,66895;100
92;2;2;32,66895;100
92;2;2;32,66895;100
92;3;15;32,66895;100
92;3;15;33,0022;100
92;3;15;33,0022;100
92;2;2;33,0022;100
92;3;15;33,0022;100
92;3;15;33,33545;100
92;2;2;33,33545;100
92;2;2;33,33545;100
92;3;15;33,33545;100
92;2;2;33,33545;100
92;3;15;33,33545;100
92;3;15;33,33545;100
92;2;2;33,6687;100
92;2;2;33,6687;100
92;2;2;33,6687;100
92;2;2;33,6687;100
92;3;15;33,6687;100
92;3;15;33,6687;100
92;2;2;33,6687;100
92;2;2;34,00195;100
92;3;15;34,00195;100
92;2;2;34,00195;100
92;2;2;34,00195;100
92;2;2;34,00195;100
92;3;15;34,00195;100
92;3;15;34,33521;100
92;2;2;34,33521;100
92;3;15;34,33521;100
92;2;2;34,33521;100
92;3;15;34,33521;100
92;2;2;34,66846;100
92;2;2;34,66846;100
92;2;2;34,66846;100
92;2;2;34,66846;100
92;2;2;34,66846;100
92;3;15;35,00171;100
92;2;2;35,00171;100
92;3;15;35,00171;100
92;3;15;35,00171;100
92;2;2;35,00171;100
92;3;15;35,00171;100
92;2;2;35,00171;100
92;2;2;35,00171;100
92;2;2;35,33496;100
92;2;2;35,33496;100
92;3;15;35,33496;100
92;2;2;35,33496;100
92;2;2;35,33496;100
92;3;15;35,33496;100
92;3;15;35,33496;100
92;3;15;35,33496;100
92;2;2;35,66821;100
92;3;15;35,66821;100
92;3;15;35,66821;100
92;2;2;35,66821;100
92;2;2;35,66821;100
92;2;2;35,66821;100
92;2;2;35,66821;100
92;2;2;35,66821;100
92;3;15;35,66821;100
92;3;15;36,00146;100
92;2;2;36,00146;100
92;3;15;36,00146;100
92;3;15;36,00146;100
92;2;2;36,00146;100
92;3;15;36,00146;100
92;2;2;36,33472;100
92;2;2;36,33472;100
92;2;2;36,33472;100
92;2;2;36,33472;100
92;3;15;36,33472;100
92;3;15;36,66797;100
92;2;2;36,66797;100
92;2;2;36,66797;100
92;3;15;36,66797;100
92;2;2;36,66797;100
92;3;15;37,00122;100
92;3;15;37,00122;100
92;3;15;37,00122;100
92;2;2;37,00122;100
92;3;15;37,00122;100
92;2;2;37,00122;100
92;2;2;37,00122;100
92;3;15;37,00122;100
92;2;2;37,33447;100
92;3;15;37,33447;100
92;2;2;37,33447;100
92;2;2;37,33447;100
92;3;15;37,33447;100
92;3;15;37,66772;100
92;3;15;37,66772;100
92;3;15;37,66772;100
92;2;2;37,66772;100
92;2;2;37,66772;100
92;2;2;37,66772;100
92;3;15;37,66772;100
92;3;15;37,66772;100
92;2;2;37,66772;100
92;2;2;38,00098;100
92;3;15;38,00098;100
92;2;2;38,00098;100
92;3;15;38,00098;100
92;3;15;38,00098;100
92;3;15;38,00098;100
92;2;2;38,00098;100
92;2;2;38,33423;100
92;3;15;38,33423;100
92;2;2;38,33423;100
92;2;2;38,33423;100
92;3;15;38,33423;100
92;2;2;38,66748;100
92;3;15;38,66748;100
92;3;15;38,66748;100
92;3;15;38,66748;100
92;3;15;38,66748;100
92;3;15;38,66748;100
92;2;2;38,66748;100
92;2;2;39,00073;100
92;2;2;39,00073;100
92;3;15;39,00073;85
92;2;2;39,00073;85
92;2;2;39,00073;85
92;2;2;39,00073;85
92;3;15;39,00073;70
92;3;15;39,00073;55
92;2;2;39,00073;55
92;3;15;39,00073;40
92;2;2;39,33398;40
84;2;2;39,33398;38
52;2;2;39,33398;36
28;2;2;39,33398;34
20;2;2;39,33398;32
12;2;2;39,33398;30
-4;2;2;39,33398;28
Boss