100;2;2;26,49023;100
100;2;2;26,82373;100
100;3;15;26,82373;100
100;3;15;26,82373;100
100;3;15;26,82373;100
100;2;2;26,82373;100
100;3;15;26,82373;100
100;3;15;26,82373;100
100;2;2;26,82373;100
100;3;15;26,82373;100
100;3;15;26,82373;100
100;2;2;26,82373;100
100;3;15;27,15723;100
100;3;15;27,15723;100
100;3;15;27,15723;100
100;3;15;27,15723;100
100;2;2;27,15723;100
100;2;2;27,15723;100
100;3;15;27,15723;100
100;2;2;27,15723;100
100;3;15;27,15723;100
100;3;15;27,49072;100
100;3;15;27,49072;100
100;3;15;27,49072;100
100;2;2;27,49072;100
100;3;15;27,49072;100
100;3;15;27,49072;100
100;3;15;27,49072;100
100;3;15;27,49072;100
100;3;15;27,49072;100
100;3;15;27,82422;100
100;3;15;27,82422;100
100;3;15;27,82422;100
100;3;15;27,82422;100
100;2;2;27,82422;100
100;3;15;27,82422;100
100;3;15;27,82422;100
100;2;2;27,82422;100
100;3;15;27,82422;100
100;3;15;27,82422;100
100;2;2;27,82422;100
100;3;15;28,15771;100
100;2;2;28,15771;100
100;3;15;28,15771;100
100;3;15;28,15771;100
100;2;2;28,15771;100
100;2;2;28,15771;100
100;2;2;28,15771;100
100;3;15;28,49121;100
100;2;2;28,49121;100
100;2;2;28,49121;100
100;3;15;28,49121;100
100;2;2;28,49121;100
100;3;15;28,49121;100
100;3;15;28,49121;100
100;3;15;28,49121;100
100;2;2;28,49121;100
100;3;15;28,82471;100
100;3;15;28,82471;100
100;3;15;28,82471;100
100;2;2;28,82471;100
100;3;15;28,82471;100
100;3;15;28,82471;100
100;2;2;28,82471;100
100;3;15;28,82471;100
100;3;15;29,1582;100
100;2;2;29,1582;100
100;2;2;29,1582;100
100;3;15;29,1582;100
100;3;15;29,1582;100
100;2;2;29,1582;100
100;3;15;29,1582;100
100;3;15;29,1582;100
100;3;15;29,1582;100
100;3;15;29,4917;100
100;3;15;29,4917;100
100;3;15;29,4917;100
100;3;15;29,4917;100
100;3;15;29,4917;100
100;3;15;29,4917;100
100;3;15;29,4917;100
100;3;15;29,4917;100
100;3;15;29,8252;100
100;2;2;29,8252;100
100;2;2;29,8252;100
100;3;15;29,8252;100
100;3;15;29,8252;100
100;2;2;29,8252;100
100;2;2;29,8252;100
100;2;2;30,15869;100
100;3;15;30,15869;100
100;2;2;30,15869;100
100;2;2;30,15869;100
100;3;15;30,15869;100
100;2;2;30,15869;100
100;3;15;30,49219;100
100;3;15;30,49219;100
100;3;15;30,49219;100
100;2;2;30,49219;100
100;3;15;30,49219;100
100;3;15;30,49219;100
100;3;15;30,49219;100
100;2;2;30,49219;100
100;3;15;30,49219;100
100;2;2;30,82568;100
100;2;2;30,82568;100
100;2;2;30,82568;100
100;2;2;30,82568;100
100;3;15;30,82568;100
100;2;2;30,82568;100
100;3;15;30,82568;100
100;2;2;30,82568;100
100;3;15;30,82568;100
100;3;15;30,82568;100
100;3;15;31,15918;100
100;2;2;31,15918;100
100;3;15;31,15918;100
100;3;15;31,15918;100
100;3;15;31,15918;100
100;2;2;31,15918;100
100;2;2;31,15918;100
100;2;2;31,15918;100
100;3;15;31,49268;100
100;2;2;31,49268;100
100;2;2;31,49268;100
100;3;15;31,49268;100
100;3;15;31,49268;100
100;3;15;31,49268;100
100;3;15;31,49268;100
100;2;2;31,49268;100
100;3;15;31,49268;100
100;3;15;31,82617;100
100;3;15;31,82617;100
100;2;2;31,82617;100
100;3;15;31,82617;100
100;3;15;31,82617;100
100;3;15;31,82617;100
100;2;2;31,82617;100
100;3;15;31,82617;100
100;3;15;32,15967;100
100;2;2;32,15967;100
100;3;15;32,15967;100
100;2;2;32,15967;100
100;3;15;32,15967;100
100;3;15;32,15967;100
100;3;15;32,15967;100
100;3;15;32,49316;100
100;3;15;32,49316;100
100;2;2;32,49316;100
100;3;15;32,49316;100
100;3;15;32,49316;100
100;3;15;32,82666;100
100;2;2;32,82666;100
100;2;2;32,82666;100
100;3;15;32,82666;100
100;3;15;32,82666;100
100;3;15;32,82666;100
100;3;15;32,82666;100
100;2;2;32,82666;100
100;3;15;32,82666;100
100;2;2;33,16016;100
100;3;15;33,16016;100
100;3;15;33,16016;100
100;2;2;33,16016;100
100;3;15;33,16016;100
100;3;15;33,16016;100
100;3;15;33,16016;100
100;2;2;33,49365;100
100;3;15;33,49365;100
100;3;15;33,49365;100
100;3;15;33,49365;100
100;3;15;33,49365;100
100;2;2;33,49365;100
100;3;15;33,49365;100
100;2;2;33,49365;100
100;3;15;33,82715;100
100;2;2;33,82715;100
100;3;15;33,82715;100
100;3;15;33,82715;100
100;3;15;33,82715;100
100;2;2;33,82715;100
100;3;15;33,82715;100
100;3;15;33,82715;100
100;2;2;33,82715;100
100;3;15;34,16064;100
100;2;2;34,16064;100
100;3;15;34,16064;100
100;2;2;34,16064;100
100;2;2;34,16064;100
100;3;15;34,16064;100
100;3;15;34,16064;100
100;3;15;34,16064;100
100;2;2;34,49414;100
100;3;15;34,49414;100
100;3;15;34,49414;100
100;3;15;34,49414;100
100;2;2;34,49414;100
100;3;15;34,49414;100
100;3;15;34,49414;100
100;3;15;34,49414;100
100;3;15;34,49414;100
100;2;2;34,49414;100
100;2;2;34,82764;100
100;3;15;34,82764;100
100;3;15;34,82764;100
100;2;2;34,82764;100
100;2;2;34,82764;100
100;3;15;34,82764;100
100;2;2;35,16113;100
100;3;15;35,16113;100
100;3;15;35,16113;100
100;3;15;35,16113;100
100;2;2;35,16113;100
100;3;15;35,16113;100
100;2;2;35,16113;100
100;3;15;35,16113;100
100;2;2;35,49463;100
100;3;15;35,49463;100
100;3;15;35,49463;100
100;3;15;35,49463;100
100;3;15;35,49463;100
100;2;2;35,49463;100
100;3;15;35,49463;100
100;3;15;35,82813;100
100;2;2;35,82813;100
100;3;15;35,82813;100
100;3;15;35,82813;100
100;3;15;35,82813;100
100;3;15;35,82813;100
100;3;15;35,82813;100
100;3;15;36,16162;100
100;3;15;36,16162;100
100;3;15;36,16162;100
100;3;15;36,16162;100
100;2;2;36,16162;100
100;3;15;36,16162;100
100;3;15;36,16162;100
100;3;15;36,16162;100
100;3;15;36,16162;100
100;3;15;36,16162;100
100;3;15;36,16162;100
100;3;15;36,49512;100
100;2;2;36,49512;100
100;2;2;36,49512;100
100;3;15;36,49512;100
100;3;15;36,49512;100
100;3;15;36,49512;100
100;3;15;36,82861;100
100;3;15;36,82861;100
100;3;15;36,82861;100
100;3;15;36,82861;100
100;2;2;36,82861;100
100;3;15;36,82861;100
100;3;15;36,82861;100
100;2;2;36,82861;100
100;3;15;37,16211;100
100;2;2;37,16211;100
100;2;2;37,16211;100
100;3;15;37,16211;100
100;2;2;37,16211;100
100;3;15;37,16211;100
100;3;15;37,16211;100
100;3;15;37,16211;100
100;2;2;37,49561;100
100;2;2;37,49561;100
100;3;15;37,49561;100
100;3;15;37,49561;100
100;3;15;37,49561;100
100;3;15;37,49561;100
100;3;15;37,49561;100
100;2;2;37,49561;100
100;2;2;37,8291;100
100;3;15;37,8291;100
100;3;15;37,8291;100
100;2;2;37,8291;100
100;3;15;37,8291;100
100;3;15;37,8291;100
100;3;15;37,8291;100
100;2;2;38,1626;100
100;3;15;38,1626;100
100;3;15;38,1626;100
100;2;2;38,1626;100
100;3;15;38,1626;100
100;2;2;38,1626;100
100;3;15;38,1626;100
100;3;15;38,1626;100
100;3;15;38,49609;100
100;3;15;38,49609;100
100;3;15;38,49609;100
100;3;15;38,49609;100
100;3;15;38,49609;100
100;2;2;38,49609;100
100;3;15;38,49609;100
100;2;2;38,49609;100
100;3;15;38,49609;100
100;3;15;38,49609;100
100;2;2;38,49609;100
100;2;2;38,82959;100
100;3;15;38,82959;100
100;2;2;38,82959;100
100;2;2;38,82959;100
100;3;15;38,82959;100
100;3;15;38,82959;100
100;2;2;38,82959;100
100;2;2;38,82959;100
100;3;15;38,82959;100
100;2;2;38,82959;100
100;3;15;38,82959;100
100;2;2;39,16309;100
100;2;2;39,16309;100
100;2;2;39,16309;100
100;2;2;39,16309;100
100;2;2;39,16309;100
100;3;15;39,16309;100
100;2;2;39,16309;100
100;3;15;39,16309;100
100;3;15;39,16309;100
100;3;15;39,16309;100
100;3;15;39,16309;100
100;2;2;39,16309;100
100;2;2;39,49658;100
100;3;15;39,49658;100
100;3;15;39,49658;100
100;3;15;39,49658;100
100;3;15;39,49658;100
100;3;15;39,49658;100
100;3;15;39,83008;100
100;3;15;39,83008;100
100;2;2;39,83008;100
100;3;15;39,83008;100
100;2;2;39,83008;100
100;3;15;39,83008;100
100;3;15;39,83008;100
100;3;15;39,83008;100
100;3;15;39,83008;100
100;3;15;40,16357;100
100;3;15;40,16357;100
100;2;2;40,16357;100
100;3;15;40,16357;100
100;3;15;40,16357;100
100;2;2;40,16357;100
100;3;15;40,16357;100
100;3;15;40,16357;100
100;3;15;40,16357;100
100;2;2;40,16357;100
100;3;15;40,16357;100
100;2;2;40,49707;100
100;2;2;40,49707;100
100;2;2;40,49707;100
100;3;15;40,49707;100
100;2;2;40,49707;100
100;3;15;40,49707;100
100;3;15;40,83057;100
100;3;15;40,83057;100
100;2;2;40,83057;100
100;2;2;40,83057;100
100;2;2;40,83057;100
100;3;15;40,83057;100
100;2;2;40,83057;100
100;3;15;40,83057;100
100;3;15;40,83057;100
100;3;15;40,83057;100
100;3;15;41,16406;100
100;3;15;41,16406;100
100;3;15;41,16406;100
100;3;15;41,16406;100
100;3;15;41,16406;100
100;2;2;41,16406;100
100;3;15;41,16406;100
100;2;2;41,16406;100
100;2;2;41,16406;100
100;2;2;41,16406;100
100;3;15;41,49756;100
100;2;2;41,49756;100
100;2;2;41,49756;100
100;2;2;41,49756;100
100;3;15;41,49756;100
100;2;2;41,83105;100
100;2;2;41,83105;100
100;3;15;41,83105;100
100;2;2;41,83105;100
100;2;2;41,83105;100
100;2;2;41,83105;100
100;3;15;41,83105;100
100;2;2;41,83105;100
100;3;15;42,16455;100
100;3;15;42,16455;100
100;3;15;42,16455;100
100;3;15;42,16455;100
100;3;15;42,16455;100
100;2;2;42,16455;100
100;2;2;42,16455;100
100;2;2;42,16455;100
100;3;15;42,16455;100
100;3;15;42,16455;100
100;2;2;42,49805;100
100;2;2;42,49805;100
100;3;15;42,49805;100
100;2;2;42,49805;100
100;2;2;42,49805;100
100;3;15;42,49805;100
100;3;15;42,49805;100
100;3;15;42,49805;100
100;3;15;42,83154;100
100;2;2;42,83154;100
100;2;2;42,83154;100
100;3;15;42,83154;100
100;3;15;42,83154;100
100;3;15;42,83154;100
100;3;15;42,83154;100
100;2;2;42,83154;100
100;3;15;43,16504;100
100;2;2;43,16504;100
100;2;2;43,16504;100
100;2;2;43,16504;100
100;3;15;43,16504;100
100;2;2;43,16504;100
100;3;15;43,16504;100
100;2;2;43,16504;100
100;3;15;43,49854;100
100;3;15;43,49854;100
100;2;2;43,49854;100
100;2;2;43,49854;100
100;3;15;43,49854;100
100;2;2;43,49854;100
100;3;15;43,49854;100
100;2;2;43,49854;100
100;3;15;43,49854;100
100;2;2;43,49854;100
100;3;15;43,83203;100
100;2;2;43,83203;100
100;2;2;43,83203;100
100;3;15;43,83203;100
100;3;15;43,83203;100
100;3;15;43,83203;100
100;2;2;43,83203;100
100;3;15;43,83203;100
100;3;15;43,83203;100
100;3;15;44,16553;100
100;3;15;44,16553;100
100;3;15;44,16553;100
100;3;15;44,16553;100
100;3;15;44,16553;100
100;3;15;44,16553;100
100;3;15;44,16553;100
100;3;15;44,16553;100
100;2;2;44,49902;100
100;3;15;44,49902;100
100;3;15;44,49902;100
100;2;2;44,49902;100
100;2;2;44,49902;100
100;3;15;44,49902;100
100;3;15;44,49902;100
100;3;15;44,49902;100
100;3;15;44,83252;100
100;3;15;44,83252;100
100;3;15;44,83252;100
100;3;15;44,83252;100
100;2;2;44,83252;100
100;2;2;44,83252;100
100;2;2;44,83252;100
100;2;2;45,16602;100
100;3;15;45,16602;100
100;3;15;45,16602;100
100;3;15;45,16602;100
100;3;15;45,16602;100
100;2;2;45,16602;100
100;3;15;45,16602;100
100;3;15;45,16602;100
100;3;15;45,16602;100
100;3;15;45,49951;100
100;2;2;45,49951;100
100;3;15;45,49951;100
100;3;15;45,49951;100
100;3;15;45,49951;100
100;3;15;45,49951;100
100;2;2;45,49951;100
100;3;15;45,49951;100
100;3;15;45,49951;100
100;3;15;45,49951;100
100;3;15;45,83301;100
100;2;2;45,83301;100
100;2;2;45,83301;100
100;3;15;45,83301;100
100;3;15;45,83301;100
100;3;15;45,83301;100
100;2;2;45,83301;100
100;3;15;45,83301;100
100;3;15;45,83301;100
100;2;2;46,1665;100
100;3;15;46,1665;100
100;3;15;46,1665;100
100;2;2;46,1665;100
100;3;15;46,1665;100
100;2;2;46,1665;100
100;2;2;46,1665;100
100;2;2;46,1665;100
100;2;2;46,1665;100
100;2;2;46,5;100
100;3;15;46,5;100
100;2;2;46,5;100
100;3;15;46,5;100
100;3;15;46,5;100
100;3;15;46,5;100
100;3;15;46,5;100
100;2;2;46,5;100
100;2;2;46,5;100
100;3;15;46,5;100
100;2;2;46,8335;100
100;2;2;46,8335;100
100;3;15;46,8335;100
100;3;15;46,8335;100
100;3;15;46,8335;100
100;3;15;46,8335;100
100;3;15;47,16699;100
100;3;15;47,16699;100
100;3;15;47,16699;100
100;3;15;47,16699;100
100;3;15;47,16699;100
100;3;15;47,16699;100
100;3;15;47,16699;100
100;3;15;47,16699;100
100;3;15;47,16699;100
100;3;15;47,16699;100
100;2;2;47,16699;100
100;2;2;47,16699;100
100;2;2;47,50049;100
100;3;15;47,50049;100
100;3;15;47,50049;100
100;2;2;47,50049;100
100;3;15;47,50049;100
100;3;15;47,50049;100
100;3;15;47,50049;100
100;2;2;47,50049;100
100;2;2;47,83398;100
100;3;15;47,83398;100
100;2;2;47,83398;100
100;2;2;47,83398;100
100;3;15;47,83398;100
100;2;2;47,83398;100
100;3;15;47,83398;100
100;3;15;47,83398;100
100;2;2;47,83398;100
100;3;15;47,83398;100
100;2;2;48,16748;100
100;3;15;48,16748;100
100;2;2;48,16748;100
100;2;2;48,16748;100
100;3;15;48,16748;100
100;3;15;48,16748;100
100;3;15;48,16748;100
100;3;15;48,50098;100
100;2;2;48,50098;100
100;3;15;48,50098;100
100;2;2;48,50098;100
100;3;15;48,50098;100
100;3;15;48,50098;100
100;3;15;48,50098;100
100;2;2;48,50098;100
100;3;15;48,83447;100
100;3;15;48,83447;100
100;2;2;48,83447;100
100;3;15;48,83447;100
100;2;2;48,83447;100
100;2;2;48,83447;100
100;3;15;48,83447;100
100;3;15;48,83447;100
100;3;15;49,16797;100
100;2;2;49,16797;100
100;2;2;49,16797;100
100;3;15;49,16797;100
100;2;2;49,16797;100
100;3;15;49,16797;100
100;3;15;49,16797;100
100;2;2;49,50146;100
100;3;15;49,50146;100
100;3;15;49,50146;100
100;2;2;49,50146;100
100;3;15;49,50146;100
100;3;15;49,50146;100
100;3;15;49,50146;100
100;2;2;49,50146;100
100;2;2;49,50146;100
100;2;2;49,83496;100
100;3;15;49,83496;100
100;3;15;49,83496;100
100;3;15;49,83496;100
100;3;15;49,83496;100
100;3;15;49,83496;100
100;3;15;49,83496;100
100;3;15;49,83496;100
100;2;2;49,83496;100
100;2;2;50,16846;100
100;2;2;50,16846;100
100;2;2;50,16846;100
100;3;15;50,16846;100
100;3;15;50,16846;100
100;3;15;50,16846;100
100;2;2;50,16846;100
100;3;15;50,16846;100
100;3;15;50,50195;100
100;3;15;50,50195;100
100;3;15;50,50195;100
100;3;15;50,50195;100
100;2;2;50,83545;100
100;2;2;50,83545;100
100;2;2;50,83545;100
100;3;15;50,83545;100
100;3;15;50,83545;100
100;3;15;50,83545;100
100;2;2;50,83545;100
100;2;2;50,83545;100
100;3;15;50,83545;100
100;3;15;50,83545;100
100;2;2;50,83545;100
100;3;15;51,16895;100
100;3;15;51,16895;100
100;3;15;51,16895;100
100;2;2;51,16895;100
100;3;15;51,16895;100
100;2;2;51,16895;100
100;3;15;51,16895;100
100;2;2;51,16895;100
100;3;15;51,16895;100
100;3;15;51,16895;100
100;2;2;51,50244;100
100;3;15;51,50244;100
100;3;15;51,50244;100
100;3;15;51,50244;100
100;3;15;51,50244;100
100;3;15;51,50244;100
100;3;15;51,50244;100
100;3;15;51,50244;100
100;3;15;51,50244;100
100;3;15;51,50244;100
100;3;15;51,50244;100
100;3;15;51,83594;100
100;3;15;51,83594;100
100;3;15;51,83594;100
100;3;15;51,83594;100
100;3;15;52,16943;100
100;2;2;52,16943;100
100;3;15;52,16943;100
100;2;2;52,16943;100
100;3;15;52,16943;100
100;3;15;52,16943;100
100;3;15;52,50293;100
100;2;2;52,50293;100
100;3;15;52,50293;100
100;3;15;52,50293;100
100;3;15;52,50293;100
100;2;2;52,50293;100
100;3;15;52,50293;100
100;3;15;52,50293;100
100;2;2;52,83643;100
100;3;15;52,83643;100
100;3;15;52,83643;100
100;2;2;52,83643;100
100;2;2;52,83643;100
100;3;15;52,83643;100
100;3;15;52,83643;100
100;3;15;53,16992;100
100;3;15;53,16992;100
100;3;15;53,16992;100
100;3;15;53,16992;100
100;2;2;53,16992;100
100;2;2;53,16992;100
100;2;2;53,16992;100
100;2;2;53,50342;100
100;2;2;53,50342;100
100;3;15;53,50342;100
100;2;2;53,50342;100
100;2;2;53,50342;100
100;2;2;53,50342;100
100;3;15;53,50342;100
100;2;2;53,83691;100
100;2;2;53,83691;100
100;2;2;53,83691;100
100;3;15;53,83691;100
100;3;15;53,83691;100
100;3;15;53,83691;100
100;3;15;53,83691;100
100;2;2;53,83691;100
100;3;15;53,83691;100
100;2;2;54,17041;100
100;2;2;54,17041;100
100;2;2;54,17041;100
100;3;15;54,17041;100
100;2;2;54,17041;100
100;2;2;54,17041;100
100;3;15;54,17041;100
100;3;15;54,17041;100
100;3;15;54,50391;100
100;2;2;54,50391;100
100;3;15;54,50391;100
100;3;15;54,50391;100
100;3;15;54,50391;100
100;2;2;54,50391;100
100;3;15;54,50391;100
100;2;2;54,50391;100
100;3;15;54,50391;100
100;2;2;54,8374;100
100;2;2;54,8374;100
100;2;2;54,8374;100
100;2;2;54,8374;100
100;2;2;54,8374;100
100;2;2;54,8374;100
100;3;15;54,8374;100
100;3;15;54,8374;100
100;3;15;54,8374;100
100;3;15;55,1709;100
100;3;15;55,1709;100
100;3;15;55,1709;100
100;2;2;55,1709;100
100;2;2;55,1709;100
100;3;15;55,1709;100
100;3;15;55,50439;100
100;3;15;55,50439;100
100;3;15;55,50439;100
100;2;2;55,50439;100
100;3;15;55,50439;100
100;3;15;55,50439;100
100;3;15;55,50439;100
100;3;15;55,50439;100
100;3;15;55,83789;100
100;2;2;55,83789;100
100;3;15;55,83789;100
100;2;2;55,83789;100
100;3;15;55,83789;100
100;2;2;55,83789;100
100;3;15;55,83789;100
100;3;15;56,17139;100
100;2;2;56,17139;100
100;3;15;56,17139;100
100;3;15;56,17139;100
100;2;2;56,17139;100
100;3;15;56,17139;100
100;3;15;56,17139;100
100;2;2;56,50488;100
100;2;2;56,50488;100
100;3;15;56,50488;100
100;2;2;56,50488;100
100;3;15;56,50488;100
100;3;15;56,50488;100
100;2;2;56,50488;100
100;2;2;56,50488;100
100;2;2;56,83838;100
100;3;15;56,83838;100
100;2;2;56,83838;100
100;3;15;56,83838;100
100;3;15;56,83838;100
100;3;15;56,83838;100
100;3;15;57,17188;100
100;3;15;57,17188;100
100;2;2;57,17188;100
100;2;2;57,17188;100
100;2;2;57,17188;100
100;3;15;57,17188;100
100;2;2;57,17188;100
100;3;15;57,17188;100
100;2;2;57,17188;100
100;3;15;57,50537;100
100;2;2;57,50537;100
100;3;15;57,50537;100
100;3;15;57,50537;100
100;2;2;57,50537;100
100;3;15;57,83887;100
100;3;15;57,83887;100
100;3;15;57,83887;100
100;2;2;57,83887;100
100;3;15;57,83887;100
100;2;2;57,83887;100
100;3;15;57,83887;100
100;3;15;58,17236;100
100;3;15;58,17236;100
100;2;2;58,17236;100
100;2;2;58,17236;100
100;2;2;58,17236;100
100;3;15;58,17236;100
100;2;2;58,17236;100
100;2;2;58,17236;100
100;2;2;58,17236;100
100;3;15;58,50586;100
100;3;15;58,50586;100
100;2;2;58,50586;100
100;3;15;58,50586;100
100;3;15;58,50586;100
100;3;15;58,50586;100
100;2;2;58,50586;100
100;3;15;58,83936;100
100;2;2;58,83936;100
100;2;2;58,83936;100
100;3;15;58,83936;100
100;3;15;58,83936;100
100;3;15;58,83936;100
100;3;15;58,83936;100
100;3;15;59,17285;100
100;3;15;59,17285;100
100;3;15;59,17285;100
100;3;15;59,17285;100
100;3;15;59,17285;100
100;3;15;59,17285;100
100;3;15;59,17285;100
100;2;2;59,17285;100
100;3;15;59,50635;100
100;3;15;59,50635;100
100;3;15;59,50635;100
100;3;15;59,50635;100
100;2;2;59,50635;100
100;2;2;59,50635;100
100;2;2;59,50635;100
100;2;2;59,50635;100
100;2;2;59,50635;100
100;2;2;59,50635;100
100;3;15;59,50635;100
100;3;15;59,83984;100
100;2;2;59,83984;100
100;3;15;59,83984;100
100;3;15;59,83984;100
100;3;15;59,83984;100
100;2;2;59,83984;100
100;2;2;59,83984;100
100;3;15;59,83984;100
100;2;2;59,83984;100
100;3;15;59,83984;100
100;2;2;0,1733398;100
100;3;15;0,1733398;100
100;2;2;0,1733398;100
100;3;15;0,1733398;100
100;2;2;0,1733398;100
100;3;15;0,1733398;100
100;3;15;0,1733398;100
100;3;15;0,1733398;100
100;2;2;0,1733398;100
100;2;2;0,1733398;100
100;2;2;0,1733398;100
100;2;2;0,5068359;100
100;3;15;0,5068359;100
100;3;15;0,5068359;100
100;2;2;0,5068359;100
100;2;2;0,5068359;100
100;2;2;0,5068359;100
100;3;15;0,5068359;100
100;3;15;0,5068359;100
100;3;15;0,5068359;100
100;3;15;0,840332;100
100;3;15;0,840332;100
100;3;15;0,840332;100
100;3;15;0,840332;100
100;3;15;0,840332;100
100;2;2;0,840332;100
100;3;15;0,840332;100
100;3;15;0,840332;100
100;3;15;0,840332;100
100;3;15;1,173828;100
100;3;15;1,173828;100
100;2;2;1,173828;100
100;3;15;1,173828;100
100;3;15;1,173828;100
100;3;15;1,173828;100
100;3;15;1,173828;100
100;3;15;1,507324;100
100;2;2;1,507324;100
100;2;2;1,507324;100
100;2;2;1,507324;100
100;2;2;1,507324;100
100;3;15;1,507324;100
100;3;15;1,507324;100
100;3;15;1,84082;100
100;3;15;1,84082;100
100;3;15;1,84082;100
100;3;15;1,84082;100
100;3;15;1,84082;100
100;3;15;1,84082;100
100;3;15;1,84082;100
100;2;2;2,174316;100
100;3;15;2,174316;100
100;3;15;2,174316;100
100;2;2;2,174316;100
100;3;15;2,174316;100
100;3;15;2,174316;100
100;3;15;2,174316;100
100;3;15;2,174316;100
100;3;15;2,174316;100
100;3;15;2,174316;100
100;3;15;2,507813;100
100;2;2;2,507813;100
100;3;15;2,507813;100
100;3;15;2,507813;100
100;3;15;2,841309;100
100;3;15;2,841309;100
100;2;2;2,841309;100
100;3;15;2,841309;100
100;3;15;2,841309;100
100;2;2;2,841309;100
100;2;2;2,841309;100
100;3;15;2,841309;100
100;3;15;3,174805;100
100;2;2;3,174805;100
100;3;15;3,174805;100
100;3;15;3,174805;100
100;3;15;3,174805;100
100;3;15;3,174805;100
100;2;2;3,174805;100
100;3;15;3,508301;100
100;2;2;3,508301;100
100;3;15;3,508301;100
100;3;15;3,508301;100
100;2;2;3,508301;100
100;2;2;3,508301;100
100;3;15;3,508301;100
100;3;15;3,508301;100
100;2;2;3,841797;100
100;3;15;3,841797;100
100;2;2;3,841797;100
100;3;15;3,841797;100
100;3;15;3,841797;100
100;2;2;3,841797;100
100;3;15;3,841797;100
100;3;15;3,841797;100
100;2;2;3,841797;100
100;3;15;3,841797;100
100;2;2;4,175293;100
100;2;2;4,175293;100
100;3;15;4,175293;100
100;3;15;4,175293;100
100;3;15;4,175293;100
100;3;15;4,175293;100
100;3;15;4,175293;100
100;3;15;4,508789;100
100;3;15;4,508789;100
100;3;15;4,508789;100
100;3;15;4,508789;100
100;3;15;4,508789;100
100;2;2;4,508789;100
100;3;15;4,508789;100
100;2;2;4,508789;100
100;3;15;4,508789;100
100;3;15;4,508789;100
100;3;15;4,842285;100
100;2;2;4,842285;100
100;2;2;4,842285;100
100;3;15;4,842285;100
100;2;2;4,842285;100
100;2;2;4,842285;100
100;3;15;4,842285;100
100;3;15;5,175781;100
100;3;15;5,175781;100
100;3;15;5,175781;100
100;3;15;5,175781;100
100;2;2;5,175781;100
100;3;15;5,175781;100
100;2;2;5,509277;100
100;2;2;5,509277;100
100;2;2;5,509277;100
100;3;15;5,509277;100
100;2;2;5,509277;100
100;3;15;5,509277;100
100;2;2;5,509277;100
100;2;2;5,509277;100
100;2;2;5,842773;100
100;3;15;5,842773;100
100;3;15;5,842773;100
100;3;15;5,842773;100
100;2;2;5,842773;100
100;3;15;5,842773;100
100;2;2;5,842773;100
100;2;2;5,842773;100
100;3;15;5,842773;100
100;3;15;6,17627;100
100;2;2;6,17627;100
100;3;15;6,17627;100
100;3;15;6,17627;100
100;3;15;6,17627;100
100;2;2;6,17627;100
100;3;15;6,17627;100
100;2;2;6,17627;100
100;3;15;6,17627;100
100;2;2;6,509766;100
100;2;2;6,509766;100
100;2;2;6,509766;100
100;3;15;6,509766;100
100;3;15;6,509766;100
100;3;15;6,509766;100
100;3;15;6,509766;100
100;2;2;6,509766;100
100;3;15;6,843262;100
100;2;2;6,843262;100
100;3;15;6,843262;100
100;3;15;6,843262;100
100;2;2;6,843262;100
100;3;15;6,843262;100
100;3;15;6,843262;100
100;3;15;6,843262;100
100;3;15;6,843262;100
100;2;2;6,843262;100
100;3;15;7,176758;100
100;2;2;7,176758;100
100;3;15;7,176758;100
100;2;2;7,176758;100
100;3;15;7,176758;100
100;3;15;7,176758;100
100;3;15;7,176758;100
100;3;15;7,176758;100
100;3;15;7,176758;100
100;3;15;7,510254;100
100;3;15;7,510254;100
100;2;2;7,510254;100
100;3;15;7,510254;100
100;3;15;7,510254;100
100;3;15;7,510254;100
100;3;15;7,510254;100
100;3;15;7,510254;100
100;3;15;7,84375;100
100;2;2;7,84375;100
100;3;15;7,84375;100
100;3;15;7,84375;100
100;3;15;7,84375;100
100;3;15;7,84375;100
100;3;15;7,84375;100
100;3;15;7,84375;100
100;3;15;7,84375;100
100;2;2;7,84375;100
100;3;15;8,177246;100
100;3;15;8,177246;100
100;3;15;8,177246;100
100;3;15;8,177246;100
100;3;15;8,177246;100
100;2;2;8,177246;100
100;2;2;8,177246;100
100;3;15;8,177246;100
100;2;2;8,177246;100
100;3;15;8,177246;100
100;3;15;8,177246;100
100;3;15;8,510742;100
100;3;15;8,510742;100
100;3;15;8,510742;100
100;2;2;8,510742;100
100;2;2;8,510742;100
100;2;2;8,510742;100
100;2;2;8,510742;100
100;2;2;8,510742;100
100;2;2;8,510742;100
100;2;2;8,844238;100
100;3;15;8,844238;100
100;3;15;8,844238;100
100;2;2;8,844238;100
100;3;15;8,844238;100
100;3;15;8,844238;100
100;3;15;8,844238;100
100;2;2;8,844238;100
100;2;2;8,844238;100
100;3;15;9,177734;100
100;2;2;9,177734;100
100;3;15;9,177734;100
100;3;15;9,177734;100
100;3;15;9,177734;100
100;3;15;9,177734;100
100;2;2;9,177734;100
100;3;15;9,177734;100
100;2;2;9,177734;100
100;3;15;9,51123;100
100;3;15;9,51123;100
100;3;15;9,51123;100
100;2;2;9,51123;100
100;2;2;9,51123;100
100;2;2;9,51123;100
100;3;15;9,51123;100
100;3;15;9,51123;100
100;2;2;9,844727;100
100;2;2;9,844727;100
100;2;2;9,844727;100
100;3;15;9,844727;100
100;3;15;9,844727;100
100;3;15;9,844727;100
100;2;2;9,844727;100
100;3;15;10,17822;100
100;3;15;10,17822;100
100;3;15;10,17822;100
100;3;15;10,17822;100
100;3;15;10,17822;100
100;3;15;10,17822;100
100;2;2;10,17822;100
100;3;15;10,17822;100
100;3;15;10,17822;100
100;3;15;10,17822;100
100;3;15;10,51172;100
100;3;15;10,51172;100
100;3;15;10,51172;100
100;3;15;10,51172;100
100;2;2;10,51172;100
100;3;15;10,51172;100
100;3;15;10,51172;100
100;3;15;10,51172;100
100;3;15;10,51172;100
100;2;2;10,84521;100
100;2;2;10,84521;100
100;3;15;10,84521;100
100;2;2;10,84521;100
100;2;2;10,84521;100
100;3;15;10,84521;100
100;2;2;10,84521;100
100;3;15;11,17871;100
100;3;15;11,17871;100
100;2;2;11,17871;100
100;3;15;11,17871;100
100;2;2;11,17871;100
100;2;2;11,17871;100
100;3;15;11,17871;100
100;2;2;11,17871;100
100;2;2;11,17871;100
100;3;15;11,17871;100
100;3;15;11,17871;100
100;3;15;11,17871;100
100;3;15;11,51221;100
100;3;15;11,51221;100
100;2;2;11,51221;100
100;3;15;11,51221;100
100;3;15;11,51221;100
100;3;15;11,8457;100
100;2;2;11,8457;100
100;2;2;11,8457;100
100;3;15;11,8457;100
100;3;15;11,8457;100
100;2;2;11,8457;100
100;2;2;11,8457;100
100;2;2;11,8457;100
100;3;15;11,8457;100
100;3;15;11,8457;100
100;2;2;11,8457;100
100;3;15;11,8457;100
100;3;15;12,1792;100
100;3;15;12,1792;100
100;2;2;12,1792;100
100;3;15;12,1792;100
100;3;15;12,1792;100
100;3;15;12,5127;100
100;2;2;12,5127;100
100;3;15;12,5127;100
100;3;15;12,5127;100
100;2;2;12,5127;100
100;3;15;12,5127;100
100;3;15;12,5127;100
100;3;15;12,84619;100
100;3;15;12,84619;100
100;3;15;12,84619;100
100;3;15;12,84619;100
100;3;15;12,84619;100
100;3;15;12,84619;100
100;3;15;12,84619;100
100;2;2;13,17969;100
100;3;15;13,17969;100
100;2;2;13,17969;100
100;3;15;13,17969;100
100;3;15;13,17969;100
100;3;15;13,17969;100
100;3;15;13,17969;100
100;3;15;13,17969;100
100;2;2;13,17969;100
100;2;2;13,17969;100
100;3;15;13,51318;100
100;2;2;13,51318;100
100;3;15;13,51318;100
100;2;2;13,51318;100
100;3;15;13,51318;100
100;3;15;13,51318;100
100;2;2;13,51318;100
100;3;15;13,51318;100
100;2;2;13,51318;100
100;3;15;13,51318;100
100;3;15;13,51318;100
100;3;15;13,84668;100
100;3;15;13,84668;100
100;3;15;13,84668;100
100;3;15;13,84668;100
100;2;2;13,84668;100
100;3;15;13,84668;100
100;3;15;13,84668;100
100;2;2;13,84668;100
100;2;2;13,84668;100
100;3;15;14,18018;100
100;3;15;14,18018;100
100;3;15;14,18018;100
100;2;2;14,18018;100
100;3;15;14,18018;100
100;2;2;14,18018;100
100;3;15;14,18018;100
100;2;2;14,18018;100
100;3;15;14,51367;100
100;2;2;14,51367;100
100;2;2;14,51367;100
100;2;2;14,51367;100
100;3;15;14,51367;100
100;2;2;14,51367;100
100;2;2;14,51367;100
100;2;2;14,51367;100
100;2;2;14,51367;100
100;3;15;14,51367;100
100;2;2;14,51367;100
100;3;15;14,51367;100
100;3;15;14,84717;100
100;3;15;14,84717;100
100;3;15;14,84717;100
100;2;2;14,84717;100
100;3;15;14,84717;100
100;3;15;14,84717;100
100;2;2;14,84717;100
100;3;15;14,84717;100
100;2;2;14,84717;100
100;3;15;14,84717;100
100;2;2;15,18066;100
100;2;2;15,18066;100
100;2;2;15,18066;100
100;2;2;15,18066;100
100;3;15;15,18066;100
100;3;15;15,18066;100
100;3;15;15,18066;100
100;2;2;15,18066;100
100;2;2;15,18066;100
100;3;15;15,51416;100
100;3;15;15,51416;100
100;2;2;15,51416;100
100;3;15;15,51416;100
100;2;2;15,51416;100
100;3;15;15,51416;100
100;3;15;15,51416;100
100;2;2;15,51416;100
100;3;15;15,51416;100
100;2;2;15,84766;100
100;3;15;15,84766;100
100;3;15;15,84766;100
100;2;2;15,84766;100
100;3;15;15,84766;100
100;2;2;15,84766;100
100;3;15;15,84766;100
100;3;15;15,84766;100
100;2;2;15,84766;100
100;3;15;15,84766;100
100;2;2;15,84766;100
100;3;15;16,18115;100
100;3;15;16,18115;100
100;3;15;16,18115;100
100;3;15;16,18115;100
100;3;15;16,18115;100
100;3;15;16,18115;100
100;3;15;16,18115;100
100;2;2;16,18115;100
100;2;2;16,51465;100
100;3;15;16,51465;100
100;3;15;16,51465;100
100;3;15;16,51465;100
100;2;2;16,51465;100
100;2;2;16,51465;100
100;3;15;16,51465;100
100;2;2;16,51465;100
100;3;15;16,51465;100
100;3;15;16,84814;100
100;3;15;16,84814;100
100;3;15;16,84814;100
100;3;15;16,84814;100
100;3;15;16,84814;100
100;3;15;16,84814;100
100;2;2;16,84814;100
100;2;2;17,18164;100
100;3;15;17,18164;100
100;3;15;17,18164;100
100;2;2;17,18164;100
100;2;2;17,18164;100
100;3;15;17,18164;100
100;2;2;17,18164;100
100;3;15;17,18164;100
100;2;2;17,18164;100
100;3;15;17,51514;100
100;2;2;17,51514;100
100;2;2;17,51514;100
100;3;15;17,51514;100
100;2;2;17,51514;100
100;2;2;17,51514;100
100;3;15;17,51514;100
100;3;15;17,51514;100
100;3;15;17,51514;100
100;2;2;17,51514;100
100;3;15;17,51514;100
100;3;15;17,51514;100
100;2;2;17,84863;100
100;2;2;17,84863;100
100;3;15;17,84863;100
100;3;15;17,84863;100
100;2;2;17,84863;100
100;2;2;17,84863;100
100;2;2;17,84863;100
100;2;2;17,84863;100
100;3;15;18,18213;100
100;3;15;18,18213;100
100;3;15;18,18213;100
100;3;15;18,18213;100
100;2;2;18,18213;100
100;2;2;18,18213;100
100;2;2;18,18213;100
100;2;2;18,18213;100
100;3;15;18,18213;100
100;2;2;18,51563;100
100;2;2;18,51563;100
100;3;15;18,51563;100
100;2;2;18,51563;100
100;3;15;18,51563;100
100;3;15;18,51563;100
100;3;15;18,51563;100
100;3;15;18,51563;100
100;2;2;18,51563;100
100;2;2;18,51563;100
100;3;15;18,51563;100
100;2;2;18,84912;100
100;2;2;18,84912;100
100;3;15;18,84912;100
100;3;15;19,18262;100
100;3;15;19,18262;100
100;2;2;19,18262;100
100;2;2;19,18262;100
100;2;2;19,18262;100
100;3;15;19,18262;100
100;3;15;19,51611;100
100;3;15;19,51611;100
100;2;2;19,51611;100
100;3;15;19,51611;100
100;2;2;19,51611;100
100;2;2;19,51611;100
100;2;2;19,51611;100
100;3;15;19,51611;100
100;2;2;19,51611;100
100;2;2;19,51611;100
100;3;15;19,51611;100
100;2;2;19,84961;100
100;3;15;19,84961;100
100;3;15;19,84961;100
100;3;15;19,84961;100
100;2;2;19,84961;100
100;3;15;19,84961;100
100;3;15;19,84961;100
100;2;2;19,84961;100
100;3;15;19,84961;100
100;3;15;19,84961;100
100;3;15;19,84961;100
100;2;2;20,18311;100
100;2;2;20,18311;100
100;3;15;20,18311;100
100;3;15;20,18311;100
100;2;2;20,18311;100
100;3;15;20,18311;100
100;2;2;20,18311;100
100;3;15;20,18311;100
100;3;15;20,5166;100
100;3;15;20,5166;100
100;2;2;20,5166;100
100;2;2;20,5166;100
100;2;2;20,5166;100
100;3;15;20,5166;100
100;3;15;20,5166;100
100;3;15;20,5166;100
100;3;15;20,8501;100
100;2;2;20,8501;100
100;3;15;20,8501;100
100;2;2;20,8501;100
100;2;2;20,8501;100
100;3;15;20,8501;100
100;3;15;20,8501;100
100;3;15;20,8501;100
100;2;2;20,8501;100
100;3;15;21,18359;100
100;3;15;21,18359;100
100;3;15;21,18359;100
100;3;15;21,18359;100
100;2;2;21,18359;100
100;3;15;21,18359;100
100;2;2;21,18359;100
100;2;2;21,18359;100
100;3;15;21,18359;100
100;2;2;21,51709;100
100;3;15;21,51709;100
100;3;15;21,51709;100
100;2;2;21,51709;100
100;2;2;21,51709;100
100;3;15;21,51709;100
100;3;15;21,51709;100
100;3;15;21,85059;100
100;3;15;21,85059;100
100;3;15;21,85059;100
100;2;2;21,85059;100
100;3;15;21,85059;100
100;3;15;21,85059;100
100;2;2;21,85059;100
100;3;15;21,85059;100
100;3;15;21,85059;100
100;3;15;21,85059;100
100;2;2;22,18408;100
100;2;2;22,18408;100
100;2;2;22,18408;100
100;3;15;22,18408;100
100;3;15;22,18408;100
100;2;2;22,18408;100
100;3;15;22,18408;100
100;3;15;22,51758;100
100;3;15;22,51758;100
100;2;2;22,51758;100
100;3;15;22,51758;100
100;3;15;22,51758;100
100;2;2;22,51758;100
100;3;15;22,51758;100
100;3;15;22,51758;100
100;2;2;22,51758;100
100;2;2;22,51758;100
100;2;2;22,51758;100
100;2;2;22,51758;100
100;2;2;22,51758;100
100;3;15;22,85107;100
100;2;2;22,85107;100
100;2;2;22,85107;100
100;3;15;22,85107;100
100;2;2;22,85107;100
100;3;15;22,85107;100
100;3;15;22,85107;100
100;3;15;22,85107;100
100;3;15;23,18457;100
100;2;2;23,18457;100
100;3;15;23,18457;100
100;2;2;23,18457;100
100;2;2;23,18457;100
100;2;2;23,18457;100
100;3;15;23,18457;100
100;2;2;23,18457;100
100;3;15;23,51807;100
100;2;2;23,51807;100
100;2;2;23,51807;100
100;2;2;23,51807;100
100;3;15;23,51807;100
100;2;2;23,51807;100
100;2;2;23,51807;100
100;2;2;23,51807;100
100;3;15;23,51807;100
100;3;15;23,85156;100
100;3;15;23,85156;100
100;3;15;23,85156;100
100;2;2;23,85156;100
100;2;2;23,85156;100
100;2;2;23,85156;100
100;2;2;24,18506;100
100;2;2;24,18506;100
100;3;15;24,18506;100
100;2;2;24,18506;100
100;3;15;24,18506;100
100;2;2;24,18506;100
100;3;15;24,18506;100
100;2;2;24,18506;100
100;3;15;24,18506;100
100;3;15;24,51855;100
100;2;2;24,51855;100
100;2;2;24,51855;100
100;2;2;24,51855;100
100;3;15;24,51855;100
100;3;15;24,51855;100
100;2;2;24,51855;100
100;3;15;24,51855;100
100;2;2;24,51855;100
100;2;2;24,51855;100
100;3;15;24,51855;100
100;2;2;24,51855;100
100;3;15;24,85205;100
100;3;15;24,85205;100
100;2;2;24,85205;100
100;2;2;24,85205;100
100;3;15;24,85205;100
100;3;15;24,85205;100
100;3;15;24,85205;100
100;3;15;24,85205;100
100;3;15;24,85205;100
100;2;2;24,85205;100
100;2;2;25,18555;100
100;3;15;25,18555;100
100;2;2;25,18555;100
100;3;15;25,18555;100
100;3;15;25,18555;100
100;3;15;25,18555;100
100;2;2;25,18555;100
100;2;2;25,18555;100
100;3;15;25,18555;100
100;3;15;25,18555;100
100;3;15;25,18555;100
100;2;2;25,51904;100
100;2;2;25,51904;100
100;3;15;25,51904;100
100;3;15;25,51904;100
100;3;15;25,51904;100
100;3;15;25,51904;100
100;2;2;25,51904;100
100;3;15;25,85254;100
100;2;2;25,85254;100
100;3;15;25,85254;100
100;3;15;25,85254;100
100;3;15;25,85254;100
100;3;15;25,85254;100
100;2;2;25,85254;100
100;2;2;25,85254;100
100;2;2;26,18604;100
100;2;2;26,18604;100
100;2;2;26,18604;100
100;3;15;26,18604;100
100;3;15;26,18604;100
100;3;15;26,18604;100
100;3;15;26,51953;100
100;3;15;26,51953;100
100;3;15;26,51953;100
100;3;15;26,51953;100
100;3;15;26,51953;100
100;3;15;26,51953;100
100;2;2;26,51953;100
100;2;2;26,51953;100
100;3;15;26,51953;100
100;2;2;26,51953;100
100;3;15;26,85303;100
100;3;15;26,85303;100
100;3;15;26,85303;100
100;2;2;26,85303;100
100;3;15;26,85303;100
100;3;15;26,85303;100
100;2;2;26,85303;100
100;3;15;26,85303;100
100;3;15;26,85303;100
100;3;15;26,85303;100
100;3;15;27,18652;100
100;3;15;27,18652;100
100;2;2;27,18652;100
100;3;15;27,18652;100
100;2;2;27,18652;100
100;3;15;27,18652;100
100;3;15;27,18652;100
100;3;15;27,18652;100
100;2;2;27,18652;100
100;3;15;27,18652;100
100;3;15;27,52002;100
100;3;15;27,52002;100
100;2;2;27,52002;100
100;3;15;27,52002;100
100;2;2;27,52002;100
100;3;15;27,52002;100
100;2;2;27,52002;100
100;2;2;27,52002;100
100;3;15;27,52002;100
100;2;2;27,85352;100
100;2;2;27,85352;100
100;3;15;27,85352;100
100;3;15;27,85352;100
100;3;15;27,85352;100
100;3;15;27,85352;100
100;3;15;27,85352;100
100;2;2;27,85352;100
100;3;15;28,18701;100
100;3;15;28,18701;100
100;3;15;28,18701;100
100;3;15;28,18701;100
100;3;15;28,18701;100
100;2;2;28,18701;100
100;3;15;28,18701;100
100;3;15;28,52051;100
100;3;15;28,52051;100
100;3;15;28,52051;100
100;2;2;28,52051;100
100;2;2;28,52051;100
100;3;15;28,52051;100
100;3;15;28,52051;100
100;3;15;28,52051;100
100;3;15;28,52051;100
100;2;2;28,854;100
100;2;2;28,854;100
100;3;15;28,854;100
100;3;15;28,854;100
100;3;15;28,854;100
100;2;2;28,854;100
100;2;2;28,854;100
100;2;2;29,1875;100
100;2;2;29,1875;100
100;3;15;29,1875;100
100;3;15;29,1875;100
100;3;15;29,1875;100
100;2;2;29,1875;100
100;3;15;29,1875;100
100;3;15;29,1875;100
100;2;2;29,1875;100
100;3;15;29,1875;100
100;2;2;29,1875;100
100;3;15;29,521;100
100;3;15;29,521;100
100;2;2;29,521;100
100;3;15;29,521;100
100;2;2;29,521;100
100;3;15;29,521;100
100;3;15;29,521;100
100;3;15;29,521;100
100;3;15;29,521;100
100;3;15;29,521;100
100;3;15;29,521;100
100;2;2;29,521;100
100;3;15;29,85449;100
100;2;2;29,85449;100
100;3;15;29,85449;100
100;2;2;29,85449;100
100;2;2;29,85449;100
100;3;15;29,85449;100
100;3;15;29,85449;100
100;3;15;29,85449;100
100;2;2;29,85449;100
100;3;15;29,85449;100
100;3;15;30,18799;100
100;2;2;30,18799;100
100;3;15;30,18799;100
100;3;15;30,18799;100
100;3;15;30,18799;100
100;3;15;30,18799;100
100;3;15;30,18799;100
100;2;2;30,18799;100
100;3;15;30,52148;100
100;2;2;30,52148;100
100;3;15;30,52148;100
100;3;15;30,52148;100
100;3;15;30,52148;100
100;3;15;30,52148;100
100;2;2;30,52148;100
100;2;2;30,52148;100
100;2;2;30,52148;100
100;3;15;30,52148;100
100;2;2;30,52148;100
100;2;2;30,85498;100
100;2;2;30,85498;100
100;2;2;30,85498;100
100;3;15;30,85498;100
100;2;2;30,85498;100
100;2;2;30,85498;100
100;2;2;30,85498;100
100;3;15;30,85498;100
100;3;15;30,85498;100
100;3;15;31,18848;100
100;2;2;31,18848;100
100;2;2;31,18848;100
100;3;15;31,18848;100
100;3;15;31,18848;100
100;2;2;31,18848;100
100;3;15;31,18848;100
100;3;15;31,18848;100
100;3;15;31,18848;100
100;2;2;31,18848;100
100;3;15;31,18848;100
100;3;15;31,52197;100
100;2;2;31,52197;100
100;3;15;31,52197;100
100;3;15;31,52197;100
100;2;2;31,52197;100
100;3;15;31,52197;100
100;3;15;31,52197;100
100;3;15;31,52197;100
100;3;15;31,52197;100
100;3;15;31,52197;100
100;3;15;31,85547;100
100;2;2;31,85547;100
100;2;2;31,85547;100
100;3;15;31,85547;100
100;3;15;31,85547;100
100;3;15;31,85547;100
100;2;2;31,85547;100
100;2;2;31,85547;100
100;2;2;31,85547;100
100;2;2;31,85547;100
100;2;2;31,85547;100
100;2;2;32,18896;100
100;3;15;32,18896;100
100;2;2;32,18896;100
100;2;2;32,18896;100
100;2;2;32,18896;100
100;2;2;32,18896;100
100;3;15;32,52246;100
100;2;2;32,52246;100
100;3;15;32,52246;100
100;3;15;32,52246;100
100;2;2;32,52246;100
100;2;2;32,52246;100
100;2;2;32,52246;100
100;3;15;32,52246;100
100;2;2;32,52246;100
100;3;15;32,52246;100
100;3;15;32,85596;100
100;3;15;32,85596;100
100;2;2;32,85596;100
100;3;15;32,85596;100
100;2;2;32,85596;100
100;2;2;32,85596;100
100;2;2;32,85596;100
100;3;15;32,85596;100
100;3;15;32,85596;100
100;2;2;33,18945;100
100;2;2;33,18945;100
100;2;2;33,18945;100
100;3;15;33,18945;100
100;2;2;33,18945;100
100;2;2;33,18945;100
100;2;2;33,18945;100
100;3;15;33,18945;100
100;2;2;33,52295;100
100;3;15;33,52295;100
100;2;2;33,52295;100
100;3;15;33,52295;100
100;2;2;33,52295;100
100;3;15;33,52295;100
100;2;2;33,52295;100
100;3;15;33,52295;100
100;2;2;33,52295;100
100;3;15;33,85645;100
100;2;2;33,85645;100
100;3;15;33,85645;100
100;2;2;33,85645;100
100;2;2;33,85645;100
100;3;15;33,85645;100
100;3;15;33,85645;100
100;3;15;33,85645;100
100;2;2;34,18994;100
100;3;15;34,18994;100
100;2;2;34,18994;100
100;2;2;34,18994;100
100;3;15;34,18994;100
100;3;15;34,18994;100
100;2;2;34,52344;100
100;3;15;34,52344;100
100;3;15;34,52344;100
100;3;15;34,52344;100
100;3;15;34,52344;100
100;3;15;34,52344;100
100;3;15;34,52344;100
100;3;15;34,52344;100
100;3;15;34,85693;100
100;3;15;34,85693;100
100;3;15;34,85693;100
100;2;2;34,85693;100
100;2;2;34,85693;100
100;3;15;34,85693;100
100;3;15;34,85693;100
100;3;15;34,85693;100
100;2;2;34,85693;100
100;3;15;34,85693;100
100;3;15;35,19043;100
100;3;15;35,19043;100
100;2;2;35,19043;100
100;3;15;35,19043;100
100;2;2;35,19043;100
100;2;2;35,19043;100
100;2;2;35,19043;100
100;2;2;35,19043;100
100;3;15;35,52393;100
100;2;2;35,52393;100
100;3;15;35,52393;100
100;2;2;35,52393;100
100;3;15;35,52393;100
100;3;15;35,52393;100
100;2;2;35,85742;100
100;3;15;35,85742;100
100;3;15;35,85742;100
100;2;2;35,85742;100
100;3;15;35,85742;100
100;2;2;35,85742;100
100;3;15;35,85742;100
100;3;15;36,19092;100
100;3;15;36,19092;100
100;3;15;36,19092;100
100;2;2;36,19092;100
100;3;15;36,19092;100
100;3;15;36,19092;100
100;3;15;36,19092;100
100;2;2;36,19092;100
100;3;15;36,52441;100
100;2;2;36,52441;100
100;2;2;36,52441;100
100;2;2;36,52441;100
100;3;15;36,52441;100
100;3;15;36,52441;100
100;2;2;36,52441;100
100;3;15;36,52441;100
100;3;15;36,52441;100
100;2;2;36,52441;100
100;3;15;36,52441;100
100;3;15;36,85791;100
100;2;2;36,85791;100
100;3;15;36,85791;100
100;3;15;36,85791;100
100;3;15;36,85791;100
100;2;2;36,85791;100
100;3;15;36,85791;100
100;3;15;36,85791;100
100;2;2;36,85791;100
100;2;2;36,85791;100
100;2;2;36,85791;100
100;3;15;37,19141;100
100;3;15;37,19141;100
100;2;2;37,19141;100
100;3;15;37,19141;100
100;3;15;37,19141;100
100;3;15;37,19141;100
100;3;15;37,19141;100
100;3;15;37,5249;100
100;3;15;37,5249;100
100;3;15;37,5249;100
100;2;2;37,5249;100
100;3;15;37,5249;100
100;3;15;37,5249;100
100;2;2;37,5249;100
100;3;15;37,5249;100
100;2;2;37,5249;100
100;3;15;37,8584;100
100;3;15;37,8584;100
100;3;15;37,8584;100
100;2;2;37,8584;100
100;3;15;37,8584;100
100;2;2;38,19189;100
100;3;15;38,19189;100
100;3;15;38,19189;100
100;3;15;38,19189;100
100;3;15;38,19189;100
100;3;15;38,19189;100
100;2;2;38,19189;100
100;3;15;38,19189;100
100;3;15;38,52539;100
100;3;15;38,52539;100
100;3;15;38,52539;100
100;3;15;38,52539;100
100;2;2;38,52539;100
100;2;2;38,52539;100
100;3;15;38,52539;100
100;3;15;38,85889;100
100;3;15;38,85889;100
100;3;15;38,85889;100
100;2;2;38,85889;100
100;3;15;38,85889;100
100;3;15;38,85889;100
100;2;2;38,85889;100
100;3;15;38,85889;100
100;3;15;38,85889;100
100;3;15;39,19238;100
100;2;2;39,19238;100
100;3;15;39,19238;100
100;3;15;39,19238;100
100;3;15;39,19238;100
100;3;15;39,52588;100
100;3;15;39,52588;100
100;3;15;39,52588;100
100;2;2;39,52588;100
100;3;15;39,52588;100
100;2;2;39,52588;100
100;2;2;39,52588;100
100;3;15;39,52588;100
100;3;15;39,52588;100
100;3;15;39,85938;100
100;2;2;39,85938;100
100;2;2;39,85938;100
100;3;15;39,85938;100
100;3;15;39,85938;100
100;2;2;39,85938;100
100;3;15;39,85938;100
100;3;15;39,85938;100
100;3;15;40,19287;100
100;2;2;40,19287;100
100;3;15;40,19287;100
100;3;15;40,19287;100
100;2;2;40,19287;100
100;2;2;40,19287;100
100;2;2;40,19287;100
100;2;2;40,19287;100
100;2;2;40,19287;100
100;2;2;40,52637;100
100;3;15;40,52637;100
100;3;15;40,52637;100
100;3;15;40,52637;100
100;3;15;40,52637;100
100;3;15;40,52637;100
100;2;2;40,52637;100
100;2;2;40,52637;100
100;3;15;40,52637;100
100;2;2;40,52637;100
100;2;2;40,85986;100
100;3;15;40,85986;100
100;3;15;40,85986;100
100;3;15;40,85986;100
100;2;2;40,85986;100
100;3;15;40,85986;100
100;2;2;40,85986;100
100;3;15;41,19336;100
100;3;15;41,19336;100
100;3;15;41,19336;100
100;2;2;41,19336;100
100;3;15;41,19336;100
100;3;15;41,52686;100
100;3;15;41,52686;100
100;3;15;41,52686;100
100;2;2;41,52686;100
100;2;2;41,52686;100
100;3;15;41,52686;100
100;3;15;41,52686;100
100;3;15;41,52686;100
100;2;2;41,86035;100
100;3;15;41,86035;100
100;2;2;41,86035;100
100;3;15;41,86035;100
100;2;2;41,86035;100
100;2;2;41,86035;100
100;3;15;41,86035;100
100;3;15;42,19385;100
100;3;15;42,19385;100
100;3;15;42,19385;100
100;3;15;42,19385;100
100;3;15;42,19385;100
100;3;15;42,19385;100
100;2;2;42,52734;100
100;2;2;42,52734;100
100;3;15;42,52734;100
100;2;2;42,52734;100
100;3;15;42,52734;100
100;2;2;42,52734;100
100;3;15;42,52734;100
100;3;15;42,52734;100
100;3;15;42,52734;100
100;3;15;42,86084;100
100;3;15;42,86084;100
100;2;2;42,86084;100
100;3;15;42,86084;100
100;2;2;42,86084;100
100;2;2;42,86084;100
100;3;15;42,86084;100
100;2;2;43,19434;100
100;2;2;43,19434;100
100;3;15;43,19434;100
100;3;15;43,19434;100
100;3;15;43,19434;100
100;2;2;43,19434;100
100;3;15;43,19434;100
100;3;15;43,52783;100
100;2;2;43,52783;100
100;3;15;43,52783;100
100;3;15;43,52783;100
100;2;2;43,52783;100
100;2;2;43,52783;100
100;3;15;43,52783;100
100;2;2;43,52783;100
100;2;2;43,52783;100
100;2;2;43,86133;100
100;2;2;43,86133;100
100;2;2;43,86133;100
100;3;15;43,86133;100
100;3;15;43,86133;100
100;2;2;43,86133;100
100;2;2;43,86133;100
100;3;15;43,86133;100
100;3;15;43,86133;100
100;3;15;43,86133;100
100;2;2;44,19482;100
100;2;2;44,19482;100
100;3;15;44,19482;100
100;3;15;44,19482;100
100;3;15;44,19482;100
100;2;2;44,52832;100
100;2;2;44,52832;100
100;3;15;44,52832;100
100;3;15;44,52832;100
100;3;15;44,52832;100
100;2;2;44,52832;100
100;2;2;44,86182;100
100;2;2;44,86182;100
100;3;15;44,86182;100
100;3;15;44,86182;100
100;2;2;44,86182;100
100;2;2;44,86182;100
100;3;15;44,86182;100
100;3;15;44,86182;100
100;2;2;44,86182;100
100;3;15;44,86182;100
100;3;15;45,19531;100
100;2;2;45,19531;100
100;2;2;45,19531;100
100;2;2;45,19531;100
100;2;2;45,19531;100
100;3;15;45,19531;100
100;2;2;45,19531;100
100;2;2;45,19531;100
100;3;15;45,19531;100
100;3;15;45,52881;100
100;2;2;45,52881;100
100;3;15;45,52881;100
100;2;2;45,52881;100
100;3;15;45,52881;100
100;3;15;45,52881;100
100;2;2;45,52881;100
100;3;15;45,52881;100
100;2;2;45,52881;100
100;2;2;45,52881;100
100;3;15;45,8623;100
100;3;15;45,8623;100
100;3;15;45,8623;100
100;3;15;45,8623;100
100;3;15;45,8623;100
100;3;15;45,8623;100
100;3;15;45,8623;100
100;2;2;46,1958;100
100;3;15;46,1958;100
100;2;2;46,1958;100
100;3;15;46,1958;100
100;2;2;46,1958;100
100;2;2;46,1958;100
100;2;2;46,1958;100
100;3;15;46,5293;100
100;3;15;46,5293;100
100;3;15;46,5293;100
100;3;15;46,5293;100
100;3;15;46,5293;100
100;3;15;46,5293;100
100;3;15;46,86279;100
100;3;15;46,86279;100
100;3;15;46,86279;100
100;2;2;46,86279;100
100;2;2;46,86279;100
100;2;2;46,86279;100
100;3;15;46,86279;100
100;2;2;46,86279;100
100;3;15;47,19629;100
100;2;2;47,19629;100
100;3;15;47,19629;100
100;3;15;47,19629;100
100;3;15;47,19629;100
100;2;2;47,19629;100
100;3;15;47,19629;100
100;2;2;47,19629;100
100;2;2;47,19629;100
100;2;2;47,52979;100
100;2;2;47,52979;100
100;3;15;47,52979;100
100;3;15;47,52979;100
100;3;15;47,52979;100
100;2;2;47,52979;100
100;2;2;47,52979;100
100;3;15;47,52979;100
100;3;15;47,52979;100
100;3;15;47,86328;100
100;3;15;47,86328;100
100;2;2;47,86328;100
100;3;15;47,86328;100
100;3;15;47,86328;100
100;2;2;47,86328;100
100;3;15;47,86328;100
100;2;2;47,86328;100
100;2;2;47,86328;100
100;3;15;48,19678;100
100;3;15;48,19678;85
100;2;2;48,19678;85
100;2;2;48,19678;85
100;2;2;48,19678;85
100;3;15;48,19678;70
100;3;15;48,19678;55
100;3;15;48,19678;40
100;3;15;48,19678;25
100;3;15;48,53027;10
100;3;15;48,53027;10
100;3;15;48,53027;10
100;2;2;48,53027;10
100;3;15;48,53027;10
100;2;2;48,53027;10
100;3;15;48,53027;10
100;3;15;48,53027;10
100;3;15;48,53027;10
100;2;2;48,53027;10
100;2;2;48,86377;10
100;2;2;48,86377;10
100;3;15;48,86377;-5
Player