100;3;15;58,66357;100
100;2;2;58,66357;100
100;2;2;58,66357;100
100;3;15;58,66357;100
100;3;15;58,66357;100
100;2;2;58,66357;100
100;3;15;58,66357;100
100;3;15;58,99707;100
100;3;15;58,99707;100
100;3;15;58,99707;100
100;3;15;58,99707;100
100;2;2;58,99707;100
100;2;2;58,99707;100
100;3;15;59,33057;100
100;3;15;59,33057;100
100;3;15;59,33057;100
100;3;15;59,33057;100
100;2;2;59,33057;100
100;3;15;59,33057;100
100;2;2;59,33057;100
100;2;2;59,33057;100
100;2;2;59,33057;100
100;3;15;59,66406;100
100;3;15;59,66406;100
100;3;15;59,66406;100
100;3;15;59,66406;100
100;3;15;59,66406;100
100;2;2;59,66406;100
100;3;15;59,66406;100
100;3;15;59,66406;100
100;3;15;59,66406;100
100;3;15;59,99756;100
100;2;2;59,99756;100
100;2;2;59,99756;100
100;2;2;59,99756;100
100;2;2;59,99756;100
100;2;2;59,99756;100
100;2;2;59,99756;100
100;3;15;59,99756;100
100;3;15;59,99756;100
100;3;15;59,99756;100
100;2;2;0,3310547;100
100;2;2;0,3310547;100
100;3;15;0,3310547;100
100;2;2;0,3310547;100
100;3;15;0,3310547;100
100;2;2;0,3310547;100
100;3;15;0,3310547;100
100;2;2;0,3310547;100
100;3;15;0,3310547;100
100;2;2;0,6645508;100
100;2;2;0,6645508;100
100;3;15;0,6645508;100
100;3;15;0,6645508;100
100;3;15;0,6645508;100
100;3;15;0,6645508;100
100;3;15;0,6645508;100
100;3;15;0,9980469;100
100;3;15;0,9980469;100
100;2;2;0,9980469;100
100;2;2;0,9980469;100
100;2;2;0,9980469;100
100;3;15;0,9980469;100
100;3;15;0,9980469;100
100;3;15;0,9980469;100
100;3;15;0,9980469;100
100;3;15;1,331543;100
100;3;15;1,331543;100
100;3;15;1,331543;100
100;3;15;1,331543;100
100;3;15;1,331543;100
100;2;2;1,331543;100
100;3;15;1,331543;100
100;3;15;1,331543;100
100;2;2;1,665039;100
100;2;2;1,665039;100
100;2;2;1,665039;100
100;3;15;1,665039;100
100;2;2;1,665039;100
100;2;2;1,998535;100
100;3;15;1,998535;100
100;3;15;1,998535;100
100;2;2;1,998535;100
100;2;2;2,332031;100
100;2;2;2,332031;100
100;3;15;2,332031;100
100;3;15;2,332031;100
100;2;2;2,332031;100
100;3;15;2,332031;100
100;2;2;2,332031;100
100;2;2;2,332031;100
100;2;2;2,665527;100
100;3;15;2,665527;100
100;2;2;2,665527;100
100;3;15;2,665527;100
100;3;15;2,665527;100
100;2;2;2,665527;100
100;2;2;2,665527;100
100;3;15;2,999023;100
100;2;2;2,999023;100
100;3;15;2,999023;100
100;2;2;2,999023;100
100;2;2;2,999023;100
100;3;15;2,999023;100
100;3;15;2,999023;100
100;2;2;3,33252;100
100;2;2;3,33252;100
100;3;15;3,33252;100
100;3;15;3,33252;100
100;2;2;3,33252;100
100;2;2;3,33252;100
100;3;15;3,33252;100
100;3;15;3,33252;100
100;3;15;3,33252;100
100;3;15;3,666016;100
100;2;2;3,666016;100
100;2;2;3,666016;100
100;2;2;3,666016;100
100;3;15;3,666016;100
100;2;2;3,666016;100
100;3;15;3,666016;100
100;2;2;3,666016;100
100;2;2;3,999512;100
100;2;2;3,999512;100
100;3;15;3,999512;100
100;3;15;3,999512;100
100;3;15;3,999512;100
100;3;15;3,999512;100
100;2;2;3,999512;100
100;3;15;3,999512;100
100;2;2;3,999512;100
100;3;15;4,333008;100
100;3;15;4,333008;100
100;3;15;4,333008;100
100;2;2;4,333008;100
100;2;2;4,333008;100
100;3;15;4,333008;100
100;3;15;4,333008;100
100;3;15;4,333008;100
100;3;15;4,333008;100
100;3;15;4,333008;100
100;3;15;4,333008;100
100;2;2;4,333008;100
100;2;2;4,333008;100
100;3;15;4,666504;100
100;2;2;4,666504;100
100;3;15;4,666504;100
100;3;15;4,666504;100
100;3;15;4,666504;100
100;3;15;4,666504;100
100;3;15;4,666504;100
100;2;2;5;100
100;2;2;5;100
100;3;15;5;100
100;3;15;5;100
100;2;2;5;100
100;2;2;5;100
100;2;2;5;100
100;3;15;5;100
100;3;15;5;100
100;2;2;5;100
100;3;15;5,333496;100
100;3;15;5,333496;100
100;2;2;5,333496;100
100;3;15;5,333496;100
100;3;15;5,333496;100
100;2;2;5,333496;100
100;3;15;5,666992;100
100;2;2;5,666992;100
100;3;15;5,666992;100
100;2;2;5,666992;100
100;2;2;5,666992;100
100;3;15;5,666992;100
100;2;2;5,666992;100
100;3;15;5,666992;100
100;2;2;6,000488;100
100;2;2;6,000488;100
100;3;15;6,000488;100
100;3;15;6,000488;100
100;2;2;6,000488;100
100;2;2;6,000488;100
100;2;2;6,333984;100
100;3;15;6,333984;100
100;3;15;6,333984;100
100;3;15;6,333984;100
100;2;2;6,333984;100
100;3;15;6,333984;100
100;3;15;6,333984;100
100;2;2;6,333984;100
100;3;15;6,333984;100
100;3;15;6,66748;100
100;3;15;6,66748;100
100;2;2;6,66748;100
100;3;15;6,66748;100
100;2;2;6,66748;100
100;2;2;6,66748;100
100;2;2;6,66748;100
100;2;2;6,66748;100
100;2;2;7,000977;100
100;2;2;7,000977;100
100;2;2;7,000977;100
100;2;2;7,000977;100
100;2;2;7,000977;100
100;2;2;7,000977;100
100;3;15;7,000977;100
100;2;2;7,000977;100
100;2;2;7,000977;100
100;2;2;7,000977;100
100;3;15;7,000977;100
100;3;15;7,334473;100
100;3;15;7,334473;100
100;2;2;7,334473;100
100;3;15;7,334473;100
100;3;15;7,334473;100
100;2;2;7,334473;100
100;2;2;7,334473;100
100;3;15;7,334473;100
100;2;2;7,334473;100
100;2;2;7,667969;100
100;3;15;7,667969;100
100;2;2;7,667969;100
100;3;15;7,667969;100
100;2;2;7,667969;100
100;2;2;7,667969;100
100;2;2;7,667969;100
100;3;15;7,667969;100
100;3;15;8,001465;100
100;3;15;8,001465;100
100;3;15;8,001465;100
100;3;15;8,001465;100
100;2;2;8,001465;100
100;2;2;8,001465;100
100;2;2;8,334961;100
100;2;2;8,334961;100
100;2;2;8,334961;100
100;2;2;8,334961;100
100;2;2;8,334961;100
100;3;15;8,334961;100
100;3;15;8,668457;100
100;3;15;8,668457;100
100;3;15;8,668457;100
100;3;15;8,668457;100
100;2;2;8,668457;100
100;3;15;9,001953;100
100;3;15;9,001953;100
100;3;15;9,001953;100
100;3;15;9,001953;100
100;3;15;9,001953;100
100;2;2;9,001953;100
100;3;15;9,001953;100
100;2;2;9,335449;100
100;3;15;9,335449;100
100;2;2;9,335449;100
100;2;2;9,335449;100
100;3;15;9,335449;100
100;2;2;9,668945;100
100;3;15;9,668945;100
100;2;2;9,668945;100
100;2;2;9,668945;100
100;2;2;10,00244;100
100;2;2;10,00244;100
100;3;15;10,00244;100
100;3;15;10,00244;100
100;2;2;10,00244;100
100;2;2;10,00244;100
100;3;15;10,00244;100
100;3;15;10,00244;100
100;3;15;10,33594;100
100;3;15;10,33594;100
100;3;15;10,33594;100
100;3;15;10,33594;100
100;3;15;10,33594;100
100;2;2;10,33594;100
100;2;2;10,33594;100
100;2;2;10,33594;100
100;2;2;10,33594;100
100;2;2;10,33594;100
100;3;15;10,33594;100
100;2;2;10,33594;100
100;2;2;10,33594;100
100;2;2;10,66943;100
100;3;15;10,66943;100
100;2;2;10,66943;100
100;3;15;10,66943;100
100;2;2;10,66943;100
100;3;15;10,66943;100
100;2;2;10,66943;100
100;2;2;10,66943;100
100;3;15;10,66943;100
100;2;2;10,66943;100
100;3;15;10,66943;100
100;3;15;10,66943;100
100;2;2;10,66943;100
100;3;15;11,00293;100
100;3;15;11,00293;100
100;2;2;11,00293;100
100;3;15;11,00293;100
100;3;15;11,00293;100
100;3;15;11,00293;100
100;3;15;11,00293;100
100;3;15;11,00293;100
100;2;2;11,00293;100
100;2;2;11,33643;100
100;2;2;11,33643;100
100;3;15;11,33643;100
100;3;15;11,33643;100
100;2;2;11,33643;100
100;3;15;11,33643;100
100;3;15;11,33643;100
100;3;15;11,33643;100
100;3;15;11,33643;100
100;3;15;11,33643;100
100;2;2;11,33643;100
100;2;2;11,66992;100
100;3;15;11,66992;100
100;2;2;11,66992;100
100;3;15;11,66992;100
100;3;15;11,66992;100
100;2;2;11,66992;100
100;3;15;11,66992;100
100;3;15;11,66992;100
100;3;15;12,00342;100
100;2;2;12,00342;100
100;3;15;12,00342;100
100;3;15;12,00342;100
100;3;15;12,00342;100
100;2;2;12,00342;100
100;3;15;12,00342;100
100;3;15;12,00342;100
100;2;2;12,00342;100
100;3;15;12,00342;100
100;2;2;12,33691;100
100;3;15;12,33691;100
100;2;2;12,33691;100
100;2;2;12,33691;100
100;2;2;12,33691;100
100;3;15;12,33691;100
100;2;2;12,33691;100
100;3;15;12,33691;100
100;3;15;12,33691;100
100;3;15;12,33691;100
100;3;15;12,33691;100
100;3;15;12,33691;100
100;3;15;12,67041;100
100;2;2;12,67041;100
100;3;15;12,67041;100
100;2;2;12,67041;100
100;3;15;13,00391;100
100;3;15;13,00391;100
100;3;15;13,00391;100
100;3;15;13,00391;100
100;2;2;13,00391;100
100;2;2;13,00391;100
100;2;2;13,00391;100
100;3;15;13,3374;100
100;3;15;13,3374;100
100;2;2;13,3374;100
100;3;15;13,3374;100
100;2;2;13,3374;100
100;2;2;13,3374;100
100;3;15;13,3374;100
100;3;15;13,3374;100
100;2;2;13,6709;100
100;2;2;13,6709;100
100;3;15;13,6709;100
100;3;15;13,6709;100
100;3;15;13,6709;100
100;3;15;13,6709;100
100;3;15;14,00439;100
100;3;15;14,00439;100
100;3;15;14,00439;100
100;3;15;14,00439;100
100;2;2;14,00439;100
100;2;2;14,33789;100
100;3;15;14,33789;100
100;2;2;14,33789;100
100;3;15;14,33789;100
100;2;2;14,33789;100
100;2;2;14,33789;100
100;3;15;14,33789;100
100;2;2;14,33789;100
100;3;15;14,67139;100
100;2;2;14,67139;100
100;3;15;14,67139;100
100;3;15;14,67139;100
100;3;15;14,67139;100
100;3;15;14,67139;100
100;3;15;14,67139;100
100;3;15;14,67139;100
100;3;15;14,67139;100
100;3;15;15,00488;100
100;3;15;15,00488;100
100;3;15;15,00488;100
100;2;2;15,00488;100
100;2;2;15,00488;100
100;2;2;15,00488;100
100;3;15;15,00488;100
100;3;15;15,00488;100
100;2;2;15,00488;100
100;2;2;15,33838;100
100;2;2;15,33838;100
100;2;2;15,33838;100
100;3;15;15,33838;100
100;3;15;15,33838;100
100;3;15;15,33838;100
100;3;15;15,33838;100
100;3;15;15,33838;100
100;3;15;15,33838;100
100;2;2;15,33838;100
100;2;2;15,67188;100
100;2;2;15,67188;100
100;2;2;15,67188;100
100;2;2;15,67188;100
100;3;15;15,67188;100
100;3;15;15,67188;100
100;3;15;15,67188;100
100;2;2;15,67188;100
100;3;15;15,67188;100
100;2;2;16,00537;100
100;3;15;16,00537;100
100;3;15;16,00537;100
100;2;2;16,00537;100
100;3;15;16,00537;100
100;3;15;16,00537;100
100;2;2;16,00537;100
100;2;2;16,00537;100
100;2;2;16,00537;100
100;3;15;16,00537;100
100;2;2;16,33887;100
100;2;2;16,33887;100
100;2;2;16,33887;100
100;3;15;16,33887;100
100;3;15;16,33887;100
100;2;2;16,67236;100
100;3;15;16,67236;100
100;2;2;16,67236;100
100;3;15;16,67236;100
100;2;2;16,67236;100
100;3;15;17,00586;100
100;2;2;17,00586;100
100;2;2;17,00586;100
100;3;15;17,00586;100
100;2;2;17,00586;100
100;2;2;17,00586;100
100;2;2;17,00586;100
100;3;15;17,33936;100
100;2;2;17,33936;100
100;3;15;17,33936;100
100;2;2;17,33936;100
100;3;15;17,33936;100
100;2;2;17,33936;100
100;2;2;17,33936;100
100;3;15;17,33936;100
100;3;15;17,67285;100
100;3;15;17,67285;100
100;2;2;17,67285;100
100;3;15;17,67285;100
100;2;2;17,67285;100
100;2;2;17,67285;100
100;2;2;17,67285;100
100;3;15;17,67285;100
100;3;15;17,67285;100
100;3;15;17,67285;100
100;3;15;18,00635;100
100;2;2;18,00635;100
100;3;15;18,00635;100
100;2;2;18,00635;100
100;3;15;18,00635;100
100;3;15;18,00635;100
100;2;2;18,00635;100
100;3;15;18,00635;100
100;3;15;18,00635;100
100;2;2;18,00635;100
100;3;15;18,00635;100
100;2;2;18,33984;100
100;2;2;18,33984;100
100;2;2;18,33984;100
100;3;15;18,33984;100
100;2;2;18,33984;100
100;3;15;18,33984;100
100;3;15;18,33984;100
100;2;2;18,33984;100
100;3;15;18,33984;100
100;2;2;18,33984;100
100;3;15;18,67334;100
100;2;2;18,67334;100
100;3;15;18,67334;100
100;2;2;18,67334;100
100;3;15;18,67334;100
100;2;2;18,67334;100
100;3;15;18,67334;100
100;2;2;18,67334;100
100;2;2;19,00684;100
100;2;2;19,00684;100
100;3;15;19,00684;100
100;2;2;19,00684;100
100;3;15;19,00684;100
100;2;2;19,00684;100
100;3;15;19,00684;100
100;3;15;19,00684;100
100;3;15;19,00684;100
100;3;15;19,34033;100
100;3;15;19,34033;100
100;2;2;19,34033;100
100;3;15;19,34033;100
100;2;2;19,34033;100
100;3;15;19,34033;100
100;2;2;19,34033;100
100;3;15;19,34033;100
100;3;15;19,34033;100
100;2;2;19,34033;100
100;2;2;19,67383;100
100;3;15;19,67383;100
100;2;2;19,67383;100
100;3;15;19,67383;100
100;2;2;19,67383;100
100;3;15;19,67383;100
100;3;15;19,67383;100
100;3;15;19,67383;100
100;3;15;19,67383;100
100;2;2;19,67383;100
100;3;15;19,67383;100
100;3;15;19,67383;100
100;3;15;19,67383;100
100;2;2;20,00732;100
100;3;15;20,00732;100
100;2;2;20,00732;100
100;3;15;20,00732;100
100;2;2;20,00732;100
100;3;15;20,00732;100
100;2;2;20,00732;100
100;2;2;20,00732;100
100;3;15;20,00732;100
100;3;15;20,34082;100
100;3;15;20,34082;100
100;3;15;20,34082;100
100;3;15;20,34082;100
100;3;15;20,34082;100
100;2;2;20,34082;100
100;2;2;20,34082;100
100;3;15;20,34082;100
100;2;2;20,34082;100
100;2;2;20,67432;100
100;2;2;20,67432;100
100;2;2;20,67432;100
100;3;15;20,67432;100
100;3;15;20,67432;100
100;3;15;20,67432;100
100;2;2;20,67432;100
100;3;15;20,67432;100
100;3;15;21,00781;100
100;2;2;21,00781;100
100;3;15;21,00781;100
100;2;2;21,00781;100
100;2;2;21,00781;100
100;3;15;21,00781;100
100;2;2;21,00781;100
100;3;15;21,34131;100
100;3;15;21,34131;100
100;3;15;21,34131;100
100;3;15;21,34131;100
100;3;15;21,34131;100
100;2;2;21,34131;100
100;2;2;21,34131;100
100;3;15;21,34131;100
100;3;15;21,6748;100
100;3;15;21,6748;100
100;3;15;21,6748;100
100;2;2;21,6748;100
100;3;15;21,6748;100
100;2;2;21,6748;100
100;3;15;21,6748;100
100;3;15;22,0083;100
100;2;2;22,0083;100
100;3;15;22,0083;100
100;2;2;22,0083;100
100;3;15;22,0083;100
100;2;2;22,0083;100
100;3;15;22,0083;100
100;3;15;22,0083;100
100;2;2;22,0083;100
100;3;15;22,3418;100
100;2;2;22,3418;100
100;3;15;22,3418;100
100;3;15;22,3418;100
100;2;2;22,3418;100
100;2;2;22,3418;100
100;2;2;22,3418;100
100;3;15;22,3418;100
100;2;2;22,3418;100
100;3;15;22,67529;100
100;3;15;22,67529;100
100;3;15;22,67529;100
100;2;2;22,67529;100
100;2;2;22,67529;100
100;3;15;22,67529;100
100;2;2;23,00879;100
100;2;2;23,00879;100
100;2;2;23,00879;100
100;2;2;23,00879;100
100;2;2;23,34229;100
100;2;2;23,34229;100
100;2;2;23,34229;100
100;2;2;23,34229;100
100;3;15;23,34229;100
100;2;2;23,34229;100
100;2;2;23,34229;100
100;3;15;23,34229;100
100;2;2;23,67578;100
100;2;2;23,67578;100
100;3;15;23,67578;100
100;3;15;23,67578;100
100;3;15;23,67578;100
100;3;15;23,67578;100
100;3;15;23,67578;100
100;3;15;23,67578;100
100;3;15;23,67578;100
100;3;15;24,00928;100
100;3;15;24,00928;100
100;2;2;24,00928;100
100;2;2;24,00928;100
100;3;15;24,00928;100
100;3;15;24,00928;100
100;2;2;24,00928;100
100;3;15;24,00928;100
100;3;15;24,00928;100
100;3;15;24,00928;100
100;2;2;24,00928;100
100;2;2;24,34277;100
100;2;2;24,34277;100
100;2;2;24,34277;100
100;2;2;24,34277;100
100;2;2;24,34277;100
100;2;2;24,34277;100
100;2;2;24,34277;100
100;2;2;24,34277;100
100;2;2;24,34277;100
100;2;2;24,34277;100
100;3;15;24,67627;100
100;3;15;24,67627;100
100;3;15;24,67627;100
100;2;2;24,67627;100
100;2;2;24,67627;100
100;3;15;24,67627;100
100;2;2;24,67627;100
100;3;15;24,67627;100
100;2;2;24,67627;100
100;2;2;24,67627;100
100;3;15;25,00977;100
100;3;15;25,00977;100
100;3;15;25,00977;100
100;2;2;25,00977;100
100;3;15;25,00977;100
100;3;15;25,00977;100
100;2;2;25,00977;100
100;2;2;25,00977;100
100;2;2;25,00977;100
100;3;15;25,00977;100
100;2;2;25,00977;100
100;2;2;25,00977;100
100;3;15;25,34326;100
100;2;2;25,34326;100
100;3;15;25,34326;100
100;2;2;25,34326;100
100;3;15;25,34326;100
100;2;2;25,34326;100
100;3;15;25,34326;100
100;2;2;25,34326;100
100;2;2;25,34326;100
100;3;15;25,67676;100
100;2;2;25,67676;100
100;3;15;25,67676;100
100;2;2;25,67676;100
100;2;2;25,67676;100
100;3;15;25,67676;100
100;2;2;25,67676;100
100;2;2;25,67676;100
100;2;2;25,67676;100
100;3;15;25,67676;100
100;3;15;26,01025;100
100;2;2;26,01025;100
100;3;15;26,01025;100
100;3;15;26,01025;100
100;3;15;26,01025;100
100;3;15;26,01025;100
100;3;15;26,01025;100
100;2;2;26,34375;100
100;2;2;26,34375;100
100;3;15;26,34375;100
100;2;2;26,34375;100
100;3;15;26,34375;100
100;2;2;26,34375;100
100;3;15;26,34375;100
100;3;15;26,67725;100
100;3;15;26,67725;100
100;3;15;26,67725;100
100;3;15;26,67725;100
100;3;15;26,67725;100
100;2;2;26,67725;100
100;2;2;26,67725;100
100;2;2;26,67725;100
100;3;15;26,67725;100
100;3;15;27,01074;100
100;3;15;27,01074;100
100;3;15;27,01074;100
100;3;15;27,01074;100
100;3;15;27,01074;100
100;2;2;27,01074;100
100;2;2;27,01074;100
100;3;15;27,01074;100
100;3;15;27,01074;100
100;3;15;27,34424;100
100;2;2;27,34424;100
100;2;2;27,34424;100
100;3;15;27,34424;100
100;3;15;27,34424;100
100;2;2;27,34424;100
100;2;2;27,34424;100
100;3;15;27,34424;100
100;2;2;27,34424;100
100;2;2;27,67773;100
100;3;15;27,67773;100
100;2;2;27,67773;100
100;2;2;27,67773;100
100;3;15;27,67773;100
100;2;2;27,67773;100
100;3;15;27,67773;100
100;2;2;27,67773;100
100;3;15;27,67773;100
100;3;15;27,67773;100
100;2;2;27,67773;100
100;3;15;27,67773;100
100;3;15;27,67773;100
100;3;15;28,01123;100
100;2;2;28,01123;100
100;3;15;28,01123;100
100;2;2;28,01123;100
100;3;15;28,01123;100
100;3;15;28,01123;100
100;2;2;28,01123;100
100;3;15;28,01123;100
100;3;15;28,01123;100
100;3;15;28,34473;100
100;2;2;28,34473;100
100;3;15;28,34473;100
100;2;2;28,34473;100
100;2;2;28,34473;100
100;2;2;28,34473;100
100;2;2;28,34473;100
100;3;15;28,34473;100
100;3;15;28,34473;100
100;2;2;28,67822;100
100;3;15;28,67822;100
100;3;15;28,67822;100
100;3;15;28,67822;100
100;3;15;28,67822;100
100;3;15;28,67822;100
100;2;2;28,67822;100
100;3;15;28,67822;100
100;2;2;28,67822;100
100;2;2;29,01172;100
100;3;15;29,01172;100
100;3;15;29,01172;100
100;3;15;29,01172;100
100;3;15;29,01172;100
100;2;2;29,01172;100
100;3;15;29,01172;100
100;2;2;29,34521;100
100;3;15;29,34521;100
100;2;2;29,34521;100
100;3;15;29,34521;100
100;3;15;29,34521;100
100;2;2;29,34521;100
100;3;15;29,34521;100
100;2;2;29,34521;100
100;3;15;29,34521;100
100;2;2;29,34521;100
100;2;2;29,67871;100
100;2;2;29,67871;100
100;3;15;29,67871;100
100;2;2;29,67871;100
100;3;15;29,67871;100
100;2;2;29,67871;100
100;3;15;30,01221;100
100;2;2;30,01221;100
100;3;15;30,01221;100
100;2;2;30,01221;100
100;3;15;30,01221;100
100;2;2;30,01221;100
100;3;15;30,01221;100
100;3;15;30,3457;100
100;2;2;30,3457;100
100;2;2;30,3457;100
100;3;15;30,3457;100
100;3;15;30,3457;100
100;3;15;30,3457;100
100;2;2;30,3457;100
100;2;2;30,3457;100
100;3;15;30,6792;100
100;2;2;30,6792;100
100;3;15;30,6792;100
100;3;15;30,6792;100
100;2;2;30,6792;100
100;2;2;30,6792;100
100;2;2;30,6792;100
100;3;15;30,6792;100
100;3;15;30,6792;100
100;3;15;30,6792;100
100;3;15;30,6792;100
100;2;2;31,0127;100
100;2;2;31,0127;100
100;2;2;31,0127;100
100;2;2;31,0127;100
100;3;15;31,0127;100
100;2;2;31,0127;100
100;3;15;31,0127;100
100;3;15;31,0127;100
100;2;2;31,34619;100
100;2;2;31,34619;100
100;3;15;31,34619;100
100;2;2;31,34619;100
100;2;2;31,34619;100
100;2;2;31,67969;100
100;2;2;31,67969;100
100;2;2;31,67969;100
100;2;2;31,67969;100
100;2;2;31,67969;100
100;2;2;31,67969;100
100;3;15;31,67969;100
100;2;2;31,67969;100
100;2;2;31,67969;100
100;2;2;32,01318;100
100;2;2;32,01318;100
100;2;2;32,01318;100
100;2;2;32,01318;100
100;3;15;32,01318;100
100;2;2;32,01318;100
100;3;15;32,01318;100
100;3;15;32,34668;100
100;3;15;32,34668;100
100;2;2;32,34668;100
100;3;15;32,34668;100
100;3;15;32,34668;100
100;3;15;32,34668;100
100;3;15;32,34668;100
100;3;15;32,68018;100
100;2;2;32,68018;100
100;3;15;32,68018;100
100;3;15;32,68018;100
100;3;15;32,68018;100
100;3;15;32,68018;100
100;3;15;32,68018;100
100;3;15;32,68018;100
100;2;2;33,01367;100
100;3;15;33,01367;100
100;2;2;33,01367;100
100;3;15;33,01367;100
100;3;15;33,01367;100
100;3;15;33,01367;100
100;2;2;33,34717;100
100;3;15;33,34717;100
100;3;15;33,34717;100
100;2;2;33,34717;100
100;2;2;33,34717;100
100;3;15;33,34717;100
100;3;15;33,34717;100
100;3;15;33,34717;100
100;3;15;33,68066;100
100;3;15;33,68066;100
100;2;2;33,68066;100
100;3;15;33,68066;100
100;3;15;33,68066;100
100;3;15;33,68066;100
100;2;2;33,68066;100
100;2;2;33,68066;100
100;3;15;33,68066;100
100;3;15;34,01416;100
100;3;15;34,01416;100
100;3;15;34,01416;100
100;3;15;34,01416;100
100;2;2;34,01416;100
100;3;15;34,34766;100
100;3;15;34,34766;100
100;3;15;34,34766;100
100;3;15;34,34766;100
100;3;15;34,34766;100
100;3;15;34,34766;100
100;2;2;34,34766;100
100;2;2;34,34766;100
100;3;15;34,34766;100
100;3;15;34,34766;100
100;3;15;34,34766;100
100;3;15;34,68115;100
100;2;2;34,68115;100
100;3;15;34,68115;100
100;2;2;34,68115;100
100;3;15;34,68115;100
100;3;15;34,68115;100
100;2;2;34,68115;100
100;2;2;34,68115;100
100;2;2;34,68115;100
100;3;15;35,01465;100
100;3;15;35,01465;100
100;2;2;35,01465;100
100;2;2;35,01465;100
100;2;2;35,01465;100
100;3;15;35,01465;100
100;2;2;35,01465;100
100;2;2;35,01465;100
100;2;2;35,01465;100
100;2;2;35,34814;100
100;2;2;35,34814;100
100;3;15;35,34814;100
100;2;2;35,34814;100
100;3;15;35,34814;100
100;3;15;35,34814;100
100;3;15;35,34814;100
100;2;2;35,34814;100
100;2;2;35,34814;100
100;2;2;35,34814;100
100;3;15;35,68164;100
100;2;2;35,68164;100
100;2;2;35,68164;100
100;2;2;35,68164;100
100;3;15;35,68164;100
100;2;2;35,68164;100
100;3;15;36,01514;100
100;3;15;36,01514;100
100;2;2;36,01514;100
100;2;2;36,01514;100
100;2;2;36,01514;100
100;2;2;36,01514;100
100;3;15;36,01514;100
100;2;2;36,01514;100
100;2;2;36,34863;100
100;2;2;36,34863;100
100;3;15;36,34863;100
100;2;2;36,34863;100
100;3;15;36,34863;100
100;3;15;36,34863;100
100;2;2;36,34863;100
100;2;2;36,68213;100
100;3;15;36,68213;100
100;3;15;36,68213;100
100;2;2;36,68213;100
100;3;15;36,68213;100
100;3;15;36,68213;100
100;2;2;37,01563;100
100;3;15;37,01563;100
100;2;2;37,01563;100
100;2;2;37,01563;100
100;3;15;37,01563;100
100;3;15;37,01563;100
100;3;15;37,34912;100
100;3;15;37,34912;100
100;2;2;37,34912;100
100;3;15;37,34912;100
100;2;2;37,34912;100
100;2;2;37,34912;100
100;3;15;37,34912;100
100;3;15;37,34912;100
100;3;15;37,68262;100
100;3;15;37,68262;100
100;3;15;37,68262;100
100;2;2;37,68262;100
100;3;15;37,68262;100
100;2;2;38,01611;100
100;3;15;38,01611;100
100;3;15;38,01611;100
100;2;2;38,01611;100
100;3;15;38,01611;100
100;2;2;38,01611;100
100;2;2;38,01611;100
100;3;15;38,01611;100
100;2;2;38,34961;100
100;2;2;38,34961;100
100;3;15;38,34961;100
100;2;2;38,34961;100
100;3;15;38,34961;100
100;3;15;38,34961;100
100;3;15;38,34961;100
100;2;2;38,34961;100
100;2;2;38,34961;100
100;3;15;38,34961;100
100;2;2;38,68311;100
100;2;2;38,68311;100
100;3;15;38,68311;100
100;3;15;38,68311;100
100;3;15;38,68311;100
100;3;15;38,68311;100
100;2;2;38,68311;100
100;3;15;38,68311;100
100;3;15;39,0166;100
100;3;15;39,0166;100
100;2;2;39,0166;100
100;2;2;39,0166;100
100;3;15;39,0166;100
100;2;2;39,0166;100
100;2;2;39,0166;100
100;3;15;39,3501;100
100;2;2;39,3501;100
100;2;2;39,3501;100
100;2;2;39,3501;100
100;3;15;39,3501;100
100;2;2;39,3501;100
100;3;15;39,3501;100
100;3;15;39,3501;100
100;3;15;39,3501;100
100;2;2;39,3501;100
100;2;2;39,68359;100
100;3;15;39,68359;100
100;2;2;39,68359;100
100;2;2;39,68359;100
100;3;15;39,68359;100
100;3;15;39,68359;100
100;2;2;39,68359;100
100;2;2;40,01709;100
100;3;15;40,01709;100
100;3;15;40,01709;100
100;3;15;40,01709;100
100;3;15;40,01709;100
100;3;15;40,01709;100
100;3;15;40,01709;100
100;3;15;40,01709;100
100;2;2;40,01709;100
100;3;15;40,35059;100
100;3;15;40,35059;100
100;3;15;40,35059;100
100;3;15;40,35059;100
100;3;15;40,35059;100
100;2;2;40,35059;100
100;2;2;40,35059;100
100;3;15;40,35059;100
100;2;2;40,68408;100
100;2;2;40,68408;100
100;2;2;40,68408;100
100;3;15;40,68408;100
100;3;15;40,68408;100
100;2;2;40,68408;100
100;3;15;40,68408;100
100;2;2;40,68408;100
100;2;2;40,68408;100
100;3;15;40,68408;100
100;3;15;40,68408;100
100;2;2;40,68408;100
100;2;2;40,68408;100
100;2;2;41,01758;100
100;3;15;41,01758;100
100;2;2;41,01758;100
100;3;15;41,01758;100
100;2;2;41,01758;100
100;2;2;41,01758;100
100;3;15;41,01758;100
100;3;15;41,01758;100
100;3;15;41,01758;100
100;3;15;41,01758;100
100;2;2;41,01758;100
100;3;15;41,35107;100
100;2;2;41,35107;100
100;2;2;41,35107;100
100;2;2;41,35107;100
100;2;2;41,35107;100
100;3;15;41,35107;100
100;3;15;41,68457;100
100;3;15;41,68457;100
100;3;15;41,68457;100
100;2;2;41,68457;100
100;2;2;41,68457;100
100;3;15;42,01807;100
100;2;2;42,01807;100
100;2;2;42,01807;100
100;3;15;42,01807;100
100;2;2;42,01807;100
100;3;15;42,35156;100
100;2;2;42,35156;100
100;3;15;42,35156;100
100;2;2;42,35156;100
100;3;15;42,35156;100
100;2;2;42,35156;100
100;2;2;42,35156;100
100;3;15;42,68506;100
100;2;2;42,68506;100
100;2;2;42,68506;100
100;3;15;42,68506;100
100;2;2;42,68506;100
100;3;15;42,68506;100
100;3;15;42,68506;100
100;3;15;42,68506;100
100;3;15;43,01855;100
100;2;2;43,01855;100
100;3;15;43,01855;100
100;2;2;43,01855;100
100;2;2;43,01855;100
100;2;2;43,35205;100
100;3;15;43,35205;100
100;2;2;43,35205;100
100;2;2;43,35205;100
100;3;15;43,35205;100
100;2;2;43,35205;100
100;3;15;43,35205;100
100;3;15;43,35205;100
100;2;2;43,35205;100
100;3;15;43,35205;100
100;3;15;43,35205;100
100;2;2;43,68555;100
100;2;2;43,68555;100
100;2;2;43,68555;100
100;2;2;43,68555;100
100;2;2;43,68555;100
100;3;15;43,68555;100
100;3;15;43,68555;100
100;2;2;43,68555;100
100;3;15;44,01904;100
100;3;15;44,01904;100
100;3;15;44,01904;100
100;2;2;44,01904;100
100;2;2;44,01904;100
100;2;2;44,01904;100
100;3;15;44,01904;100
100;2;2;44,01904;100
100;3;15;44,35254;100
100;3;15;44,35254;100
100;3;15;44,35254;100
100;2;2;44,35254;100
100;2;2;44,35254;100
100;2;2;44,35254;100
100;2;2;44,35254;100
100;3;15;44,35254;100
100;2;2;44,35254;100
100;2;2;44,35254;100
100;3;15;44,35254;100
100;3;15;44,35254;100
100;3;15;44,68604;100
100;3;15;44,68604;100
100;3;15;44,68604;100
100;3;15;44,68604;100
100;3;15;44,68604;100
100;2;2;44,68604;100
100;2;2;45,01953;100
100;2;2;45,01953;100
100;3;15;45,01953;100
100;3;15;45,01953;100
100;2;2;45,35303;100
100;2;2;45,35303;100
100;3;15;45,35303;100
100;2;2;45,35303;100
100;3;15;45,35303;100
100;3;15;45,35303;100
100;3;15;45,35303;100
100;3;15;45,35303;100
100;3;15;45,35303;100
100;2;2;45,35303;100
100;2;2;45,35303;100
100;3;15;45,35303;100
100;2;2;45,68652;100
100;2;2;45,68652;100
100;3;15;45,68652;100
100;3;15;45,68652;100
100;2;2;45,68652;100
100;2;2;45,68652;100
100;2;2;45,68652;100
100;3;15;45,68652;100
100;3;15;46,02002;100
100;3;15;46,02002;100
100;3;15;46,02002;100
100;3;15;46,02002;100
100;3;15;46,02002;100
100;2;2;46,02002;100
100;3;15;46,02002;100
100;2;2;46,35352;100
100;3;15;46,35352;100
100;2;2;46,35352;100
100;3;15;46,35352;100
100;3;15;46,35352;100
100;2;2;46,35352;100
100;3;15;46,35352;100
100;3;15;46,35352;100
100;2;2;46,35352;100
100;2;2;46,68701;100
100;2;2;46,68701;100
100;3;15;46,68701;100
100;2;2;46,68701;100
100;2;2;46,68701;100
100;2;2;46,68701;100
100;2;2;46,68701;100
100;2;2;46,68701;100
100;3;15;47,02051;100
100;2;2;47,02051;100
100;3;15;47,02051;100
100;3;15;47,02051;100
100;2;2;47,354;100
100;3;15;47,354;100
100;2;2;47,354;100
100;3;15;47,354;100
100;3;15;47,354;100
100;3;15;47,354;100
100;3;15;47,354;100
100;3;15;47,354;100
100;3;15;47,6875;100
100;3;15;47,6875;100
100;2;2;47,6875;100
100;2;2;47,6875;100
100;2;2;47,6875;100
100;3;15;47,6875;100
100;3;15;47,6875;100
100;3;15;47,6875;100
100;3;15;47,6875;100
100;3;15;48,021;100
100;2;2;48,021;100
100;3;15;48,021;100
100;2;2;48,021;100
100;2;2;48,021;100
100;3;15;48,021;100
100;2;2;48,021;100
100;2;2;48,35449;100
100;3;15;48,35449;100
100;3;15;48,35449;100
100;3;15;48,35449;100
100;3;15;48,35449;100
100;3;15;48,35449;100
100;2;2;48,35449;100
100;2;2;48,35449;100
100;3;15;48,35449;100
100;2;2;48,68799;100
100;3;15;48,68799;100
100;3;15;48,68799;100
100;3;15;48,68799;100
100;3;15;48,68799;100
100;2;2;48,68799;100
100;3;15;48,68799;100
100;3;15;48,68799;100
100;2;2;48,68799;100
100;3;15;48,68799;100
100;3;15;49,02148;100
100;3;15;49,02148;100
100;2;2;49,02148;100
100;3;15;49,02148;100
100;3;15;49,02148;100
100;2;2;49,02148;100
100;2;2;49,02148;100
100;3;15;49,02148;100
100;2;2;49,02148;100
100;3;15;49,02148;100
100;2;2;49,35498;100
100;2;2;49,35498;100
100;2;2;49,35498;100
100;3;15;49,35498;100
100;3;15;49,35498;100
100;3;15;49,35498;100
100;2;2;49,35498;100
100;3;15;49,35498;100
100;3;15;49,35498;100
100;3;15;49,35498;100
100;3;15;49,35498;100
100;3;15;49,35498;100
100;2;2;49,68848;100
100;3;15;49,68848;100
100;3;15;49,68848;100
100;2;2;49,68848;100
100;2;2;49,68848;100
100;3;15;49,68848;100
100;3;15;49,68848;100
100;3;15;49,68848;100
100;3;15;50,02197;100
100;2;2;50,02197;100
100;2;2;50,02197;100
100;2;2;50,02197;100
100;2;2;50,02197;100
100;3;15;50,02197;100
100;3;15;50,02197;100
100;3;15;50,02197;100
100;3;15;50,02197;100
100;3;15;50,02197;100
100;3;15;50,02197;100
100;2;2;50,35547;100
100;3;15;50,35547;100
100;2;2;50,35547;100
100;2;2;50,35547;100
100;2;2;50,35547;100
100;3;15;50,35547;100
100;2;2;50,35547;100
100;3;15;50,35547;100
100;3;15;50,68896;100
100;3;15;50,68896;100
100;3;15;50,68896;100
100;2;2;50,68896;100
100;3;15;50,68896;100
100;2;2;50,68896;100
100;2;2;50,68896;100
100;2;2;51,02246;100
100;2;2;51,02246;100
100;3;15;51,02246;100
100;3;15;51,02246;100
100;2;2;51,02246;100
100;3;15;51,02246;100
100;3;15;51,02246;100
100;2;2;51,02246;100
100;3;15;51,02246;100
100;2;2;51,35596;100
100;3;15;51,35596;100
100;3;15;51,35596;100
100;3;15;51,35596;100
100;3;15;51,35596;100
100;3;15;51,35596;100
100;2;2;51,35596;100
100;2;2;51,35596;100
100;3;15;51,35596;100
100;3;15;51,35596;100
100;3;15;51,35596;100
100;3;15;51,35596;100
100;3;15;51,68945;100
100;2;2;51,68945;100
100;3;15;51,68945;100
100;3;15;51,68945;100
100;2;2;51,68945;100
100;3;15;51,68945;100
100;2;2;51,68945;100
100;3;15;51,68945;100
100;3;15;51,68945;100
100;3;15;52,02295;100
100;2;2;52,02295;100
100;2;2;52,02295;100
100;3;15;52,02295;100
100;2;2;52,02295;100
100;2;2;52,02295;100
100;2;2;52,02295;100
100;2;2;52,02295;100
100;2;2;52,35645;100
100;2;2;52,35645;100
100;3;15;52,35645;100
100;2;2;52,35645;100
100;2;2;52,35645;100
100;2;2;52,35645;100
100;2;2;52,35645;100
100;3;15;52,35645;100
100;2;2;52,35645;100
100;2;2;52,35645;100
100;3;15;52,68994;100
100;2;2;52,68994;100
100;3;15;52,68994;100
100;3;15;52,68994;100
100;3;15;52,68994;100
100;3;15;52,68994;100
100;2;2;53,02344;100
100;2;2;53,02344;100
100;3;15;53,02344;85
100;2;2;53,02344;85
100;2;2;53,02344;85
100;2;2;53,02344;85
100;2;2;53,02344;85
100;3;15;53,35693;70
100;3;15;53,35693;70
100;2;2;53,35693;70
100;3;15;53,35693;70
100;2;2;53,35693;70
100;3;15;53,35693;70
100;2;2;53,35693;70
100;3;15;53,35693;70
100;3;15;53,69043;70
100;2;2;53,69043;70
100;2;2;53,69043;70
100;3;15;53,69043;70
100;3;15;53,69043;70
100;2;2;53,69043;70
100;3;15;53,69043;70
100;3;15;53,69043;70
100;3;15;53,69043;70
100;2;2;53,69043;70
100;3;15;54,02393;70
100;2;2;54,02393;70
100;2;2;54,02393;70
100;3;15;54,02393;70
100;2;2;54,02393;70
100;2;2;54,02393;70
100;3;15;54,02393;70
100;3;15;54,35742;70
100;3;15;54,35742;70
100;3;15;54,35742;70
100;3;15;54,35742;70
100;2;2;54,35742;70
100;2;2;54,35742;70
100;2;2;54,35742;70
100;2;2;54,35742;70
100;3;15;54,35742;70
100;3;15;54,35742;70
100;3;15;54,35742;70
100;3;15;54,35742;70
100;2;2;54,69092;70
100;2;2;54,69092;70
100;2;2;54,69092;70
100;2;2;54,69092;70
100;3;15;54,69092;70
100;3;15;54,69092;70
100;3;15;55,02441;70
100;3;15;55,02441;70
100;3;15;55,02441;70
100;3;15;55,02441;70
100;3;15;55,02441;70
100;3;15;55,02441;70
100;3;15;55,02441;70
100;3;15;55,02441;70
100;3;15;55,02441;70
100;3;15;55,02441;70
100;3;15;55,02441;70
100;3;15;55,35791;70
100;3;15;55,35791;70
100;2;2;55,35791;70
100;2;2;55,35791;70
100;2;2;55,35791;70
100;2;2;55,35791;70
100;2;2;55,35791;70
100;3;15;55,35791;70
100;2;2;55,35791;70
100;2;2;55,69141;70
100;3;15;55,69141;70
100;3;15;55,69141;70
100;3;15;55,69141;70
100;3;15;55,69141;70
100;3;15;55,69141;70
100;3;15;55,69141;70
100;3;15;55,69141;70
100;2;2;55,69141;70
100;3;15;55,69141;70
100;3;15;56,0249;70
100;3;15;56,0249;70
100;2;2;56,0249;70
100;3;15;56,0249;70
100;3;15;56,0249;70
100;3;15;56,0249;70
100;3;15;56,0249;70
100;3;15;56,0249;70
100;2;2;56,3584;70
100;3;15;56,3584;70
100;3;15;56,3584;70
100;3;15;56,3584;70
100;2;2;56,3584;70
100;3;15;56,3584;70
100;2;2;56,3584;70
100;2;2;56,3584;70
100;3;15;56,69189;70
100;3;15;56,69189;70
100;3;15;56,69189;70
100;2;2;56,69189;70
100;3;15;56,69189;70
100;3;15;56,69189;70
100;3;15;56,69189;70
100;2;2;56,69189;70
100;2;2;57,02539;70
100;3;15;57,02539;70
100;2;2;57,02539;70
100;3;15;57,02539;70
100;3;15;57,02539;70
100;3;15;57,02539;70
100;2;2;57,02539;70
100;2;2;57,35889;70
100;3;15;57,35889;70
100;3;15;57,35889;70
100;2;2;57,35889;70
100;3;15;57,35889;70
100;3;15;57,35889;70
100;3;15;57,35889;70
100;3;15;57,35889;70
100;2;2;57,35889;70
100;3;15;57,35889;70
100;3;15;57,69238;70
100;3;15;57,69238;70
100;3;15;57,69238;70
100;2;2;57,69238;70
100;3;15;57,69238;70
100;3;15;57,69238;70
100;3;15;57,69238;70
100;3;15;57,69238;70
100;2;2;58,02588;70
100;2;2;58,02588;70
100;2;2;58,02588;70
100;2;2;58,02588;70
100;2;2;58,02588;70
100;2;2;58,35938;70
100;2;2;58,35938;70
100;3;15;58,35938;70
100;3;15;58,35938;70
100;2;2;58,35938;70
100;3;15;58,35938;70
100;2;2;58,35938;70
100;3;15;58,35938;70
100;2;2;58,35938;100
100;3;15;58,69287;100
100;2;2;58,69287;100
100;2;2;58,69287;100
100;3;15;58,69287;100
100;3;15;58,69287;100
100;3;15;58,69287;100
100;2;2;59,02637;100
100;2;2;59,02637;100
100;3;15;59,02637;100
100;3;15;59,02637;100
100;2;2;59,02637;100
100;2;2;59,02637;100
100;2;2;59,02637;100
100;3;15;59,02637;100
100;3;15;59,02637;100
100;3;15;59,02637;100
100;2;2;59,02637;100
100;3;15;59,35986;100
100;2;2;59,35986;100
100;3;15;59,35986;100
100;3;15;59,35986;100
100;3;15;59,35986;100
100;3;15;59,35986;100
100;3;15;59,35986;100
100;2;2;59,35986;100
100;2;2;59,35986;100
100;2;2;59,69336;100
100;2;2;59,69336;100
100;3;15;59,69336;100
100;2;2;59,69336;100
100;3;15;0,02685547;100
100;2;2;0,02685547;100
100;3;15;0,02685547;100
100;2;2;0,02685547;100
100;3;15;0,02685547;100
100;2;2;0,02685547;100
100;2;2;0,02685547;100
100;3;15;0,02685547;100
100;2;2;0,3603516;100
100;3;15;0,3603516;100
100;3;15;0,3603516;100
100;2;2;0,3603516;100
100;2;2;0,3603516;100
100;3;15;0,3603516;100
100;3;15;0,6938477;100
100;2;2;0,6938477;100
100;2;2;0,6938477;100
100;2;2;0,6938477;100
100;2;2;0,6938477;100
100;3;15;0,6938477;100
100;3;15;0,6938477;100
100;2;2;0,6938477;100
100;3;15;1,027344;100
100;3;15;1,027344;100
100;3;15;1,027344;100
100;3;15;1,027344;100
100;3;15;1,36084;100
100;3;15;1,36084;100
100;2;2;1,36084;100
100;3;15;1,36084;100
100;2;2;1,36084;100
100;3;15;1,36084;100
100;3;15;1,36084;100
100;2;2;1,694336;100
100;2;2;1,694336;100
100;3;15;1,694336;100
100;3;15;1,694336;100
100;2;2;1,694336;100
100;2;2;1,694336;100
100;3;15;1,694336;100
100;2;2;1,694336;100
100;2;2;2,027832;100
100;2;2;2,027832;100
100;3;15;2,027832;100
100;2;2;2,027832;100
100;2;2;2,027832;100
100;2;2;2,027832;100
100;3;15;2,361328;100
100;2;2;2,361328;100
100;3;15;2,361328;100
100;2;2;2,361328;100
100;3;15;2,361328;100
100;2;2;2,361328;100
100;3;15;2,361328;100
100;2;2;2,361328;100
100;2;2;2,361328;100
100;3;15;2,361328;100
100;3;15;2,361328;100
100;2;2;2,694824;100
100;3;15;2,694824;100
100;2;2;2,694824;100
100;3;15;2,694824;100
100;3;15;2,694824;100
100;3;15;2,694824;100
100;3;15;2,694824;100
100;2;2;2,694824;100
100;3;15;2,694824;100
100;2;2;2,694824;100
100;2;2;2,694824;100
100;3;15;3,02832;100
100;2;2;3,02832;100
100;2;2;3,02832;100
100;2;2;3,02832;100
100;3;15;3,02832;100
100;3;15;3,02832;100
100;2;2;3,02832;100
100;2;2;3,02832;100
100;2;2;3,361816;100
100;2;2;3,361816;100
100;2;2;3,361816;100
100;3;15;3,361816;100
100;3;15;3,361816;100
100;3;15;3,361816;100
100;2;2;3,361816;100
100;3;15;3,695313;100
100;2;2;3,695313;100
100;2;2;3,695313;100
100;3;15;3,695313;100
100;3;15;3,695313;100
100;3;15;3,695313;100
100;3;15;3,695313;100
100;3;15;3,695313;100
100;3;15;4,028809;100
100;2;2;4,028809;100
100;3;15;4,028809;100
100;2;2;4,028809;100
100;2;2;4,028809;100
100;3;15;4,028809;100
100;3;15;4,028809;100
100;2;2;4,028809;100
100;2;2;4,028809;100
100;3;15;4,028809;100
100;3;15;4,028809;100
100;2;2;4,028809;100
100;3;15;4,028809;100
100;2;2;4,362305;100
100;3;15;4,362305;100
100;2;2;4,362305;100
100;3;15;4,362305;100
100;3;15;4,362305;100
100;3;15;4,362305;100
100;3;15;4,362305;100
100;2;2;4,362305;100
100;2;2;4,695801;100
100;2;2;4,695801;100
100;2;2;4,695801;100
100;2;2;4,695801;100
100;3;15;4,695801;100
100;2;2;4,695801;100
100;3;15;4,695801;100
100;3;15;5,029297;100
100;3;15;5,029297;100
100;3;15;5,029297;100
100;3;15;5,029297;100
100;3;15;5,029297;100
100;2;2;5,029297;100
100;3;15;5,029297;100
100;3;15;5,029297;100
100;2;2;5,362793;100
100;2;2;5,362793;100
100;2;2;5,362793;100
100;3;15;5,362793;100
100;3;15;5,362793;100
100;2;2;5,362793;100
100;2;2;5,362793;100
100;3;15;5,362793;100
100;3;15;5,696289;100
100;2;2;5,696289;100
100;2;2;5,696289;100
100;2;2;5,696289;100
100;3;15;5,696289;100
100;3;15;5,696289;100
100;2;2;5,696289;100
100;3;15;5,696289;100
100;3;15;5,696289;100
100;3;15;6,029785;100
100;3;15;6,029785;100
100;2;2;6,029785;100
100;3;15;6,029785;100
100;3;15;6,029785;100
100;2;2;6,029785;100
100;2;2;6,029785;100
100;2;2;6,029785;100
100;2;2;6,363281;100
100;2;2;6,363281;100
100;2;2;6,363281;100
100;3;15;6,363281;100
100;2;2;6,363281;100
100;3;15;6,363281;100
100;2;2;6,363281;100
100;2;2;6,696777;100
100;3;15;6,696777;100
100;2;2;6,696777;100
100;3;15;6,696777;100
100;3;15;6,696777;100
100;2;2;6,696777;100
100;3;15;7,030273;100
100;2;2;7,030273;100
100;2;2;7,030273;100
100;3;15;7,030273;100
100;2;2;7,030273;100
100;3;15;7,030273;100
100;2;2;7,36377;100
100;2;2;7,36377;100
100;2;2;7,36377;100
100;3;15;7,36377;100
100;3;15;7,36377;100
100;3;15;7,36377;100
100;3;15;7,36377;100
100;3;15;7,697266;100
100;3;15;7,697266;100
100;3;15;7,697266;100
100;2;2;7,697266;100
100;2;2;7,697266;100
100;3;15;7,697266;100
100;3;15;8,030762;100
100;2;2;8,030762;100
100;3;15;8,030762;100
100;3;15;8,030762;100
100;3;15;8,030762;100
100;2;2;8,030762;100
100;3;15;8,030762;100
100;3;15;8,030762;100
100;2;2;8,364258;100
100;3;15;8,364258;100
100;3;15;8,364258;100
100;2;2;8,364258;100
100;3;15;8,364258;100
100;3;15;8,364258;100
100;3;15;8,364258;100
100;3;15;8,364258;100
100;3;15;8,364258;100
100;2;2;8,364258;100
100;3;15;8,364258;100
100;3;15;8,697754;100
100;2;2;8,697754;100
100;2;2;8,697754;100
100;2;2;8,697754;100
100;2;2;8,697754;100
100;3;15;8,697754;100
100;3;15;8,697754;100
100;3;15;8,697754;100
100;2;2;8,697754;100
100;2;2;9,03125;100
100;2;2;9,03125;100
100;2;2;9,03125;100
100;2;2;9,03125;100
100;2;2;9,03125;100
100;3;15;9,03125;100
100;2;2;9,03125;100
100;3;15;9,03125;100
100;3;15;9,03125;100
100;2;2;9,03125;100
100;3;15;9,364746;100
100;3;15;9,364746;100
100;3;15;9,364746;100
100;2;2;9,364746;100
100;2;2;9,364746;100
100;3;15;9,364746;100
100;3;15;9,364746;100
100;2;2;9,364746;100
100;3;15;9,364746;100
100;3;15;9,364746;100
100;2;2;9,698242;100
100;3;15;9,698242;100
100;2;2;9,698242;100
100;3;15;9,698242;100
100;2;2;9,698242;100
100;2;2;10,03174;100
100;3;15;10,03174;100
100;3;15;10,03174;100
100;3;15;10,03174;100
100;2;2;10,03174;100
100;3;15;10,03174;100
100;3;15;10,03174;100
100;2;2;10,03174;100
100;3;15;10,03174;100
100;2;2;10,36523;100
100;2;2;10,36523;100
100;2;2;10,36523;100
100;3;15;10,36523;100
100;2;2;10,36523;100
100;2;2;10,36523;100
100;3;15;10,69873;100
100;3;15;10,69873;100
100;3;15;10,69873;100
100;2;2;10,69873;100
100;3;15;10,69873;100
100;3;15;10,69873;100
100;3;15;10,69873;100
100;2;2;11,03223;100
100;3;15;11,03223;100
100;3;15;11,03223;100
100;3;15;11,03223;100
100;3;15;11,03223;100
100;3;15;11,03223;100
100;3;15;11,36572;100
100;3;15;11,36572;100
100;3;15;11,36572;100
100;3;15;11,36572;100
100;3;15;11,36572;100
100;2;2;11,36572;100
100;3;15;11,36572;100
100;3;15;11,36572;100
100;2;2;11,36572;100
100;3;15;11,69922;100
100;3;15;11,69922;100
100;2;2;11,69922;100
100;3;15;11,69922;100
100;2;2;11,69922;100
100;3;15;11,69922;100
100;3;15;11,69922;100
100;2;2;11,69922;100
100;3;15;11,69922;100
100;3;15;11,69922;100
100;3;15;12,03271;100
100;3;15;12,03271;100
100;2;2;12,03271;100
100;2;2;12,03271;100
100;2;2;12,03271;100
100;2;2;12,03271;100
100;2;2;12,03271;100
100;3;15;12,03271;100
100;3;15;12,36621;100
100;3;15;12,36621;100
100;2;2;12,36621;100
100;3;15;12,36621;100
100;3;15;12,36621;100
100;3;15;12,36621;100
100;3;15;12,36621;100
100;2;2;12,36621;100
100;2;2;12,36621;100
100;3;15;12,36621;100
100;3;15;12,36621;100
100;3;15;12,69971;85
100;3;15;12,69971;70
100;3;15;12,69971;55
100;3;15;12,69971;40
100;3;15;12,69971;25
100;3;15;12,69971;10
100;3;15;12,69971;-5
Player