100;3;15;1,728027;100
100;3;15;1,728027;100
100;2;2;1,728027;100
100;3;15;2,061523;100
100;2;2;2,061523;100
100;2;2;2,061523;100
100;3;15;2,061523;100
100;2;2;2,061523;100
100;2;2;2,061523;100
100;2;2;2,061523;100
100;3;15;2,39502;100
100;3;15;2,39502;100
100;3;15;2,39502;100
100;3;15;2,39502;100
100;3;15;2,39502;100
100;3;15;2,39502;100
100;3;15;2,728516;100
100;2;2;2,728516;100
100;3;15;2,728516;100
100;3;15;2,728516;100
100;3;15;2,728516;100
100;2;2;2,728516;100
100;3;15;2,728516;100
100;2;2;3,062012;100
100;3;15;3,062012;100
100;2;2;3,062012;100
100;2;2;3,062012;100
100;2;2;3,062012;100
100;3;15;3,062012;100
100;3;15;3,062012;100
100;2;2;3,395508;100
100;2;2;3,395508;100
100;3;15;3,395508;100
100;3;15;3,395508;100
100;2;2;3,395508;100
100;3;15;3,395508;100
100;3;15;3,729004;100
100;3;15;3,729004;100
100;3;15;3,729004;100
100;2;2;4,0625;100
100;2;2;4,0625;100
100;3;15;4,0625;100
100;3;15;4,0625;100
100;2;2;4,0625;100
100;3;15;4,0625;100
100;3;15;4,0625;100
100;3;15;4,0625;100
100;3;15;4,0625;100
100;3;15;4,395996;100
100;2;2;4,395996;100
100;2;2;4,395996;100
100;2;2;4,395996;100
100;3;15;4,395996;100
100;3;15;4,395996;100
100;3;15;4,395996;100
100;3;15;4,395996;100
100;3;15;4,729492;100
100;3;15;4,729492;100
100;3;15;4,729492;100
100;2;2;4,729492;100
100;3;15;4,729492;100
100;3;15;5,062988;100
100;2;2;5,062988;100
100;3;15;5,062988;100
100;3;15;5,062988;100
100;3;15;5,062988;100
100;3;15;5,396484;100
100;3;15;5,396484;100
100;3;15;5,396484;100
100;3;15;5,396484;100
100;3;15;5,396484;100
100;3;15;5,396484;100
100;2;2;5,396484;100
100;3;15;5,396484;100
100;2;2;5,396484;100
100;2;2;5,396484;100
100;2;2;5,72998;100
100;2;2;5,72998;100
100;3;15;5,72998;100
100;2;2;5,72998;100
100;2;2;5,72998;100
100;3;15;5,72998;100
100;3;15;5,72998;100
100;3;15;6,063477;100
100;3;15;6,063477;100
100;3;15;6,063477;100
100;2;2;6,063477;100
100;3;15;6,063477;100
100;3;15;6,063477;100
100;2;2;6,063477;100
100;3;15;6,396973;100
100;2;2;6,396973;100
100;3;15;6,396973;100
100;3;15;6,396973;100
100;2;2;6,396973;100
100;2;2;6,730469;100
100;3;15;6,730469;100
100;2;2;6,730469;100
100;3;15;6,730469;100
100;2;2;6,730469;100
100;2;2;7,063965;100
100;3;15;7,063965;100
100;3;15;7,063965;100
100;2;2;7,063965;100
100;2;2;7,063965;100
100;3;15;7,397461;100
100;3;15;7,397461;100
100;3;15;7,397461;100
100;3;15;7,397461;100
100;2;2;7,397461;100
100;3;15;7,397461;100
100;3;15;7,397461;100
100;2;2;7,397461;100
100;2;2;7,730957;100
100;3;15;7,730957;100
100;2;2;7,730957;100
100;3;15;7,730957;100
100;3;15;7,730957;100
100;2;2;7,730957;100
100;3;15;7,730957;100
100;2;2;7,730957;100
100;3;15;8,064453;100
100;2;2;8,064453;100
100;3;15;8,064453;100
100;3;15;8,064453;100
100;2;2;8,064453;100
100;3;15;8,064453;100
100;2;2;8,064453;100
100;2;2;8,064453;100
100;2;2;8,064453;100
100;2;2;8,397949;100
100;2;2;8,397949;100
100;2;2;8,397949;100
100;2;2;8,397949;100
100;2;2;8,397949;100
100;2;2;8,397949;100
100;3;15;8,397949;100
100;3;15;8,397949;100
100;2;2;8,731445;100
100;3;15;8,731445;100
100;3;15;8,731445;100
100;3;15;8,731445;100
100;2;2;8,731445;100
100;2;2;8,731445;100
100;3;15;9,064941;100
100;3;15;9,064941;100
100;3;15;9,064941;100
100;2;2;9,064941;100
100;2;2;9,064941;100
100;3;15;9,064941;100
100;3;15;9,064941;100
100;2;2;9,064941;100
100;2;2;9,064941;100
100;2;2;9,064941;100
100;3;15;9,398438;100
100;2;2;9,398438;100
100;3;15;9,398438;100
100;2;2;9,398438;100
100;2;2;9,398438;100
100;2;2;9,398438;100
100;3;15;9,398438;100
100;2;2;9,398438;100
100;2;2;9,398438;100
100;3;15;9,398438;100
100;2;2;9,731934;100
100;3;15;9,731934;100
100;3;15;9,731934;100
100;3;15;9,731934;100
100;3;15;9,731934;100
100;3;15;9,731934;100
100;2;2;9,731934;100
100;2;2;9,731934;100
100;2;2;10,06543;100
100;2;2;10,06543;100
100;3;15;10,06543;100
100;3;15;10,06543;100
100;2;2;10,06543;100
100;2;2;10,06543;100
100;3;15;10,06543;100
100;2;2;10,06543;100
100;2;2;10,06543;100
100;2;2;10,39893;100
100;2;2;10,39893;100
100;2;2;10,39893;100
100;2;2;10,39893;100
100;3;15;10,39893;100
100;3;15;10,39893;100
100;2;2;10,39893;100
100;2;2;10,39893;100
100;3;15;10,73242;100
100;3;15;10,73242;100
100;2;2;10,73242;100
100;3;15;10,73242;100
100;3;15;10,73242;100
100;3;15;10,73242;100
100;2;2;10,73242;100
100;2;2;11,06592;100
100;3;15;11,06592;100
100;2;2;11,06592;100
100;3;15;11,06592;100
100;2;2;11,06592;100
100;3;15;11,06592;100
100;2;2;11,06592;100
100;3;15;11,39941;100
100;2;2;11,39941;100
100;3;15;11,39941;100
100;2;2;11,39941;100
100;3;15;11,39941;100
100;2;2;11,39941;100
100;2;2;11,39941;100
100;2;2;11,39941;100
100;2;2;11,39941;100
100;2;2;11,73291;100
100;2;2;11,73291;100
100;3;15;11,73291;100
100;3;15;11,73291;100
100;2;2;11,73291;100
100;3;15;11,73291;100
100;2;2;12,06641;100
100;2;2;12,06641;100
100;3;15;12,06641;100
100;3;15;12,06641;100
100;2;2;12,06641;100
100;3;15;12,06641;100
100;3;15;12,06641;100
100;3;15;12,06641;100
100;2;2;12,06641;100
100;2;2;12,06641;100
100;3;15;12,3999;100
100;3;15;12,3999;100
100;2;2;12,3999;100
100;2;2;12,3999;100
100;2;2;12,3999;100
100;2;2;12,3999;100
100;2;2;12,7334;100
100;3;15;12,7334;100
100;3;15;12,7334;100
100;2;2;12,7334;100
100;2;2;12,7334;100
100;3;15;12,7334;100
100;3;15;12,7334;100
100;2;2;13,06689;100
100;3;15;13,06689;100
100;3;15;13,06689;100
100;3;15;13,06689;100
100;3;15;13,06689;100
100;2;2;13,06689;100
100;2;2;13,06689;100
100;3;15;13,40039;100
100;3;15;13,40039;100
100;2;2;13,40039;100
100;2;2;13,40039;100
100;2;2;13,40039;100
100;2;2;13,40039;100
100;2;2;13,40039;100
100;3;15;13,73389;100
100;2;2;13,73389;100
100;3;15;13,73389;100
100;3;15;13,73389;100
100;2;2;13,73389;100
100;3;15;13,73389;100
100;2;2;13,73389;100
100;3;15;14,06738;100
100;3;15;14,06738;100
100;2;2;14,06738;100
100;3;15;14,06738;100
100;3;15;14,06738;100
100;2;2;14,06738;100
100;2;2;14,06738;100
100;2;2;14,40088;100
100;3;15;14,40088;100
100;2;2;14,40088;100
100;3;15;14,40088;100
100;3;15;14,40088;100
100;2;2;14,40088;100
100;3;15;14,73438;100
100;3;15;14,73438;100
100;3;15;14,73438;100
100;3;15;14,73438;100
100;3;15;14,73438;100
100;3;15;14,73438;100
100;3;15;14,73438;100
100;2;2;14,73438;100
100;2;2;14,73438;100
100;2;2;15,06787;100
100;2;2;15,06787;100
100;2;2;15,06787;100
100;2;2;15,06787;100
100;3;15;15,06787;100
100;3;15;15,06787;100
100;2;2;15,06787;100
100;3;15;15,06787;100
100;3;15;15,06787;100
100;2;2;15,40137;100
100;3;15;15,40137;100
100;3;15;15,40137;100
100;2;2;15,73486;100
100;2;2;15,73486;100
100;2;2;15,73486;100
100;3;15;15,73486;100
100;3;15;15,73486;100
100;3;15;15,73486;100
100;2;2;15,73486;100
100;2;2;15,73486;100
100;2;2;15,73486;100
100;2;2;16,06836;100
100;2;2;16,06836;100
100;2;2;16,06836;100
100;3;15;16,06836;100
100;2;2;16,06836;100
100;2;2;16,06836;100
100;2;2;16,06836;100
100;3;15;16,06836;100
100;3;15;16,40186;100
100;3;15;16,40186;100
100;2;2;16,40186;100
100;3;15;16,40186;100
100;2;2;16,40186;100
100;3;15;16,40186;100
100;2;2;16,40186;100
100;3;15;16,40186;100
100;3;15;16,40186;100
100;2;2;16,40186;100
100;3;15;16,40186;100
100;3;15;16,40186;100
100;3;15;16,73535;100
100;2;2;16,73535;100
100;3;15;16,73535;100
100;3;15;16,73535;100
100;2;2;16,73535;100
100;3;15;16,73535;100
100;2;2;16,73535;100
100;3;15;16,73535;100
100;2;2;16,73535;100
100;3;15;16,73535;100
100;3;15;17,06885;100
100;2;2;17,06885;100
100;3;15;17,06885;100
100;3;15;17,06885;100
100;3;15;17,06885;100
100;3;15;17,06885;100
100;2;2;17,40234;100
100;2;2;17,40234;100
100;2;2;17,40234;100
100;3;15;17,40234;100
100;2;2;17,40234;100
100;3;15;17,40234;100
100;2;2;17,40234;100
100;2;2;17,40234;100
100;3;15;17,40234;100
100;3;15;17,40234;100
100;3;15;17,40234;100
100;3;15;17,73584;100
100;2;2;17,73584;100
100;3;15;17,73584;100
100;2;2;17,73584;100
100;2;2;17,73584;100
100;3;15;17,73584;100
100;2;2;17,73584;100
100;2;2;17,73584;100
100;2;2;17,73584;100
100;2;2;17,73584;100
100;3;15;18,06934;100
100;3;15;18,06934;100
100;3;15;18,06934;100
100;2;2;18,06934;100
100;3;15;18,06934;100
100;3;15;18,06934;100
100;2;2;18,06934;100
100;3;15;18,06934;100
100;3;15;18,06934;100
100;3;15;18,40283;100
100;2;2;18,40283;100
100;2;2;18,40283;100
100;2;2;18,40283;100
100;2;2;18,40283;100
100;2;2;18,40283;100
100;2;2;18,73633;100
100;3;15;18,73633;100
100;3;15;18,73633;100
100;3;15;18,73633;100
100;2;2;18,73633;100
100;3;15;19,06982;100
100;3;15;19,06982;100
100;2;2;19,06982;100
100;3;15;19,40332;100
100;3;15;19,40332;100
100;3;15;19,40332;100
100;3;15;19,40332;100
100;3;15;19,40332;100
100;3;15;19,40332;100
100;2;2;19,40332;100
100;2;2;19,40332;100
100;2;2;19,73682;100
100;3;15;19,73682;100
100;3;15;19,73682;100
100;3;15;19,73682;100
100;2;2;19,73682;100
100;3;15;19,73682;100
100;2;2;19,73682;100
100;3;15;19,73682;100
100;2;2;19,73682;100
100;3;15;19,73682;100
100;2;2;19,73682;100
100;3;15;20,07031;100
100;3;15;20,07031;100
100;3;15;20,07031;100
100;2;2;20,07031;100
100;3;15;20,07031;100
100;2;2;20,40381;100
100;2;2;20,40381;100
100;3;15;20,40381;100
100;2;2;20,40381;100
100;3;15;20,40381;100
100;3;15;20,40381;100
100;2;2;20,40381;100
100;3;15;20,40381;100
100;3;15;20,7373;100
100;2;2;20,7373;100
100;2;2;20,7373;100
100;3;15;20,7373;100
100;2;2;20,7373;100
100;2;2;20,7373;100
100;3;15;20,7373;100
100;2;2;21,0708;100
100;3;15;21,0708;100
100;2;2;21,0708;100
100;3;15;21,0708;100
100;2;2;21,0708;100
100;2;2;21,0708;100
100;2;2;21,4043;100
100;2;2;21,4043;100
100;3;15;21,4043;100
100;2;2;21,4043;100
100;2;2;21,4043;100
100;2;2;21,4043;100
100;3;15;21,4043;100
100;3;15;21,4043;100
100;3;15;21,4043;100
100;3;15;21,73779;100
100;3;15;21,73779;100
100;2;2;21,73779;100
100;2;2;21,73779;100
100;3;15;21,73779;100
100;3;15;21,73779;100
100;3;15;21,73779;100
100;2;2;22,07129;100
100;3;15;22,07129;100
100;3;15;22,07129;100
100;3;15;22,07129;100
100;3;15;22,07129;100
100;3;15;22,07129;100
100;2;2;22,07129;100
100;3;15;22,07129;100
100;3;15;22,07129;100
100;3;15;22,40479;100
100;3;15;22,40479;100
100;3;15;22,40479;100
100;2;2;22,40479;100
100;3;15;22,40479;100
100;2;2;22,40479;100
100;2;2;22,40479;100
100;3;15;22,40479;100
100;3;15;22,73828;100
100;3;15;22,73828;100
100;2;2;22,73828;100
100;2;2;22,73828;100
100;2;2;22,73828;100
100;2;2;22,73828;100
100;2;2;23,07178;100
100;2;2;23,07178;100
100;2;2;23,07178;100
100;3;15;23,07178;100
100;3;15;23,40527;100
100;3;15;23,40527;100
100;3;15;23,40527;100
100;3;15;23,40527;100
100;3;15;23,40527;100
100;3;15;23,40527;100
100;3;15;23,40527;100
100;2;2;23,40527;100
100;2;2;23,40527;100
100;3;15;23,40527;100
100;2;2;23,40527;100
100;2;2;23,73877;100
100;2;2;23,73877;100
100;2;2;23,73877;100
100;2;2;23,73877;100
100;3;15;23,73877;100
100;3;15;23,73877;100
100;3;15;23,73877;100
100;2;2;23,73877;100
100;3;15;23,73877;100
100;2;2;24,07227;100
100;2;2;24,07227;100
100;2;2;24,07227;100
100;3;15;24,07227;100
100;2;2;24,07227;100
100;2;2;24,40576;100
100;3;15;24,40576;100
100;2;2;24,40576;100
100;2;2;24,40576;100
100;2;2;24,73926;100
100;3;15;24,73926;100
100;3;15;24,73926;100
100;2;2;24,73926;100
100;3;15;24,73926;100
100;2;2;24,73926;100
100;2;2;24,73926;100
100;2;2;24,73926;100
100;2;2;24,73926;100
100;2;2;25,07275;100
100;3;15;25,07275;100
100;2;2;25,07275;100
100;3;15;25,07275;100
100;3;15;25,07275;100
100;2;2;25,07275;100
100;2;2;25,40625;100
100;2;2;25,40625;100
100;3;15;25,40625;100
100;2;2;25,40625;100
100;3;15;25,40625;100
100;2;2;25,40625;100
100;2;2;25,73975;100
100;2;2;25,73975;100
100;3;15;25,73975;100
100;2;2;25,73975;100
100;3;15;25,73975;100
100;2;2;25,73975;100
100;3;15;25,73975;100
100;3;15;25,73975;100
100;2;2;25,73975;100
100;3;15;26,07324;100
100;3;15;26,07324;100
100;2;2;26,07324;100
100;3;15;26,07324;100
100;2;2;26,07324;100
100;3;15;26,07324;100
100;2;2;26,07324;100
100;3;15;26,40674;100
100;3;15;26,40674;100
100;3;15;26,40674;100
100;3;15;26,40674;100
100;2;2;26,40674;100
100;3;15;26,40674;100
100;2;2;26,40674;100
100;2;2;26,40674;100
100;3;15;26,40674;100
100;3;15;26,40674;100
100;3;15;26,40674;100
100;3;15;26,74023;100
100;2;2;26,74023;100
100;2;2;26,74023;100
100;3;15;26,74023;100
100;2;2;26,74023;100
100;2;2;26,74023;100
100;3;15;26,74023;100
100;2;2;26,74023;100
100;2;2;27,07373;100
100;2;2;27,07373;100
100;3;15;27,07373;100
100;2;2;27,07373;100
100;2;2;27,07373;100
100;3;15;27,07373;100
100;2;2;27,40723;100
100;2;2;27,40723;100
100;2;2;27,40723;100
100;2;2;27,40723;100
100;3;15;27,40723;100
100;2;2;27,40723;100
100;3;15;27,40723;100
100;3;15;27,40723;100
100;3;15;27,40723;100
100;3;15;27,40723;100
100;3;15;27,74072;100
100;2;2;27,74072;100
100;2;2;27,74072;100
100;3;15;27,74072;100
100;2;2;27,74072;100
100;3;15;27,74072;100
100;3;15;27,74072;100
100;3;15;27,74072;100
100;3;15;28,07422;100
100;2;2;28,07422;100
100;3;15;28,07422;100
100;3;15;28,07422;100
100;3;15;28,07422;100
100;3;15;28,07422;100
100;2;2;28,07422;100
100;2;2;28,07422;100
100;3;15;28,07422;100
100;3;15;28,40771;100
100;3;15;28,40771;100
100;3;15;28,40771;100
100;3;15;28,40771;100
100;3;15;28,40771;100
100;3;15;28,40771;100
100;2;2;28,40771;100
100;2;2;28,74121;100
100;3;15;28,74121;100
100;3;15;28,74121;100
100;3;15;28,74121;100
100;2;2;28,74121;100
100;2;2;28,74121;100
100;3;15;29,07471;100
100;2;2;29,07471;100
100;2;2;29,07471;100
100;2;2;29,07471;100
100;2;2;29,07471;100
100;2;2;29,4082;100
100;2;2;29,4082;100
100;2;2;29,4082;100
100;2;2;29,4082;100
100;3;15;29,4082;100
100;3;15;29,4082;100
100;2;2;29,4082;100
100;2;2;29,4082;100
100;2;2;29,4082;100
100;3;15;29,4082;100
100;3;15;29,7417;100
100;3;15;29,7417;100
100;2;2;29,7417;100
100;3;15;29,7417;100
100;2;2;29,7417;100
100;3;15;29,7417;100
100;3;15;29,7417;100
100;3;15;30,0752;100
100;3;15;30,0752;100
100;2;2;30,0752;100
100;3;15;30,0752;100
100;3;15;30,0752;100
100;3;15;30,0752;100
100;3;15;30,0752;100
100;2;2;30,0752;100
100;3;15;30,0752;100
100;2;2;30,0752;100
100;3;15;30,40869;100
100;2;2;30,40869;100
100;3;15;30,40869;100
100;3;15;30,40869;100
100;3;15;30,40869;100
100;2;2;30,40869;100
100;2;2;30,74219;100
100;2;2;30,74219;100
100;3;15;30,74219;100
100;3;15;30,74219;100
100;3;15;30,74219;100
100;3;15;30,74219;100
100;2;2;30,74219;100
100;3;15;30,74219;100
100;3;15;30,74219;100
100;3;15;30,74219;100
100;2;2;30,74219;100
100;3;15;31,07568;100
100;2;2;31,07568;100
100;3;15;31,07568;100
100;2;2;31,07568;100
100;2;2;31,07568;100
100;3;15;31,07568;100
100;3;15;31,07568;100
100;3;15;31,40918;100
100;3;15;31,40918;100
100;2;2;31,40918;100
100;3;15;31,40918;100
100;3;15;31,40918;100
100;3;15;31,40918;100
100;3;15;31,40918;100
100;3;15;31,74268;100
100;3;15;31,74268;100
100;3;15;31,74268;100
100;3;15;31,74268;100
100;2;2;32,07617;100
100;2;2;32,07617;100
100;3;15;32,07617;100
100;2;2;32,07617;100
100;3;15;32,07617;100
100;2;2;32,40967;100
100;3;15;32,40967;100
100;2;2;32,40967;100
100;2;2;32,40967;100
100;2;2;32,40967;100
100;2;2;32,40967;100
100;3;15;32,40967;100
100;2;2;32,74316;100
100;2;2;32,74316;100
100;3;15;32,74316;100
100;2;2;32,74316;100
100;2;2;32,74316;100
100;3;15;32,74316;100
100;2;2;32,74316;100
100;2;2;32,74316;100
100;2;2;32,74316;100
100;3;15;32,74316;100
100;3;15;33,07666;100
100;3;15;33,07666;100
100;3;15;33,07666;100
100;2;2;33,07666;100
100;3;15;33,07666;100
100;3;15;33,07666;100
100;2;2;33,07666;100
100;3;15;33,07666;100
100;3;15;33,41016;100
100;2;2;33,41016;100
100;2;2;33,41016;100
100;2;2;33,41016;100
100;3;15;33,41016;100
100;3;15;33,41016;100
100;3;15;33,74365;100
100;3;15;33,74365;100
100;2;2;33,74365;100
100;3;15;33,74365;100
100;2;2;33,74365;100
100;2;2;33,74365;100
100;3;15;33,74365;100
100;3;15;33,74365;100
100;3;15;34,07715;100
100;2;2;34,07715;100
100;3;15;34,07715;100
100;3;15;34,07715;100
100;2;2;34,07715;100
100;2;2;34,07715;100
100;2;2;34,07715;100
100;3;15;34,07715;100
100;3;15;34,07715;100
100;3;15;34,41064;100
100;2;2;34,41064;100
100;3;15;34,41064;100
100;3;15;34,41064;100
100;3;15;34,41064;100
100;3;15;34,74414;100
100;2;2;34,74414;100
100;3;15;34,74414;100
100;2;2;34,74414;100
100;2;2;34,74414;100
100;3;15;34,74414;100
100;3;15;34,74414;100
100;3;15;35,07764;100
100;2;2;35,07764;100
100;3;15;35,07764;100
100;3;15;35,07764;100
100;2;2;35,07764;100
100;3;15;35,41113;100
100;3;15;35,41113;100
100;3;15;35,41113;100
100;2;2;35,41113;100
100;2;2;35,41113;100
100;2;2;35,41113;100
100;2;2;35,41113;100
100;2;2;35,41113;100
100;3;15;35,41113;100
100;3;15;35,41113;100
100;3;15;35,74463;100
100;2;2;35,74463;100
100;2;2;35,74463;100
100;2;2;35,74463;100
100;3;15;35,74463;100
100;3;15;35,74463;100
100;3;15;35,74463;100
100;3;15;36,07813;100
100;2;2;36,07813;100
100;2;2;36,07813;100
100;2;2;36,07813;100
100;3;15;36,07813;100
100;3;15;36,07813;100
100;2;2;36,07813;100
100;3;15;36,07813;100
100;3;15;36,07813;100
100;3;15;36,07813;100
100;2;2;36,41162;100
100;2;2;36,41162;100
100;3;15;36,41162;100
100;3;15;36,74512;100
100;2;2;36,74512;100
100;3;15;36,74512;100
100;3;15;36,74512;100
100;3;15;36,74512;100
100;3;15;36,74512;100
100;3;15;36,74512;100
100;3;15;37,07861;100
100;3;15;37,07861;100
100;2;2;37,07861;100
100;3;15;37,07861;100
100;2;2;37,07861;100
100;3;15;37,41211;100
100;2;2;37,41211;100
100;3;15;37,41211;100
100;2;2;37,41211;100
100;3;15;37,41211;100
100;3;15;37,41211;100
100;3;15;37,41211;100
100;2;2;37,41211;100
100;2;2;37,74561;100
100;3;15;37,74561;100
100;3;15;37,74561;100
100;2;2;37,74561;100
100;2;2;37,74561;100
100;3;15;37,74561;100
100;2;2;38,0791;100
100;2;2;38,0791;100
100;3;15;38,0791;100
100;2;2;38,0791;100
100;3;15;38,0791;100
100;2;2;38,0791;100
100;3;15;38,0791;100
100;2;2;38,4126;100
100;3;15;38,4126;100
100;2;2;38,4126;100
100;2;2;38,4126;100
100;3;15;38,4126;100
100;3;15;38,4126;100
100;3;15;38,4126;100
100;2;2;38,4126;100
100;3;15;38,4126;100
100;3;15;38,74609;100
100;2;2;38,74609;100
100;2;2;38,74609;100
100;3;15;38,74609;100
100;3;15;38,74609;100
100;3;15;38,74609;100
100;2;2;38,74609;100
100;3;15;38,74609;100
100;3;15;39,07959;100
100;2;2;39,07959;100
100;3;15;39,07959;100
100;2;2;39,07959;100
100;3;15;39,07959;100
100;2;2;39,07959;100
100;2;2;39,07959;100
100;2;2;39,41309;100
100;3;15;39,41309;100
100;3;15;39,41309;100
100;2;2;39,41309;100
100;3;15;39,41309;100
100;2;2;39,41309;100
100;3;15;39,74658;100
100;3;15;39,74658;100
100;3;15;39,74658;100
100;3;15;39,74658;100
100;3;15;39,74658;100
100;3;15;39,74658;100
100;2;2;39,74658;100
100;3;15;39,74658;100
100;3;15;39,74658;100
100;3;15;40,08008;100
100;3;15;40,08008;100
100;2;2;40,08008;100
100;2;2;40,08008;100
100;2;2;40,08008;100
100;3;15;40,08008;100
100;3;15;40,08008;100
100;3;15;40,08008;100
100;2;2;40,08008;100
100;3;15;40,08008;100
100;3;15;40,41357;100
100;3;15;40,41357;100
100;3;15;40,41357;100
100;2;2;40,74707;100
100;3;15;40,74707;100
100;3;15;40,74707;100
100;2;2;40,74707;100
100;2;2;40,74707;100
100;2;2;40,74707;100
100;2;2;41,08057;100
100;3;15;41,08057;100
100;2;2;41,08057;100
100;3;15;41,08057;100
100;2;2;41,08057;100
100;3;15;41,08057;100
100;3;15;41,41406;100
100;2;2;41,41406;100
100;2;2;41,41406;100
100;3;15;41,41406;100
100;3;15;41,41406;100
100;2;2;41,41406;100
100;2;2;41,41406;100
100;3;15;41,41406;100
100;2;2;41,74756;100
100;2;2;41,74756;100
100;2;2;41,74756;100
100;3;15;41,74756;100
100;3;15;41,74756;100
100;2;2;41,74756;100
100;3;15;41,74756;100
100;2;2;41,74756;100
100;2;2;41,74756;100
100;3;15;42,08105;100
100;3;15;42,08105;100
100;3;15;42,08105;100
100;3;15;42,08105;100
100;3;15;42,08105;100
100;3;15;42,08105;100
100;2;2;42,08105;100
100;2;2;42,41455;100
100;3;15;42,41455;100
100;2;2;42,41455;100
100;3;15;42,41455;100
100;3;15;42,41455;100
100;2;2;42,41455;100
100;3;15;42,41455;100
100;2;2;42,74805;100
100;3;15;42,74805;100
100;3;15;42,74805;100
100;3;15;42,74805;100
100;2;2;43,08154;100
100;2;2;43,08154;100
100;3;15;43,08154;100
100;2;2;43,08154;100
100;3;15;43,08154;100
100;2;2;43,08154;100
100;2;2;43,08154;100
100;2;2;43,08154;100
100;2;2;43,08154;100
100;3;15;43,41504;100
100;3;15;43,41504;100
100;3;15;43,41504;100
100;3;15;43,41504;100
100;2;2;43,41504;100
100;2;2;43,41504;100
100;2;2;43,41504;100
100;3;15;43,74854;100
100;3;15;43,74854;85
100;3;15;43,74854;70
100;3;15;43,74854;55
100;2;2;43,74854;55
100;3;15;43,74854;40
100;2;2;43,74854;40
100;3;15;43,74854;25
100;2;2;44,08203;25
100;3;15;44,08203;10
100;3;15;44,08203;-5
Player