92;3;15;2,956055;100
92;3;15;2,956055;100
92;2;2;2,956055;100
92;2;2;2,956055;100
92;3;15;2,956055;100
92;3;15;2,956055;100
92;3;15;3,289551;100
92;2;2;3,289551;100
92;3;15;3,289551;100
92;3;15;3,289551;100
92;3;15;3,623047;100
92;2;2;3,623047;100
92;2;2;3,623047;100
92;2;2;3,623047;100
92;2;2;3,623047;100
92;2;2;3,623047;100
92;3;15;3,623047;100
92;2;2;3,623047;100
92;3;15;3,956543;100
92;2;2;3,956543;100
92;2;2;3,956543;100
92;2;2;3,956543;100
92;2;2;3,956543;100
92;2;2;3,956543;100
92;3;15;3,956543;100
92;3;15;3,956543;100
92;2;2;3,956543;100
92;3;15;3,956543;100
92;2;2;4,290039;100
92;3;15;4,290039;100
92;2;2;4,290039;100
92;3;15;4,290039;100
92;3;15;4,290039;100
92;3;15;4,290039;100
92;2;2;4,290039;100
92;2;2;4,623535;100
92;2;2;4,623535;100
92;3;15;4,623535;100
92;3;15;4,623535;100
92;3;15;4,623535;100
92;2;2;4,623535;100
92;2;2;4,623535;100
92;3;15;4,623535;100
92;2;2;4,623535;100
92;2;2;4,623535;100
92;3;15;4,957031;100
92;2;2;4,957031;100
92;3;15;4,957031;100
92;3;15;4,957031;100
92;3;15;4,957031;100
92;3;15;4,957031;100
92;3;15;4,957031;100
92;3;15;4,957031;100
92;3;15;5,290527;100
92;2;2;5,290527;100
92;3;15;5,290527;100
92;2;2;5,290527;100
92;2;2;5,290527;100
92;3;15;5,624023;100
92;3;15;5,624023;100
92;2;2;5,624023;100
92;3;15;5,624023;100
92;3;15;5,624023;100
92;2;2;5,624023;100
92;2;2;5,624023;100
92;2;2;5,624023;100
92;2;2;5,624023;100
92;2;2;5,624023;100
92;3;15;5,95752;100
92;2;2;5,95752;100
92;3;15;5,95752;100
92;3;15;5,95752;100
92;3;15;5,95752;100
92;2;2;6,291016;100
92;3;15;6,291016;100
92;2;2;6,291016;100
92;3;15;6,291016;100
92;3;15;6,291016;100
92;3;15;6,291016;100
92;3;15;6,291016;100
92;2;2;6,624512;100
92;3;15;6,624512;100
92;3;15;6,624512;100
92;2;2;6,624512;100
92;2;2;6,624512;100
92;2;2;6,624512;100
92;3;15;6,624512;100
92;3;15;6,624512;100
92;3;15;6,958008;100
92;2;2;6,958008;100
92;2;2;6,958008;100
92;2;2;6,958008;100
92;3;15;6,958008;100
92;3;15;7,291504;100
92;3;15;7,291504;100
92;3;15;7,291504;100
92;3;15;7,625;100
92;3;15;7,625;100
92;2;2;7,625;100
92;2;2;7,625;100
92;3;15;7,625;100
92;3;15;7,625;100
92;3;15;7,625;100
92;2;2;7,625;100
92;3;15;7,625;100
92;2;2;7,958496;100
92;3;15;7,958496;100
92;2;2;7,958496;100
92;3;15;7,958496;100
92;2;2;7,958496;100
92;3;15;7,958496;100
92;3;15;7,958496;100
92;2;2;7,958496;100
92;2;2;7,958496;100
92;2;2;7,958496;100
92;2;2;7,958496;100
92;3;15;8,291992;100
92;3;15;8,291992;100
92;2;2;8,291992;100
92;3;15;8,291992;100
92;3;15;8,291992;100
92;3;15;8,291992;100
92;3;15;8,291992;100
92;2;2;8,291992;100
92;2;2;8,291992;100
92;3;15;8,291992;100
92;2;2;8,291992;100
92;2;2;8,625488;100
92;2;2;8,625488;100
92;2;2;8,625488;100
92;2;2;8,625488;100
92;3;15;8,625488;100
92;3;15;8,625488;100
92;2;2;8,625488;100
92;3;15;8,625488;100
92;3;15;8,958984;100
92;2;2;8,958984;100
92;3;15;8,958984;100
92;2;2;8,958984;100
92;3;15;8,958984;100
92;3;15;8,958984;100
92;2;2;9,29248;100
92;3;15;9,29248;100
92;3;15;9,29248;100
92;3;15;9,29248;100
92;2;2;9,29248;100
92;3;15;9,29248;100
92;2;2;9,29248;100
92;2;2;9,29248;100
92;2;2;9,625977;100
92;2;2;9,625977;100
92;2;2;9,625977;100
92;3;15;9,625977;100
92;3;15;9,625977;100
92;2;2;9,959473;100
92;3;15;9,959473;100
92;2;2;9,959473;100
92;2;2;9,959473;100
92;3;15;9,959473;100
92;2;2;9,959473;100
92;2;2;9,959473;100
92;3;15;10,29297;100
92;2;2;10,29297;100
92;3;15;10,29297;100
92;3;15;10,29297;100
92;3;15;10,29297;100
92;2;2;10,29297;100
92;3;15;10,29297;100
92;3;15;10,62646;100
92;2;2;10,62646;100
92;2;2;10,62646;100
92;2;2;10,62646;100
92;3;15;10,62646;100
92;2;2;10,62646;100
92;3;15;10,62646;100
92;3;15;10,95996;100
92;2;2;10,95996;100
92;2;2;10,95996;100
92;2;2;10,95996;100
92;3;15;10,95996;100
92;2;2;10,95996;100
92;2;2;10,95996;100
92;3;15;10,95996;100
92;2;2;10,95996;100
92;3;15;11,29346;100
92;3;15;11,29346;100
92;3;15;11,29346;100
92;2;2;11,29346;100
92;3;15;11,29346;100
92;3;15;11,29346;100
92;2;2;11,29346;100
92;3;15;11,29346;100
92;2;2;11,29346;100
92;2;2;11,29346;100
92;2;2;11,29346;100
92;3;15;11,62695;100
92;3;15;11,62695;100
92;3;15;11,62695;100
92;2;2;11,62695;100
92;2;2;11,62695;100
92;3;15;11,62695;100
92;2;2;11,62695;100
92;3;15;11,96045;100
92;3;15;11,96045;100
92;3;15;11,96045;100
92;2;2;11,96045;100
92;2;2;11,96045;100
92;3;15;11,96045;100
92;3;15;11,96045;100
92;2;2;11,96045;100
92;3;15;12,29395;100
92;2;2;12,29395;100
92;2;2;12,29395;100
92;3;15;12,29395;100
92;3;15;12,29395;100
92;3;15;12,29395;100
92;3;15;12,62744;100
92;2;2;12,62744;100
92;2;2;12,62744;100
92;3;15;12,62744;100
92;3;15;12,62744;100
92;2;2;12,62744;100
92;2;2;12,62744;100
92;3;15;12,62744;100
92;2;2;12,96094;100
92;3;15;12,96094;100
92;2;2;12,96094;100
92;2;2;12,96094;100
92;2;2;12,96094;100
92;3;15;12,96094;100
92;2;2;12,96094;100
92;3;15;13,29443;100
92;2;2;13,29443;100
92;3;15;13,29443;100
92;3;15;13,29443;100
92;2;2;13,29443;100
92;3;15;13,29443;100
92;2;2;13,62793;100
92;3;15;13,62793;100
92;2;2;13,62793;100
92;3;15;13,62793;100
92;2;2;13,62793;100
92;3;15;13,62793;100
92;2;2;13,62793;100
92;2;2;13,62793;100
92;2;2;13,62793;100
92;3;15;13,62793;100
92;2;2;13,62793;100
92;3;15;13,96143;100
92;3;15;13,96143;100
92;3;15;13,96143;100
92;2;2;13,96143;100
92;3;15;13,96143;100
92;3;15;13,96143;100
92;3;15;13,96143;100
92;2;2;13,96143;100
92;2;2;14,29492;100
92;2;2;14,29492;100
92;2;2;14,29492;100
92;2;2;14,29492;100
92;2;2;14,29492;100
92;2;2;14,29492;100
92;3;15;14,29492;100
92;3;15;14,62842;100
92;3;15;14,62842;100
92;2;2;14,62842;100
92;3;15;14,62842;100
92;3;15;14,62842;100
92;2;2;14,62842;100
92;3;15;14,62842;100
92;3;15;14,62842;100
92;2;2;14,62842;100
92;3;15;14,62842;100
92;2;2;14,96191;100
92;2;2;14,96191;100
92;2;2;14,96191;100
92;2;2;14,96191;100
92;3;15;14,96191;100
92;3;15;14,96191;100
92;2;2;14,96191;100
92;3;15;14,96191;100
92;3;15;14,96191;100
92;3;15;15,29541;100
92;3;15;15,29541;100
92;2;2;15,29541;100
92;3;15;15,29541;100
92;3;15;15,29541;100
92;2;2;15,62891;100
92;3;15;15,62891;100
92;3;15;15,62891;100
92;3;15;15,62891;100
92;3;15;15,62891;100
92;3;15;15,62891;100
92;2;2;15,62891;100
92;2;2;15,62891;100
92;2;2;15,9624;100
92;2;2;15,9624;100
92;3;15;15,9624;100
92;3;15;15,9624;100
92;3;15;15,9624;100
92;2;2;15,9624;100
92;3;15;15,9624;100
92;2;2;15,9624;100
92;2;2;16,2959;100
92;3;15;16,2959;100
92;2;2;16,2959;100
92;2;2;16,2959;100
92;3;15;16,2959;100
92;2;2;16,2959;100
92;3;15;16,2959;100
92;2;2;16,62939;100
92;3;15;16,62939;100
92;2;2;16,62939;100
92;3;15;16,62939;100
92;2;2;16,96289;100
92;3;15;16,96289;100
92;3;15;16,96289;100
92;3;15;16,96289;100
92;3;15;16,96289;100
92;3;15;16,96289;100
92;2;2;16,96289;100
92;3;15;17,29639;100
92;2;2;17,29639;100
92;2;2;17,29639;100
92;2;2;17,29639;100
92;3;15;17,29639;100
92;3;15;17,29639;100
92;2;2;17,29639;100
92;2;2;17,29639;100
92;2;2;17,29639;100
92;2;2;17,29639;100
92;3;15;17,62988;100
92;2;2;17,62988;100
92;3;15;17,62988;100
92;2;2;17,62988;100
92;2;2;17,62988;100
92;2;2;17,62988;100
92;2;2;17,96338;100
92;2;2;17,96338;100
92;2;2;17,96338;100
92;3;15;17,96338;100
92;2;2;17,96338;100
92;2;2;17,96338;100
92;3;15;17,96338;100
92;3;15;17,96338;100
92;3;15;18,29688;100
92;2;2;18,29688;100
92;3;15;18,29688;100
92;2;2;18,29688;100
92;2;2;18,29688;100
92;2;2;18,29688;100
92;2;2;18,29688;100
92;2;2;18,29688;100
92;2;2;18,29688;100
92;2;2;18,63037;100
92;2;2;18,63037;100
92;3;15;18,63037;100
92;2;2;18,63037;100
92;3;15;18,63037;100
92;2;2;18,63037;100
92;2;2;18,63037;100
92;3;15;18,63037;100
92;3;15;18,63037;100
92;3;15;18,63037;100
92;3;15;18,96387;100
92;2;2;18,96387;100
92;3;15;18,96387;100
92;2;2;18,96387;100
92;2;2;18,96387;100
92;2;2;18,96387;100
92;2;2;18,96387;100
92;3;15;19,29736;100
92;2;2;19,29736;100
92;3;15;19,29736;100
92;2;2;19,29736;100
92;3;15;19,29736;100
92;3;15;19,29736;100
92;3;15;19,29736;100
92;2;2;19,29736;100
92;2;2;19,29736;100
92;3;15;19,63086;100
92;2;2;19,63086;100
92;3;15;19,63086;85
92;2;2;19,63086;85
92;3;15;19,63086;70
92;3;15;19,63086;55
92;3;15;19,63086;40
92;2;2;19,63086;40
92;3;15;19,96436;25
84;2;2;19,96436;23
76;3;15;19,96436;8
68;2;2;19,96436;6
52;3;15;19,96436;-9
Player