92;3;15;18,6665;100
92;2;2;18,6665;100
92;2;2;18,6665;100
92;3;15;18,6665;100
92;2;2;18,6665;100
92;2;2;18,6665;100
92;3;15;18,6665;100
92;2;2;18,6665;100
92;2;2;18,6665;100
92;2;2;19;100
92;2;2;19;100
92;2;2;19;100
92;3;15;19;100
92;2;2;19;100
92;2;2;19;100
92;3;15;19,3335;100
92;3;15;19,3335;100
92;3;15;19,3335;100
92;2;2;19,3335;100
92;3;15;19,3335;100
92;2;2;19,3335;100
92;3;15;19,3335;100
92;2;2;19,3335;100
92;3;15;19,3335;100
92;3;15;19,3335;100
92;3;15;19,66699;100
92;3;15;19,66699;100
92;2;2;19,66699;100
92;3;15;19,66699;100
92;2;2;19,66699;100
92;3;15;19,66699;100
92;3;15;19,66699;100
92;3;15;19,66699;100
92;3;15;20,00049;100
92;2;2;20,00049;100
92;3;15;20,00049;100
92;3;15;20,00049;100
92;3;15;20,00049;100
92;2;2;20,00049;100
92;3;15;20,00049;100
92;2;2;20,00049;100
92;2;2;20,00049;100
92;3;15;20,00049;100
92;3;15;20,33398;100
92;2;2;20,33398;100
92;2;2;20,33398;100
92;3;15;20,33398;100
92;3;15;20,66748;100
92;2;2;20,66748;100
92;3;15;20,66748;100
92;2;2;20,66748;100
92;2;2;20,66748;100
92;3;15;20,66748;100
92;3;15;20,66748;100
92;2;2;20,66748;100
92;2;2;20,66748;100
92;2;2;21,00098;100
92;2;2;21,00098;100
92;3;15;21,00098;100
92;3;15;21,00098;100
92;2;2;21,00098;100
92;2;2;21,00098;100
92;2;2;21,00098;100
92;3;15;21,00098;100
92;3;15;21,00098;100
92;2;2;21,00098;100
92;3;15;21,33447;100
92;2;2;21,33447;100
92;2;2;21,33447;100
92;3;15;21,33447;100
92;2;2;21,33447;100
92;2;2;21,33447;100
92;2;2;21,33447;100
92;3;15;21,66797;100
92;2;2;21,66797;100
92;3;15;21,66797;100
92;2;2;21,66797;100
92;2;2;21,66797;100
92;3;15;21,66797;100
92;3;15;21,66797;100
92;3;15;21,66797;100
92;3;15;21,66797;100
92;3;15;22,00146;100
92;3;15;22,00146;100
92;2;2;22,00146;100
92;2;2;22,00146;100
92;2;2;22,00146;100
92;3;15;22,00146;100
92;3;15;22,00146;100
92;2;2;22,00146;100
92;2;2;22,33496;100
92;2;2;22,33496;100
92;2;2;22,33496;100
92;2;2;22,33496;100
92;3;15;22,33496;100
92;2;2;22,33496;100
92;3;15;22,33496;100
92;2;2;22,33496;100
92;3;15;22,33496;100
92;3;15;22,66846;100
92;3;15;22,66846;100
92;3;15;22,66846;100
92;3;15;22,66846;100
92;3;15;22,66846;100
92;3;15;22,66846;100
92;2;2;23,00195;100
92;3;15;23,00195;100
92;2;2;23,00195;100
92;3;15;23,00195;100
92;2;2;23,00195;100
92;3;15;23,00195;100
92;3;15;23,33545;100
92;3;15;23,33545;100
92;2;2;23,33545;100
92;3;15;23,33545;100
92;3;15;23,33545;100
92;2;2;23,33545;100
92;2;2;23,33545;100
92;3;15;23,33545;100
92;2;2;23,33545;100
92;3;15;23,66895;100
92;2;2;23,66895;100
92;2;2;23,66895;100
92;3;15;23,66895;100
92;2;2;23,66895;100
92;2;2;23,66895;100
92;3;15;23,66895;100
92;3;15;23,66895;100
92;2;2;23,66895;100
92;3;15;23,66895;100
92;2;2;24,00244;100
92;2;2;24,00244;100
92;2;2;24,00244;100
92;3;15;24,00244;100
92;2;2;24,00244;100
92;3;15;24,33594;100
92;3;15;24,33594;100
92;3;15;24,33594;100
92;2;2;24,33594;100
92;3;15;24,33594;100
92;2;2;24,33594;100
92;3;15;24,33594;100
92;2;2;24,66943;100
92;3;15;24,66943;100
92;2;2;24,66943;100
92;3;15;24,66943;100
92;2;2;24,66943;100
92;3;15;24,66943;100
92;3;15;24,66943;100
92;2;2;24,66943;100
92;2;2;25,00293;100
92;2;2;25,00293;100
92;3;15;25,00293;100
92;3;15;25,00293;100
92;3;15;25,00293;100
92;3;15;25,00293;100
92;3;15;25,00293;100
92;2;2;25,33643;100
92;3;15;25,33643;100
92;3;15;25,33643;100
92;3;15;25,33643;100
92;3;15;25,33643;100
92;3;15;25,33643;100
92;2;2;25,33643;100
92;3;15;25,33643;100
92;3;15;25,66992;100
92;3;15;25,66992;100
92;3;15;25,66992;100
92;2;2;25,66992;100
92;3;15;25,66992;100
92;2;2;25,66992;100
92;3;15;25,66992;100
92;3;15;25,66992;100
92;3;15;25,66992;100
92;2;2;25,66992;100
92;2;2;26,00342;100
92;3;15;26,00342;100
92;3;15;26,00342;100
92;3;15;26,00342;100
92;2;2;26,00342;100
92;2;2;26,00342;100
92;3;15;26,33691;100
92;3;15;26,33691;100
92;2;2;26,33691;100
92;2;2;26,33691;100
92;2;2;26,33691;100
92;2;2;26,33691;100
92;3;15;26,33691;100
92;2;2;26,33691;100
92;2;2;26,67041;100
92;3;15;26,67041;100
92;3;15;26,67041;100
92;3;15;26,67041;100
92;3;15;26,67041;100
92;3;15;26,67041;100
92;2;2;26,67041;100
92;3;15;26,67041;100
92;2;2;26,67041;100
92;2;2;26,67041;100
92;2;2;26,67041;100
92;3;15;27,00391;100
92;2;2;27,00391;100
92;3;15;27,00391;100
92;3;15;27,00391;100
92;3;15;27,00391;100
92;3;15;27,00391;100
92;3;15;27,00391;100
92;2;2;27,3374;100
92;3;15;27,3374;100
92;2;2;27,3374;100
92;2;2;27,3374;100
92;3;15;27,3374;100
92;2;2;27,3374;100
92;3;15;27,3374;100
92;2;2;27,3374;100
92;3;15;27,3374;100
92;3;15;27,6709;100
92;3;15;27,6709;100
92;3;15;27,6709;100
92;2;2;27,6709;100
92;3;15;27,6709;100
92;3;15;27,6709;100
92;3;15;27,6709;100
92;3;15;28,00439;100
92;3;15;28,00439;100
92;3;15;28,00439;100
92;2;2;28,00439;100
92;2;2;28,00439;100
92;2;2;28,00439;100
92;3;15;28,00439;100
92;3;15;28,00439;100
92;3;15;28,00439;100
92;2;2;28,00439;100
92;3;15;28,00439;100
92;3;15;28,33789;100
92;3;15;28,33789;100
92;2;2;28,33789;100
92;3;15;28,33789;100
92;2;2;28,33789;100
92;3;15;28,33789;100
92;3;15;28,33789;100
92;3;15;28,33789;100
92;3;15;28,67139;100
92;2;2;28,67139;100
92;3;15;28,67139;100
92;2;2;28,67139;100
92;3;15;28,67139;100
92;3;15;28,67139;100
92;3;15;28,67139;100
92;3;15;28,67139;100
92;2;2;29,00488;100
92;3;15;29,00488;100
92;3;15;29,00488;100
92;3;15;29,00488;100
92;2;2;29,33838;100
92;3;15;29,33838;100
92;2;2;29,33838;100
92;3;15;29,33838;100
92;2;2;29,33838;100
92;2;2;29,33838;100
92;2;2;29,33838;100
92;2;2;29,67188;100
92;3;15;29,67188;100
92;3;15;29,67188;100
92;3;15;29,67188;100
92;2;2;29,67188;100
92;2;2;29,67188;100
92;3;15;29,67188;100
92;2;2;29,67188;100
92;3;15;29,67188;100
92;3;15;29,67188;100
92;3;15;30,00537;100
92;2;2;30,00537;100
92;3;15;30,00537;100
92;3;15;30,00537;100
92;2;2;30,00537;100
92;2;2;30,00537;100
92;3;15;30,00537;100
92;2;2;30,00537;100
92;2;2;30,33887;100
92;2;2;30,33887;100
92;3;15;30,33887;100
92;2;2;30,33887;100
92;3;15;30,33887;100
92;2;2;30,33887;100
92;3;15;30,33887;100
92;3;15;30,33887;100
92;2;2;30,33887;100
92;3;15;30,33887;100
92;2;2;30,67236;100
92;3;15;30,67236;100
92;3;15;30,67236;100
92;2;2;30,67236;100
92;3;15;30,67236;100
92;3;15;30,67236;100
92;3;15;30,67236;100
92;3;15;30,67236;100
92;2;2;30,67236;100
92;3;15;30,67236;100
92;2;2;31,00586;100
92;2;2;31,00586;100
92;2;2;31,00586;100
92;2;2;31,00586;100
92;2;2;31,00586;100
92;2;2;31,00586;100
92;3;15;31,00586;100
92;3;15;31,00586;100
92;3;15;31,33936;100
92;2;2;31,33936;100
92;3;15;31,33936;100
92;2;2;31,33936;100
92;3;15;31,33936;100
92;3;15;31,33936;100
92;3;15;31,33936;100
92;3;15;31,33936;100
92;2;2;31,33936;100
92;3;15;31,67285;100
92;3;15;31,67285;100
92;3;15;31,67285;100
92;3;15;31,67285;100
92;3;15;31,67285;100
92;3;15;31,67285;100
92;2;2;31,67285;100
92;2;2;31,67285;100
92;3;15;31,67285;100
92;2;2;31,67285;100
92;3;15;31,67285;100
92;3;15;31,67285;100
92;2;2;32,00635;100
92;3;15;32,00635;100
92;2;2;32,00635;100
92;3;15;32,00635;100
92;3;15;32,00635;100
92;3;15;32,00635;100
92;2;2;32,00635;100
92;2;2;32,00635;100
92;2;2;32,33984;100
92;3;15;32,33984;100
92;2;2;32,33984;100
92;3;15;32,33984;100
92;2;2;32,33984;100
92;2;2;32,33984;100
92;2;2;32,33984;100
92;3;15;32,33984;100
92;2;2;32,33984;100
92;2;2;32,67334;100
92;3;15;32,67334;100
92;2;2;32,67334;100
92;3;15;32,67334;100
92;3;15;32,67334;100
92;3;15;32,67334;100
92;3;15;32,67334;100
92;3;15;32,67334;100
92;2;2;32,67334;100
92;3;15;32,67334;100
92;3;15;32,67334;100
92;3;15;33,00684;100
92;2;2;33,00684;100
92;3;15;33,00684;100
92;2;2;33,00684;100
92;3;15;33,00684;100
92;3;15;33,00684;100
92;3;15;33,00684;100
92;3;15;33,00684;100
92;3;15;33,00684;100
92;3;15;33,00684;100
92;3;15;33,34033;100
92;2;2;33,34033;100
92;2;2;33,34033;100
92;3;15;33,34033;100
92;3;15;33,34033;100
92;3;15;33,34033;100
92;3;15;33,34033;100
92;3;15;33,67383;100
92;3;15;33,67383;100
92;2;2;33,67383;100
92;2;2;33,67383;100
92;3;15;33,67383;100
92;2;2;33,67383;100
92;3;15;33,67383;100
92;2;2;33,67383;100
92;3;15;34,00732;100
92;3;15;34,00732;100
92;2;2;34,00732;100
92;2;2;34,00732;100
92;3;15;34,00732;100
92;3;15;34,00732;100
92;3;15;34,00732;100
92;2;2;34,00732;100
92;2;2;34,00732;100
92;3;15;34,00732;100
92;3;15;34,34082;100
92;3;15;34,34082;100
92;2;2;34,34082;100
92;3;15;34,34082;100
92;3;15;34,34082;100
92;3;15;34,34082;100
92;3;15;34,67432;100
92;2;2;34,67432;100
92;3;15;34,67432;100
92;2;2;34,67432;100
92;2;2;34,67432;100
92;2;2;34,67432;100
92;2;2;34,67432;100
92;3;15;34,67432;100
92;2;2;34,67432;100
92;3;15;34,67432;100
92;3;15;35,00781;100
92;3;15;35,00781;100
92;3;15;35,00781;100
92;3;15;35,00781;100
92;3;15;35,00781;100
92;3;15;35,00781;100
92;2;2;35,00781;100
92;3;15;35,34131;100
92;2;2;35,34131;100
92;3;15;35,34131;100
92;2;2;35,34131;100
92;3;15;35,34131;100
92;2;2;35,34131;100
92;3;15;35,34131;100
92;3;15;35,34131;100
92;3;15;35,34131;100
92;2;2;35,34131;100
92;2;2;35,34131;100
92;3;15;35,6748;100
92;2;2;35,6748;100
92;2;2;35,6748;100
92;3;15;35,6748;100
92;2;2;35,6748;100
92;3;15;35,6748;100
92;2;2;35,6748;100
92;2;2;35,6748;100
92;2;2;36,0083;100
92;2;2;36,0083;100
92;3;15;36,0083;100
92;2;2;36,0083;100
92;3;15;36,0083;100
92;2;2;36,0083;100
92;3;15;36,0083;100
92;3;15;36,0083;100
92;2;2;36,3418;100
92;3;15;36,3418;100
92;2;2;36,3418;100
92;2;2;36,3418;100
92;3;15;36,3418;100
92;2;2;36,3418;100
92;3;15;36,3418;100
92;2;2;36,67529;100
92;3;15;36,67529;100
92;3;15;36,67529;100
92;2;2;36,67529;100
92;2;2;36,67529;100
92;3;15;36,67529;100
92;2;2;37,00879;100
92;3;15;37,00879;100
92;2;2;37,00879;100
92;2;2;37,00879;100
92;2;2;37,00879;100
92;3;15;37,00879;100
92;3;15;37,00879;100
92;3;15;37,34229;100
92;2;2;37,34229;100
92;2;2;37,34229;100
92;2;2;37,34229;100
92;2;2;37,34229;100
92;2;2;37,34229;100
92;2;2;37,34229;100
92;3;15;37,34229;100
92;2;2;37,67578;100
92;3;15;37,67578;100
92;3;15;37,67578;100
92;2;2;37,67578;100
92;2;2;37,67578;100
92;3;15;37,67578;100
92;2;2;37,67578;100
92;2;2;37,67578;100
92;3;15;37,67578;100
92;2;2;38,00928;100
92;2;2;38,00928;100
92;2;2;38,00928;100
92;2;2;38,00928;100
92;3;15;38,00928;100
92;2;2;38,00928;100
92;3;15;38,00928;100
92;3;15;38,00928;100
92;3;15;38,34277;100
92;2;2;38,34277;100
92;2;2;38,34277;100
92;3;15;38,34277;100
92;3;15;38,34277;100
92;3;15;38,34277;100
92;2;2;38,34277;100
92;2;2;38,34277;100
92;3;15;38,67627;100
92;3;15;38,67627;100
92;3;15;39,00977;100
92;2;2;39,00977;100
92;3;15;39,00977;100
92;2;2;39,00977;100
92;3;15;39,00977;100
92;3;15;39,00977;100
92;3;15;39,34326;100
92;2;2;39,34326;100
92;3;15;39,34326;100
92;2;2;39,34326;100
92;2;2;39,34326;100
92;3;15;39,34326;100
92;2;2;39,34326;100
92;3;15;39,34326;100
92;3;15;39,34326;100
92;2;2;39,67676;100
92;3;15;39,67676;100
92;3;15;39,67676;100
92;3;15;39,67676;100
92;3;15;39,67676;100
92;3;15;39,67676;100
92;3;15;39,67676;100
92;2;2;39,67676;100
92;3;15;40,01025;100
92;2;2;40,01025;100
92;2;2;40,01025;100
92;3;15;40,01025;100
92;2;2;40,01025;100
92;2;2;40,01025;100
92;3;15;40,01025;100
92;3;15;40,01025;100
92;2;2;40,34375;100
92;2;2;40,34375;100
92;2;2;40,34375;100
92;2;2;40,34375;100
92;3;15;40,34375;100
92;3;15;40,34375;100
92;3;15;40,34375;100
92;3;15;40,34375;100
92;3;15;40,67725;100
92;3;15;40,67725;100
92;2;2;40,67725;100
92;2;2;40,67725;100
92;2;2;40,67725;100
92;3;15;40,67725;100
92;2;2;40,67725;100
92;3;15;40,67725;100
92;3;15;40,67725;100
92;2;2;41,01074;100
92;2;2;41,01074;100
92;3;15;41,01074;100
92;3;15;41,01074;100
92;3;15;41,01074;100
92;3;15;41,01074;100
92;3;15;41,01074;100
92;3;15;41,01074;100
92;2;2;41,01074;100
92;2;2;41,34424;100
92;2;2;41,34424;100
92;3;15;41,34424;100
92;3;15;41,34424;100
92;2;2;41,67773;100
92;3;15;41,67773;100
92;3;15;41,67773;100
92;3;15;41,67773;100
92;3;15;41,67773;100
92;2;2;41,67773;100
92;3;15;41,67773;100
92;2;2;41,67773;100
92;2;2;41,67773;100
92;2;2;41,67773;100
92;2;2;42,01123;100
92;3;15;42,01123;100
92;3;15;42,01123;100
92;2;2;42,01123;100
92;3;15;42,01123;100
92;3;15;42,01123;100
92;2;2;42,01123;100
92;3;15;42,01123;100
92;3;15;42,01123;100
92;3;15;42,01123;100
92;2;2;42,34473;100
92;2;2;42,34473;100
92;3;15;42,34473;100
92;2;2;42,34473;100
92;3;15;42,34473;100
92;3;15;42,34473;100
92;2;2;42,34473;100
92;2;2;42,67822;100
92;2;2;42,67822;100
92;3;15;42,67822;100
92;3;15;42,67822;100
92;3;15;42,67822;100
92;3;15;42,67822;100
92;3;15;42,67822;100
92;2;2;42,67822;100
92;3;15;42,67822;100
92;2;2;43,01172;100
92;3;15;43,01172;100
92;3;15;43,01172;100
92;2;2;43,01172;100
92;3;15;43,01172;100
92;2;2;43,01172;100
92;3;15;43,01172;100
92;2;2;43,01172;100
92;3;15;43,01172;100
92;3;15;43,01172;100
92;3;15;43,34521;100
92;3;15;43,34521;100
92;3;15;43,34521;100
92;2;2;43,34521;100
92;2;2;43,34521;100
92;3;15;43,34521;100
92;3;15;43,67871;100
92;3;15;43,67871;100
92;2;2;43,67871;100
92;3;15;43,67871;100
92;3;15;43,67871;100
92;3;15;43,67871;100
92;2;2;43,67871;100
92;3;15;43,67871;100
92;2;2;43,67871;100
92;2;2;43,67871;100
92;3;15;43,67871;100
92;3;15;43,67871;100
92;2;2;44,01221;100
92;3;15;44,01221;100
92;2;2;44,01221;100
92;3;15;44,01221;100
92;2;2;44,01221;100
92;2;2;44,01221;100
92;3;15;44,01221;100
92;3;15;44,01221;100
92;3;15;44,01221;100
92;2;2;44,3457;100
92;2;2;44,3457;100
92;2;2;44,3457;100
92;3;15;44,3457;100
92;2;2;44,3457;100
92;2;2;44,3457;100
92;2;2;44,3457;100
92;2;2;44,3457;100
92;2;2;44,3457;100
92;3;15;44,3457;100
92;3;15;44,6792;100
92;3;15;44,6792;100
92;3;15;44,6792;100
92;2;2;44,6792;100
92;2;2;44,6792;100
92;2;2;44,6792;100
92;2;2;44,6792;100
92;2;2;44,6792;100
92;3;15;45,0127;100
92;2;2;45,0127;100
92;2;2;45,0127;100
92;3;15;45,0127;100
92;3;15;45,0127;100
92;2;2;45,0127;100
92;3;15;45,0127;100
92;3;15;45,0127;100
92;2;2;45,34619;100
92;3;15;45,34619;100
92;3;15;45,34619;100
92;2;2;45,34619;100
92;3;15;45,34619;100
92;2;2;45,34619;100
92;2;2;45,34619;100
92;3;15;45,34619;100
92;2;2;45,67969;100
92;2;2;45,67969;100
92;3;15;45,67969;100
92;3;15;45,67969;100
92;3;15;45,67969;100
92;3;15;45,67969;100
92;3;15;45,67969;100
92;2;2;45,67969;100
92;3;15;46,01318;100
92;3;15;46,01318;100
92;3;15;46,01318;100
92;3;15;46,01318;100
92;3;15;46,01318;100
92;2;2;46,01318;100
92;3;15;46,01318;100
92;2;2;46,01318;100
92;3;15;46,34668;100
92;3;15;46,34668;100
92;3;15;46,34668;100
92;3;15;46,34668;100
92;2;2;46,34668;100
92;3;15;46,34668;100
92;3;15;46,34668;100
92;2;2;46,34668;100
92;3;15;46,68018;100
92;2;2;46,68018;100
92;3;15;46,68018;100
92;2;2;46,68018;100
92;2;2;46,68018;100
92;2;2;46,68018;100
92;2;2;46,68018;100
92;2;2;46,68018;100
92;2;2;46,68018;100
92;2;2;46,68018;100
92;3;15;46,68018;100
92;2;2;46,68018;100
92;2;2;47,01367;100
92;2;2;47,01367;100
92;2;2;47,01367;100
92;2;2;47,01367;100
92;3;15;47,01367;100
92;2;2;47,01367;100
92;2;2;47,01367;100
92;2;2;47,01367;100
92;3;15;47,01367;100
92;2;2;47,01367;100
92;2;2;47,01367;100
92;2;2;47,01367;100
92;2;2;47,01367;100
92;3;15;47,34717;100
92;2;2;47,34717;100
92;3;15;47,34717;100
92;3;15;47,34717;100
92;3;15;47,34717;100
92;3;15;47,34717;100
92;3;15;47,34717;100
92;3;15;47,34717;100
92;3;15;47,34717;100
92;3;15;47,34717;100
92;2;2;47,34717;100
92;3;15;47,68066;100
92;3;15;47,68066;100
92;3;15;47,68066;100
92;3;15;47,68066;100
92;3;15;47,68066;100
92;2;2;47,68066;100
92;3;15;47,68066;100
92;2;2;47,68066;100
92;2;2;47,68066;100
92;2;2;48,01416;100
92;2;2;48,01416;100
92;3;15;48,01416;100
92;2;2;48,01416;100
92;3;15;48,01416;100
92;3;15;48,01416;100
92;3;15;48,01416;100
92;2;2;48,01416;100
92;3;15;48,34766;100
92;3;15;48,34766;100
92;3;15;48,34766;100
92;3;15;48,34766;100
92;3;15;48,34766;100
92;3;15;48,34766;100
92;2;2;48,34766;100
92;3;15;48,68115;85
100;2;2;48,68115;100
100;2;2;48,68115;100
100;3;15;48,68115;100
100;3;15;48,68115;100
100;2;2;48,68115;100
100;3;15;48,68115;100
100;2;2;48,68115;100
100;2;2;48,68115;100
100;2;2;49,01465;100
100;2;2;49,01465;100
100;2;2;49,01465;100
100;3;15;49,01465;100
100;3;15;49,01465;100
100;3;15;49,01465;100
100;3;15;49,01465;100
100;2;2;49,01465;100
100;2;2;49,01465;100
100;3;15;49,01465;100
100;3;15;49,34814;100
100;2;2;49,34814;100
100;2;2;49,34814;100
100;3;15;49,34814;100
100;3;15;49,34814;100
100;2;2;49,34814;100
100;3;15;49,34814;100
100;3;15;49,34814;100
100;2;2;49,68164;100
100;3;15;49,68164;100
100;3;15;49,68164;100
100;2;2;49,68164;100
100;3;15;49,68164;100
100;2;2;49,68164;100
100;3;15;49,68164;100
100;2;2;49,68164;100
100;2;2;49,68164;100
100;2;2;49,68164;100
100;3;15;49,68164;100
100;2;2;50,01514;100
100;3;15;50,01514;100
100;2;2;50,01514;100
100;3;15;50,01514;100
100;3;15;50,01514;100
100;3;15;50,01514;100
100;3;15;50,01514;100
100;2;2;50,01514;100
100;3;15;50,34863;100
100;2;2;50,34863;100
100;3;15;50,34863;100
100;3;15;50,34863;100
100;3;15;50,34863;100
100;2;2;50,34863;100
100;3;15;50,68213;100
100;3;15;50,68213;100
100;3;15;50,68213;100
100;3;15;50,68213;100
100;2;2;50,68213;100
100;3;15;50,68213;100
100;3;15;50,68213;100
100;2;2;50,68213;100
100;3;15;51,01563;100
100;3;15;51,01563;100
100;2;2;51,01563;100
100;2;2;51,01563;100
100;3;15;51,01563;100
100;3;15;51,01563;100
100;2;2;51,01563;100
100;2;2;51,01563;100
100;3;15;51,01563;100
100;2;2;51,01563;100
100;2;2;51,34912;100
100;2;2;51,34912;100
100;2;2;51,34912;100
100;2;2;51,34912;100
100;3;15;51,34912;100
100;2;2;51,34912;100
100;2;2;51,34912;100
100;2;2;51,68262;100
100;2;2;51,68262;100
100;3;15;51,68262;100
100;3;15;51,68262;100
100;3;15;51,68262;100
100;2;2;51,68262;100
100;3;15;51,68262;100
100;2;2;52,01611;100
100;3;15;52,01611;100
100;2;2;52,01611;100
100;3;15;52,01611;100
100;2;2;52,01611;100
100;3;15;52,01611;100
100;3;15;52,01611;100
100;3;15;52,01611;100
100;2;2;52,01611;100
100;3;15;52,34961;100
100;2;2;52,34961;100
100;3;15;52,34961;100
100;2;2;52,34961;100
100;3;15;52,34961;100
100;2;2;52,34961;100
100;2;2;52,34961;100
100;3;15;52,34961;100
100;2;2;52,34961;100
100;3;15;52,34961;100
100;2;2;52,68311;100
100;3;15;52,68311;100
100;2;2;52,68311;100
100;3;15;52,68311;100
100;2;2;52,68311;100
100;2;2;52,68311;100
100;3;15;52,68311;100
100;3;15;53,0166;100
100;3;15;53,0166;100
100;3;15;53,0166;100
100;2;2;53,0166;100
100;3;15;53,0166;100
100;3;15;53,0166;100
100;2;2;53,0166;100
100;2;2;53,3501;100
100;3;15;53,3501;100
100;3;15;53,3501;100
100;3;15;53,3501;100
100;3;15;53,3501;100
100;2;2;53,3501;100
100;2;2;53,68359;100
100;3;15;53,68359;100
100;3;15;53,68359;100
100;2;2;53,68359;100
100;3;15;53,68359;100
100;3;15;53,68359;100
100;2;2;53,68359;100
100;2;2;53,68359;100
100;2;2;53,68359;100
100;2;2;53,68359;100
100;3;15;54,01709;100
100;3;15;54,01709;100
100;3;15;54,01709;100
100;3;15;54,01709;100
100;2;2;54,01709;100
100;3;15;54,01709;100
100;2;2;54,01709;100
100;2;2;54,01709;100
100;3;15;54,01709;100
100;2;2;54,35059;100
100;3;15;54,35059;100
100;3;15;54,35059;100
100;3;15;54,35059;100
100;3;15;54,68408;100
100;2;2;54,68408;100
100;2;2;54,68408;100
100;3;15;54,68408;100
100;2;2;54,68408;100
100;2;2;54,68408;100
100;2;2;54,68408;100
100;2;2;54,68408;100
100;2;2;54,68408;100
100;2;2;55,01758;100
100;3;15;55,01758;100
100;2;2;55,01758;100
100;3;15;55,01758;100
100;2;2;55,01758;100
100;3;15;55,01758;100
100;3;15;55,01758;100
100;3;15;55,01758;100
100;3;15;55,35107;100
100;3;15;55,35107;100
100;3;15;55,35107;100
100;3;15;55,35107;100
100;3;15;55,35107;100
100;3;15;55,35107;100
100;2;2;55,68457;100
100;3;15;55,68457;100
100;2;2;55,68457;100
100;3;15;55,68457;100
100;3;15;55,68457;100
100;3;15;55,68457;100
100;2;2;55,68457;100
100;3;15;55,68457;100
100;3;15;55,68457;100
100;2;2;56,01807;100
100;2;2;56,01807;100
100;3;15;56,01807;100
100;3;15;56,01807;100
100;2;2;56,01807;100
100;2;2;56,01807;100
100;2;2;56,01807;100
100;2;2;56,01807;100
100;2;2;56,01807;100
100;2;2;56,35156;100
100;3;15;56,35156;100
100;2;2;56,35156;100
100;3;15;56,35156;100
100;3;15;56,35156;100
100;3;15;56,35156;100
100;2;2;56,68506;100
100;3;15;56,68506;100
100;2;2;57,01855;100
100;2;2;57,01855;100
100;3;15;57,01855;100
100;2;2;57,01855;100
100;3;15;57,01855;100
100;3;15;57,01855;100
100;2;2;57,01855;100
100;2;2;57,01855;100
100;2;2;57,01855;100
100;3;15;57,35205;100
100;2;2;57,35205;100
100;3;15;57,35205;100
100;3;15;57,35205;100
100;2;2;57,35205;100
100;3;15;57,35205;100
100;3;15;57,35205;100
100;3;15;57,35205;100
100;2;2;57,35205;100
100;2;2;57,35205;100
100;3;15;57,35205;100
100;2;2;57,68555;100
100;3;15;57,68555;100
100;2;2;57,68555;100
100;2;2;57,68555;100
100;2;2;57,68555;100
100;3;15;57,68555;100
100;2;2;58,01904;100
100;2;2;58,01904;100
100;3;15;58,01904;100
100;2;2;58,01904;100
100;3;15;58,01904;100
100;3;15;58,01904;100
100;3;15;58,01904;100
100;2;2;58,35254;100
100;3;15;58,35254;100
100;2;2;58,35254;100
100;2;2;58,35254;100
100;3;15;58,68604;100
100;2;2;58,68604;100
100;2;2;58,68604;100
100;2;2;58,68604;100
100;3;15;58,68604;100
100;3;15;58,68604;100
100;3;15;58,68604;100
100;2;2;58,68604;100
100;3;15;58,68604;100
100;3;15;58,68604;100
100;3;15;59,01953;100
100;3;15;59,01953;100
100;3;15;59,01953;100
100;2;2;59,01953;100
100;3;15;59,01953;100
100;2;2;59,01953;100
100;3;15;59,01953;100
100;2;2;59,01953;100
100;3;15;59,01953;100
100;3;15;59,35303;100
100;3;15;59,35303;100
100;3;15;59,35303;100
100;2;2;59,35303;100
100;3;15;59,35303;100
100;2;2;59,35303;100
100;2;2;59,35303;100
100;3;15;59,35303;100
100;3;15;59,68652;100
100;3;15;59,68652;100
100;2;2;59,68652;100
100;2;2;59,68652;100
100;3;15;59,68652;100
100;2;2;59,68652;100
100;3;15;59,68652;100
100;3;15;59,68652;100
100;3;15;59,68652;100
100;3;15;0,02001953;100
100;3;15;0,02001953;100
100;3;15;0,02001953;100
100;2;2;0,02001953;100
100;2;2;0,02001953;100
100;3;15;0,02001953;100
100;2;2;0,3535156;100
100;3;15;0,3535156;100
100;3;15;0,3535156;100
100;3;15;0,3535156;100
100;3;15;0,3535156;100
100;3;15;0,3535156;100
100;3;15;0,3535156;100
100;3;15;0,3535156;100
100;2;2;0,3535156;100
100;3;15;0,6870117;100
100;3;15;0,6870117;100
100;2;2;0,6870117;100
100;3;15;0,6870117;100
100;2;2;0,6870117;100
100;2;2;0,6870117;100
100;3;15;0,6870117;100
100;2;2;1,020508;100
100;2;2;1,020508;100
100;3;15;1,020508;100
100;3;15;1,020508;100
100;2;2;1,020508;100
100;3;15;1,020508;100
100;2;2;1,020508;100
100;3;15;1,020508;100
100;2;2;1,020508;100
100;2;2;1,354004;100
100;3;15;1,354004;100
100;3;15;1,354004;100
100;3;15;1,354004;100
100;3;15;1,354004;100
100;3;15;1,354004;100
100;3;15;1,354004;100
100;2;2;1,6875;100
100;3;15;1,6875;100
100;2;2;1,6875;100
100;2;2;1,6875;100
100;3;15;1,6875;100
100;3;15;1,6875;100
100;3;15;1,6875;100
100;2;2;1,6875;100
100;2;2;1,6875;100
100;2;2;2,020996;100
100;2;2;2,020996;100
100;3;15;2,020996;100
100;2;2;2,020996;100
100;3;15;2,020996;100
100;2;2;2,020996;100
100;3;15;2,020996;100
100;2;2;2,020996;100
100;3;15;2,354492;100
100;3;15;2,354492;100
100;3;15;2,354492;100
100;2;2;2,354492;100
100;2;2;2,354492;100
100;2;2;2,354492;100
100;3;15;2,354492;100
100;3;15;2,354492;100
100;3;15;2,354492;100
100;2;2;2,354492;100
100;3;15;2,687988;100
100;3;15;2,687988;100
100;2;2;2,687988;100
100;2;2;2,687988;100
100;3;15;2,687988;100
100;3;15;2,687988;100
100;2;2;2,687988;100
100;3;15;3,021484;100
100;3;15;3,021484;100
100;3;15;3,021484;100
100;3;15;3,021484;100
100;2;2;3,021484;100
100;3;15;3,021484;100
100;2;2;3,021484;100
100;3;15;3,021484;100
100;2;2;3,35498;100
100;3;15;3,35498;100
100;2;2;3,35498;100
100;3;15;3,35498;100
100;3;15;3,35498;100
100;3;15;3,35498;100
100;2;2;3,688477;100
100;2;2;3,688477;100
100;2;2;3,688477;100
100;3;15;4,021973;100
100;2;2;4,021973;100
100;2;2;4,021973;100
100;2;2;4,021973;100
100;3;15;4,021973;100
100;2;2;4,021973;100
100;3;15;4,021973;100
100;2;2;4,021973;100
100;3;15;4,021973;100
100;3;15;4,021973;100
100;3;15;4,021973;100
100;2;2;4,021973;100
100;3;15;4,355469;100
100;3;15;4,355469;100
100;3;15;4,355469;100
100;3;15;4,355469;100
100;3;15;4,355469;100
100;2;2;4,688965;100
100;2;2;4,688965;100
100;2;2;4,688965;100
100;2;2;4,688965;100
100;2;2;4,688965;100
100;2;2;4,688965;100
100;2;2;4,688965;100
100;3;15;5,022461;100
100;2;2;5,022461;100
100;3;15;5,022461;100
100;2;2;5,022461;100
100;2;2;5,022461;100
100;2;2;5,022461;100
100;2;2;5,022461;100
100;2;2;5,022461;100
100;3;15;5,022461;100
100;2;2;5,022461;100
100;2;2;5,355957;100
100;2;2;5,355957;100
100;2;2;5,355957;100
100;3;15;5,355957;100
100;3;15;5,355957;100
100;2;2;5,355957;100
100;2;2;5,355957;100
100;2;2;5,355957;100
100;3;15;5,689453;100
100;3;15;5,689453;100
100;2;2;5,689453;100
100;3;15;5,689453;100
100;2;2;5,689453;100
100;3;15;5,689453;100
100;3;15;5,689453;100
100;3;15;5,689453;100
100;2;2;5,689453;100
100;2;2;5,689453;100
100;2;2;6,022949;100
100;3;15;6,022949;100
100;3;15;6,022949;100
100;2;2;6,022949;100
100;3;15;6,022949;100
100;3;15;6,022949;100
100;3;15;6,022949;100
100;3;15;6,022949;100
100;3;15;6,022949;100
100;3;15;6,022949;100
100;3;15;6,022949;100
100;2;2;6,356445;100
100;2;2;6,356445;100
100;2;2;6,356445;100
100;2;2;6,356445;100
100;3;15;6,356445;100
100;2;2;6,356445;100
100;2;2;6,356445;100
100;3;15;6,356445;100
100;2;2;6,356445;100
100;3;15;6,689941;100
100;3;15;6,689941;100
100;3;15;6,689941;100
100;3;15;6,689941;100
100;2;2;6,689941;100
100;3;15;6,689941;100
100;3;15;6,689941;100
100;3;15;6,689941;100
100;2;2;7,023438;100
100;3;15;7,023438;100
100;2;2;7,023438;100
100;2;2;7,023438;100
100;3;15;7,023438;100
100;3;15;7,023438;100
100;3;15;7,023438;100
100;2;2;7,023438;100
100;3;15;7,356934;100
100;3;15;7,356934;100
100;2;2;7,356934;100
100;2;2;7,356934;100
100;3;15;7,356934;100
100;3;15;7,356934;100
100;3;15;7,356934;100
100;3;15;7,356934;100
100;3;15;7,69043;100
100;2;2;7,69043;100
100;3;15;7,69043;100
100;2;2;7,69043;100
100;2;2;7,69043;100
100;3;15;7,69043;100
100;3;15;7,69043;100
100;3;15;7,69043;100
100;2;2;7,69043;100
100;2;2;7,69043;100
100;3;15;7,69043;100
100;2;2;8,023926;100
100;3;15;8,023926;100
100;3;15;8,023926;100
100;2;2;8,023926;100
100;3;15;8,023926;100
100;3;15;8,023926;100
100;3;15;8,023926;100
100;3;15;8,023926;100
100;3;15;8,023926;100
100;3;15;8,357422;100
100;3;15;8,357422;100
100;3;15;8,357422;100
100;2;2;8,357422;100
100;2;2;8,357422;100
100;3;15;8,357422;100
100;3;15;8,357422;100
100;2;2;8,357422;100
100;2;2;8,357422;100
100;3;15;8,357422;100
100;2;2;8,690918;100
100;3;15;8,690918;100
100;2;2;8,690918;100
100;3;15;8,690918;100
100;3;15;8,690918;100
100;2;2;8,690918;100
100;3;15;8,690918;100
100;2;2;8,690918;100
100;3;15;9,024414;100
100;3;15;9,024414;100
100;3;15;9,024414;100
100;2;2;9,024414;100
100;3;15;9,024414;100
100;2;2;9,024414;100
100;3;15;9,024414;100
100;2;2;9,024414;100
100;3;15;9,024414;100
100;2;2;9,024414;100
100;3;15;9,024414;100
100;3;15;9,024414;100
100;3;15;9,35791;100
100;3;15;9,35791;100
100;3;15;9,35791;100
100;3;15;9,35791;100
100;3;15;9,35791;100
100;2;2;9,35791;100
100;3;15;9,35791;100
100;2;2;9,35791;100
100;3;15;9,35791;100
100;3;15;9,691406;100
100;3;15;9,691406;100
100;3;15;9,691406;100
100;2;2;9,691406;100
100;3;15;9,691406;100
100;3;15;9,691406;100
100;3;15;10,0249;100
100;3;15;10,0249;100
100;2;2;10,0249;100
100;2;2;10,0249;100
100;3;15;10,0249;100
100;3;15;10,0249;100
100;3;15;10,0249;100
100;2;2;10,0249;100
100;2;2;10,3584;100
100;2;2;10,3584;100
100;3;15;10,3584;100
100;3;15;10,3584;100
100;3;15;10,3584;100
100;3;15;10,3584;100
100;3;15;10,3584;100
100;2;2;10,3584;100
100;2;2;10,69189;100
100;2;2;10,69189;100
100;3;15;10,69189;100
100;3;15;10,69189;100
100;2;2;10,69189;100
100;3;15;10,69189;100
100;3;15;10,69189;100
100;2;2;10,69189;100
100;2;2;10,69189;100
100;2;2;10,69189;100
100;3;15;11,02539;100
100;2;2;11,02539;100
100;3;15;11,02539;100
100;2;2;11,02539;100
100;3;15;11,02539;100
100;3;15;11,02539;100
100;3;15;11,02539;100
100;3;15;11,02539;100
100;2;2;11,02539;100
100;2;2;11,02539;100
100;2;2;11,35889;100
100;3;15;11,35889;85
100;2;2;11,35889;85
100;3;15;11,35889;70
100;3;15;11,35889;55
100;3;15;11,35889;40
100;2;2;11,35889;40
100;2;2;11,69238;40
100;2;2;11,69238;40
100;3;15;11,69238;40
100;2;2;11,69238;40
100;2;2;11,69238;40
100;3;15;11,69238;40
100;2;2;12,02588;40
100;2;2;12,02588;40
100;3;15;12,02588;40
100;3;15;12,02588;40
100;3;15;12,02588;40
100;2;2;12,35938;40
100;3;15;12,35938;25
100;3;15;12,35938;10
100;2;2;12,35938;10
100;2;2;12,35938;10
100;2;2;12,35938;10
100;2;2;12,35938;10
100;3;15;12,35938;-5
Player