100;2;2;3,086426;100
100;3;15;3,086426;100
100;3;15;3,086426;100
100;3;15;3,086426;100
100;2;2;3,086426;100
100;2;2;3,086426;100
100;3;15;3,086426;100
100;2;2;3,086426;100
100;3;15;3,086426;100
100;3;15;3,086426;100
100;3;15;3,419678;100
100;3;15;3,419678;100
100;2;2;3,419678;100
100;2;2;3,419678;100
100;3;15;3,419678;100
100;2;2;3,419678;100
100;2;2;3,419678;100
100;3;15;3,419678;100
100;3;15;3,75293;100
100;3;15;3,75293;100
100;3;15;3,75293;100
100;3;15;3,75293;100
100;3;15;3,75293;100
100;3;15;4,086182;100
100;3;15;4,086182;100
100;3;15;4,086182;100
100;2;2;4,086182;100
100;3;15;4,086182;100
100;3;15;4,419434;100
100;2;2;4,419434;100
100;3;15;4,419434;100
100;2;2;4,419434;100
100;3;15;4,419434;100
100;2;2;4,419434;100
100;2;2;4,419434;100
100;3;15;4,419434;100
100;3;15;4,752686;100
100;3;15;4,752686;100
100;3;15;4,752686;100
100;2;2;4,752686;100
100;3;15;4,752686;100
100;2;2;4,752686;100
100;2;2;4,752686;100
100;2;2;5,085938;100
100;3;15;5,085938;100
100;3;15;5,085938;100
100;3;15;5,085938;100
100;3;15;5,419189;100
100;2;2;5,419189;100
100;3;15;5,419189;100
100;3;15;5,419189;100
100;2;2;5,419189;100
100;3;15;5,419189;100
100;2;2;5,419189;100
100;3;15;5,419189;100
100;3;15;5,419189;100
100;3;15;5,419189;100
100;2;2;5,419189;100
100;2;2;5,419189;100
100;3;15;5,419189;100
100;3;15;5,752441;100
100;2;2;5,752441;100
100;3;15;5,752441;100
100;3;15;5,752441;100
100;3;15;5,752441;100
100;2;2;5,752441;100
100;2;2;6,085693;100
100;2;2;6,085693;100
100;3;15;6,085693;100
100;3;15;6,085693;100
100;3;15;6,085693;100
100;2;2;6,085693;100
100;3;15;6,085693;100
100;3;15;6,085693;100
100;3;15;6,085693;100
100;3;15;6,085693;100
100;2;2;6,085693;100
100;2;2;6,418945;100
100;2;2;6,418945;100
100;2;2;6,418945;100
100;2;2;6,418945;100
100;3;15;6,418945;100
100;3;15;6,418945;100
100;2;2;6,418945;100
100;3;15;6,418945;100
100;2;2;6,752197;100
100;3;15;6,752197;100
100;3;15;6,752197;100
100;3;15;6,752197;100
100;3;15;6,752197;100
100;2;2;6,752197;100
100;2;2;6,752197;100
100;3;15;6,752197;100
100;3;15;6,752197;100
100;3;15;6,752197;100
100;3;15;6,752197;100
100;2;2;6,752197;100
100;2;2;7,085449;100
100;2;2;7,085449;100
100;3;15;7,085449;100
100;3;15;7,085449;100
100;3;15;7,085449;100
100;3;15;7,085449;100
100;3;15;7,085449;100
100;3;15;7,085449;100
100;3;15;7,085449;100
100;2;2;7,085449;100
100;3;15;7,085449;100
100;2;2;7,418701;100
100;3;15;7,418701;100
100;3;15;7,418701;100
100;2;2;7,418701;100
100;3;15;7,418701;100
100;2;2;7,418701;100
100;3;15;7,418701;100
100;2;2;7,418701;100
100;2;2;7,418701;100
100;3;15;7,751953;100
100;3;15;7,751953;100
100;3;15;7,751953;100
100;2;2;7,751953;100
100;3;15;7,751953;100
100;3;15;7,751953;100
100;2;2;7,751953;100
100;2;2;7,751953;100
100;3;15;7,751953;100
100;3;15;7,751953;100
100;2;2;7,751953;100
100;2;2;8,085205;100
100;2;2;8,085205;100
100;2;2;8,085205;100
100;2;2;8,085205;100
100;2;2;8,085205;100
100;2;2;8,085205;100
100;2;2;8,085205;100
100;2;2;8,418457;100
100;2;2;8,418457;100
100;2;2;8,418457;100
100;3;15;8,418457;100
100;2;2;8,418457;100
100;3;15;8,418457;100
100;2;2;8,418457;100
100;3;15;8,418457;100
100;2;2;8,418457;100
100;3;15;8,418457;100
100;3;15;8,418457;100
100;2;2;8,751709;100
100;3;15;8,751709;100
100;2;2;8,751709;100
100;3;15;8,751709;100
100;2;2;8,751709;100
100;2;2;8,751709;100
100;2;2;8,751709;100
100;2;2;8,751709;100
100;3;15;8,751709;100
100;2;2;8,751709;100
100;2;2;8,751709;100
100;3;15;8,751709;100
100;2;2;9,084961;100
100;2;2;9,084961;100
100;2;2;9,084961;100
100;3;15;9,084961;100
100;2;2;9,084961;100
100;2;2;9,084961;100
100;2;2;9,084961;100
100;3;15;9,084961;100
100;3;15;9,418213;100
100;3;15;9,418213;100
100;3;15;9,418213;100
100;2;2;9,418213;100
100;3;15;9,418213;100
100;3;15;9,418213;100
100;3;15;9,418213;100
100;3;15;9,418213;100
100;2;2;9,418213;100
100;2;2;9,418213;100
100;3;15;9,751465;100
100;3;15;9,751465;100
100;3;15;9,751465;100
100;3;15;9,751465;100
100;2;2;9,751465;100
100;3;15;9,751465;100
100;3;15;9,751465;100
100;3;15;9,751465;100
100;3;15;9,751465;100
100;3;15;10,08472;100
100;3;15;10,08472;100
100;2;2;10,08472;100
100;3;15;10,08472;100
100;2;2;10,08472;100
100;3;15;10,08472;100
100;3;15;10,08472;100
100;2;2;10,08472;100
100;3;15;10,08472;100
100;3;15;10,41797;100
100;2;2;10,41797;100
100;2;2;10,41797;100
100;3;15;10,41797;100
100;3;15;10,41797;100
100;2;2;10,41797;100
100;3;15;10,41797;100
100;2;2;10,41797;100
100;3;15;10,75122;100
100;3;15;10,75122;100
100;3;15;10,75122;100
100;2;2;10,75122;100
100;3;15;10,75122;100
100;3;15;10,75122;100
100;3;15;10,75122;100
100;3;15;10,75122;100
100;2;2;11,08447;100
100;3;15;11,08447;100
100;2;2;11,08447;100
100;3;15;11,08447;100
100;3;15;11,08447;100
100;2;2;11,08447;100
100;3;15;11,08447;100
100;2;2;11,08447;100
100;3;15;11,08447;100
100;3;15;11,41772;100
100;3;15;11,41772;100
100;3;15;11,41772;100
100;3;15;11,41772;100
100;3;15;11,41772;100
100;2;2;11,41772;100
100;2;2;11,41772;100
100;3;15;11,41772;100
100;2;2;11,41772;100
100;2;2;11,75098;100
100;3;15;11,75098;100
100;2;2;11,75098;100
100;3;15;11,75098;100
100;2;2;11,75098;100
100;2;2;11,75098;100
100;3;15;11,75098;100
100;3;15;11,75098;100
100;2;2;11,75098;100
100;2;2;11,75098;100
100;3;15;12,08423;100
100;2;2;12,08423;100
100;3;15;12,08423;100
100;3;15;12,08423;100
100;3;15;12,08423;100
100;2;2;12,08423;100
100;3;15;12,08423;100
100;2;2;12,08423;100
100;3;15;12,08423;100
100;2;2;12,08423;100
100;3;15;12,41748;100
100;2;2;12,41748;100
100;3;15;12,41748;100
100;3;15;12,41748;100
100;3;15;12,41748;100
100;2;2;12,41748;100
100;2;2;12,41748;100
100;3;15;12,41748;100
100;3;15;12,75073;100
100;3;15;12,75073;100
100;2;2;12,75073;100
100;3;15;12,75073;100
100;2;2;12,75073;100
100;2;2;12,75073;100
100;3;15;12,75073;100
100;2;2;12,75073;100
100;3;15;12,75073;100
100;3;15;12,75073;100
100;3;15;12,75073;100
100;2;2;13,08398;100
100;3;15;13,08398;100
100;3;15;13,08398;100
100;3;15;13,08398;100
100;3;15;13,08398;100
100;2;2;13,08398;100
100;2;2;13,41724;100
100;3;15;13,41724;100
100;3;15;13,41724;100
100;3;15;13,41724;100
100;2;2;13,41724;100
100;3;15;13,41724;100
100;2;2;13,41724;100
100;2;2;13,41724;100
100;3;15;13,41724;100
100;3;15;13,75049;100
100;3;15;13,75049;100
100;3;15;13,75049;100
100;3;15;13,75049;100
100;3;15;13,75049;100
100;2;2;13,75049;100
100;3;15;13,75049;100
100;3;15;13,75049;100
100;3;15;13,75049;100
100;3;15;13,75049;100
100;2;2;14,08374;100
100;3;15;14,08374;100
100;2;2;14,08374;100
100;3;15;14,08374;100
100;3;15;14,08374;100
100;2;2;14,08374;100
100;3;15;14,08374;100
100;2;2;14,08374;100
100;2;2;14,08374;100
100;2;2;14,41699;100
100;3;15;14,41699;100
100;3;15;14,41699;100
100;3;15;14,41699;100
100;2;2;14,41699;100
100;3;15;14,41699;100
100;3;15;14,41699;100
100;3;15;14,41699;100
100;2;2;14,75024;100
100;2;2;14,75024;100
100;3;15;14,75024;100
100;2;2;14,75024;100
100;3;15;14,75024;100
100;3;15;14,75024;100
100;2;2;14,75024;100
100;3;15;14,75024;100
100;3;15;14,75024;100
100;3;15;15,0835;100
100;3;15;15,0835;100
100;3;15;15,0835;100
100;2;2;15,0835;100
100;3;15;15,0835;100
100;2;2;15,0835;100
100;3;15;15,0835;100
100;3;15;15,0835;100
100;3;15;15,0835;100
100;2;2;15,0835;100
100;3;15;15,41675;100
100;2;2;15,41675;100
100;3;15;15,41675;100
100;3;15;15,41675;100
100;2;2;15,41675;100
100;3;15;15,41675;100
100;3;15;15,41675;100
100;3;15;15,41675;100
100;3;15;15,75;100
100;2;2;15,75;100
100;2;2;15,75;100
100;2;2;15,75;100
100;2;2;15,75;100
100;3;15;15,75;100
100;2;2;15,75;100
100;3;15;15,75;100
100;3;15;15,75;100
100;2;2;15,75;100
100;2;2;15,75;100
100;3;15;16,08325;100
100;3;15;16,08325;100
100;3;15;16,08325;100
100;2;2;16,08325;100
100;3;15;16,08325;100
100;3;15;16,08325;100
100;2;2;16,08325;100
100;3;15;16,08325;100
100;2;2;16,4165;100
100;3;15;16,4165;100
100;3;15;16,4165;100
100;3;15;16,4165;100
100;2;2;16,4165;100
100;3;15;16,4165;100
100;3;15;16,4165;100
100;2;2;16,4165;100
100;2;2;16,4165;100
100;2;2;16,4165;100
100;3;15;16,74976;100
100;3;15;16,74976;100
100;2;2;16,74976;100
100;3;15;16,74976;100
100;3;15;16,74976;100
100;2;2;16,74976;100
100;3;15;16,74976;100
100;3;15;16,74976;100
100;2;2;16,74976;100
100;2;2;17,08301;100
100;3;15;17,08301;100
100;3;15;17,08301;100
100;2;2;17,08301;100
100;3;15;17,08301;100
100;3;15;17,08301;100
100;2;2;17,08301;100
100;2;2;17,08301;100
100;3;15;17,08301;100
100;2;2;17,41626;100
100;2;2;17,41626;100
100;2;2;17,41626;100
100;3;15;17,41626;100
100;3;15;17,41626;100
100;3;15;17,74951;100
100;2;2;17,74951;100
100;2;2;17,74951;100
100;3;15;17,74951;100
100;2;2;17,74951;100
100;2;2;17,74951;100
100;2;2;17,74951;100
100;2;2;17,74951;100
100;2;2;18,08276;100
100;2;2;18,08276;100
100;2;2;18,08276;100
100;3;15;18,08276;100
100;2;2;18,08276;100
100;3;15;18,08276;100
100;3;15;18,08276;100
100;3;15;18,08276;100
100;3;15;18,08276;100
100;3;15;18,41602;100
100;2;2;18,41602;100
100;2;2;18,41602;100
100;3;15;18,41602;100
100;2;2;18,41602;100
100;2;2;18,41602;100
100;2;2;18,41602;100
100;2;2;18,41602;100
100;3;15;18,41602;100
100;2;2;18,41602;100
100;2;2;18,74927;100
100;2;2;18,74927;100
100;3;15;18,74927;100
100;3;15;18,74927;100
100;3;15;18,74927;100
100;3;15;18,74927;100
100;2;2;18,74927;100
100;3;15;18,74927;100
100;2;2;18,74927;100
100;3;15;18,74927;100
100;3;15;18,74927;100
100;2;2;19,08252;100
100;3;15;19,08252;100
100;3;15;19,08252;100
100;3;15;19,08252;100
100;3;15;19,08252;100
100;2;2;19,08252;100
100;2;2;19,08252;100
100;3;15;19,41577;100
100;3;15;19,41577;100
100;2;2;19,41577;100
100;3;15;19,41577;100
100;3;15;19,41577;100
100;2;2;19,41577;100
100;2;2;19,41577;100
100;2;2;19,41577;100
100;3;15;19,41577;100
100;2;2;19,74902;100
100;2;2;19,74902;100
100;3;15;19,74902;100
100;3;15;19,74902;100
100;3;15;19,74902;100
100;3;15;19,74902;100
100;3;15;19,74902;100
100;3;15;20,08228;100
100;3;15;20,08228;100
100;3;15;20,08228;100
100;2;2;20,08228;100
100;2;2;20,08228;100
100;3;15;20,08228;100
100;2;2;20,08228;100
100;2;2;20,08228;100
100;3;15;20,08228;100
100;3;15;20,08228;100
100;2;2;20,08228;100
100;3;15;20,41553;100
100;2;2;20,41553;100
100;3;15;20,41553;100
100;2;2;20,41553;100
100;2;2;20,41553;100
100;3;15;20,41553;100
100;2;2;20,41553;100
100;2;2;20,41553;100
100;3;15;20,41553;100
100;2;2;20,41553;100
100;3;15;20,74878;100
100;3;15;20,74878;100
100;2;2;20,74878;100
100;3;15;20,74878;100
100;2;2;20,74878;100
100;3;15;20,74878;100
100;3;15;20,74878;100
100;3;15;20,74878;100
100;2;2;20,74878;100
100;3;15;21,08203;100
100;3;15;21,08203;100
100;3;15;21,08203;100
100;3;15;21,08203;100
100;2;2;21,08203;100
100;2;2;21,08203;100
100;2;2;21,08203;100
100;3;15;21,41528;100
100;3;15;21,41528;100
100;3;15;21,41528;100
100;3;15;21,41528;100
100;3;15;21,41528;100
100;2;2;21,41528;100
100;2;2;21,41528;100
100;3;15;21,41528;100
100;2;2;21,41528;100
100;3;15;21,41528;100
100;3;15;21,74854;100
100;3;15;21,74854;100
100;3;15;21,74854;100
100;2;2;21,74854;100
100;2;2;21,74854;100
100;2;2;21,74854;100
100;3;15;21,74854;100
100;2;2;21,74854;100
100;2;2;22,08179;100
100;3;15;22,08179;100
100;3;15;22,08179;100
100;2;2;22,08179;100
100;3;15;22,08179;100
100;2;2;22,08179;100
100;3;15;22,08179;100
100;3;15;22,08179;100
100;3;15;22,08179;100
100;3;15;22,08179;100
100;3;15;22,08179;100
100;2;2;22,08179;100
100;3;15;22,08179;100
100;3;15;22,41504;100
100;2;2;22,41504;100
100;3;15;22,41504;100
100;2;2;22,41504;100
100;2;2;22,41504;100
100;3;15;22,41504;100
100;3;15;22,41504;100
100;2;2;22,41504;100
100;3;15;22,41504;100
100;2;2;22,41504;100
100;3;15;22,74829;100
100;2;2;22,74829;100
100;2;2;22,74829;100
100;3;15;22,74829;100
100;3;15;22,74829;100
100;2;2;22,74829;100
100;3;15;22,74829;100
100;3;15;22,74829;100
100;2;2;22,74829;100
100;3;15;23,08154;100
100;3;15;23,08154;100
100;2;2;23,08154;100
100;3;15;23,08154;100
100;3;15;23,08154;100
100;2;2;23,08154;100
100;3;15;23,41479;100
100;2;2;23,41479;100
100;2;2;23,41479;100
100;2;2;23,41479;100
100;3;15;23,41479;100
100;3;15;23,41479;100
100;3;15;23,41479;100
100;3;15;23,41479;100
100;2;2;23,41479;100
100;3;15;23,41479;100
100;3;15;23,41479;100
100;2;2;23,41479;100
100;3;15;23,41479;100
100;3;15;23,74805;100
100;2;2;23,74805;100
100;3;15;23,74805;100
100;3;15;23,74805;100
100;3;15;23,74805;100
100;2;2;23,74805;100
100;3;15;24,0813;100
100;3;15;24,0813;100
100;3;15;24,0813;100
100;3;15;24,0813;100
100;3;15;24,0813;100
100;3;15;24,0813;100
100;2;2;24,0813;100
100;3;15;24,0813;100
100;2;2;24,41455;100
100;3;15;24,41455;100
100;2;2;24,41455;100
100;3;15;24,41455;100
100;2;2;24,41455;100
100;2;2;24,41455;100
100;3;15;24,41455;100
100;2;2;24,41455;100
100;3;15;24,7478;100
100;2;2;24,7478;100
100;2;2;24,7478;100
100;3;15;24,7478;100
100;3;15;24,7478;100
100;3;15;24,7478;100
100;3;15;25,08105;100
100;2;2;25,08105;100
100;3;15;25,08105;100
100;2;2;25,08105;100
100;3;15;25,08105;100
100;2;2;25,08105;100
100;3;15;25,08105;100
100;3;15;25,08105;100
100;3;15;25,08105;100
100;3;15;25,41431;100
100;3;15;25,41431;100
100;2;2;25,41431;100
100;3;15;25,41431;100
100;2;2;25,41431;100
100;3;15;25,41431;100
100;3;15;25,41431;100
100;3;15;25,41431;100
100;3;15;25,41431;100
100;2;2;25,74756;100
100;3;15;25,74756;100
100;3;15;25,74756;100
100;3;15;25,74756;100
100;3;15;25,74756;100
100;3;15;25,74756;100
100;3;15;25,74756;100
100;2;2;25,74756;100
100;3;15;25,74756;100
100;3;15;26,08081;100
100;2;2;26,08081;100
100;2;2;26,08081;100
100;3;15;26,08081;100
100;3;15;26,08081;100
100;3;15;26,08081;100
100;3;15;26,08081;100
100;3;15;26,08081;100
100;3;15;26,08081;100
100;2;2;26,08081;100
100;3;15;26,41406;100
100;3;15;26,41406;100
100;3;15;26,41406;100
100;3;15;26,41406;100
100;3;15;26,41406;100
100;3;15;26,41406;100
100;3;15;26,41406;100
100;3;15;26,41406;100
100;2;2;26,41406;100
100;3;15;26,41406;100
100;2;2;26,74731;100
100;3;15;26,74731;100
100;3;15;26,74731;100
100;3;15;26,74731;100
100;3;15;26,74731;100
100;3;15;26,74731;100
100;2;2;26,74731;100
100;3;15;26,74731;100
100;3;15;26,74731;100
100;2;2;26,74731;100
100;2;2;27,08057;100
100;2;2;27,08057;100
100;3;15;27,08057;100
100;2;2;27,08057;100
100;3;15;27,08057;100
100;2;2;27,08057;100
100;3;15;27,08057;100
100;2;2;27,08057;100
100;2;2;27,08057;100
100;3;15;27,08057;100
100;3;15;27,41382;100
100;3;15;27,41382;100
100;3;15;27,41382;100
100;2;2;27,41382;100
100;3;15;27,41382;100
100;3;15;27,41382;100
100;3;15;27,41382;100
100;2;2;27,41382;100
100;2;2;27,41382;100
100;3;15;27,41382;100
100;2;2;27,41382;100
100;3;15;27,41382;100
100;3;15;27,41382;100
100;3;15;27,41382;100
100;3;15;27,74707;100
100;2;2;27,74707;100
100;3;15;27,74707;100
100;2;2;27,74707;100
100;2;2;27,74707;100
100;2;2;27,74707;100
100;2;2;27,74707;100
100;3;15;27,74707;100
100;2;2;27,74707;100
100;3;15;27,74707;100
100;3;15;27,74707;100
100;2;2;27,74707;100
100;3;15;28,08032;100
100;3;15;28,08032;100
100;3;15;28,08032;100
100;3;15;28,08032;100
100;2;2;28,08032;100
100;3;15;28,08032;100
100;3;15;28,08032;100
100;2;2;28,08032;100
100;3;15;28,08032;100
100;3;15;28,08032;100
100;3;15;28,08032;100
100;2;2;28,08032;100
100;3;15;28,41357;100
100;2;2;28,41357;100
100;2;2;28,41357;100
100;2;2;28,41357;100
100;2;2;28,41357;100
100;2;2;28,41357;100
100;3;15;28,74683;100
100;2;2;28,74683;100
100;3;15;28,74683;100
100;3;15;28,74683;100
100;2;2;28,74683;100
100;3;15;28,74683;100
100;2;2;28,74683;100
100;3;15;28,74683;100
100;2;2;28,74683;100
100;3;15;29,08008;100
100;3;15;29,08008;100
100;3;15;29,08008;100
100;2;2;29,08008;100
100;2;2;29,08008;100
100;3;15;29,08008;100
100;3;15;29,08008;100
100;3;15;29,08008;100
100;2;2;29,08008;100
100;3;15;29,08008;100
100;3;15;29,08008;100
100;2;2;29,41333;100
100;3;15;29,41333;100
100;2;2;29,41333;100
100;3;15;29,41333;100
100;3;15;29,41333;100
100;2;2;29,41333;100
100;3;15;29,41333;100
100;3;15;29,41333;100
100;2;2;29,41333;100
100;2;2;29,41333;100
100;3;15;29,41333;100
100;2;2;29,74658;100
100;3;15;29,74658;100
100;2;2;29,74658;100
100;3;15;29,74658;100
100;3;15;29,74658;100
100;2;2;29,74658;100
100;3;15;29,74658;100
100;2;2;29,74658;100
100;3;15;30,07983;100
100;2;2;30,07983;100
100;3;15;30,07983;100
100;2;2;30,07983;100
100;3;15;30,07983;100
100;3;15;30,07983;100
100;2;2;30,07983;100
100;3;15;30,07983;100
100;3;15;30,41309;100
100;3;15;30,41309;100
100;3;15;30,41309;100
100;3;15;30,41309;100
100;3;15;30,41309;100
100;3;15;30,41309;100
100;3;15;30,41309;100
100;2;2;30,41309;100
100;3;15;30,41309;100
100;3;15;30,41309;100
100;2;2;30,41309;100
100;2;2;30,74634;100
100;3;15;30,74634;100
100;2;2;30,74634;100
100;3;15;30,74634;100
100;2;2;30,74634;100
100;3;15;30,74634;100
100;2;2;31,07959;100
100;2;2;31,07959;100
100;2;2;31,07959;100
100;2;2;31,07959;100
100;2;2;31,07959;100
100;3;15;31,07959;100
100;2;2;31,07959;100
100;2;2;31,41284;100
100;2;2;31,41284;100
100;3;15;31,41284;100
100;2;2;31,41284;100
100;2;2;31,41284;100
100;2;2;31,41284;100
100;3;15;31,41284;100
100;3;15;31,41284;100
100;2;2;31,41284;100
100;2;2;31,41284;100
100;2;2;31,41284;100
100;2;2;31,41284;100
100;3;15;31,74609;100
100;2;2;31,74609;100
100;3;15;31,74609;100
100;3;15;31,74609;100
100;3;15;31,74609;100
100;2;2;31,74609;100
100;2;2;31,74609;100
100;2;2;31,74609;100
100;3;15;31,74609;100
100;2;2;31,74609;100
100;2;2;32,07935;100
100;2;2;32,07935;100
100;3;15;32,07935;100
100;2;2;32,07935;100
100;3;15;32,07935;100
100;2;2;32,07935;100
100;3;15;32,07935;100
100;3;15;32,07935;100
100;3;15;32,07935;100
100;3;15;32,4126;100
100;3;15;32,4126;100
100;2;2;32,4126;100
100;2;2;32,4126;100
100;3;15;32,4126;100
100;3;15;32,4126;100
100;3;15;32,4126;100
100;2;2;32,4126;100
100;2;2;32,4126;100
100;3;15;32,4126;100
100;3;15;32,74585;100
100;2;2;32,74585;100
100;3;15;32,74585;100
100;3;15;32,74585;100
100;3;15;33,0791;100
100;3;15;33,0791;100
100;3;15;33,0791;100
100;3;15;33,0791;100
100;2;2;33,0791;100
100;2;2;33,0791;100
100;2;2;33,0791;100
100;2;2;33,0791;100
100;3;15;33,41235;100
100;2;2;33,41235;100
100;3;15;33,41235;100
100;2;2;33,41235;100
100;2;2;33,41235;100
100;2;2;33,41235;100
100;2;2;33,41235;100
100;3;15;33,41235;100
100;2;2;33,41235;100
100;3;15;33,41235;100
100;2;2;33,41235;100
100;2;2;33,41235;100
100;3;15;33,74561;100
100;3;15;33,74561;100
100;2;2;33,74561;100
100;2;2;33,74561;100
100;3;15;33,74561;100
100;2;2;33,74561;100
100;3;15;33,74561;100
100;2;2;34,07886;100
100;2;2;34,07886;100
100;2;2;34,07886;100
100;2;2;34,07886;100
100;3;15;34,07886;100
100;3;15;34,07886;100
100;2;2;34,07886;100
100;3;15;34,07886;100
100;3;15;34,07886;100
100;3;15;34,07886;100
100;2;2;34,41211;100
100;3;15;34,41211;100
100;3;15;34,41211;100
100;3;15;34,41211;100
100;3;15;34,41211;100
100;3;15;34,41211;100
100;2;2;34,41211;100
100;3;15;34,74536;100
100;2;2;34,74536;100
100;3;15;34,74536;100
100;2;2;34,74536;100
100;3;15;34,74536;100
100;3;15;34,74536;100
100;3;15;35,07861;100
100;3;15;35,07861;100
100;3;15;35,07861;100
100;3;15;35,07861;100
100;2;2;35,07861;100
100;3;15;35,07861;100
100;3;15;35,07861;100
100;3;15;35,07861;100
100;2;2;35,07861;100
100;3;15;35,07861;100
100;3;15;35,07861;100
100;2;2;35,07861;100
100;2;2;35,41187;100
100;3;15;35,41187;100
100;3;15;35,41187;100
100;3;15;35,41187;100
100;3;15;35,41187;100
100;2;2;35,41187;100
100;3;15;35,41187;100
100;3;15;35,41187;100
100;3;15;35,41187;100
100;3;15;35,74512;100
100;3;15;35,74512;100
100;2;2;35,74512;100
100;3;15;35,74512;100
100;2;2;35,74512;100
100;2;2;35,74512;100
100;3;15;35,74512;100
100;2;2;35,74512;100
100;2;2;35,74512;100
100;2;2;35,74512;100
100;2;2;36,07837;100
100;3;15;36,07837;100
100;2;2;36,07837;100
100;2;2;36,07837;100
100;3;15;36,07837;100
100;2;2;36,07837;100
100;2;2;36,07837;100
100;3;15;36,07837;100
100;3;15;36,07837;100
100;3;15;36,07837;100
100;2;2;36,07837;100
100;2;2;36,07837;100
100;2;2;36,07837;100
100;3;15;36,41162;100
100;2;2;36,41162;100
100;2;2;36,41162;100
100;2;2;36,41162;100
100;2;2;36,41162;100
100;3;15;36,41162;100
100;3;15;36,41162;100
100;3;15;36,41162;100
100;3;15;36,41162;100
100;3;15;36,74487;100
100;2;2;36,74487;100
100;3;15;36,74487;100
100;2;2;36,74487;100
100;2;2;36,74487;100
100;3;15;36,74487;100
100;2;2;36,74487;100
100;3;15;36,74487;100
100;2;2;37,07813;100
100;3;15;37,07813;100
100;3;15;37,07813;100
100;3;15;37,07813;100
100;3;15;37,07813;100
100;2;2;37,07813;100
100;2;2;37,07813;100
100;3;15;37,07813;100
100;3;15;37,07813;100
100;3;15;37,07813;100
100;3;15;37,41138;100
100;3;15;37,41138;100
100;2;2;37,41138;100
100;2;2;37,41138;100
100;3;15;37,41138;100
100;3;15;37,41138;100
100;3;15;37,41138;100
100;2;2;37,74463;100
100;3;15;37,74463;100
100;2;2;37,74463;100
100;2;2;37,74463;100
100;3;15;37,74463;100
100;2;2;37,74463;100
100;3;15;37,74463;100
100;3;15;38,07788;100
100;2;2;38,07788;100
100;3;15;38,07788;100
100;2;2;38,07788;100
100;3;15;38,07788;100
100;2;2;38,07788;100
100;3;15;38,07788;100
100;2;2;38,07788;100
100;3;15;38,07788;100
100;2;2;38,07788;100
100;2;2;38,41113;100
100;3;15;38,41113;100
100;2;2;38,41113;100
100;2;2;38,41113;100
100;3;15;38,41113;100
100;2;2;38,41113;100
100;2;2;38,41113;100
100;2;2;38,41113;100
100;3;15;38,41113;100
100;3;15;38,74438;100
100;3;15;38,74438;100
100;3;15;38,74438;100
100;3;15;38,74438;100
100;2;2;38,74438;100
100;3;15;38,74438;100
100;3;15;38,74438;100
100;3;15;38,74438;100
100;3;15;38,74438;100
100;3;15;38,74438;100
100;3;15;39,07764;100
100;2;2;39,07764;100
100;3;15;39,07764;100
100;2;2;39,07764;100
100;2;2;39,07764;100
100;3;15;39,07764;100
100;2;2;39,07764;100
100;3;15;39,07764;100
100;2;2;39,07764;100
100;3;15;39,07764;100
100;3;15;39,07764;100
100;3;15;39,41089;100
100;2;2;39,41089;100
100;2;2;39,41089;100
100;3;15;39,41089;100
100;3;15;39,41089;100
100;3;15;39,41089;100
100;3;15;39,41089;100
100;3;15;39,41089;100
100;3;15;39,41089;100
100;3;15;39,41089;100
100;2;2;39,41089;100
100;3;15;39,74414;100
100;2;2;39,74414;100
100;3;15;39,74414;100
100;2;2;39,74414;100
100;3;15;39,74414;100
100;2;2;39,74414;100
100;3;15;39,74414;100
100;2;2;39,74414;100
100;2;2;39,74414;100
100;3;15;39,74414;100
100;2;2;40,07739;100
100;3;15;40,07739;100
100;3;15;40,07739;100
100;3;15;40,07739;100
100;2;2;40,07739;100
100;3;15;40,07739;100
100;2;2;40,07739;100
100;3;15;40,07739;100
100;2;2;40,07739;100
100;3;15;40,41064;100
100;3;15;40,41064;100
100;3;15;40,41064;100
100;2;2;40,41064;100
100;2;2;40,41064;100
100;3;15;40,41064;100
100;2;2;40,41064;100
100;3;15;40,41064;100
100;2;2;40,7439;100
100;2;2;40,7439;100
100;3;15;40,7439;100
100;2;2;40,7439;100
100;2;2;40,7439;100
100;3;15;40,7439;100
100;3;15;40,7439;100
100;2;2;40,7439;100
100;2;2;40,7439;100
100;2;2;40,7439;100
100;3;15;40,7439;100
100;3;15;40,7439;100
100;3;15;41,07715;100
100;3;15;41,07715;100
100;2;2;41,07715;100
100;3;15;41,07715;100
100;2;2;41,07715;100
100;3;15;41,07715;100
100;2;2;41,07715;100
100;2;2;41,4104;100
100;3;15;41,4104;100
100;3;15;41,4104;100
100;3;15;41,4104;100
100;3;15;41,4104;100
100;3;15;41,4104;100
100;2;2;41,4104;100
100;3;15;41,4104;100
100;2;2;41,4104;100
100;3;15;41,74365;100
100;3;15;41,74365;100
100;2;2;41,74365;100
100;3;15;41,74365;100
100;2;2;41,74365;100
100;3;15;41,74365;100
100;2;2;41,74365;100
100;2;2;42,0769;100
100;3;15;42,0769;100
100;3;15;42,0769;100
100;3;15;42,0769;100
100;3;15;42,0769;100
100;2;2;42,0769;100
100;2;2;42,41016;100
100;2;2;42,41016;100
100;2;2;42,41016;100
100;3;15;42,41016;100
100;2;2;42,41016;100
100;3;15;42,41016;100
100;2;2;42,41016;100
100;2;2;42,41016;100
100;2;2;42,41016;100
100;2;2;42,74341;100
100;2;2;42,74341;100
100;2;2;42,74341;100
100;3;15;42,74341;100
100;3;15;42,74341;100
100;2;2;42,74341;100
100;2;2;42,74341;100
100;3;15;42,74341;100
100;3;15;42,74341;100
100;3;15;42,74341;100
100;2;2;42,74341;100
100;2;2;43,07666;100
100;2;2;43,07666;100
100;2;2;43,07666;100
100;3;15;43,07666;100
100;3;15;43,07666;100
100;3;15;43,07666;100
100;2;2;43,07666;100
100;2;2;43,40991;100
100;2;2;43,40991;100
100;2;2;43,40991;100
100;3;15;43,40991;100
100;2;2;43,40991;100
100;2;2;43,40991;100
100;2;2;43,40991;100
100;2;2;43,40991;100
100;3;15;43,74316;100
100;3;15;43,74316;100
100;3;15;43,74316;100
100;3;15;43,74316;100
100;2;2;43,74316;100
100;2;2;43,74316;100
100;2;2;43,74316;100
100;3;15;43,74316;100
100;3;15;43,74316;100
100;3;15;44,07642;100
100;3;15;44,07642;100
100;3;15;44,07642;100
100;2;2;44,07642;100
100;2;2;44,07642;100
100;3;15;44,07642;100
100;3;15;44,07642;100
100;3;15;44,07642;100
100;2;2;44,07642;100
100;2;2;44,40967;100
100;3;15;44,40967;100
100;3;15;44,40967;100
100;2;2;44,40967;100
100;3;15;44,40967;100
100;2;2;44,40967;100
100;3;15;44,40967;100
100;3;15;44,40967;100
100;2;2;44,40967;100
100;2;2;44,40967;100
100;2;2;44,40967;100
100;2;2;44,74292;100
100;2;2;44,74292;100
100;3;15;44,74292;100
100;2;2;44,74292;100
100;2;2;44,74292;100
100;3;15;44,74292;100
100;3;15;44,74292;100
100;3;15;44,74292;100
100;2;2;44,74292;100
100;2;2;44,74292;100
100;2;2;44,74292;100
100;3;15;45,07617;100
100;3;15;45,07617;100
100;3;15;45,07617;100
100;2;2;45,07617;100
100;3;15;45,07617;100
100;3;15;45,07617;100
100;3;15;45,07617;100
100;2;2;45,07617;100
100;2;2;45,40942;100
100;2;2;45,40942;100
100;3;15;45,40942;100
100;3;15;45,40942;100
100;2;2;45,40942;100
100;3;15;45,40942;100
100;2;2;45,40942;100
100;2;2;45,74268;100
100;2;2;45,74268;100
100;3;15;45,74268;100
100;3;15;45,74268;100
100;3;15;45,74268;100
100;3;15;45,74268;100
100;3;15;45,74268;100
100;3;15;45,74268;100
100;3;15;45,74268;100
100;2;2;45,74268;100
100;2;2;45,74268;100
100;2;2;45,74268;100
100;2;2;45,74268;100
100;3;15;45,74268;100
100;3;15;46,07593;100
100;2;2;46,07593;100
100;3;15;46,07593;100
100;3;15;46,07593;100
100;2;2;46,07593;100
100;2;2;46,07593;100
100;2;2;46,07593;100
100;2;2;46,40918;100
100;3;15;46,40918;100
100;2;2;46,40918;100
100;2;2;46,40918;100
100;2;2;46,40918;100
100;2;2;46,40918;100
100;2;2;46,40918;100
100;3;15;46,74243;100
100;2;2;46,74243;100
100;2;2;46,74243;100
100;3;15;46,74243;100
100;3;15;46,74243;100
100;2;2;46,74243;100
100;3;15;46,74243;100
100;2;2;46,74243;100
100;3;15;47,07568;100
100;3;15;47,07568;100
100;2;2;47,07568;100
100;2;2;47,07568;100
100;2;2;47,07568;100
100;2;2;47,07568;100
100;2;2;47,07568;100
100;2;2;47,07568;100
100;2;2;47,07568;100
100;3;15;47,07568;100
100;3;15;47,40894;100
100;2;2;47,40894;100
100;3;15;47,40894;100
100;2;2;47,40894;100
100;2;2;47,40894;100
100;2;2;47,40894;100
100;2;2;47,40894;100
100;3;15;47,40894;100
100;2;2;47,40894;100
100;2;2;47,40894;100
100;3;15;47,74219;100
100;2;2;47,74219;100
100;2;2;47,74219;100
100;3;15;47,74219;100
100;3;15;47,74219;100
100;2;2;47,74219;100
100;3;15;47,74219;100
100;3;15;47,74219;100
100;2;2;47,74219;100
100;3;15;47,74219;100
100;3;15;47,74219;100
100;2;2;47,74219;100
100;3;15;48,07544;100
100;2;2;48,07544;100
100;2;2;48,07544;100
100;2;2;48,07544;100
100;3;15;48,07544;100
100;2;2;48,07544;100
100;3;15;48,07544;100
100;3;15;48,40869;100
100;3;15;48,40869;100
100;3;15;48,40869;100
100;3;15;48,40869;100
100;3;15;48,40869;100
100;3;15;48,40869;100
100;3;15;48,40869;100
100;2;2;48,74194;100
100;3;15;48,74194;100
100;3;15;48,74194;100
100;3;15;48,74194;100
100;2;2;48,74194;100
100;3;15;48,74194;100
100;3;15;48,74194;100
100;3;15;49,0752;100
100;2;2;49,0752;100
100;2;2;49,0752;100
100;3;15;49,0752;100
100;3;15;49,0752;100
100;2;2;49,0752;100
100;3;15;49,0752;100
100;2;2;49,0752;100
100;2;2;49,0752;100
100;3;15;49,40845;100
100;3;15;49,40845;100
100;3;15;49,40845;100
100;3;15;49,40845;100
100;3;15;49,40845;100
100;2;2;49,40845;100
100;3;15;49,40845;100
100;3;15;49,40845;100
100;3;15;49,40845;100
100;3;15;49,40845;100
100;3;15;49,40845;100
100;3;15;49,7417;100
100;2;2;49,7417;100
100;3;15;49,7417;100
100;3;15;49,7417;100
100;3;15;49,7417;100
100;3;15;49,7417;100
100;2;2;49,7417;100
100;3;15;49,7417;100
100;2;2;49,7417;100
100;3;15;49,7417;100
100;2;2;49,7417;100
100;3;15;49,7417;100
100;2;2;50,07495;100
100;3;15;50,07495;100
100;3;15;50,07495;100
100;2;2;50,07495;100
100;2;2;50,07495;100
100;3;15;50,07495;100
100;3;15;50,07495;100
100;2;2;50,07495;100
100;2;2;50,07495;100
100;3;15;50,07495;100
100;2;2;50,07495;100
100;3;15;50,4082;100
100;2;2;50,4082;100
100;2;2;50,4082;100
100;3;15;50,4082;100
100;2;2;50,4082;100
100;2;2;50,4082;100
100;3;15;50,4082;100
100;3;15;50,4082;100
100;2;2;50,74146;100
100;2;2;50,74146;100
100;2;2;50,74146;100
100;3;15;50,74146;100
100;2;2;50,74146;100
100;3;15;50,74146;100
100;3;15;50,74146;100
100;2;2;50,74146;100
100;3;15;50,74146;100
100;3;15;50,74146;100
100;3;15;51,07471;100
100;2;2;51,07471;100
100;2;2;51,07471;100
100;3;15;51,07471;100
100;2;2;51,07471;100
100;3;15;51,07471;100
100;3;15;51,07471;100
100;3;15;51,07471;100
100;2;2;51,40796;100
100;2;2;51,40796;100
100;2;2;51,40796;100
100;3;15;51,40796;100
100;3;15;51,40796;100
100;2;2;51,40796;100
100;3;15;51,40796;100
100;2;2;51,40796;100
100;2;2;51,40796;100
100;3;15;51,40796;100
100;3;15;51,40796;100
100;2;2;51,74121;100
100;2;2;51,74121;100
100;3;15;51,74121;100
100;3;15;51,74121;100
100;2;2;51,74121;100
100;2;2;51,74121;100
100;3;15;51,74121;100
100;3;15;51,74121;100
100;3;15;51,74121;100
100;3;15;51,74121;100
100;3;15;52,07446;100
100;2;2;52,07446;100
100;2;2;52,07446;100
100;3;15;52,07446;100
100;3;15;52,07446;100
100;3;15;52,07446;100
100;3;15;52,07446;100
100;2;2;52,07446;100
100;3;15;52,07446;100
100;2;2;52,07446;100
100;3;15;52,07446;100
100;3;15;52,07446;100
100;3;15;52,07446;100
100;3;15;52,40771;100
100;2;2;52,40771;100
100;3;15;52,40771;100
100;2;2;52,40771;100
100;2;2;52,40771;100
100;3;15;52,40771;100
100;2;2;52,74097;100
100;3;15;52,74097;100
100;2;2;52,74097;100
100;3;15;52,74097;100
100;3;15;52,74097;100
100;3;15;53,07422;100
100;3;15;53,07422;100
100;2;2;53,07422;100
100;2;2;53,07422;100
100;3;15;53,07422;100
100;3;15;53,07422;100
100;3;15;53,07422;100
100;3;15;53,40747;100
100;3;15;53,40747;100
100;2;2;53,40747;100
100;2;2;53,40747;100
100;3;15;53,40747;100
100;3;15;53,40747;100
100;2;2;53,40747;100
100;2;2;53,40747;100
100;3;15;53,40747;100
100;3;15;53,74072;100
100;3;15;53,74072;100
100;2;2;53,74072;100
100;3;15;53,74072;100
100;3;15;53,74072;100
100;3;15;53,74072;100
100;3;15;53,74072;100
100;3;15;53,74072;100
100;3;15;53,74072;100
100;3;15;53,74072;100
100;2;2;54,07397;100
100;2;2;54,07397;100
100;2;2;54,07397;100
100;2;2;54,07397;100
100;3;15;54,07397;100
100;3;15;54,07397;100
100;3;15;54,07397;100
100;2;2;54,07397;100
100;3;15;54,07397;100
100;3;15;54,07397;100
100;3;15;54,07397;100
100;2;2;54,07397;100
100;3;15;54,40723;100
100;3;15;54,40723;85
100;3;15;54,40723;70
100;2;2;54,40723;70
100;3;15;54,40723;55
100;2;2;54,40723;55
100;3;15;54,40723;40
100;3;15;54,40723;25
100;2;2;54,40723;25
100;2;2;54,74048;25
100;3;15;54,74048;10
100;2;2;54,74048;10
100;3;15;54,74048;-5
Player