100;2;2;17,64331;100
100;3;15;17,64331;100
100;3;15;17,64331;100
100;2;2;17,64331;100
100;3;15;17,64331;100
100;3;15;17,97656;100
100;2;2;17,97656;100
100;3;15;17,97656;100
100;2;2;17,97656;100
100;2;2;17,97656;100
100;3;15;17,97656;100
100;3;15;17,97656;100
100;2;2;17,97656;100
100;3;15;17,97656;100
100;3;15;18,30981;100
100;3;15;18,30981;100
100;3;15;18,30981;100
100;2;2;18,30981;100
100;3;15;18,30981;100
100;3;15;18,64307;100
100;3;15;18,64307;100
100;3;15;18,64307;100
100;2;2;18,64307;100
100;2;2;18,64307;100
100;2;2;18,64307;100
100;3;15;18,64307;100
100;2;2;18,64307;100
100;2;2;18,64307;100
100;3;15;18,64307;100
100;2;2;18,97632;100
100;3;15;18,97632;100
100;2;2;18,97632;100
100;2;2;18,97632;100
100;2;2;18,97632;100
100;3;15;19,30957;100
100;2;2;19,30957;100
100;3;15;19,30957;100
100;2;2;19,30957;100
100;3;15;19,30957;100
100;3;15;19,30957;100
100;2;2;19,30957;100
100;2;2;19,30957;100
100;3;15;19,30957;100
100;3;15;19,64282;100
100;3;15;19,64282;100
100;2;2;19,64282;100
100;2;2;19,64282;100
100;2;2;19,64282;100
100;3;15;19,64282;100
100;3;15;19,64282;100
100;3;15;19,64282;100
100;3;15;19,64282;100
100;2;2;19,64282;100
100;3;15;19,97607;100
100;2;2;19,97607;100
100;2;2;19,97607;100
100;2;2;19,97607;100
100;3;15;19,97607;100
100;2;2;19,97607;100
100;2;2;19,97607;100
100;2;2;19,97607;100
100;2;2;20,30933;100
100;3;15;20,30933;100
100;2;2;20,30933;100
100;2;2;20,30933;100
100;2;2;20,30933;100
100;3;15;20,30933;100
100;3;15;20,30933;100
100;2;2;20,30933;100
100;2;2;20,30933;100
100;3;15;20,30933;100
100;3;15;20,64258;100
100;3;15;20,64258;100
100;3;15;20,64258;100
100;3;15;20,64258;100
100;3;15;20,64258;100
100;3;15;20,64258;100
100;3;15;20,97583;100
100;3;15;20,97583;100
100;3;15;20,97583;100
100;3;15;20,97583;100
100;2;2;20,97583;100
100;3;15;21,30908;100
100;2;2;21,30908;100
100;3;15;21,30908;100
100;3;15;21,30908;100
100;3;15;21,30908;100
100;2;2;21,30908;100
100;2;2;21,30908;100
100;2;2;21,30908;100
100;3;15;21,64233;100
100;2;2;21,64233;100
100;2;2;21,64233;100
100;2;2;21,64233;100
100;3;15;21,64233;100
100;3;15;21,97559;100
100;3;15;21,97559;100
100;3;15;21,97559;100
100;3;15;21,97559;100
100;2;2;21,97559;100
100;3;15;21,97559;100
100;3;15;21,97559;100
100;2;2;22,30884;100
100;3;15;22,30884;100
100;3;15;22,30884;100
100;2;2;22,30884;100
100;3;15;22,30884;100
100;3;15;22,30884;100
100;3;15;22,30884;100
100;3;15;22,30884;100
100;2;2;22,30884;100
100;2;2;22,30884;100
100;2;2;22,64209;100
100;2;2;22,64209;100
100;3;15;22,64209;100
100;3;15;22,64209;100
100;3;15;22,64209;100
100;2;2;22,64209;100
100;2;2;22,64209;100
100;3;15;22,64209;100
100;3;15;22,97534;100
100;2;2;22,97534;100
100;3;15;22,97534;100
100;3;15;22,97534;100
100;2;2;22,97534;100
100;2;2;22,97534;100
100;2;2;22,97534;100
100;2;2;22,97534;100
100;3;15;23,30859;100
100;2;2;23,30859;100
100;3;15;23,30859;100
100;2;2;23,30859;100
100;3;15;23,30859;100
100;3;15;23,30859;100
100;3;15;23,30859;100
100;2;2;23,64185;100
100;3;15;23,64185;100
100;3;15;23,64185;100
100;3;15;23,64185;100
100;2;2;23,64185;100
100;3;15;23,9751;100
100;2;2;23,9751;100
100;2;2;23,9751;100
100;3;15;23,9751;100
100;3;15;24,30835;100
100;3;15;24,30835;100
100;2;2;24,30835;100
100;2;2;24,30835;100
100;2;2;24,6416;100
100;2;2;24,6416;100
100;3;15;24,6416;100
100;2;2;24,6416;100
100;3;15;24,6416;100
100;3;15;24,6416;100
100;3;15;24,6416;100
100;2;2;24,97485;100
100;2;2;24,97485;100
100;2;2;24,97485;100
100;3;15;24,97485;100
100;3;15;24,97485;100
100;3;15;24,97485;100
100;2;2;24,97485;100
100;2;2;24,97485;100
100;2;2;24,97485;100
100;2;2;24,97485;100
100;2;2;25,30811;100
100;2;2;25,30811;100
100;2;2;25,30811;100
100;3;15;25,30811;100
100;2;2;25,30811;100
100;2;2;25,64136;100
100;2;2;25,64136;100
100;3;15;25,64136;100
100;3;15;25,64136;100
100;3;15;25,64136;100
100;2;2;25,97461;100
100;3;15;25,97461;100
100;3;15;25,97461;100
100;2;2;25,97461;100
100;2;2;25,97461;100
100;2;2;25,97461;100
100;3;15;25,97461;100
100;2;2;26,30786;100
100;2;2;26,30786;100
100;3;15;26,30786;100
100;2;2;26,30786;100
100;3;15;26,30786;100
100;2;2;26,30786;100
100;2;2;26,30786;100
100;2;2;26,30786;100
100;2;2;26,30786;100
100;3;15;26,30786;100
100;2;2;26,30786;100
100;3;15;26,64111;100
100;2;2;26,64111;100
100;2;2;26,64111;100
100;3;15;26,64111;100
100;2;2;26,64111;100
100;3;15;26,64111;100
100;3;15;26,64111;100
100;3;15;26,97437;100
100;2;2;26,97437;100
100;2;2;26,97437;100
100;2;2;26,97437;100
100;2;2;26,97437;100
100;3;15;26,97437;100
100;2;2;26,97437;100
100;3;15;26,97437;100
100;2;2;27,30762;100
100;3;15;27,30762;100
100;3;15;27,30762;100
100;3;15;27,30762;100
100;2;2;27,30762;100
100;2;2;27,30762;100
100;2;2;27,30762;100
100;3;15;27,64087;100
100;2;2;27,64087;100
100;3;15;27,64087;100
100;3;15;27,64087;100
100;2;2;27,64087;100
100;2;2;27,64087;100
100;2;2;27,97412;100
100;2;2;27,97412;100
100;3;15;27,97412;100
100;3;15;27,97412;100
100;2;2;27,97412;100
100;3;15;27,97412;100
100;2;2;28,30737;100
100;3;15;28,30737;100
100;3;15;28,30737;100
100;3;15;28,30737;100
100;3;15;28,30737;100
100;2;2;28,30737;100
100;2;2;28,30737;100
100;3;15;28,30737;100
100;3;15;28,64063;100
100;2;2;28,64063;100
100;3;15;28,64063;100
100;3;15;28,64063;100
100;2;2;28,64063;100
100;3;15;28,64063;100
100;2;2;28,64063;100
100;3;15;28,97388;100
100;2;2;28,97388;100
100;2;2;28,97388;100
100;3;15;28,97388;100
100;2;2;28,97388;100
100;2;2;28,97388;100
100;3;15;28,97388;100
100;3;15;29,30713;100
100;2;2;29,30713;100
100;2;2;29,30713;100
100;3;15;29,30713;100
100;3;15;29,30713;100
100;3;15;29,30713;100
100;3;15;29,64038;100
100;3;15;29,64038;100
100;3;15;29,64038;100
100;3;15;29,64038;100
100;2;2;29,64038;100
100;3;15;29,64038;100
100;2;2;29,64038;100
100;2;2;29,64038;100
100;3;15;29,97363;100
100;3;15;29,97363;100
100;2;2;29,97363;100
100;3;15;29,97363;100
100;2;2;29,97363;100
100;3;15;29,97363;100
100;2;2;30,30688;100
100;2;2;30,30688;100
100;3;15;30,30688;100
100;3;15;30,30688;100
100;3;15;30,30688;100
100;3;15;30,30688;100
100;2;2;30,30688;100
100;2;2;30,30688;100
100;3;15;30,30688;100
100;2;2;30,64014;100
100;2;2;30,64014;100
100;3;15;30,64014;100
100;3;15;30,64014;100
100;2;2;30,64014;100
100;2;2;30,64014;100
100;3;15;30,97339;100
100;2;2;30,97339;100
100;3;15;30,97339;100
100;3;15;30,97339;100
100;3;15;30,97339;100
100;3;15;31,30664;100
100;2;2;31,30664;100
100;2;2;31,30664;100
100;2;2;31,30664;100
100;2;2;31,30664;100
100;3;15;31,30664;100
100;2;2;31,30664;100
100;2;2;31,30664;100
100;2;2;31,30664;100
100;2;2;31,30664;100
100;2;2;31,63989;100
100;2;2;31,63989;100
100;2;2;31,63989;100
100;2;2;31,97314;100
100;2;2;31,97314;100
100;2;2;31,97314;100
100;3;15;31,97314;100
100;3;15;31,97314;100
100;2;2;31,97314;100
100;2;2;31,97314;100
100;2;2;32,3064;100
100;2;2;32,3064;100
100;2;2;32,3064;100
100;2;2;32,3064;100
100;3;15;32,3064;100
100;3;15;32,3064;100
100;2;2;32,3064;100
100;3;15;32,3064;100
100;3;15;32,63965;100
100;3;15;32,63965;100
100;2;2;32,63965;100
100;2;2;32,63965;100
100;3;15;32,63965;100
100;3;15;32,63965;100
100;3;15;32,63965;100
100;3;15;32,9729;100
100;2;2;32,9729;100
100;3;15;32,9729;100
100;3;15;32,9729;100
100;2;2;32,9729;100
100;3;15;32,9729;100
100;3;15;32,9729;100
100;3;15;32,9729;100
100;2;2;32,9729;100
100;3;15;33,30615;100
100;3;15;33,30615;85
100;3;15;33,30615;70
100;2;2;33,30615;70
100;2;2;33,30615;70
100;3;15;33,30615;55
100;3;15;33,30615;40
100;2;2;33,30615;40
100;2;2;33,30615;40
100;3;15;33,30615;25
100;2;2;33,30615;25
100;3;15;33,6394;10
84;2;2;33,6394;8
76;2;2;33,6394;6
68;2;2;33,6394;4
60;3;15;33,6394;-11
Player