100;2;2;48,86377;100
100;3;15;48,86377;100
100;3;15;48,86377;100
100;2;2;48,86377;100
100;3;15;48,86377;100
100;2;2;49,19727;100
100;3;15;49,19727;100
100;2;2;49,19727;100
100;3;15;49,19727;100
100;3;15;49,19727;100
100;3;15;49,19727;100
100;2;2;49,19727;100
100;3;15;49,53076;100
100;3;15;49,53076;100
100;3;15;49,53076;100
100;3;15;49,53076;100
100;3;15;49,53076;100
100;2;2;49,53076;100
100;3;15;49,53076;100
100;3;15;49,53076;100
100;3;15;49,86426;100
100;3;15;49,86426;100
100;2;2;49,86426;100
100;3;15;49,86426;100
100;3;15;49,86426;100
100;2;2;49,86426;100
100;3;15;49,86426;100
100;3;15;49,86426;100
100;3;15;49,86426;100
100;3;15;49,86426;100
100;2;2;49,86426;100
100;3;15;50,19775;100
100;3;15;50,19775;100
100;3;15;50,19775;100
100;3;15;50,19775;100
100;3;15;50,19775;100
100;3;15;50,19775;100
100;3;15;50,53125;100
100;2;2;50,53125;100
100;2;2;50,53125;100
100;3;15;50,53125;100
100;2;2;50,53125;100
100;3;15;50,53125;100
100;2;2;50,53125;100
100;2;2;50,53125;100
100;3;15;50,86475;100
100;3;15;50,86475;100
100;2;2;50,86475;100
100;2;2;50,86475;100
100;2;2;50,86475;100
100;2;2;50,86475;100
100;3;15;50,86475;100
100;2;2;50,86475;100
100;2;2;51,19824;100
100;2;2;51,19824;100
100;3;15;51,19824;100
100;2;2;51,19824;100
100;3;15;51,19824;100
100;2;2;51,19824;100
100;2;2;51,19824;100
100;2;2;51,19824;100
100;3;15;51,53174;100
100;3;15;51,53174;100
100;2;2;51,53174;100
100;2;2;51,53174;100
100;3;15;51,53174;100
100;2;2;51,53174;100
100;3;15;51,53174;100
100;3;15;51,53174;100
100;3;15;51,53174;100
100;3;15;51,53174;100
100;3;15;51,53174;100
100;3;15;51,86523;100
100;2;2;51,86523;100
100;2;2;51,86523;100
100;3;15;51,86523;100
100;3;15;51,86523;100
100;3;15;51,86523;100
100;3;15;51,86523;100
100;3;15;51,86523;100
100;3;15;51,86523;100
100;2;2;51,86523;100
100;3;15;51,86523;100
100;2;2;51,86523;100
100;2;2;52,19873;100
100;3;15;52,19873;100
100;3;15;52,19873;100
100;3;15;52,19873;100
100;3;15;52,19873;100
100;2;2;52,19873;100
100;2;2;52,19873;100
100;3;15;52,53223;100
100;2;2;52,53223;100
100;2;2;52,53223;100
100;3;15;52,53223;100
100;2;2;52,53223;100
100;3;15;52,53223;100
100;2;2;52,53223;100
100;3;15;52,53223;100
100;3;15;52,53223;100
100;3;15;52,86572;100
100;2;2;52,86572;100
100;2;2;52,86572;100
100;3;15;52,86572;100
100;2;2;52,86572;100
100;3;15;52,86572;100
100;3;15;52,86572;100
100;3;15;52,86572;100
100;3;15;53,19922;100
100;3;15;53,19922;100
100;3;15;53,19922;100
100;2;2;53,19922;100
100;2;2;53,19922;100
100;3;15;53,19922;100
100;2;2;53,19922;100
100;3;15;53,19922;100
100;2;2;53,53271;100
100;2;2;53,53271;100
100;3;15;53,53271;100
100;3;15;53,53271;100
100;2;2;53,53271;100
100;3;15;53,53271;100
100;3;15;53,53271;100
100;3;15;53,53271;100
100;3;15;53,86621;100
100;3;15;53,86621;100
100;2;2;53,86621;100
100;3;15;53,86621;100
100;2;2;53,86621;100
100;3;15;53,86621;100
100;2;2;54,19971;100
100;3;15;54,19971;100
100;3;15;54,19971;100
100;3;15;54,19971;100
100;3;15;54,19971;100
100;2;2;54,19971;100
100;2;2;54,19971;100
100;3;15;54,19971;100
100;2;2;54,19971;100
100;3;15;54,19971;100
100;2;2;54,5332;100
100;3;15;54,5332;100
100;2;2;54,5332;100
100;3;15;54,5332;100
100;3;15;54,5332;100
100;3;15;54,8667;100
100;3;15;54,8667;100
100;2;2;54,8667;100
100;3;15;54,8667;100
100;2;2;54,8667;100
100;2;2;54,8667;100
100;2;2;54,8667;100
100;2;2;54,8667;100
100;3;15;54,8667;100
100;3;15;55,2002;100
100;2;2;55,2002;100
100;3;15;55,2002;100
100;3;15;55,2002;100
100;3;15;55,2002;100
100;3;15;55,2002;100
100;3;15;55,2002;100
100;2;2;55,2002;100
100;3;15;55,2002;100
100;3;15;55,53369;100
100;2;2;55,53369;100
100;3;15;55,53369;100
100;3;15;55,53369;100
100;3;15;55,53369;100
100;3;15;55,53369;100
100;3;15;55,53369;100
100;3;15;55,53369;100
100;3;15;55,86719;100
100;2;2;55,86719;100
100;3;15;55,86719;100
100;3;15;55,86719;100
100;3;15;55,86719;100
100;3;15;55,86719;100
100;3;15;55,86719;100
100;3;15;55,86719;100
100;3;15;55,86719;100
100;3;15;55,86719;100
100;3;15;55,86719;100
100;3;15;56,20068;100
100;2;2;56,20068;100
100;3;15;56,20068;100
100;3;15;56,20068;100
100;2;2;56,20068;100
100;2;2;56,20068;100
100;3;15;56,20068;100
100;2;2;56,20068;100
100;3;15;56,20068;100
100;2;2;56,53418;100
100;3;15;56,53418;100
100;3;15;56,53418;100
100;2;2;56,53418;100
100;3;15;56,53418;100
100;3;15;56,53418;100
100;3;15;56,53418;100
100;2;2;56,53418;100
100;3;15;56,53418;100
100;2;2;56,53418;100
100;3;15;56,86768;100
100;3;15;56,86768;100
100;3;15;56,86768;100
100;2;2;56,86768;100
100;3;15;56,86768;100
100;2;2;56,86768;100
100;3;15;56,86768;100
100;3;15;57,20117;100
100;2;2;57,20117;100
100;3;15;57,20117;100
100;2;2;57,20117;100
100;2;2;57,20117;100
100;3;15;57,20117;100
100;2;2;57,20117;100
100;3;15;57,20117;100
100;2;2;57,20117;100
100;3;15;57,53467;100
100;2;2;57,53467;100
100;2;2;57,53467;100
100;3;15;57,53467;100
100;3;15;57,53467;100
100;3;15;57,53467;100
100;3;15;57,53467;100
100;3;15;57,53467;100
100;2;2;57,53467;100
100;3;15;57,86816;100
100;3;15;57,86816;100
100;2;2;57,86816;100
100;2;2;57,86816;100
100;3;15;57,86816;100
100;3;15;57,86816;100
100;2;2;57,86816;100
100;2;2;58,20166;100
100;3;15;58,20166;100
100;2;2;58,20166;100
100;2;2;58,20166;100
100;2;2;58,20166;100
100;2;2;58,20166;100
100;3;15;58,20166;100
100;3;15;58,20166;100
100;2;2;58,20166;100
100;3;15;58,53516;100
100;2;2;58,53516;100
100;3;15;58,53516;100
100;3;15;58,53516;100
100;3;15;58,53516;100
100;3;15;58,53516;100
100;2;2;58,53516;100
100;3;15;58,86865;100
100;3;15;58,86865;100
100;2;2;58,86865;100
100;2;2;58,86865;100
100;3;15;58,86865;100
100;3;15;58,86865;100
100;3;15;58,86865;100
100;2;2;58,86865;100
100;3;15;58,86865;100
100;3;15;58,86865;100
100;2;2;58,86865;100
100;3;15;59,20215;100
100;3;15;59,20215;100
100;3;15;59,20215;100
100;3;15;59,20215;100
100;2;2;59,20215;100
100;2;2;59,20215;100
100;3;15;59,53564;100
100;3;15;59,53564;100
100;3;15;59,53564;100
100;3;15;59,53564;100
100;2;2;59,53564;100
100;3;15;59,53564;100
100;3;15;59,53564;100
100;2;2;59,53564;100
100;3;15;59,53564;100
100;3;15;59,53564;100
100;3;15;59,86914;100
100;3;15;59,86914;100
100;2;2;59,86914;100
100;3;15;59,86914;100
100;2;2;59,86914;100
100;3;15;59,86914;100
100;2;2;0,2026367;100
100;2;2;0,2026367;100
100;3;15;0,2026367;100
100;2;2;0,2026367;100
100;3;15;0,2026367;100
100;3;15;0,2026367;100
100;3;15;0,2026367;100
100;2;2;0,2026367;100
100;3;15;0,2026367;100
100;3;15;0,2026367;100
100;3;15;0,5361328;100
100;3;15;0,5361328;100
100;2;2;0,5361328;100
100;2;2;0,5361328;100
100;3;15;0,5361328;100
100;3;15;0,5361328;100
100;3;15;0,5361328;100
100;2;2;0,5361328;100
100;2;2;0,5361328;100
100;3;15;0,5361328;100
100;3;15;0,8696289;100
100;3;15;0,8696289;100
100;2;2;0,8696289;100
100;3;15;0,8696289;100
100;2;2;0,8696289;100
100;3;15;0,8696289;100
100;2;2;0,8696289;100
100;2;2;0,8696289;100
100;3;15;1,203125;100
100;2;2;1,203125;100
100;2;2;1,203125;100
100;2;2;1,203125;100
100;3;15;1,203125;100
100;2;2;1,203125;100
100;2;2;1,203125;100
100;3;15;1,203125;100
100;3;15;1,203125;100
100;2;2;1,203125;100
100;3;15;1,203125;100
100;3;15;1,536621;100
100;2;2;1,536621;100
100;3;15;1,536621;100
100;3;15;1,536621;100
100;3;15;1,536621;100
100;3;15;1,536621;100
100;3;15;1,536621;100
100;2;2;1,536621;100
100;3;15;1,536621;100
100;3;15;1,870117;100
100;3;15;1,870117;100
100;3;15;1,870117;100
100;2;2;1,870117;100
100;2;2;1,870117;100
100;3;15;1,870117;100
100;3;15;1,870117;100
100;3;15;1,870117;100
100;3;15;1,870117;100
100;2;2;1,870117;100
100;3;15;1,870117;100
100;2;2;2,203613;100
100;3;15;2,203613;100
100;3;15;2,203613;100
100;2;2;2,203613;100
100;3;15;2,203613;100
100;3;15;2,203613;100
100;3;15;2,203613;100
100;3;15;2,203613;100
100;2;2;2,203613;100
100;3;15;2,203613;100
100;3;15;2,203613;100
100;2;2;2,203613;100
100;3;15;2,537109;100
100;2;2;2,537109;100
100;3;15;2,537109;100
100;2;2;2,537109;100
100;2;2;2,537109;100
100;3;15;2,537109;100
100;3;15;2,537109;100
100;3;15;2,537109;100
100;2;2;2,537109;100
100;3;15;2,537109;100
100;2;2;2,870605;100
100;3;15;2,870605;100
100;3;15;2,870605;100
100;3;15;2,870605;100
100;3;15;2,870605;100
100;2;2;2,870605;100
100;3;15;2,870605;100
100;3;15;3,204102;100
100;2;2;3,204102;100
100;2;2;3,204102;100
100;2;2;3,204102;100
100;2;2;3,204102;100
100;3;15;3,204102;100
100;2;2;3,204102;100
100;3;15;3,204102;100
100;3;15;3,204102;100
100;3;15;3,204102;100
100;3;15;3,537598;100
100;3;15;3,537598;100
100;3;15;3,537598;100
100;3;15;3,537598;100
100;3;15;3,537598;100
100;2;2;3,537598;100
100;2;2;3,537598;100
100;2;2;3,537598;100
100;3;15;3,537598;100
100;2;2;3,537598;100
100;3;15;3,537598;100
100;3;15;3,871094;100
100;3;15;3,871094;100
100;3;15;3,871094;100
100;3;15;3,871094;100
100;3;15;3,871094;100
100;3;15;3,871094;100
100;3;15;3,871094;100
100;2;2;3,871094;100
100;3;15;3,871094;100
100;2;2;4,20459;100
100;3;15;4,20459;100
100;2;2;4,20459;100
100;3;15;4,20459;100
100;3;15;4,20459;100
100;2;2;4,20459;100
100;2;2;4,20459;100
100;3;15;4,20459;100
100;3;15;4,20459;100
100;2;2;4,20459;100
100;3;15;4,20459;100
100;2;2;4,538086;100
100;3;15;4,538086;85
100;3;15;4,538086;70
100;2;2;4,538086;70
100;3;15;4,538086;55
100;3;15;4,538086;40
100;3;15;4,538086;25
100;2;2;4,538086;25
100;3;15;4,538086;10
100;2;2;4,538086;10
100;3;15;4,538086;-5
Player