92;2;2;47,60669;100
92;2;2;47,60669;100
92;2;2;47,60669;100
92;3;15;47,93994;100
92;3;15;47,93994;100
92;3;15;47,93994;100
92;3;15;47,93994;100
92;3;15;47,93994;100
92;3;15;47,93994;100
92;3;15;47,93994;100
92;2;2;48,27319;100
92;3;15;48,27319;100
92;2;2;48,27319;100
92;3;15;48,27319;100
92;3;15;48,27319;100
92;3;15;48,27319;100
92;2;2;48,27319;100
92;3;15;48,60645;100
92;3;15;48,60645;100
92;2;2;48,60645;100
92;3;15;48,60645;100
92;2;2;48,60645;100
92;3;15;48,60645;100
92;2;2;48,60645;100
92;3;15;48,60645;100
92;3;15;48,9397;100
92;2;2;48,9397;100
92;3;15;48,9397;100
92;3;15;48,9397;100
92;3;15;48,9397;100
92;3;15;48,9397;100
92;3;15;49,27295;100
92;3;15;49,27295;100
92;3;15;49,27295;100
92;2;2;49,27295;100
92;2;2;49,27295;100
92;3;15;49,27295;100
92;2;2;49,27295;100
92;3;15;49,27295;100
92;2;2;49,27295;100
92;2;2;49,27295;100
92;2;2;49,27295;100
92;3;15;49,6062;100
92;3;15;49,6062;100
92;3;15;49,6062;100
92;3;15;49,6062;100
92;2;2;49,6062;100
92;2;2;49,6062;100
92;2;2;49,6062;100
92;3;15;49,6062;100
92;3;15;49,6062;100
92;2;2;49,6062;100
92;3;15;49,6062;100
92;2;2;49,93945;100
92;3;15;49,93945;100
92;3;15;49,93945;100
92;2;2;49,93945;100
92;2;2;49,93945;100
92;2;2;49,93945;100
92;2;2;49,93945;100
92;3;15;50,27271;100
92;3;15;50,27271;100
92;3;15;50,27271;100
92;3;15;50,27271;100
92;3;15;50,27271;100
92;3;15;50,27271;100
92;2;2;50,27271;100
92;2;2;50,27271;100
92;3;15;50,27271;100
92;3;15;50,27271;100
92;3;15;50,60596;100
92;2;2;50,60596;100
92;3;15;50,60596;100
92;3;15;50,60596;100
92;3;15;50,60596;100
92;3;15;50,60596;100
92;3;15;50,93921;100
92;3;15;50,93921;100
92;3;15;50,93921;100
92;2;2;50,93921;100
92;3;15;50,93921;100
92;2;2;50,93921;100
92;2;2;50,93921;100
92;2;2;50,93921;100
92;2;2;50,93921;100
92;3;15;50,93921;100
92;3;15;50,93921;100
92;3;15;50,93921;100
92;3;15;51,27246;100
92;3;15;51,27246;100
92;3;15;51,27246;100
92;3;15;51,27246;100
92;2;2;51,27246;100
92;3;15;51,27246;100
92;3;15;51,27246;100
92;3;15;51,27246;100
92;2;2;51,60571;100
92;2;2;51,60571;100
92;2;2;51,60571;100
92;3;15;51,60571;100
92;3;15;51,60571;100
92;3;15;51,93896;100
92;3;15;51,93896;100
92;3;15;51,93896;100
92;2;2;51,93896;100
92;2;2;52,27222;100
92;2;2;52,27222;100
92;3;15;52,27222;100
92;3;15;52,27222;100
92;3;15;52,27222;100
92;2;2;52,27222;100
92;3;15;52,27222;100
92;2;2;52,27222;100
92;2;2;52,27222;100
92;2;2;52,60547;100
92;3;15;52,60547;100
92;3;15;52,60547;100
92;2;2;52,60547;100
92;2;2;52,93872;100
92;2;2;52,93872;100
92;2;2;52,93872;100
92;3;15;52,93872;100
92;2;2;52,93872;100
92;2;2;53,27197;100
92;2;2;53,27197;100
92;3;15;53,27197;100
92;3;15;53,27197;100
92;3;15;53,27197;100
92;3;15;53,27197;100
92;3;15;53,27197;100
92;2;2;53,60522;100
92;3;15;53,60522;100
92;3;15;53,60522;100
92;2;2;53,60522;100
92;2;2;53,60522;100
92;3;15;53,60522;100
92;2;2;53,60522;100
92;3;15;53,60522;100
92;2;2;53,93848;100
92;2;2;53,93848;100
92;2;2;53,93848;100
92;3;15;53,93848;100
92;2;2;53,93848;100
92;3;15;53,93848;100
92;3;15;53,93848;100
92;3;15;53,93848;100
92;2;2;53,93848;100
92;2;2;54,27173;100
92;3;15;54,27173;100
92;2;2;54,27173;100
92;2;2;54,27173;100
92;2;2;54,27173;100
92;3;15;54,27173;100
92;3;15;54,27173;100
92;2;2;54,60498;100
92;2;2;54,60498;100
92;2;2;54,60498;100
92;2;2;54,60498;100
92;3;15;54,60498;100
92;3;15;54,60498;100
92;3;15;54,60498;100
92;2;2;54,60498;100
92;2;2;54,60498;100
92;2;2;54,93823;100
92;2;2;54,93823;100
92;2;2;54,93823;100
92;3;15;54,93823;100
92;3;15;54,93823;100
92;2;2;54,93823;100
92;3;15;54,93823;100
92;2;2;55,27148;100
92;3;15;55,27148;100
92;2;2;55,27148;100
92;3;15;55,27148;100
92;2;2;55,27148;100
92;2;2;55,27148;100
92;3;15;55,60474;100
92;3;15;55,60474;100
92;2;2;55,60474;100
92;3;15;55,93799;100
92;3;15;55,93799;100
92;3;15;55,93799;100
92;3;15;55,93799;100
92;2;2;55,93799;100
92;2;2;55,93799;100
92;2;2;56,27124;100
92;3;15;56,27124;100
92;2;2;56,27124;100
92;3;15;56,27124;100
92;3;15;56,27124;100
92;3;15;56,27124;100
92;3;15;56,27124;100
92;3;15;56,27124;100
92;2;2;56,27124;100
92;3;15;56,27124;100
92;3;15;56,27124;100
92;2;2;56,60449;100
92;2;2;56,60449;100
92;3;15;56,60449;100
92;3;15;56,60449;100
92;2;2;56,60449;100
92;2;2;56,60449;100
92;2;2;56,60449;100
92;2;2;56,60449;100
92;2;2;56,60449;100
92;3;15;56,93774;100
92;2;2;56,93774;100
92;2;2;56,93774;100
92;3;15;56,93774;100
92;2;2;56,93774;100
92;3;15;56,93774;100
92;2;2;56,93774;100
92;2;2;56,93774;100
92;3;15;56,93774;100
92;3;15;56,93774;100
92;3;15;57,271;100
92;3;15;57,271;100
92;2;2;57,271;100
92;3;15;57,271;100
92;3;15;57,271;100
92;3;15;57,271;100
92;3;15;57,271;100
92;2;2;57,271;100
92;2;2;57,60425;100
92;3;15;57,60425;100
92;3;15;57,60425;100
92;2;2;57,60425;100
92;3;15;57,60425;100
92;2;2;57,60425;100
92;3;15;57,60425;100
92;3;15;57,60425;100
92;3;15;57,60425;100
92;2;2;57,9375;100
92;3;15;57,9375;100
92;2;2;57,9375;100
92;2;2;57,9375;100
92;3;15;57,9375;100
92;2;2;57,9375;100
92;3;15;57,9375;100
92;3;15;58,27075;100
92;2;2;58,27075;100
92;3;15;58,27075;100
92;2;2;58,27075;100
92;3;15;58,27075;100
92;3;15;58,27075;100
92;3;15;58,27075;100
92;2;2;58,27075;100
92;2;2;58,604;100
92;3;15;58,604;100
92;2;2;58,604;100
92;3;15;58,604;100
92;3;15;58,604;100
92;3;15;58,604;100
92;2;2;58,604;100
92;2;2;58,93726;100
92;3;15;58,93726;100
92;2;2;58,93726;100
92;3;15;59,27051;100
92;3;15;59,27051;100
92;2;2;59,27051;100
92;2;2;59,27051;100
92;3;15;59,27051;100
92;3;15;59,27051;100
92;3;15;59,27051;100
92;3;15;59,27051;100
92;3;15;59,60376;100
92;2;2;59,60376;100
92;3;15;59,60376;100
92;3;15;59,60376;100
92;2;2;59,60376;100
92;3;15;59,60376;100
92;2;2;59,60376;100
92;2;2;59,60376;100
92;3;15;59,93701;100
92;3;15;59,93701;100
92;3;15;59,93701;100
92;3;15;59,93701;100
92;3;15;59,93701;100
92;2;2;59,93701;100
92;2;2;0,2702637;100
92;2;2;0,2702637;100
92;2;2;0,2702637;100
92;3;15;0,2702637;100
92;3;15;0,2702637;100
92;3;15;0,2702637;100
92;2;2;0,6035156;100
92;2;2;0,6035156;100
92;2;2;0,6035156;100
92;3;15;0,6035156;100
92;2;2;0,6035156;100
92;2;2;0,6035156;100
92;2;2;0,6035156;100
92;2;2;0,9367676;100
92;3;15;0,9367676;100
92;3;15;0,9367676;100
92;3;15;0,9367676;100
92;3;15;0,9367676;100
92;3;15;0,9367676;100
92;3;15;0,9367676;100
92;3;15;1,27002;100
92;2;2;1,27002;100
92;3;15;1,27002;100
92;3;15;1,27002;100
92;2;2;1,27002;100
92;3;15;1,27002;100
92;3;15;1,27002;100
92;3;15;1,603271;100
92;3;15;1,603271;100
92;3;15;1,603271;100
92;3;15;1,603271;100
92;2;2;1,603271;100
92;3;15;1,603271;100
92;3;15;1,603271;100
92;3;15;1,603271;100
92;3;15;1,603271;100
92;3;15;1,603271;100
92;3;15;1,603271;100
92;3;15;1,936523;100
92;3;15;1,936523;100
92;2;2;1,936523;100
92;3;15;1,936523;100
92;3;15;1,936523;100
92;3;15;1,936523;100
92;2;2;1,936523;100
92;3;15;1,936523;100
92;3;15;1,936523;100
92;3;15;1,936523;100
92;3;15;2,269775;100
92;3;15;2,269775;100
92;3;15;2,269775;100
92;2;2;2,269775;100
92;2;2;2,269775;100
92;3;15;2,269775;100
92;3;15;2,269775;100
92;2;2;2,269775;100
92;2;2;2,269775;100
92;3;15;2,269775;100
92;3;15;2,269775;100
92;2;2;2,269775;100
92;2;2;2,603027;100
92;3;15;2,603027;100
92;2;2;2,603027;100
92;2;2;2,603027;100
92;3;15;2,603027;100
92;3;15;2,603027;100
92;3;15;2,603027;100
92;3;15;2,936279;100
92;3;15;2,936279;85
92;2;2;2,936279;85
92;3;15;2,936279;70
92;3;15;3,269531;55
92;2;2;3,269531;55
92;3;15;3,269531;40
92;2;2;3,269531;40
92;2;2;3,269531;40
92;2;2;3,269531;40
92;3;15;3,269531;25
92;2;2;3,269531;25
92;3;15;3,269531;10
92;3;15;3,269531;-5
Player