100;3;15;23,91211;100
100;3;15;23,91211;100
100;2;2;23,91211;100
100;3;15;23,91211;100
100;2;2;23,91211;100
100;3;15;23,91211;100
100;3;15;23,91211;100
100;2;2;24,24512;100
100;3;15;24,24512;100
100;2;2;24,24512;100
100;3;15;24,24512;100
100;3;15;24,24512;100
100;2;2;24,24512;100
100;3;15;24,24512;100
100;2;2;24,24512;100
100;2;2;24,24512;100
100;3;15;24,24512;100
100;3;15;24,57813;100
100;2;2;24,57813;100
100;2;2;24,57813;100
100;3;15;24,57813;100
100;3;15;24,57813;100
100;2;2;24,57813;100
100;2;2;24,57813;100
100;2;2;24,57813;100
100;2;2;24,57813;100
100;3;15;24,91113;100
100;2;2;24,91113;100
100;2;2;24,91113;100
100;2;2;24,91113;100
100;3;15;24,91113;100
100;3;15;24,91113;100
100;3;15;24,91113;100
100;3;15;25,24414;100
100;2;2;25,24414;100
100;3;15;25,24414;100
100;3;15;25,24414;100
100;2;2;25,24414;100
100;2;2;25,24414;100
100;3;15;25,24414;100
100;3;15;25,24414;100
100;2;2;25,24414;100
100;2;2;25,24414;100
100;2;2;25,57715;100
100;2;2;25,57715;100
100;2;2;25,57715;100
100;3;15;25,57715;100
100;3;15;25,57715;100
100;2;2;25,57715;100
100;3;15;25,57715;100
100;3;15;25,57715;100
100;3;15;25,57715;100
100;2;2;25,57715;100
100;3;15;25,57715;100
100;3;15;25,57715;100
100;3;15;25,91016;100
100;2;2;25,91016;100
100;2;2;25,91016;100
100;3;15;25,91016;100
100;3;15;25,91016;100
100;2;2;25,91016;100
100;2;2;25,91016;100
100;2;2;25,91016;100
100;3;15;25,91016;100
100;3;15;25,91016;100
100;3;15;25,91016;100
100;3;15;25,91016;100
100;2;2;26,24316;100
100;3;15;26,24316;100
100;3;15;26,24316;100
100;3;15;26,24316;100
100;3;15;26,24316;100
100;2;2;26,24316;100
100;3;15;26,57617;100
100;2;2;26,57617;100
100;2;2;26,57617;100
100;3;15;26,57617;100
100;2;2;26,57617;100
100;3;15;26,57617;100
100;2;2;26,57617;100
100;3;15;26,57617;100
100;2;2;26,90918;100
100;3;15;26,90918;100
100;2;2;26,90918;100
100;3;15;26,90918;100
100;3;15;26,90918;100
100;3;15;26,90918;100
100;2;2;26,90918;100
100;3;15;26,90918;100
100;3;15;27,24219;100
100;3;15;27,24219;100
100;3;15;27,24219;100
100;3;15;27,24219;100
100;3;15;27,5752;100
100;3;15;27,5752;100
100;2;2;27,5752;100
100;3;15;27,5752;100
100;3;15;27,5752;100
100;3;15;27,5752;100
100;2;2;27,9082;100
100;3;15;27,9082;100
100;2;2;27,9082;100
100;3;15;27,9082;100
100;2;2;27,9082;100
100;2;2;27,9082;100
100;3;15;27,9082;100
100;2;2;28,24121;100
100;2;2;28,24121;100
100;3;15;28,24121;100
100;2;2;28,24121;100
100;3;15;28,24121;100
100;2;2;28,24121;100
100;2;2;28,24121;100
100;2;2;28,24121;100
100;3;15;28,24121;100
100;3;15;28,24121;100
100;2;2;28,57422;100
100;2;2;28,57422;100
100;2;2;28,57422;100
100;2;2;28,57422;100
100;2;2;28,57422;100
100;3;15;28,57422;100
100;3;15;28,57422;100
100;3;15;28,57422;100
100;3;15;28,57422;100
100;2;2;28,90723;100
100;3;15;28,90723;100
100;2;2;28,90723;100
100;2;2;28,90723;100
100;2;2;28,90723;100
100;2;2;28,90723;100
100;3;15;28,90723;100
100;2;2;29,24023;100
100;2;2;29,24023;100
100;3;15;29,24023;100
100;3;15;29,24023;100
100;3;15;29,24023;100
100;2;2;29,24023;100
100;2;2;29,24023;100
100;3;15;29,24023;100
100;3;15;29,24023;100
100;3;15;29,24023;100
100;3;15;29,57324;100
100;3;15;29,57324;100
100;3;15;29,57324;100
100;2;2;29,57324;100
100;3;15;29,57324;100
100;3;15;29,57324;100
100;2;2;29,90625;100
100;2;2;29,90625;100
100;3;15;29,90625;100
100;3;15;29,90625;100
100;2;2;29,90625;100
100;3;15;29,90625;100
100;3;15;29,90625;100
100;2;2;29,90625;100
100;2;2;29,90625;100
100;2;2;29,90625;100
100;2;2;29,90625;100
100;2;2;30,23926;100
100;2;2;30,23926;100
100;3;15;30,23926;100
100;2;2;30,23926;100
100;2;2;30,23926;100
100;2;2;30,23926;100
100;2;2;30,23926;100
100;2;2;30,23926;100
100;2;2;30,23926;100
100;2;2;30,23926;100
100;2;2;30,57227;100
100;3;15;30,57227;100
100;2;2;30,57227;100
100;3;15;30,57227;100
100;2;2;30,57227;100
100;2;2;30,57227;100
100;2;2;30,57227;100
100;3;15;30,57227;100
100;3;15;30,57227;100
100;2;2;30,57227;100
100;2;2;30,57227;100
100;2;2;30,90527;100
100;3;15;30,90527;100
100;3;15;30,90527;100
100;3;15;30,90527;100
100;2;2;30,90527;100
100;3;15;30,90527;100
100;2;2;31,23828;100
100;3;15;31,23828;100
100;3;15;31,23828;100
100;3;15;31,23828;100
100;3;15;31,23828;100
100;2;2;31,23828;100
100;3;15;31,23828;100
100;3;15;31,23828;100
100;3;15;31,23828;100
100;2;2;31,23828;100
100;2;2;31,23828;100
100;2;2;31,57129;100
100;2;2;31,57129;100
100;3;15;31,57129;100
100;2;2;31,57129;100
100;3;15;31,57129;100
100;2;2;31,57129;100
100;2;2;31,57129;100
100;2;2;31,9043;100
100;2;2;31,9043;100
100;3;15;31,9043;100
100;3;15;31,9043;100
100;2;2;31,9043;100
100;3;15;31,9043;100
100;2;2;31,9043;100
100;3;15;31,9043;100
100;3;15;31,9043;100
100;2;2;32,2373;100
100;3;15;32,2373;100
100;2;2;32,2373;100
100;2;2;32,2373;100
100;3;15;32,2373;100
100;2;2;32,2373;100
100;2;2;32,2373;100
100;3;15;32,57031;100
100;3;15;32,57031;100
100;3;15;32,57031;100
100;3;15;32,57031;100
100;2;2;32,57031;100
100;2;2;32,57031;100
100;3;15;32,57031;100
100;2;2;32,57031;100
100;2;2;32,57031;100
100;3;15;32,90332;100
100;2;2;32,90332;100
100;2;2;32,90332;100
100;2;2;32,90332;100
100;3;15;32,90332;100
100;3;15;32,90332;100
100;3;15;32,90332;100
100;3;15;32,90332;100
100;2;2;32,90332;100
100;3;15;33,23633;100
100;2;2;33,23633;100
100;2;2;33,23633;100
100;2;2;33,23633;100
100;2;2;33,23633;100
100;2;2;33,23633;100
100;3;15;33,23633;100
100;2;2;33,23633;100
100;2;2;33,23633;100
100;3;15;33,23633;100
100;3;15;33,56934;100
100;3;15;33,56934;100
100;3;15;33,56934;100
100;2;2;33,56934;100
100;3;15;33,56934;100
100;2;2;33,56934;100
100;2;2;33,56934;100
100;3;15;33,56934;100
100;3;15;33,90234;100
100;2;2;33,90234;100
100;3;15;33,90234;100
100;3;15;33,90234;100
100;3;15;33,90234;100
100;3;15;33,90234;100
100;3;15;34,23535;100
100;3;15;34,23535;100
100;3;15;34,23535;100
100;2;2;34,23535;100
100;3;15;34,23535;100
100;2;2;34,23535;100
100;3;15;34,23535;100
100;3;15;34,23535;100
100;3;15;34,23535;100
100;3;15;34,23535;100
100;3;15;34,23535;100
100;2;2;34,56836;100
100;3;15;34,56836;100
100;3;15;34,56836;100
100;2;2;34,56836;100
100;2;2;34,56836;100
100;2;2;34,56836;100
100;3;15;34,56836;100
100;2;2;34,56836;100
100;2;2;34,56836;100
100;2;2;34,90137;100
100;2;2;34,90137;100
100;2;2;34,90137;100
100;2;2;34,90137;100
100;3;15;34,90137;100
100;2;2;34,90137;100
100;3;15;34,90137;100
100;3;15;34,90137;100
100;3;15;35,23438;100
100;3;15;35,23438;100
100;3;15;35,23438;100
100;2;2;35,23438;100
100;2;2;35,23438;100
100;3;15;35,56738;100
100;2;2;35,56738;100
100;2;2;35,56738;100
100;3;15;35,56738;100
100;3;15;35,56738;100
100;3;15;35,56738;100
100;2;2;35,56738;100
100;3;15;35,56738;100
100;2;2;35,56738;100
100;3;15;35,90039;100
100;3;15;35,90039;100
100;3;15;35,90039;100
100;3;15;35,90039;100
100;3;15;35,90039;100
100;3;15;35,90039;100
100;2;2;35,90039;100
100;2;2;35,90039;100
100;2;2;36,2334;100
100;3;15;36,2334;100
100;3;15;36,2334;100
100;2;2;36,2334;100
100;2;2;36,2334;100
100;3;15;36,2334;100
100;3;15;36,2334;100
100;3;15;36,2334;100
100;2;2;36,2334;100
100;2;2;36,2334;100
100;3;15;36,2334;100
100;2;2;36,2334;100
100;2;2;36,56641;100
100;2;2;36,56641;100
100;3;15;36,56641;100
100;3;15;36,56641;100
100;3;15;36,56641;100
100;2;2;36,56641;100
100;3;15;36,56641;100
100;2;2;36,56641;100
100;3;15;36,56641;100
100;2;2;36,56641;100
100;3;15;36,56641;100
100;2;2;36,89941;100
100;3;15;36,89941;100
100;3;15;36,89941;100
100;3;15;37,23242;100
100;2;2;37,23242;100
100;3;15;37,23242;100
100;3;15;37,23242;100
100;2;2;37,23242;100
100;3;15;37,23242;100
100;2;2;37,23242;100
100;2;2;37,23242;100
100;2;2;37,23242;100
100;2;2;37,23242;100
100;2;2;37,23242;100
100;3;15;37,56543;100
100;3;15;37,56543;100
100;3;15;37,56543;100
100;3;15;37,56543;100
100;3;15;37,56543;100
100;3;15;37,56543;100
100;2;2;37,56543;100
100;2;2;37,56543;100
100;3;15;37,56543;100
100;2;2;37,56543;100
100;3;15;37,89844;100
100;3;15;37,89844;100
100;3;15;37,89844;100
100;2;2;37,89844;100
100;3;15;37,89844;100
100;3;15;37,89844;100
100;3;15;37,89844;100
100;2;2;37,89844;100
100;2;2;37,89844;100
100;2;2;37,89844;100
100;2;2;38,23145;100
100;3;15;38,23145;100
100;2;2;38,23145;100
100;3;15;38,23145;100
100;3;15;38,23145;100
100;3;15;38,23145;100
100;3;15;38,23145;100
100;2;2;38,23145;100
100;3;15;38,23145;100
100;3;15;38,23145;100
100;3;15;38,56445;100
100;2;2;38,56445;100
100;3;15;38,56445;100
100;2;2;38,56445;100
100;2;2;38,56445;100
100;3;15;38,56445;100
100;3;15;38,56445;100
100;2;2;38,89746;100
100;2;2;38,89746;100
100;2;2;38,89746;100
100;3;15;38,89746;100
100;2;2;38,89746;100
100;3;15;38,89746;100
100;2;2;38,89746;100
100;3;15;38,89746;100
100;3;15;38,89746;100
100;2;2;39,23047;100
100;3;15;39,23047;100
100;3;15;39,23047;100
100;2;2;39,23047;100
100;3;15;39,23047;100
100;2;2;39,23047;100
100;3;15;39,23047;100
100;3;15;39,23047;100
100;2;2;39,23047;100
100;2;2;39,56348;100
100;3;15;39,56348;100
100;3;15;39,56348;100
100;2;2;39,56348;100
100;3;15;39,56348;100
100;3;15;39,56348;100
100;3;15;39,56348;100
100;2;2;39,56348;100
100;2;2;39,56348;100
100;2;2;39,89648;100
100;3;15;39,89648;100
100;3;15;39,89648;100
100;3;15;39,89648;100
100;2;2;39,89648;100
100;3;15;39,89648;100
100;2;2;39,89648;100
100;2;2;40,22949;100
100;3;15;40,22949;100
100;2;2;40,22949;100
100;3;15;40,22949;100
100;3;15;40,22949;100
100;3;15;40,22949;100
100;3;15;40,22949;100
100;2;2;40,22949;100
100;3;15;40,5625;100
100;3;15;40,5625;100
100;2;2;40,5625;100
100;2;2;40,5625;100
100;3;15;40,5625;100
100;2;2;40,89551;100
100;2;2;40,89551;100
100;3;15;40,89551;100
100;3;15;40,89551;100
100;3;15;40,89551;100
100;3;15;40,89551;100
100;2;2;40,89551;100
100;2;2;40,89551;100
100;3;15;40,89551;100
100;2;2;40,89551;100
100;3;15;41,22852;100
100;3;15;41,22852;100
100;2;2;41,22852;100
100;3;15;41,22852;100
100;2;2;41,22852;100
100;2;2;41,22852;100
100;2;2;41,22852;100
100;3;15;41,22852;100
100;3;15;41,22852;100
100;3;15;41,22852;100
100;3;15;41,56152;100
100;3;15;41,56152;100
100;3;15;41,56152;100
100;2;2;41,56152;100
100;2;2;41,56152;100
100;2;2;41,56152;100
100;3;15;41,56152;100
100;2;2;41,56152;100
100;2;2;41,89453;100
100;2;2;41,89453;100
100;2;2;41,89453;100
100;2;2;41,89453;100
100;2;2;41,89453;100
100;2;2;41,89453;100
100;2;2;41,89453;100
100;3;15;41,89453;100
100;2;2;42,22754;100
100;2;2;42,22754;100
100;2;2;42,22754;100
100;3;15;42,22754;100
100;2;2;42,56055;100
100;3;15;42,56055;100
100;2;2;42,56055;100
100;2;2;42,56055;100
100;2;2;42,56055;100
100;3;15;42,56055;100
100;3;15;42,56055;100
100;3;15;42,56055;100
100;2;2;42,89355;100
100;2;2;42,89355;100
100;3;15;42,89355;100
100;2;2;42,89355;100
100;3;15;42,89355;100
100;3;15;42,89355;100
100;3;15;42,89355;100
100;2;2;42,89355;100
100;2;2;42,89355;100
100;3;15;42,89355;100
100;2;2;43,22656;100
100;3;15;43,22656;100
100;3;15;43,22656;100
100;3;15;43,22656;100
100;3;15;43,22656;100
100;3;15;43,22656;100
100;2;2;43,22656;100
100;2;2;43,22656;100
100;2;2;43,55957;100
100;2;2;43,55957;100
100;2;2;43,55957;100
100;2;2;43,55957;100
100;2;2;43,55957;100
100;2;2;43,55957;100
100;2;2;43,55957;100
100;2;2;43,55957;100
100;3;15;43,89258;100
100;3;15;43,89258;100
100;3;15;43,89258;100
100;2;2;43,89258;100
100;3;15;43,89258;100
100;3;15;43,89258;100
100;3;15;43,89258;100
100;3;15;43,89258;100
100;2;2;43,89258;100
100;2;2;43,89258;100
100;3;15;43,89258;100
100;2;2;44,22559;100
100;2;2;44,22559;100
100;2;2;44,22559;100
100;2;2;44,22559;100
100;2;2;44,22559;100
100;2;2;44,22559;100
100;2;2;44,22559;100
100;3;15;44,22559;100
100;2;2;44,22559;100
100;3;15;44,22559;100
100;3;15;44,22559;100
100;2;2;44,22559;100
100;3;15;44,22559;100
100;3;15;44,55859;100
100;3;15;44,55859;100
100;2;2;44,55859;100
100;3;15;44,55859;100
100;2;2;44,55859;100
100;2;2;44,55859;100
100;2;2;44,55859;100
100;2;2;44,55859;100
100;2;2;44,55859;100
100;2;2;44,55859;100
100;3;15;44,55859;100
100;3;15;44,8916;100
100;3;15;44,8916;100
100;3;15;44,8916;100
100;3;15;44,8916;100
100;3;15;44,8916;100
100;2;2;44,8916;100
100;3;15;44,8916;100
100;3;15;44,8916;100
100;3;15;44,8916;100
100;3;15;44,8916;100
100;2;2;44,8916;100
100;3;15;44,8916;100
100;2;2;44,8916;100
100;3;15;45,22461;100
100;3;15;45,22461;100
100;3;15;45,22461;100
100;3;15;45,22461;100
100;2;2;45,22461;100
100;3;15;45,22461;100
100;3;15;45,22461;100
100;2;2;45,22461;100
100;3;15;45,22461;100
100;2;2;45,22461;100
100;3;15;45,55762;100
100;3;15;45,55762;100
100;3;15;45,55762;100
100;2;2;45,55762;100
100;2;2;45,55762;100
100;2;2;45,55762;100
100;2;2;45,55762;100
100;2;2;45,55762;100
100;3;15;45,55762;100
100;3;15;45,55762;100
100;2;2;45,55762;100
100;3;15;45,89063;100
100;2;2;45,89063;100
100;2;2;45,89063;100
100;2;2;45,89063;100
100;2;2;45,89063;100
100;2;2;45,89063;100
100;3;15;45,89063;100
100;2;2;45,89063;100
100;3;15;46,22363;100
100;3;15;46,22363;100
100;3;15;46,22363;100
100;3;15;46,22363;100
100;3;15;46,22363;100
100;3;15;46,22363;100
100;2;2;46,22363;100
100;3;15;46,22363;100
100;3;15;46,22363;100
100;3;15;46,22363;100
100;2;2;46,55664;100
100;3;15;46,55664;100
100;3;15;46,55664;100
100;3;15;46,55664;100
100;3;15;46,55664;100
100;3;15;46,55664;100
100;2;2;46,55664;100
100;2;2;46,55664;100
100;2;2;46,88965;100
100;3;15;46,88965;100
100;2;2;46,88965;100
100;3;15;46,88965;100
100;2;2;46,88965;100
100;2;2;46,88965;100
100;3;15;46,88965;100
100;3;15;46,88965;100
100;3;15;47,22266;100
100;3;15;47,22266;100
100;3;15;47,22266;100
100;3;15;47,22266;100
100;3;15;47,22266;100
100;2;2;47,22266;100
100;2;2;47,22266;100
100;3;15;47,22266;100
100;3;15;47,22266;100
100;3;15;47,22266;100
100;2;2;47,22266;100
100;2;2;47,55566;100
100;3;15;47,55566;100
100;3;15;47,55566;100
100;3;15;47,55566;100
100;2;2;47,55566;100
100;3;15;47,55566;100
100;3;15;47,88867;100
100;2;2;47,88867;100
100;3;15;47,88867;100
100;3;15;47,88867;100
100;3;15;47,88867;100
100;3;15;47,88867;100
100;3;15;47,88867;100
100;3;15;47,88867;100
100;2;2;48,22168;100
100;3;15;48,22168;100
100;3;15;48,22168;100
100;2;2;48,22168;100
100;3;15;48,22168;100
100;2;2;48,22168;100
100;3;15;48,22168;100
100;2;2;48,22168;100
100;3;15;48,22168;100
100;2;2;48,22168;100
100;3;15;48,22168;100
100;3;15;48,22168;100
100;2;2;48,55469;100
100;2;2;48,55469;100
100;3;15;48,55469;100
100;2;2;48,55469;100
100;2;2;48,55469;100
100;2;2;48,55469;100
100;2;2;48,55469;100
100;2;2;48,55469;100
100;2;2;48,55469;100
100;3;15;48,55469;100
100;2;2;48,8877;100
100;3;15;48,8877;100
100;2;2;48,8877;100
100;2;2;48,8877;100
100;3;15;48,8877;100
100;3;15;48,8877;100
100;3;15;48,8877;100
100;2;2;48,8877;100
100;3;15;48,8877;100
100;3;15;48,8877;100
100;3;15;49,2207;100
100;3;15;49,2207;100
100;3;15;49,2207;100
100;3;15;49,2207;100
100;3;15;49,2207;100
100;3;15;49,2207;100
100;3;15;49,2207;100
100;3;15;49,2207;100
100;2;2;49,2207;100
100;3;15;49,55371;100
100;3;15;49,55371;100
100;2;2;49,55371;100
100;2;2;49,55371;100
100;3;15;49,55371;100
100;2;2;49,55371;100
100;3;15;49,55371;100
100;2;2;49,55371;100
100;3;15;49,88672;100
100;3;15;49,88672;100
100;3;15;49,88672;100
100;2;2;49,88672;100
100;3;15;49,88672;100
100;2;2;49,88672;100
100;3;15;49,88672;100
100;2;2;49,88672;100
100;2;2;49,88672;100
100;2;2;49,88672;100
100;2;2;49,88672;100
100;2;2;50,21973;100
100;2;2;50,21973;100
100;3;15;50,21973;100
100;2;2;50,21973;100
100;2;2;50,21973;100
100;3;15;50,21973;100
100;2;2;50,21973;100
100;2;2;50,21973;100
100;3;15;50,55273;100
100;3;15;50,55273;100
100;2;2;50,55273;100
100;2;2;50,55273;100
100;3;15;50,55273;100
100;3;15;50,55273;100
100;2;2;50,55273;100
100;2;2;50,55273;100
100;2;2;50,88574;100
100;3;15;50,88574;100
100;2;2;50,88574;100
100;2;2;50,88574;100
100;3;15;50,88574;100
100;3;15;50,88574;100
100;3;15;50,88574;100
100;2;2;50,88574;100
100;2;2;50,88574;100
100;2;2;50,88574;100
100;2;2;51,21875;100
100;3;15;51,21875;100
100;3;15;51,21875;100
100;2;2;51,21875;100
100;2;2;51,21875;100
100;2;2;51,21875;100
100;2;2;51,21875;100
100;3;15;51,21875;100
100;3;15;51,21875;100
100;2;2;51,21875;100
100;3;15;51,55176;100
100;3;15;51,55176;100
100;3;15;51,55176;100
100;3;15;51,55176;100
100;3;15;51,55176;100
100;2;2;51,55176;100
100;2;2;51,55176;100
100;2;2;51,88477;100
100;2;2;51,88477;100
100;3;15;51,88477;100
100;3;15;51,88477;100
100;3;15;51,88477;100
100;3;15;51,88477;100
100;3;15;51,88477;100
100;3;15;51,88477;100
100;3;15;51,88477;100
100;3;15;52,21777;100
100;3;15;52,21777;100
100;2;2;52,21777;100
100;2;2;52,21777;100
100;3;15;52,21777;100
100;3;15;52,21777;100
100;2;2;52,21777;100
100;2;2;52,21777;100
100;3;15;52,21777;100
100;3;15;52,21777;100
100;3;15;52,21777;100
100;3;15;52,21777;100
100;3;15;52,21777;100
100;3;15;52,55078;100
100;3;15;52,55078;100
100;2;2;52,55078;100
100;2;2;52,55078;100
100;3;15;52,55078;100
100;3;15;52,55078;100
100;2;2;52,55078;100
100;3;15;52,88379;100
100;3;15;52,88379;100
100;3;15;52,88379;100
100;2;2;52,88379;100
100;2;2;52,88379;100
100;3;15;52,88379;100
100;2;2;52,88379;100
100;2;2;52,88379;100
100;3;15;52,88379;100
100;3;15;53,2168;100
100;2;2;53,2168;100
100;3;15;53,2168;100
100;2;2;53,2168;100
100;2;2;53,2168;100
100;3;15;53,2168;100
100;3;15;53,2168;100
100;2;2;53,2168;100
100;3;15;53,2168;100
100;3;15;53,2168;100
100;3;15;53,5498;100
100;2;2;53,5498;100
100;2;2;53,5498;100
100;3;15;53,5498;100
100;3;15;53,5498;100
100;2;2;53,5498;100
100;3;15;53,5498;100
100;3;15;53,5498;100
100;2;2;53,88281;100
100;2;2;53,88281;100
100;3;15;53,88281;100
100;3;15;53,88281;100
100;2;2;53,88281;100
100;3;15;53,88281;100
100;2;2;53,88281;100
100;2;2;53,88281;100
100;3;15;53,88281;100
100;3;15;54,21582;100
100;3;15;54,21582;100
100;3;15;54,21582;100
100;3;15;54,21582;100
100;3;15;54,21582;100
100;3;15;54,21582;100
100;3;15;54,21582;100
100;3;15;54,21582;100
100;2;2;54,21582;100
100;2;2;54,21582;100
100;3;15;54,21582;100
100;3;15;54,21582;100
100;2;2;54,54883;100
100;3;15;54,54883;100
100;2;2;54,54883;100
100;3;15;54,54883;100
100;3;15;54,54883;100
100;3;15;54,54883;100
100;3;15;54,54883;100
100;3;15;54,54883;100
100;2;2;54,88184;100
100;3;15;54,88184;100
100;2;2;54,88184;100
100;3;15;54,88184;100
100;3;15;54,88184;100
100;2;2;54,88184;100
100;2;2;55,21484;100
100;2;2;55,21484;100
100;3;15;55,21484;100
100;2;2;55,21484;100
100;2;2;55,21484;100
100;3;15;55,21484;100
100;2;2;55,21484;100
100;3;15;55,21484;100
100;3;15;55,21484;100
100;3;15;55,21484;100
100;3;15;55,21484;100
100;2;2;55,21484;100
100;3;15;55,54785;100
100;3;15;55,54785;100
100;2;2;55,54785;100
100;2;2;55,54785;100
100;3;15;55,54785;100
100;2;2;55,54785;100
100;3;15;55,88086;100
100;3;15;55,88086;100
100;3;15;55,88086;100
100;3;15;55,88086;100
100;2;2;55,88086;100
100;2;2;55,88086;100
100;2;2;55,88086;100
100;3;15;55,88086;100
100;2;2;56,21387;100
100;3;15;56,21387;100
100;3;15;56,21387;100
100;3;15;56,21387;100
100;3;15;56,21387;100
100;2;2;56,21387;100
100;3;15;56,21387;100
100;2;2;56,21387;100
100;3;15;56,21387;100
100;2;2;56,21387;100
100;2;2;56,21387;100
100;3;15;56,21387;100
100;3;15;56,21387;100
100;3;15;56,21387;100
100;2;2;56,54688;100
100;2;2;56,54688;100
100;3;15;56,54688;100
100;3;15;56,54688;100
100;3;15;56,54688;100
100;2;2;56,54688;100
100;3;15;56,54688;100
100;2;2;56,54688;100
100;3;15;56,87988;100
100;2;2;56,87988;100
100;3;15;56,87988;100
100;3;15;56,87988;100
100;3;15;56,87988;100
100;2;2;56,87988;100
100;2;2;56,87988;100
100;2;2;56,87988;100
100;2;2;56,87988;100
100;2;2;56,87988;100
100;3;15;56,87988;100
100;3;15;56,87988;100
100;2;2;56,87988;100
100;3;15;57,21289;100
100;2;2;57,21289;100
100;3;15;57,21289;100
100;2;2;57,21289;100
100;2;2;57,21289;100
100;3;15;57,21289;100
100;3;15;57,21289;100
100;3;15;57,21289;100
100;2;2;57,21289;100
100;3;15;57,21289;100
100;3;15;57,21289;100
100;3;15;57,5459;100
100;2;2;57,5459;100
100;3;15;57,5459;100
100;2;2;57,5459;100
100;2;2;57,5459;100
100;3;15;57,5459;100
100;2;2;57,5459;100
100;2;2;57,5459;100
100;2;2;57,5459;100
100;2;2;57,5459;100
100;2;2;57,5459;100
100;2;2;57,5459;100
100;3;15;57,87891;100
100;2;2;57,87891;100
100;2;2;57,87891;100
100;3;15;57,87891;100
100;3;15;57,87891;100
100;3;15;57,87891;100
100;2;2;57,87891;100
100;2;2;57,87891;100
100;2;2;57,87891;100
100;3;15;57,87891;100
100;2;2;58,21191;100
100;2;2;58,21191;100
100;2;2;58,21191;100
100;3;15;58,21191;100
100;2;2;58,21191;100
100;2;2;58,21191;100
100;3;15;58,21191;100
100;3;15;58,21191;100
100;3;15;58,21191;100
100;2;2;58,21191;100
100;3;15;58,21191;100
100;3;15;58,54492;100
100;3;15;58,54492;100
100;2;2;58,54492;100
100;3;15;58,54492;100
100;3;15;58,54492;100
100;3;15;58,54492;100
100;3;15;58,54492;100
100;3;15;58,54492;100
100;2;2;58,54492;100
100;2;2;58,54492;100
100;3;15;58,54492;100
100;3;15;58,54492;100
100;2;2;58,54492;100
100;3;15;58,87793;100
100;3;15;58,87793;100
100;2;2;58,87793;100
100;3;15;58,87793;100
100;2;2;58,87793;100
100;3;15;58,87793;100
100;3;15;58,87793;100
100;2;2;59,21094;100
100;2;2;59,21094;100
100;3;15;59,21094;100
100;3;15;59,21094;100
100;3;15;59,21094;100
100;3;15;59,21094;100
100;3;15;59,21094;100
100;3;15;59,21094;100
100;2;2;59,21094;100
100;3;15;59,54395;100
100;2;2;59,54395;100
100;2;2;59,54395;100
100;3;15;59,54395;100
100;2;2;59,54395;100
100;3;15;59,54395;100
100;3;15;59,54395;100
100;2;2;59,54395;100
100;3;15;59,87695;100
100;3;15;59,87695;100
100;2;2;59,87695;100
100;2;2;59,87695;100
100;3;15;59,87695;100
100;3;15;59,87695;100
100;3;15;59,87695;100
100;2;2;0,2099609;100
100;2;2;0,2099609;100
100;3;15;0,2099609;100
100;2;2;0,2099609;100
100;2;2;0,2099609;100
100;2;2;0,2099609;100
100;3;15;0,5429688;100
100;3;15;0,5429688;100
100;2;2;0,5429688;100
100;3;15;0,5429688;100
100;3;15;0,5429688;100
100;2;2;0,5429688;100
100;2;2;0,5429688;100
100;2;2;0,5429688;100
100;3;15;0,5429688;100
100;3;15;0,5429688;100
100;2;2;0,5429688;100
100;2;2;0,5429688;100
100;2;2;0,8759766;100
100;3;15;0,8759766;100
100;3;15;0,8759766;100
100;3;15;0,8759766;100
100;3;15;0,8759766;100
100;3;15;0,8759766;100
100;3;15;0,8759766;100
100;2;2;0,8759766;100
100;3;15;0,8759766;100
100;3;15;0,8759766;100
100;3;15;0,8759766;100
100;3;15;0,8759766;100
100;2;2;1,208984;100
100;2;2;1,208984;100
100;3;15;1,208984;100
100;2;2;1,208984;100
100;3;15;1,208984;100
100;2;2;1,208984;100
100;2;2;1,208984;100
100;3;15;1,541992;100
100;3;15;1,541992;100
100;3;15;1,541992;100
100;2;2;1,541992;100
100;3;15;1,541992;100
100;3;15;1,541992;100
100;3;15;1,541992;100
100;3;15;1,541992;100
100;3;15;1,541992;100
100;2;2;1,541992;100
100;3;15;1,875;100
100;3;15;1,875;100
100;2;2;1,875;100
100;2;2;1,875;100
100;3;15;1,875;100
100;2;2;1,875;100
100;3;15;1,875;100
100;3;15;1,875;100
100;3;15;1,875;100
100;2;2;1,875;100
100;2;2;1,875;100
100;3;15;1,875;100
100;2;2;1,875;100
100;2;2;2,208008;100
100;2;2;2,208008;100
100;3;15;2,208008;100
100;3;15;2,208008;100
100;3;15;2,208008;100
100;2;2;2,208008;100
100;2;2;2,208008;100
100;3;15;2,208008;100
100;2;2;2,208008;100
100;3;15;2,541016;100
100;2;2;2,541016;100
100;2;2;2,541016;100
100;3;15;2,541016;100
100;2;2;2,541016;100
100;2;2;2,541016;100
100;3;15;2,874023;100
100;2;2;2,874023;100
100;3;15;2,874023;100
100;2;2;2,874023;100
100;2;2;2,874023;100
100;3;15;2,874023;100
100;3;15;2,874023;100
100;3;15;2,874023;100
100;2;2;2,874023;100
100;2;2;2,874023;100
100;3;15;2,874023;100
100;3;15;3,207031;100
100;3;15;3,207031;100
100;2;2;3,207031;100
100;2;2;3,207031;100
100;3;15;3,207031;100
100;3;15;3,207031;100
100;2;2;3,207031;100
100;2;2;3,207031;100
100;3;15;3,540039;100
100;3;15;3,540039;100
100;2;2;3,540039;100
100;3;15;3,540039;100
100;3;15;3,540039;100
100;3;15;3,540039;100
100;2;2;3,540039;100
100;3;15;3,540039;100
100;3;15;3,873047;100
100;3;15;3,873047;100
100;2;2;3,873047;100
100;2;2;3,873047;100
100;3;15;3,873047;100
100;2;2;3,873047;100
100;2;2;3,873047;100
100;3;15;3,873047;100
100;3;15;4,206055;100
100;3;15;4,206055;100
100;2;2;4,206055;100
100;2;2;4,206055;100
100;3;15;4,206055;100
100;2;2;4,206055;100
100;2;2;4,206055;100
100;2;2;4,206055;100
100;2;2;4,206055;100
100;3;15;4,206055;100
100;2;2;4,206055;100
100;2;2;4,206055;100
100;2;2;4,539063;100
100;2;2;4,539063;100
100;3;15;4,539063;100
100;3;15;4,539063;100
100;2;2;4,539063;100
100;2;2;4,539063;100
100;2;2;4,539063;100
100;3;15;4,87207;100
100;3;15;4,87207;100
100;2;2;4,87207;100
100;2;2;4,87207;100
100;2;2;4,87207;100
100;3;15;4,87207;100
100;3;15;4,87207;100
100;3;15;4,87207;100
100;2;2;4,87207;100
100;2;2;4,87207;100
100;2;2;5,205078;100
100;2;2;5,205078;100
100;2;2;5,205078;100
100;3;15;5,205078;100
100;2;2;5,205078;100
100;2;2;5,205078;100
100;2;2;5,205078;100
100;3;15;5,538086;100
100;2;2;5,538086;100
100;2;2;5,538086;100
100;2;2;5,538086;100
100;3;15;5,538086;100
100;2;2;5,538086;100
100;3;15;5,538086;100
100;2;2;5,538086;100
100;3;15;5,871094;100
100;2;2;5,871094;100
100;2;2;5,871094;100
100;2;2;5,871094;100
100;3;15;5,871094;100
100;2;2;5,871094;100
100;2;2;5,871094;100
100;3;15;5,871094;100
100;2;2;5,871094;100
100;2;2;5,871094;100
100;2;2;6,204102;100
100;2;2;6,204102;100
100;2;2;6,204102;100
100;2;2;6,204102;100
100;2;2;6,204102;100
100;2;2;6,204102;100
100;2;2;6,204102;100
100;3;15;6,537109;100
100;2;2;6,537109;100
100;3;15;6,537109;100
100;3;15;6,537109;100
100;3;15;6,537109;100
100;3;15;6,537109;100
100;3;15;6,537109;100
100;3;15;6,537109;100
100;3;15;6,537109;100
100;3;15;6,537109;100
100;3;15;6,870117;100
100;2;2;6,870117;100
100;2;2;6,870117;100
100;3;15;6,870117;85
100;3;15;6,870117;70
100;3;15;6,870117;55
100;3;15;6,870117;40
100;3;15;6,870117;25
100;3;15;7,203125;10
100;3;15;7,203125;-5
Player