100;2;2;0,04931641;100
100;3;15;0,04931641;100
100;3;15;0,04931641;100
100;2;2;0,04931641;100
100;2;2;0,04931641;100
100;2;2;0,04931641;100
100;2;2;0,04931641;100
100;2;2;0,04931641;100
100;2;2;0,3828125;100
100;3;15;0,3828125;100
100;2;2;0,3828125;100
100;2;2;0,3828125;100
100;2;2;0,3828125;100
100;3;15;0,3828125;100
100;2;2;0,7163086;100
100;3;15;0,7163086;100
100;2;2;0,7163086;100
100;2;2;0,7163086;100
100;3;15;0,7163086;100
100;2;2;0,7163086;100
100;2;2;0,7163086;100
100;2;2;0,7163086;100
100;2;2;0,7163086;100
100;3;15;0,7163086;100
100;3;15;1,049805;100
100;3;15;1,049805;100
100;2;2;1,049805;100
100;3;15;1,049805;100
100;3;15;1,049805;100
100;2;2;1,049805;100
100;2;2;1,049805;100
100;3;15;1,049805;100
100;2;2;1,049805;100
100;3;15;1,383301;100
100;3;15;1,383301;100
100;2;2;1,383301;100
100;3;15;1,383301;100
100;3;15;1,383301;100
100;2;2;1,383301;100
100;2;2;1,383301;100
100;2;2;1,716797;100
100;3;15;1,716797;100
100;2;2;1,716797;100
100;2;2;1,716797;100
100;2;2;1,716797;100
100;3;15;1,716797;100
100;2;2;1,716797;100
100;2;2;1,716797;100
100;3;15;1,716797;100
100;2;2;1,716797;100
100;2;2;2,050293;100
100;3;15;2,050293;100
100;3;15;2,050293;100
100;2;2;2,050293;100
100;2;2;2,050293;100
100;2;2;2,050293;100
100;2;2;2,050293;100
100;3;15;2,050293;100
100;2;2;2,050293;100
100;3;15;2,050293;100
100;2;2;2,050293;100
100;2;2;2,383789;100
100;3;15;2,383789;100
100;3;15;2,383789;100
100;3;15;2,383789;100
100;3;15;2,383789;100
100;3;15;2,383789;100
100;2;2;2,717285;100
100;3;15;2,717285;100
100;3;15;2,717285;100
100;3;15;2,717285;100
100;3;15;2,717285;100
100;2;2;2,717285;100
100;2;2;2,717285;100
100;3;15;2,717285;100
100;2;2;2,717285;100
100;2;2;2,717285;100
100;2;2;3,050781;100
100;2;2;3,050781;100
100;2;2;3,050781;100
100;2;2;3,050781;100
100;3;15;3,050781;100
100;3;15;3,050781;100
100;2;2;3,050781;100
100;2;2;3,050781;100
100;2;2;3,384277;100
100;2;2;3,384277;100
100;3;15;3,384277;100
100;2;2;3,384277;100
100;3;15;3,384277;100
100;3;15;3,717773;100
100;3;15;3,717773;100
100;3;15;3,717773;100
100;3;15;3,717773;100
100;2;2;3,717773;100
100;3;15;3,717773;100
100;2;2;3,717773;100
100;2;2;3,717773;100
100;3;15;3,717773;100
100;3;15;3,717773;100
100;3;15;3,717773;100
100;2;2;4,05127;100
100;2;2;4,05127;100
100;2;2;4,05127;100
100;3;15;4,05127;100
100;2;2;4,05127;100
100;3;15;4,384766;100
100;2;2;4,384766;100
100;2;2;4,384766;100
100;3;15;4,384766;100
100;3;15;4,384766;100
100;2;2;4,384766;100
100;2;2;4,384766;100
100;2;2;4,384766;100
100;3;15;4,718262;100
100;3;15;4,718262;100
100;3;15;4,718262;100
100;3;15;4,718262;100
100;2;2;4,718262;100
100;3;15;4,718262;100
100;3;15;4,718262;100
100;2;2;4,718262;100
100;2;2;4,718262;100
100;2;2;4,718262;100
100;2;2;4,718262;100
100;2;2;5,051758;100
100;3;15;5,051758;100
100;2;2;5,051758;100
100;2;2;5,051758;100
100;3;15;5,051758;100
100;3;15;5,051758;100
100;3;15;5,051758;100
100;3;15;5,051758;100
100;3;15;5,385254;100
100;3;15;5,385254;100
100;2;2;5,385254;100
100;2;2;5,385254;100
100;2;2;5,385254;100
100;3;15;5,385254;100
100;3;15;5,385254;100
100;3;15;5,385254;100
100;3;15;5,385254;100
100;2;2;5,385254;100
100;3;15;5,71875;100
100;2;2;5,71875;100
100;2;2;5,71875;100
100;2;2;5,71875;100
100;3;15;5,71875;100
100;2;2;5,71875;100
100;3;15;5,71875;100
100;2;2;5,71875;100
100;2;2;6,052246;100
100;3;15;6,052246;100
100;3;15;6,052246;100
100;2;2;6,052246;100
100;3;15;6,052246;100
100;2;2;6,052246;100
100;3;15;6,052246;100
100;3;15;6,052246;100
100;2;2;6,052246;100
100;2;2;6,052246;100
100;3;15;6,052246;100
100;3;15;6,052246;100
100;2;2;6,385742;100
100;3;15;6,385742;100
100;2;2;6,385742;100
100;3;15;6,385742;100
100;3;15;6,385742;100
100;2;2;6,385742;100
100;3;15;6,385742;100
100;3;15;6,385742;100
100;2;2;6,385742;100
100;2;2;6,385742;100
100;2;2;6,385742;100
100;3;15;6,385742;100
100;3;15;6,719238;100
100;3;15;6,719238;100
100;3;15;6,719238;100
100;3;15;6,719238;100
100;3;15;6,719238;100
100;3;15;6,719238;100
100;2;2;6,719238;100
100;2;2;7,052734;100
100;2;2;7,052734;100
100;3;15;7,052734;100
100;2;2;7,052734;100
100;2;2;7,052734;100
100;2;2;7,052734;100
100;3;15;7,052734;100
100;3;15;7,052734;100
100;2;2;7,052734;100
100;3;15;7,052734;100
100;3;15;7,052734;100
100;3;15;7,052734;100
100;3;15;7,38623;100
100;2;2;7,38623;100
100;2;2;7,38623;100
100;3;15;7,38623;100
100;2;2;7,38623;100
100;3;15;7,38623;100
100;3;15;7,38623;100
100;3;15;7,719727;100
100;2;2;7,719727;100
100;2;2;7,719727;100
100;2;2;7,719727;100
100;3;15;7,719727;100
100;3;15;7,719727;100
100;3;15;7,719727;100
100;3;15;7,719727;100
100;3;15;8,053223;100
100;2;2;8,053223;100
100;2;2;8,053223;100
100;2;2;8,053223;100
100;3;15;8,053223;100
100;2;2;8,053223;100
100;2;2;8,053223;100
100;2;2;8,053223;100
100;2;2;8,053223;100
100;3;15;8,053223;100
100;2;2;8,053223;100
100;3;15;8,053223;100
100;2;2;8,386719;100
100;2;2;8,386719;100
100;3;15;8,386719;100
100;2;2;8,386719;100
100;2;2;8,386719;100
100;3;15;8,386719;100
100;3;15;8,386719;100
100;3;15;8,386719;100
100;3;15;8,720215;100
100;3;15;8,720215;100
100;3;15;8,720215;100
100;3;15;8,720215;100
100;2;2;8,720215;100
100;3;15;8,720215;100
100;2;2;8,720215;100
100;3;15;9,053711;100
100;3;15;9,053711;100
100;2;2;9,053711;100
100;3;15;9,053711;100
100;3;15;9,053711;100
100;2;2;9,053711;100
100;2;2;9,053711;100
100;2;2;9,387207;100
100;3;15;9,387207;100
100;3;15;9,387207;100
100;3;15;9,387207;100
100;2;2;9,387207;100
100;3;15;9,387207;100
100;3;15;9,387207;100
100;2;2;9,387207;100
100;2;2;9,387207;100
100;2;2;9,387207;100
100;3;15;9,720703;100
100;2;2;9,720703;100
100;3;15;9,720703;100
100;3;15;9,720703;100
100;2;2;9,720703;100
100;2;2;9,720703;100
100;3;15;9,720703;100
100;2;2;9,720703;100
100;3;15;9,720703;100
100;3;15;9,720703;100
100;2;2;9,720703;100
100;3;15;9,720703;100
100;2;2;9,720703;100
100;2;2;9,720703;100
100;3;15;10,0542;100
100;3;15;10,0542;100
100;2;2;10,0542;100
100;3;15;10,0542;100
100;2;2;10,0542;100
100;3;15;10,3877;100
100;3;15;10,3877;100
100;2;2;10,3877;100
100;2;2;10,3877;100
100;2;2;10,3877;100
100;2;2;10,3877;100
100;2;2;10,3877;100
100;2;2;10,72119;100
100;3;15;10,72119;100
100;3;15;10,72119;100
100;2;2;10,72119;100
100;2;2;10,72119;100
100;2;2;10,72119;100
100;3;15;10,72119;100
100;3;15;11,05469;100
100;2;2;11,05469;100
100;3;15;11,05469;100
100;3;15;11,05469;100
100;2;2;11,05469;100
100;2;2;11,05469;100
100;3;15;11,38818;100
100;2;2;11,38818;100
100;3;15;11,38818;100
100;3;15;11,38818;100
100;2;2;11,38818;100
100;2;2;11,38818;100
100;2;2;11,38818;100
100;2;2;11,38818;100
100;2;2;11,72168;100
100;3;15;11,72168;100
100;3;15;11,72168;100
100;3;15;11,72168;100
100;2;2;11,72168;100
100;2;2;11,72168;100
100;2;2;11,72168;100
100;3;15;11,72168;100
100;2;2;11,72168;100
100;2;2;12,05518;100
100;2;2;12,05518;100
100;3;15;12,05518;100
100;3;15;12,05518;100
100;2;2;12,05518;100
100;2;2;12,05518;100
100;2;2;12,05518;100
100;2;2;12,05518;100
100;2;2;12,05518;100
100;3;15;12,05518;100
100;2;2;12,05518;100
100;2;2;12,05518;100
100;3;15;12,38867;100
100;2;2;12,38867;100
100;3;15;12,38867;100
100;2;2;12,38867;100
100;2;2;12,38867;100
100;2;2;12,38867;100
100;3;15;12,38867;100
100;3;15;12,72217;100
100;3;15;12,72217;100
100;3;15;12,72217;100
100;2;2;12,72217;100
100;2;2;12,72217;100
100;3;15;12,72217;100
100;3;15;12,72217;100
100;2;2;12,72217;100
100;3;15;12,72217;100
100;3;15;12,72217;100
100;3;15;12,72217;100
100;3;15;13,05566;100
100;3;15;13,05566;100
100;2;2;13,05566;100
100;2;2;13,05566;100
100;2;2;13,05566;100
100;3;15;13,05566;100
100;2;2;13,05566;100
100;2;2;13,05566;100
100;3;15;13,05566;100
100;3;15;13,38916;100
100;2;2;13,38916;100
100;3;15;13,38916;100
100;3;15;13,38916;100
100;3;15;13,72266;100
100;3;15;13,72266;100
100;2;2;13,72266;100
100;2;2;13,72266;100
100;3;15;13,72266;100
100;3;15;13,72266;100
100;2;2;13,72266;100
100;3;15;13,72266;100
100;3;15;13,72266;100
100;2;2;13,72266;100
100;2;2;14,05615;100
100;2;2;14,05615;100
100;2;2;14,05615;100
100;3;15;14,05615;100
100;2;2;14,05615;100
100;2;2;14,05615;100
100;2;2;14,38965;100
100;3;15;14,38965;100
100;3;15;14,38965;100
100;2;2;14,72314;100
100;3;15;14,72314;100
100;2;2;14,72314;100
100;2;2;14,72314;100
100;3;15;14,72314;100
100;2;2;14,72314;100
100;3;15;14,72314;100
100;3;15;14,72314;100
100;3;15;14,72314;100
100;2;2;14,72314;100
100;3;15;14,72314;100
100;3;15;15,05664;100
100;3;15;15,05664;100
100;3;15;15,05664;100
100;2;2;15,05664;100
100;3;15;15,05664;100
100;2;2;15,05664;100
100;2;2;15,05664;100
100;2;2;15,05664;100
100;3;15;15,39014;100
100;2;2;15,39014;100
100;3;15;15,39014;100
100;3;15;15,39014;100
100;2;2;15,39014;100
100;3;15;15,39014;100
100;2;2;15,39014;100
100;3;15;15,39014;100
100;3;15;15,72363;100
100;3;15;15,72363;100
100;2;2;15,72363;100
100;2;2;15,72363;100
100;3;15;15,72363;100
100;2;2;16,05713;100
100;3;15;16,05713;100
100;3;15;16,05713;100
100;2;2;16,05713;100
100;2;2;16,05713;100
100;3;15;16,05713;100
100;3;15;16,05713;100
100;2;2;16,05713;100
100;2;2;16,05713;100
100;2;2;16,05713;100
100;2;2;16,05713;100
100;3;15;16,39063;100
100;3;15;16,39063;100
100;2;2;16,39063;100
100;2;2;16,39063;100
100;2;2;16,39063;100
100;2;2;16,39063;100
100;2;2;16,39063;100
100;3;15;16,39063;100
100;2;2;16,39063;100
100;2;2;16,72412;100
100;3;15;16,72412;100
100;2;2;16,72412;100
100;2;2;16,72412;100
100;3;15;16,72412;100
100;3;15;16,72412;100
100;2;2;16,72412;100
100;3;15;16,72412;100
100;3;15;16,72412;100
100;2;2;16,72412;100
100;2;2;16,72412;100
100;3;15;17,05762;100
100;3;15;17,05762;100
100;3;15;17,05762;100
100;2;2;17,05762;100
100;2;2;17,05762;100
100;3;15;17,05762;100
100;3;15;17,05762;100
100;2;2;17,05762;100
100;2;2;17,05762;100
100;3;15;17,05762;100
100;3;15;17,05762;100
100;3;15;17,05762;100
100;2;2;17,05762;100
100;3;15;17,39111;100
100;3;15;17,39111;100
100;3;15;17,39111;100
100;2;2;17,39111;100
100;2;2;17,39111;100
100;3;15;17,39111;100
100;2;2;17,39111;100
100;3;15;17,39111;100
100;2;2;17,72461;100
100;3;15;17,72461;100
100;2;2;17,72461;100
100;2;2;17,72461;100
100;3;15;17,72461;100
100;3;15;17,72461;100
100;2;2;18,05811;100
100;2;2;18,05811;100
100;3;15;18,05811;100
100;3;15;18,05811;100
100;2;2;18,05811;100
100;3;15;18,05811;100
100;3;15;18,3916;100
100;2;2;18,3916;100
100;2;2;18,3916;100
100;3;15;18,3916;100
100;3;15;18,3916;100
100;3;15;18,3916;100
100;3;15;18,3916;100
100;2;2;18,3916;100
100;2;2;18,3916;100
100;3;15;18,3916;100
100;3;15;18,3916;100
100;2;2;18,3916;100
100;2;2;18,7251;100
100;3;15;18,7251;100
100;3;15;18,7251;100
100;2;2;18,7251;100
100;3;15;18,7251;100
100;2;2;18,7251;100
100;2;2;18,7251;100
100;2;2;18,7251;100
100;3;15;18,7251;100
100;2;2;18,7251;100
100;2;2;19,05859;100
100;3;15;19,05859;100
100;3;15;19,05859;100
100;2;2;19,05859;100
100;3;15;19,05859;100
100;3;15;19,05859;100
100;3;15;19,05859;100
100;3;15;19,05859;100
100;2;2;19,39209;100
100;3;15;19,39209;100
100;3;15;19,39209;100
100;2;2;19,39209;100
100;3;15;19,39209;100
100;3;15;19,39209;100
100;3;15;19,72559;100
100;2;2;19,72559;100
100;2;2;19,72559;100
100;3;15;19,72559;100
100;3;15;19,72559;100
100;2;2;19,72559;100
100;2;2;19,72559;100
100;2;2;19,72559;100
100;2;2;19,72559;100
100;3;15;19,72559;100
100;3;15;19,72559;100
100;2;2;19,72559;100
100;2;2;20,05908;100
100;2;2;20,05908;100
100;3;15;20,05908;100
100;2;2;20,05908;100
100;3;15;20,05908;100
100;3;15;20,05908;100
100;3;15;20,05908;100
100;2;2;20,39258;100
100;2;2;20,39258;100
100;2;2;20,39258;100
100;3;15;20,39258;100
100;3;15;20,39258;100
100;2;2;20,39258;100
100;2;2;20,39258;100
100;3;15;20,72607;100
100;2;2;20,72607;100
100;3;15;20,72607;100
100;2;2;20,72607;100
100;3;15;20,72607;100
100;3;15;20,72607;100
100;3;15;20,72607;100
100;3;15;20,72607;100
100;2;2;21,05957;100
100;3;15;21,05957;100
100;2;2;21,05957;100
100;3;15;21,05957;100
100;3;15;21,05957;100
100;2;2;21,05957;100
100;3;15;21,05957;100
100;3;15;21,05957;100
100;3;15;21,39307;100
100;2;2;21,39307;100
100;3;15;21,39307;100
100;2;2;21,39307;100
100;3;15;21,39307;100
100;2;2;21,39307;100
100;3;15;21,39307;100
100;2;2;21,39307;100
100;2;2;21,39307;100
100;3;15;21,72656;100
100;2;2;21,72656;100
100;2;2;21,72656;100
100;3;15;21,72656;100
100;3;15;21,72656;100
100;3;15;22,06006;100
100;2;2;22,06006;100
100;2;2;22,06006;100
100;3;15;22,06006;100
100;3;15;22,06006;100
100;3;15;22,06006;100
100;2;2;22,06006;100
100;3;15;22,06006;100
100;2;2;22,06006;100
100;2;2;22,39355;100
100;2;2;22,39355;100
100;2;2;22,39355;100
100;3;15;22,39355;100
100;2;2;22,39355;100
100;3;15;22,72705;100
100;3;15;22,72705;100
100;2;2;22,72705;100
100;2;2;22,72705;100
100;2;2;22,72705;100
100;3;15;22,72705;100
100;3;15;22,72705;100
100;2;2;22,72705;100
100;2;2;22,72705;100
100;2;2;22,72705;100
100;2;2;22,72705;100
100;2;2;23,06055;100
100;3;15;23,06055;100
100;3;15;23,06055;100
100;3;15;23,06055;100
100;3;15;23,06055;100
100;2;2;23,06055;100
100;2;2;23,06055;100
100;2;2;23,06055;100
100;2;2;23,06055;100
100;2;2;23,39404;100
100;3;15;23,39404;100
100;2;2;23,39404;100
100;3;15;23,39404;100
100;3;15;23,39404;100
100;2;2;23,39404;100
100;3;15;23,39404;100
100;3;15;23,39404;100
100;3;15;23,39404;100
100;3;15;23,39404;100
100;2;2;23,39404;100
100;2;2;23,39404;100
100;2;2;23,72754;100
100;2;2;23,72754;100
100;2;2;23,72754;100
100;3;15;23,72754;100
100;3;15;23,72754;100
100;2;2;23,72754;100
100;3;15;23,72754;100
100;2;2;23,72754;100
100;2;2;23,72754;100
100;2;2;23,72754;100
100;3;15;24,06104;100
100;2;2;24,06104;100
100;3;15;24,06104;100
100;3;15;24,06104;100
100;3;15;24,06104;100
100;3;15;24,06104;100
100;3;15;24,06104;100
100;3;15;24,39453;100
100;2;2;24,39453;100
100;2;2;24,39453;100
100;2;2;24,39453;100
100;3;15;24,39453;100
100;3;15;24,39453;100
100;2;2;24,39453;100
100;2;2;24,39453;100
100;3;15;24,39453;100
100;3;15;24,39453;100
100;2;2;24,39453;100
100;2;2;24,72803;100
100;2;2;24,72803;100
100;2;2;24,72803;100
100;2;2;24,72803;100
100;2;2;24,72803;100
100;2;2;24,72803;100
100;2;2;24,72803;100
100;2;2;24,72803;100
100;3;15;24,72803;100
100;2;2;24,72803;100
100;2;2;24,72803;100
100;3;15;25,06152;100
100;3;15;25,06152;100
100;3;15;25,06152;100
100;2;2;25,06152;100
100;3;15;25,06152;100
100;3;15;25,06152;100
100;3;15;25,06152;100
100;2;2;25,39502;100
100;2;2;25,39502;100
100;2;2;25,39502;100
100;3;15;25,39502;100
100;3;15;25,39502;100
100;3;15;25,39502;100
100;2;2;25,72852;100
100;3;15;25,72852;100
100;2;2;25,72852;100
100;3;15;25,72852;100
100;2;2;25,72852;100
100;2;2;25,72852;100
100;2;2;25,72852;100
100;3;15;25,72852;100
100;2;2;25,72852;100
100;3;15;25,72852;100
100;3;15;26,06201;100
100;3;15;26,06201;100
100;2;2;26,06201;100
100;2;2;26,06201;100
100;2;2;26,06201;100
100;2;2;26,06201;100
100;3;15;26,06201;100
100;3;15;26,06201;100
100;3;15;26,06201;100
100;2;2;26,06201;100
100;3;15;26,06201;100
100;2;2;26,06201;100
100;3;15;26,39551;100
100;2;2;26,39551;100
100;3;15;26,39551;100
100;2;2;26,729;100
100;2;2;26,729;100
100;2;2;26,729;100
100;3;15;26,729;100
100;3;15;26,729;100
100;3;15;26,729;100
100;2;2;26,729;100
100;3;15;26,729;100
100;2;2;26,729;100
100;2;2;26,729;100
100;3;15;26,729;100
100;3;15;26,729;100
100;3;15;26,729;100
100;2;2;27,0625;100
100;3;15;27,0625;100
100;2;2;27,0625;100
100;2;2;27,0625;100
100;2;2;27,0625;100
100;2;2;27,0625;100
100;2;2;27,0625;100
100;3;15;27,396;100
100;3;15;27,396;100
100;2;2;27,396;100
100;3;15;27,396;100
100;2;2;27,396;100
100;2;2;27,396;100
100;2;2;27,396;100
100;2;2;27,396;100
100;2;2;27,396;100
100;2;2;27,72949;100
100;2;2;27,72949;100
100;2;2;27,72949;100
100;2;2;27,72949;100
100;3;15;27,72949;100
100;2;2;27,72949;100
100;2;2;27,72949;100
100;3;15;27,72949;100
100;3;15;27,72949;100
100;2;2;27,72949;100
100;3;15;27,72949;100
100;3;15;27,72949;100
100;3;15;27,72949;100
100;2;2;28,06299;100
100;3;15;28,06299;100
100;2;2;28,06299;100
100;2;2;28,06299;100
100;3;15;28,06299;100
100;3;15;28,06299;100
100;3;15;28,06299;100
100;2;2;28,06299;100
100;3;15;28,06299;100
100;2;2;28,39648;100
100;3;15;28,39648;100
100;3;15;28,39648;100
100;2;2;28,39648;100
100;3;15;28,39648;100
100;3;15;28,39648;100
100;2;2;28,39648;100
100;3;15;28,72998;100
100;2;2;28,72998;100
100;3;15;28,72998;100
100;3;15;28,72998;100
100;2;2;28,72998;100
100;3;15;28,72998;100
100;3;15;28,72998;100
100;3;15;28,72998;100
100;2;2;28,72998;100
100;2;2;29,06348;100
100;2;2;29,06348;100
100;2;2;29,06348;100
100;3;15;29,06348;100
100;3;15;29,06348;100
100;2;2;29,06348;100
100;3;15;29,39697;100
100;3;15;29,39697;100
100;3;15;29,39697;100
100;2;2;29,39697;100
100;3;15;29,39697;100
100;3;15;29,73047;100
100;2;2;29,73047;100
100;3;15;29,73047;100
100;3;15;29,73047;100
100;3;15;29,73047;100
100;2;2;29,73047;100
100;3;15;29,73047;100
100;3;15;30,06396;100
100;3;15;30,06396;100
100;2;2;30,06396;100
100;2;2;30,06396;100
100;3;15;30,39746;100
100;2;2;30,39746;100
100;3;15;30,39746;100
100;2;2;30,39746;100
100;2;2;30,39746;100
100;2;2;30,39746;100
100;2;2;30,39746;100
100;3;15;30,73096;100
100;3;15;30,73096;100
100;3;15;30,73096;100
100;3;15;30,73096;100
100;2;2;30,73096;100
100;3;15;30,73096;100
100;3;15;30,73096;100
100;2;2;30,73096;100
100;3;15;30,73096;100
100;3;15;31,06445;100
100;3;15;31,06445;100
100;2;2;31,06445;100
100;2;2;31,06445;100
100;3;15;31,06445;100
100;3;15;31,06445;100
100;2;2;31,06445;100
100;3;15;31,06445;100
100;3;15;31,06445;100
100;3;15;31,06445;100
100;2;2;31,06445;100
100;2;2;31,06445;100
100;3;15;31,39795;100
100;2;2;31,39795;100
100;2;2;31,39795;100
100;3;15;31,39795;100
100;2;2;31,39795;100
100;2;2;31,39795;100
100;2;2;31,39795;100
100;2;2;31,39795;100
100;2;2;31,73145;100
100;3;15;31,73145;100
100;2;2;31,73145;100
100;3;15;31,73145;100
100;2;2;31,73145;100
100;3;15;31,73145;100
100;2;2;31,73145;100
100;2;2;31,73145;100
100;2;2;31,73145;100
100;2;2;31,73145;100
100;2;2;31,73145;100
100;2;2;32,06494;100
100;3;15;32,06494;100
100;2;2;32,06494;100
100;3;15;32,06494;100
100;3;15;32,06494;100
100;3;15;32,06494;100
100;3;15;32,06494;100
100;2;2;32,06494;100
100;3;15;32,06494;100
100;2;2;32,39844;100
100;3;15;32,39844;100
100;2;2;32,39844;100
100;3;15;32,39844;100
100;3;15;32,39844;100
100;2;2;32,39844;100
100;3;15;32,39844;100
100;3;15;32,73193;100
100;3;15;32,73193;100
100;3;15;32,73193;100
100;2;2;32,73193;100
100;2;2;32,73193;100
100;3;15;32,73193;100
100;3;15;32,73193;100
100;3;15;33,06543;100
100;3;15;33,06543;100
100;2;2;33,06543;100
100;2;2;33,06543;100
100;2;2;33,06543;100
100;3;15;33,06543;100
100;3;15;33,06543;100
100;2;2;33,06543;100
100;2;2;33,06543;100
100;3;15;33,06543;100
100;2;2;33,06543;100
100;2;2;33,06543;100
100;3;15;33,06543;100
100;3;15;33,06543;100
100;3;15;33,39893;100
100;3;15;33,39893;100
100;3;15;33,39893;100
100;2;2;33,39893;100
100;2;2;33,39893;100
100;2;2;33,73242;100
100;2;2;33,73242;100
100;2;2;33,73242;100
100;3;15;33,73242;100
100;3;15;33,73242;100
100;2;2;33,73242;100
100;3;15;33,73242;100
100;3;15;33,73242;100
100;2;2;33,73242;100
100;3;15;33,73242;100
100;2;2;34,06592;100
100;3;15;34,06592;100
100;2;2;34,06592;100
100;3;15;34,06592;100
100;3;15;34,06592;100
100;3;15;34,06592;100
100;2;2;34,06592;100
100;3;15;34,06592;100
100;3;15;34,06592;100
100;2;2;34,39941;100
100;3;15;34,39941;100
100;3;15;34,39941;100
100;3;15;34,39941;100
100;2;2;34,39941;100
100;3;15;34,39941;100
100;3;15;34,39941;100
100;2;2;34,39941;100
100;3;15;34,39941;100
100;2;2;34,39941;100
100;3;15;34,73291;100
100;3;15;34,73291;100
100;2;2;34,73291;100
100;3;15;34,73291;100
100;3;15;34,73291;100
100;3;15;34,73291;100
100;2;2;34,73291;100
100;3;15;34,73291;100
100;2;2;34,73291;100
100;3;15;35,06641;100
100;2;2;35,06641;100
100;3;15;35,06641;100
100;3;15;35,06641;100
100;2;2;35,06641;100
100;2;2;35,06641;100
100;2;2;35,3999;100
100;2;2;35,3999;100
100;2;2;35,3999;100
100;2;2;35,3999;100
100;2;2;35,3999;100
100;3;15;35,3999;100
100;2;2;35,3999;100
100;2;2;35,3999;100
100;3;15;35,7334;100
100;3;15;35,7334;100
100;2;2;35,7334;100
100;3;15;35,7334;100
100;3;15;35,7334;100
100;3;15;35,7334;100
100;2;2;35,7334;100
100;2;2;35,7334;100
100;3;15;35,7334;100
100;2;2;36,06689;100
100;3;15;36,06689;100
100;3;15;36,06689;100
100;2;2;36,06689;100
100;2;2;36,06689;100
100;2;2;36,40039;100
100;3;15;36,40039;100
100;2;2;36,40039;100
100;3;15;36,40039;100
100;2;2;36,40039;100
100;2;2;36,40039;100
100;3;15;36,40039;100
100;2;2;36,73389;100
100;2;2;36,73389;100
100;3;15;36,73389;100
100;2;2;36,73389;100
100;2;2;36,73389;100
100;2;2;36,73389;100
100;3;15;36,73389;100
100;2;2;36,73389;100
100;3;15;36,73389;100
100;3;15;37,06738;100
100;2;2;37,06738;100
100;2;2;37,06738;100
100;2;2;37,06738;100
100;2;2;37,06738;100
100;3;15;37,06738;100
100;3;15;37,06738;100
100;3;15;37,06738;100
100;2;2;37,06738;100
100;2;2;37,40088;100
100;2;2;37,40088;100
100;2;2;37,40088;100
100;2;2;37,40088;100
100;2;2;37,40088;100
100;3;15;37,40088;100
100;3;15;37,40088;100
100;3;15;37,40088;100
100;3;15;37,40088;100
100;2;2;37,73438;100
100;3;15;37,73438;100
100;3;15;37,73438;100
100;2;2;37,73438;100
100;3;15;37,73438;100
100;3;15;37,73438;100
100;3;15;37,73438;100
100;2;2;37,73438;100
100;3;15;38,06787;100
100;2;2;38,06787;100
100;3;15;38,06787;100
100;2;2;38,06787;100
100;2;2;38,06787;100
100;2;2;38,06787;100
100;3;15;38,06787;100
100;3;15;38,06787;100
100;2;2;38,40137;100
100;2;2;38,40137;100
100;2;2;38,40137;100
100;3;15;38,40137;100
100;2;2;38,40137;100
100;2;2;38,40137;100
100;2;2;38,73486;100
100;2;2;38,73486;100
100;3;15;38,73486;100
100;2;2;38,73486;100
100;3;15;38,73486;100
100;2;2;38,73486;100
100;2;2;38,73486;100
100;3;15;38,73486;100
100;3;15;38,73486;100
100;2;2;38,73486;100
100;2;2;39,06836;100
100;3;15;39,06836;100
100;2;2;39,06836;100
100;2;2;39,06836;100
100;3;15;39,06836;100
100;3;15;39,06836;100
100;3;15;39,06836;100
100;2;2;39,40186;100
100;2;2;39,40186;100
100;2;2;39,40186;100
100;2;2;39,40186;100
100;3;15;39,40186;100
100;3;15;39,40186;100
100;2;2;39,73535;100
100;3;15;39,73535;100
100;2;2;39,73535;100
100;2;2;39,73535;100
100;3;15;39,73535;100
100;2;2;40,06885;100
100;2;2;40,06885;100
100;3;15;40,06885;100
100;2;2;40,06885;100
100;2;2;40,06885;100
100;2;2;40,06885;100
100;3;15;40,06885;100
100;3;15;40,06885;100
100;2;2;40,06885;100
100;2;2;40,06885;100
100;2;2;40,40234;100
100;3;15;40,40234;100
100;3;15;40,40234;100
100;2;2;40,40234;100
100;3;15;40,40234;100
100;2;2;40,40234;100
100;2;2;40,40234;100
100;2;2;40,40234;100
100;3;15;40,73584;100
100;2;2;40,73584;100
100;3;15;40,73584;100
100;2;2;40,73584;100
100;2;2;40,73584;100
100;2;2;40,73584;100
100;2;2;40,73584;100
100;2;2;40,73584;100
100;3;15;41,06934;100
100;3;15;41,06934;100
100;2;2;41,06934;100
100;3;15;41,06934;100
100;3;15;41,06934;100
100;2;2;41,06934;100
100;2;2;41,06934;100
100;2;2;41,06934;100
100;3;15;41,06934;100
100;2;2;41,40283;100
100;2;2;41,40283;100
100;2;2;41,40283;100
100;3;15;41,40283;100
100;3;15;41,40283;100
100;3;15;41,40283;100
100;2;2;41,40283;100
100;2;2;41,40283;100
100;3;15;41,40283;100
100;2;2;41,40283;100
100;3;15;41,40283;100
100;2;2;41,73633;100
100;2;2;41,73633;100
100;2;2;41,73633;100
100;3;15;41,73633;100
100;2;2;41,73633;100
100;2;2;41,73633;100
100;3;15;41,73633;100
100;3;15;42,06982;100
100;2;2;42,06982;100
100;3;15;42,06982;100
100;2;2;42,06982;100
100;3;15;42,06982;100
100;3;15;42,06982;100
100;2;2;42,06982;100
100;3;15;42,06982;100
100;3;15;42,06982;100
100;3;15;42,06982;100
100;3;15;42,40332;100
100;2;2;42,40332;100
100;2;2;42,40332;100
100;2;2;42,40332;100
100;2;2;42,40332;100
100;3;15;42,40332;100
100;2;2;42,73682;100
100;3;15;42,73682;100
100;2;2;42,73682;100
100;3;15;42,73682;100
100;3;15;42,73682;100
100;2;2;42,73682;100
100;3;15;42,73682;100
100;2;2;42,73682;100
100;2;2;42,73682;100
100;2;2;43,07031;100
100;3;15;43,07031;100
100;2;2;43,07031;100
100;2;2;43,07031;100
100;2;2;43,07031;100
100;2;2;43,07031;100
100;3;15;43,07031;100
100;3;15;43,40381;100
100;2;2;43,40381;100
100;3;15;43,40381;100
100;2;2;43,40381;100
100;2;2;43,40381;100
100;2;2;43,40381;100
100;2;2;43,40381;100
100;3;15;43,40381;100
100;3;15;43,7373;100
100;2;2;43,7373;100
100;3;15;43,7373;100
100;3;15;43,7373;100
100;2;2;43,7373;100
100;2;2;43,7373;100
100;3;15;43,7373;100
100;2;2;43,7373;100
100;3;15;43,7373;100
100;2;2;43,7373;100
100;3;15;44,0708;100
100;3;15;44,0708;100
100;2;2;44,0708;100
100;2;2;44,0708;100
100;3;15;44,0708;100
100;3;15;44,0708;100
100;2;2;44,0708;100
100;3;15;44,0708;100
100;3;15;44,0708;100
100;3;15;44,0708;100
100;3;15;44,0708;100
100;3;15;44,4043;100
100;2;2;44,4043;100
100;3;15;44,4043;100
100;3;15;44,4043;100
100;2;2;44,4043;100
100;2;2;44,4043;100
100;2;2;44,4043;100
100;2;2;44,4043;100
100;3;15;44,4043;100
100;3;15;44,4043;100
100;3;15;44,73779;100
100;3;15;44,73779;100
100;3;15;44,73779;100
100;3;15;44,73779;100
100;2;2;44,73779;100
100;2;2;44,73779;100
100;2;2;44,73779;100
100;2;2;44,73779;100
100;2;2;44,73779;100
100;2;2;45,07129;100
100;2;2;45,07129;100
100;3;15;45,07129;100
100;2;2;45,07129;100
100;3;15;45,07129;100
100;2;2;45,07129;100
100;2;2;45,07129;100
100;3;15;45,07129;100
100;3;15;45,07129;100
100;2;2;45,40479;100
100;2;2;45,40479;100
100;3;15;45,40479;100
100;2;2;45,40479;100
100;3;15;45,40479;100
100;3;15;45,40479;100
100;3;15;45,40479;100
100;2;2;45,73828;100
100;3;15;45,73828;100
100;3;15;45,73828;100
100;3;15;45,73828;100
100;2;2;45,73828;100
100;2;2;45,73828;100
100;2;2;45,73828;100
100;3;15;46,07178;100
100;3;15;46,07178;100
100;3;15;46,07178;100
100;3;15;46,07178;100
100;3;15;46,07178;100
100;3;15;46,07178;100
100;2;2;46,07178;100
100;3;15;46,07178;100
100;3;15;46,07178;100
100;3;15;46,40527;100
100;3;15;46,40527;100
100;2;2;46,40527;100
100;3;15;46,40527;100
100;2;2;46,40527;100
100;2;2;46,40527;100
100;2;2;46,73877;100
100;2;2;46,73877;100
100;2;2;46,73877;100
100;3;15;46,73877;100
100;3;15;46,73877;100
100;2;2;46,73877;100
100;3;15;46,73877;100
100;3;15;46,73877;100
100;3;15;46,73877;100
100;2;2;46,73877;100
100;3;15;47,07227;100
100;3;15;47,07227;100
100;3;15;47,07227;100
100;2;2;47,07227;100
100;3;15;47,07227;100
100;2;2;47,07227;100
100;3;15;47,07227;100
100;3;15;47,07227;100
100;3;15;47,07227;100
100;3;15;47,07227;100
100;3;15;47,40576;100
100;2;2;47,40576;100
100;2;2;47,40576;100
100;3;15;47,40576;100
100;3;15;47,40576;100
100;2;2;47,40576;100
100;2;2;47,40576;100
100;3;15;47,40576;100
100;2;2;47,40576;100
100;2;2;47,73926;100
100;3;15;47,73926;100
100;2;2;47,73926;100
100;2;2;47,73926;100
100;3;15;48,07275;100
100;3;15;48,07275;100
100;3;15;48,07275;100
100;3;15;48,07275;100
100;3;15;48,07275;100
100;2;2;48,07275;100
100;3;15;48,07275;100
100;2;2;48,07275;100
100;2;2;48,07275;100
100;2;2;48,07275;100
100;3;15;48,40625;100
100;3;15;48,40625;100
100;3;15;48,40625;100
100;2;2;48,40625;100
100;3;15;48,40625;100
100;3;15;48,40625;100
100;3;15;48,40625;100
100;2;2;48,73975;100
100;2;2;48,73975;100
100;3;15;48,73975;100
100;2;2;48,73975;100
100;2;2;48,73975;100
100;3;15;48,73975;100
100;2;2;49,07324;100
100;3;15;49,07324;100
100;2;2;49,07324;100
100;3;15;49,07324;100
100;3;15;49,07324;100
100;3;15;49,07324;100
100;3;15;49,07324;100
100;2;2;49,07324;100
100;2;2;49,07324;100
100;2;2;49,40674;100
100;2;2;49,40674;100
100;3;15;49,40674;100
100;3;15;49,40674;100
100;3;15;49,74023;100
100;2;2;49,74023;100
100;2;2;49,74023;100
100;3;15;49,74023;100
100;3;15;49,74023;100
100;2;2;49,74023;100
100;2;2;49,74023;100
100;3;15;49,74023;100
100;2;2;49,74023;100
100;3;15;49,74023;100
100;3;15;50,07373;100
100;3;15;50,07373;100
100;3;15;50,07373;100
100;2;2;50,07373;100
100;2;2;50,07373;100
100;3;15;50,07373;100
100;3;15;50,07373;100
100;3;15;50,40723;100
100;2;2;50,40723;100
100;3;15;50,40723;100
100;3;15;50,40723;100
100;3;15;50,40723;100
100;3;15;50,40723;100
100;3;15;50,40723;100
100;2;2;50,40723;100
100;3;15;50,74072;100
100;3;15;50,74072;100
100;3;15;50,74072;100
100;3;15;50,74072;100
100;2;2;50,74072;100
100;2;2;50,74072;100
100;2;2;50,74072;100
100;3;15;50,74072;100
100;2;2;50,74072;100
100;3;15;51,07422;100
100;3;15;51,07422;100
100;3;15;51,07422;100
100;3;15;51,07422;100
100;2;2;51,07422;100
100;2;2;51,07422;100
100;3;15;51,07422;100
100;3;15;51,07422;100
100;3;15;51,40771;100
100;3;15;51,40771;100
100;3;15;51,40771;100
100;2;2;51,40771;100
100;2;2;51,40771;100
100;2;2;51,40771;100
100;3;15;51,74121;100
100;3;15;51,74121;100
100;2;2;51,74121;100
100;2;2;51,74121;100
100;3;15;51,74121;100
100;2;2;51,74121;100
100;2;2;51,74121;100
100;2;2;52,07471;100
100;2;2;52,07471;100
100;3;15;52,07471;100
100;2;2;52,07471;100
100;2;2;52,07471;100
100;3;15;52,07471;100
100;2;2;52,07471;100
100;3;15;52,07471;100
100;3;15;52,4082;100
100;3;15;52,4082;100
100;2;2;52,4082;100
100;2;2;52,4082;100
100;3;15;52,4082;100
100;3;15;52,4082;100
100;2;2;52,4082;100
100;2;2;52,7417;100
100;3;15;52,7417;100
100;2;2;52,7417;100
100;2;2;52,7417;100
100;3;15;52,7417;100
100;3;15;52,7417;100
100;3;15;52,7417;100
100;2;2;52,7417;100
100;2;2;52,7417;100
100;3;15;53,0752;100
100;3;15;53,0752;100
100;3;15;53,0752;100
100;2;2;53,0752;100
100;2;2;53,0752;100
100;2;2;53,0752;100
100;2;2;53,0752;100
100;2;2;53,0752;100
100;3;15;53,0752;100
100;3;15;53,0752;100
100;2;2;53,0752;100
100;3;15;53,0752;100
100;2;2;53,40869;100
100;3;15;53,40869;100
100;3;15;53,40869;100
100;3;15;53,40869;100
100;2;2;53,40869;100
100;2;2;53,40869;100
100;3;15;53,40869;100
100;3;15;53,40869;100
100;2;2;53,74219;100
100;3;15;53,74219;100
100;2;2;53,74219;100
100;2;2;53,74219;100
100;3;15;53,74219;100
100;2;2;53,74219;100
100;3;15;53,74219;100
100;2;2;53,74219;100
100;3;15;53,74219;100
100;3;15;53,74219;100
100;3;15;54,07568;100
100;3;15;54,07568;100
100;2;2;54,07568;100
100;2;2;54,07568;100
100;3;15;54,07568;100
100;3;15;54,07568;100
100;3;15;54,07568;100
100;2;2;54,07568;100
100;2;2;54,40918;100
100;3;15;54,40918;100
100;2;2;54,40918;100
100;2;2;54,40918;100
100;3;15;54,40918;100
100;3;15;54,40918;100
100;3;15;54,74268;100
100;2;2;54,74268;100
100;3;15;54,74268;100
100;3;15;54,74268;100
100;2;2;54,74268;100
100;2;2;54,74268;100
100;2;2;54,74268;100
100;2;2;54,74268;100
100;3;15;54,74268;100
100;2;2;55,07617;100
100;2;2;55,07617;100
100;3;15;55,07617;100
100;3;15;55,07617;100
100;2;2;55,07617;100
100;2;2;55,07617;100
100;3;15;55,07617;100
100;3;15;55,07617;100
100;3;15;55,07617;100
100;3;15;55,40967;100
100;3;15;55,40967;100
100;2;2;55,40967;100
100;2;2;55,40967;100
100;2;2;55,40967;100
100;2;2;55,40967;100
100;2;2;55,40967;100
100;2;2;55,40967;100
100;2;2;55,74316;100
100;2;2;55,74316;100
100;2;2;55,74316;100
100;3;15;55,74316;100
100;2;2;55,74316;100
100;2;2;55,74316;100
100;2;2;55,74316;100
100;3;15;55,74316;100
100;3;15;55,74316;100
100;3;15;55,74316;100
100;2;2;56,07666;100
100;2;2;56,07666;100
100;2;2;56,07666;100
100;2;2;56,07666;100
100;3;15;56,07666;100
100;3;15;56,07666;100
100;2;2;56,07666;100
100;2;2;56,41016;100
100;3;15;56,41016;100
100;2;2;56,41016;100
100;3;15;56,41016;100
100;2;2;56,41016;100
100;2;2;56,41016;100
100;3;15;56,41016;100
100;2;2;56,41016;100
100;2;2;56,74365;100
100;3;15;56,74365;100
100;3;15;56,74365;100
100;2;2;56,74365;100
100;2;2;56,74365;100
100;3;15;56,74365;100
100;3;15;56,74365;100
100;3;15;56,74365;100
100;3;15;56,74365;100
100;2;2;56,74365;100
100;2;2;57,07715;100
100;2;2;57,07715;100
100;2;2;57,07715;100
100;2;2;57,07715;100
100;3;15;57,07715;100
100;2;2;57,07715;100
100;3;15;57,07715;100
100;3;15;57,07715;100
100;3;15;57,07715;100
100;2;2;57,07715;100
100;3;15;57,41064;100
100;2;2;57,41064;100
100;3;15;57,41064;100
100;3;15;57,41064;100
100;2;2;57,41064;100
100;3;15;57,41064;100
100;3;15;57,41064;100
100;3;15;57,41064;100
100;3;15;57,41064;100
100;2;2;57,74414;100
100;2;2;57,74414;100
100;3;15;57,74414;100
100;3;15;57,74414;100
100;2;2;57,74414;100
100;2;2;57,74414;100
100;3;15;57,74414;100
100;2;2;57,74414;100
100;2;2;57,74414;100
100;2;2;58,07764;100
100;2;2;58,07764;100
100;3;15;58,07764;100
100;3;15;58,07764;100
100;2;2;58,07764;100
100;2;2;58,07764;100
100;3;15;58,07764;100
100;3;15;58,07764;100
100;3;15;58,41113;100
100;2;2;58,41113;100
100;3;15;58,41113;100
100;3;15;58,41113;100
100;2;2;58,41113;100
100;2;2;58,41113;100
100;3;15;58,41113;100
100;3;15;58,74463;100
100;2;2;58,74463;100
100;3;15;58,74463;100
100;2;2;58,74463;100
100;2;2;58,74463;100
100;2;2;58,74463;100
100;3;15;58,74463;100
100;2;2;59,07813;100
100;3;15;59,07813;100
100;3;15;59,07813;100
100;3;15;59,07813;100
100;3;15;59,07813;100
100;3;15;59,07813;100
100;3;15;59,07813;100
100;3;15;59,07813;100
100;2;2;59,07813;100
100;3;15;59,07813;100
100;3;15;59,07813;100
100;2;2;59,41162;100
100;2;2;59,41162;100
100;3;15;59,41162;100
100;3;15;59,41162;100
100;2;2;59,41162;100
100;2;2;59,41162;100
100;3;15;59,41162;100
100;3;15;59,41162;100
100;3;15;59,41162;100
100;2;2;59,41162;100
100;2;2;59,74512;100
100;3;15;59,74512;100
100;2;2;59,74512;100
100;2;2;59,74512;100
100;2;2;59,74512;100
100;2;2;59,74512;100
100;3;15;0,07861328;100
100;3;15;0,07861328;100
100;3;15;0,07861328;100
100;3;15;0,07861328;100
100;3;15;0,07861328;100
100;2;2;0,07861328;100
100;3;15;0,07861328;100
100;3;15;0,4121094;100
100;2;2;0,4121094;100
100;3;15;0,4121094;100
100;2;2;0,4121094;100
100;2;2;0,4121094;100
100;3;15;0,4121094;100
100;2;2;0,4121094;100
100;2;2;0,4121094;100
100;2;2;0,4121094;100
100;2;2;0,4121094;100
100;2;2;0,7456055;100
100;3;15;0,7456055;100
100;2;2;0,7456055;100
100;2;2;0,7456055;100
100;2;2;0,7456055;100
100;2;2;0,7456055;100
100;2;2;0,7456055;100
100;2;2;0,7456055;100
100;2;2;0,7456055;100
100;3;15;1,079102;100
100;3;15;1,079102;100
100;3;15;1,079102;100
100;2;2;1,079102;100
100;3;15;1,079102;100
100;3;15;1,079102;100
100;2;2;1,079102;100
100;3;15;1,412598;100
100;2;2;1,412598;100
100;3;15;1,412598;100
100;3;15;1,412598;100
100;3;15;1,412598;100
100;2;2;1,412598;100
100;3;15;1,412598;100
100;2;2;1,412598;100
100;3;15;1,412598;100
100;2;2;1,746094;100
100;3;15;1,746094;100
100;3;15;1,746094;100
100;2;2;1,746094;100
100;2;2;1,746094;100
100;2;2;2,07959;100
100;3;15;2,07959;100
100;3;15;2,07959;100
100;3;15;2,07959;100
100;2;2;2,07959;100
100;3;15;2,07959;100
100;3;15;2,07959;100
100;3;15;2,07959;100
100;2;2;2,07959;100
100;3;15;2,413086;100
100;3;15;2,413086;100
100;3;15;2,413086;100
100;2;2;2,413086;100
100;3;15;2,413086;100
100;3;15;2,746582;100
100;3;15;2,746582;100
100;3;15;2,746582;100
100;2;2;2,746582;100
100;3;15;2,746582;100
100;2;2;2,746582;100
100;3;15;2,746582;100
100;2;2;2,746582;100
100;3;15;2,746582;100
100;2;2;2,746582;100
100;2;2;2,746582;100
100;2;2;2,746582;100
100;2;2;3,080078;100
100;2;2;3,080078;100
100;3;15;3,080078;100
100;2;2;3,080078;100
100;2;2;3,080078;100
100;3;15;3,080078;100
100;2;2;3,080078;100
100;3;15;3,080078;100
100;3;15;3,080078;100
100;2;2;3,413574;100
100;3;15;3,413574;100
100;3;15;3,413574;100
100;3;15;3,413574;100
100;3;15;3,413574;100
100;3;15;3,413574;100
100;2;2;3,413574;100
100;2;2;3,74707;100
100;2;2;3,74707;100
100;3;15;3,74707;100
100;3;15;3,74707;100
100;2;2;3,74707;100
100;3;15;3,74707;100
100;3;15;4,080566;100
100;3;15;4,080566;100
100;2;2;4,080566;100
100;2;2;4,080566;100
100;3;15;4,080566;100
100;2;2;4,080566;100
100;3;15;4,080566;100
100;3;15;4,414063;100
100;3;15;4,414063;100
100;2;2;4,414063;100
100;3;15;4,414063;100
100;3;15;4,414063;100
100;3;15;4,747559;100
100;3;15;4,747559;100
100;2;2;4,747559;100
100;3;15;4,747559;100
100;3;15;4,747559;100
100;2;2;4,747559;100
100;2;2;4,747559;100
100;3;15;4,747559;100
100;2;2;4,747559;100
100;3;15;5,081055;100
100;3;15;5,081055;100
100;3;15;5,081055;100
100;2;2;5,081055;100
100;2;2;5,081055;100
100;2;2;5,081055;100
100;3;15;5,081055;100
100;2;2;5,081055;100
100;3;15;5,081055;100
100;2;2;5,414551;100
100;3;15;5,414551;100
100;2;2;5,414551;100
100;2;2;5,414551;100
100;3;15;5,414551;100
100;3;15;5,414551;100
100;3;15;5,414551;100
100;3;15;5,414551;100
100;3;15;5,748047;100
100;2;2;5,748047;100
100;2;2;5,748047;100
100;2;2;5,748047;100
100;3;15;6,081543;100
100;2;2;6,081543;100
100;3;15;6,081543;100
100;3;15;6,081543;100
100;2;2;6,081543;100
100;2;2;6,081543;100
100;3;15;6,081543;100
100;3;15;6,081543;100
100;2;2;6,081543;100
100;2;2;6,081543;100
100;2;2;6,081543;100
100;2;2;6,415039;100
100;3;15;6,415039;100
100;3;15;6,748535;100
100;2;2;6,748535;100
100;3;15;6,748535;100
100;3;15;6,748535;100
100;3;15;6,748535;100
100;3;15;6,748535;100
100;3;15;6,748535;100
100;2;2;7,082031;100
100;2;2;7,082031;100
100;3;15;7,082031;100
100;2;2;7,082031;100
100;3;15;7,082031;100
100;2;2;7,082031;100
100;2;2;7,082031;100
100;2;2;7,082031;100
100;2;2;7,082031;100
100;2;2;7,415527;100
100;2;2;7,415527;100
100;3;15;7,415527;100
100;3;15;7,415527;100
100;2;2;7,415527;100
100;2;2;7,415527;100
100;2;2;7,415527;100
100;3;15;7,415527;100
100;3;15;7,415527;100
100;3;15;7,749023;100
100;3;15;7,749023;100
100;2;2;7,749023;100
100;2;2;7,749023;100
100;2;2;7,749023;100
100;2;2;7,749023;100
100;3;15;7,749023;100
100;3;15;7,749023;100
100;2;2;7,749023;100
100;2;2;7,749023;100
100;3;15;8,08252;100
100;2;2;8,08252;100
100;2;2;8,08252;100
100;2;2;8,08252;100
100;3;15;8,08252;100
100;2;2;8,08252;100
100;2;2;8,08252;100
100;3;15;8,08252;100
100;3;15;8,08252;100
100;3;15;8,08252;100
100;3;15;8,08252;100
100;3;15;8,416016;100
100;3;15;8,416016;100
100;2;2;8,416016;100
100;3;15;8,416016;100
100;2;2;8,416016;100
100;3;15;8,416016;100
100;2;2;8,416016;100
100;2;2;8,416016;100
100;2;2;8,416016;100
100;3;15;8,416016;100
100;2;2;8,749512;100
100;2;2;8,749512;100
100;2;2;8,749512;100
100;2;2;8,749512;100
100;3;15;8,749512;100
100;3;15;8,749512;100
100;3;15;8,749512;100
100;2;2;8,749512;100
100;2;2;8,749512;100
100;3;15;8,749512;100
100;3;15;9,083008;100
100;2;2;9,083008;100
100;3;15;9,083008;100
100;2;2;9,083008;100
100;2;2;9,083008;100
100;2;2;9,083008;100
100;2;2;9,083008;100
100;2;2;9,083008;100
100;3;15;9,416504;100
100;3;15;9,416504;100
100;3;15;9,416504;100
100;2;2;9,416504;100
100;3;15;9,416504;100
100;3;15;9,416504;100
100;3;15;9,75;100
100;3;15;9,75;100
100;3;15;9,75;100
100;2;2;9,75;100
100;3;15;9,75;100
100;2;2;9,75;100
100;2;2;9,75;100
100;2;2;9,75;100
100;3;15;10,0835;100
100;2;2;10,0835;100
100;3;15;10,0835;100
100;3;15;10,0835;100
100;3;15;10,0835;100
100;3;15;10,0835;100
100;2;2;10,0835;100
100;3;15;10,0835;100
100;2;2;10,0835;100
100;3;15;10,41699;100
100;2;2;10,41699;100
100;2;2;10,41699;100
100;2;2;10,41699;100
100;2;2;10,41699;100
100;2;2;10,41699;100
100;3;15;10,41699;100
100;3;15;10,41699;100
100;2;2;10,75049;100
100;3;15;10,75049;100
100;2;2;10,75049;100
100;2;2;10,75049;100
100;2;2;10,75049;100
100;2;2;10,75049;100
100;2;2;10,75049;100
100;2;2;10,75049;100
100;2;2;10,75049;100
100;2;2;11,08398;100
100;3;15;11,08398;100
100;3;15;11,08398;100
100;3;15;11,08398;100
100;3;15;11,08398;100
100;3;15;11,08398;100
100;3;15;11,08398;100
100;3;15;11,08398;100
100;3;15;11,41748;100
100;3;15;11,41748;100
100;2;2;11,41748;100
100;2;2;11,41748;100
100;3;15;11,41748;100
100;2;2;11,41748;100
100;3;15;11,41748;100
100;2;2;11,41748;100
100;3;15;11,75098;100
100;2;2;11,75098;100
100;2;2;11,75098;100
100;3;15;11,75098;100
100;3;15;11,75098;100
100;3;15;11,75098;100
100;2;2;11,75098;100
100;2;2;11,75098;100
100;2;2;11,75098;100
100;2;2;11,75098;100
100;3;15;11,75098;100
100;2;2;11,75098;100
100;3;15;12,08447;100
100;2;2;12,08447;100
100;3;15;12,08447;100
100;2;2;12,08447;100
100;3;15;12,08447;100
100;2;2;12,08447;100
100;3;15;12,08447;100
100;2;2;12,08447;100
100;2;2;12,08447;100
100;2;2;12,08447;100
100;2;2;12,41797;100
100;3;15;12,41797;100
100;3;15;12,41797;100
100;3;15;12,41797;100
100;2;2;12,41797;100
100;3;15;12,41797;100
100;3;15;12,41797;100
100;2;2;12,41797;100
100;3;15;12,41797;100
100;2;2;12,75146;100
100;2;2;12,75146;100
100;3;15;12,75146;100
100;2;2;12,75146;100
100;3;15;12,75146;100
100;2;2;12,75146;100
100;3;15;12,75146;100
100;2;2;13,08496;100
100;2;2;13,08496;100
100;3;15;13,08496;100
100;3;15;13,08496;100
100;2;2;13,08496;100
100;3;15;13,08496;100
100;3;15;13,08496;100
100;3;15;13,08496;100
100;2;2;13,41846;100
100;3;15;13,41846;100
100;3;15;13,41846;100
100;3;15;13,41846;100
100;3;15;13,41846;100
100;2;2;13,41846;100
100;2;2;13,41846;100
100;3;15;13,41846;100
100;2;2;13,41846;100
100;3;15;13,41846;100
100;3;15;13,75195;100
100;2;2;13,75195;100
100;2;2;13,75195;100
100;3;15;13,75195;100
100;3;15;13,75195;100
100;3;15;13,75195;100
100;2;2;13,75195;100
100;2;2;14,08545;100
100;2;2;14,08545;100
100;3;15;14,08545;100
100;2;2;14,08545;100
100;3;15;14,08545;100
100;3;15;14,08545;100
100;3;15;14,08545;100
100;3;15;14,08545;100
100;2;2;14,08545;100
100;2;2;14,41895;100
100;2;2;14,41895;100
100;2;2;14,41895;100
100;3;15;14,41895;100
100;2;2;14,41895;100
100;3;15;14,41895;100
100;3;15;14,41895;100
100;2;2;14,41895;100
100;3;15;14,41895;100
100;2;2;14,41895;100
100;2;2;14,41895;100
100;2;2;14,75244;100
100;3;15;14,75244;100
100;2;2;14,75244;100
100;2;2;14,75244;100
100;3;15;14,75244;100
100;3;15;14,75244;100
100;3;15;14,75244;100
100;2;2;14,75244;100
100;3;15;14,75244;100
100;2;2;15,08594;100
100;2;2;15,08594;100
100;3;15;15,08594;100
100;3;15;15,08594;100
100;3;15;15,08594;100
100;2;2;15,08594;100
100;3;15;15,08594;100
100;3;15;15,08594;100
100;2;2;15,08594;100
100;2;2;15,08594;100
100;3;15;15,41943;100
100;3;15;15,41943;100
100;2;2;15,41943;100
100;3;15;15,41943;100
100;3;15;15,41943;100
100;3;15;15,41943;100
100;2;2;15,41943;100
100;2;2;15,41943;100
100;2;2;15,41943;100
100;3;15;15,41943;100
100;3;15;15,41943;100
100;3;15;15,75293;100
100;3;15;15,75293;100
100;3;15;15,75293;100
100;2;2;15,75293;100
100;2;2;15,75293;100
100;3;15;15,75293;100
100;3;15;15,75293;100
100;2;2;15,75293;100
100;3;15;16,08643;100
100;2;2;16,08643;100
100;3;15;16,08643;100
100;2;2;16,08643;100
100;3;15;16,08643;100
100;3;15;16,08643;100
100;3;15;16,08643;100
100;3;15;16,08643;100
100;2;2;16,08643;100
100;2;2;16,41992;100
100;3;15;16,41992;100
100;3;15;16,41992;100
100;2;2;16,41992;100
100;3;15;16,41992;100
100;3;15;16,41992;100
100;2;2;16,41992;100
100;2;2;16,41992;100
100;3;15;16,75342;100
100;2;2;16,75342;100
100;2;2;16,75342;100
100;2;2;16,75342;100
100;3;15;16,75342;100
100;3;15;16,75342;100
100;3;15;16,75342;100
100;2;2;16,75342;100
100;3;15;17,08691;100
100;2;2;17,08691;100
100;3;15;17,08691;100
100;3;15;17,08691;100
100;2;2;17,08691;100
100;2;2;17,08691;100
100;3;15;17,42041;100
100;2;2;17,42041;100
100;2;2;17,42041;100
100;2;2;17,42041;100
100;3;15;17,42041;100
100;3;15;17,42041;100
100;3;15;17,42041;100
100;2;2;17,75391;100
100;2;2;17,75391;100
100;2;2;17,75391;100
100;2;2;17,75391;100
100;3;15;17,75391;100
100;3;15;17,75391;100
100;3;15;17,75391;100
100;3;15;17,75391;100
100;3;15;17,75391;100
100;3;15;18,0874;100
100;3;15;18,0874;100
100;2;2;18,0874;100
100;3;15;18,0874;100
100;2;2;18,0874;100
100;3;15;18,0874;100
100;3;15;18,0874;100
100;2;2;18,0874;100
100;3;15;18,0874;100
100;3;15;18,0874;100
100;3;15;18,4209;100
100;3;15;18,4209;100
100;3;15;18,4209;100
100;2;2;18,4209;100
100;2;2;18,75439;100
100;2;2;18,75439;100
100;3;15;18,75439;100
100;2;2;18,75439;100
100;3;15;18,75439;100
100;2;2;18,75439;100
100;3;15;18,75439;100
100;3;15;18,75439;100
100;2;2;18,75439;100
100;3;15;18,75439;100
100;3;15;18,75439;100
100;3;15;19,08789;100
100;2;2;19,08789;100
100;3;15;19,08789;100
100;2;2;19,08789;100
100;2;2;19,08789;100
100;2;2;19,08789;100
100;2;2;19,08789;100
100;2;2;19,08789;100
100;3;15;19,42139;100
100;3;15;19,42139;100
100;2;2;19,42139;100
100;3;15;19,42139;100
100;3;15;19,42139;100
100;2;2;19,42139;100
100;3;15;19,42139;100
100;2;2;19,75488;100
100;2;2;19,75488;100
100;3;15;19,75488;100
100;2;2;19,75488;100
100;2;2;19,75488;100
100;3;15;19,75488;100
100;2;2;19,75488;100
100;3;15;19,75488;100
100;2;2;19,75488;100
100;3;15;19,75488;100
100;3;15;19,75488;100
100;3;15;20,08838;100
100;2;2;20,08838;100
100;3;15;20,08838;100
100;2;2;20,08838;100
100;3;15;20,08838;100
100;3;15;20,08838;100
100;3;15;20,08838;100
100;3;15;20,08838;100
100;2;2;20,42188;100
100;3;15;20,42188;100
100;3;15;20,42188;100
100;2;2;20,42188;100
100;2;2;20,42188;100
100;3;15;20,42188;100
100;3;15;20,42188;100
100;3;15;20,42188;100
100;2;2;20,42188;100
100;3;15;20,75537;100
100;3;15;20,75537;100
100;2;2;20,75537;100
100;2;2;20,75537;100
100;3;15;20,75537;100
100;3;15;20,75537;100
100;3;15;20,75537;100
100;2;2;20,75537;100
100;2;2;20,75537;100
100;3;15;20,75537;100
100;2;2;20,75537;100
100;3;15;21,08887;100
100;3;15;21,08887;100
100;2;2;21,08887;100
100;3;15;21,08887;100
100;2;2;21,08887;100
100;2;2;21,08887;100
100;2;2;21,08887;100
100;2;2;21,42236;100
100;2;2;21,42236;100
100;3;15;21,42236;100
100;2;2;21,42236;100
100;3;15;21,42236;100
100;3;15;21,42236;100
100;2;2;21,42236;100
100;2;2;21,42236;100
100;3;15;21,75586;100
100;2;2;21,75586;100
100;2;2;21,75586;100
100;2;2;21,75586;100
100;2;2;21,75586;100
100;3;15;21,75586;100
100;3;15;21,75586;100
100;3;15;21,75586;100
100;3;15;21,75586;100
100;3;15;21,75586;100
100;3;15;22,08936;100
100;2;2;22,08936;100
100;3;15;22,08936;100
100;2;2;22,08936;100
100;2;2;22,08936;100
100;2;2;22,08936;100
100;3;15;22,42285;100
100;2;2;22,42285;100
100;3;15;22,42285;100
100;3;15;22,42285;100
100;2;2;22,42285;100
100;3;15;22,42285;100
100;3;15;22,42285;100
100;2;2;22,42285;100
100;2;2;22,42285;100
100;3;15;22,42285;100
100;2;2;22,75635;100
100;2;2;22,75635;100
100;3;15;22,75635;100
100;3;15;22,75635;100
100;2;2;22,75635;100
100;3;15;22,75635;100
100;3;15;22,75635;100
100;2;2;22,75635;100
100;3;15;22,75635;100
100;3;15;22,75635;100
100;3;15;22,75635;100
100;2;2;23,08984;100
100;3;15;23,08984;100
100;2;2;23,08984;100
100;3;15;23,08984;100
100;3;15;23,08984;100
100;3;15;23,42334;100
100;3;15;23,42334;100
100;3;15;23,42334;100
100;3;15;23,42334;100
100;2;2;23,42334;100
100;2;2;23,42334;100
100;3;15;23,42334;100
100;3;15;23,42334;100
100;2;2;23,75684;100
100;2;2;23,75684;100
100;3;15;23,75684;100
100;2;2;23,75684;100
100;2;2;23,75684;100
100;2;2;23,75684;100
100;3;15;23,75684;100
100;3;15;23,75684;100
100;2;2;23,75684;100
100;2;2;23,75684;100
100;2;2;23,75684;100
100;2;2;24,09033;100
100;2;2;24,09033;100
100;2;2;24,09033;100
100;3;15;24,09033;100
100;2;2;24,09033;100
100;2;2;24,09033;100
100;3;15;24,09033;100
100;3;15;24,09033;100
100;3;15;24,42383;100
100;3;15;24,42383;100
100;2;2;24,42383;100
100;3;15;24,42383;100
100;2;2;24,42383;100
100;2;2;24,42383;100
100;2;2;24,42383;100
100;2;2;24,75732;100
100;3;15;24,75732;100
100;2;2;24,75732;100
100;3;15;24,75732;100
100;3;15;24,75732;100
100;2;2;24,75732;100
100;2;2;24,75732;100
100;3;15;24,75732;100
100;2;2;24,75732;100
100;2;2;25,09082;100
100;3;15;25,09082;100
100;3;15;25,09082;100
100;2;2;25,09082;100
100;3;15;25,09082;100
100;2;2;25,09082;100
100;2;2;25,09082;100
100;3;15;25,09082;100
100;3;15;25,42432;100
100;2;2;25,42432;100
100;2;2;25,42432;100
100;3;15;25,42432;100
100;2;2;25,42432;100
100;2;2;25,42432;100
100;3;15;25,42432;100
100;3;15;25,42432;100
100;3;15;25,42432;100
100;3;15;25,42432;100
100;3;15;25,75781;100
100;2;2;25,75781;100
100;2;2;25,75781;100
100;2;2;25,75781;100
100;2;2;25,75781;100
100;2;2;25,75781;100
100;3;15;25,75781;100
100;3;15;26,09131;100
100;2;2;26,09131;100
100;3;15;26,09131;100
100;3;15;26,09131;100
100;2;2;26,09131;100
100;3;15;26,09131;100
100;2;2;26,09131;100
100;2;2;26,09131;100
100;3;15;26,09131;100
100;2;2;26,4248;100
100;2;2;26,4248;100
100;3;15;26,4248;100
100;2;2;26,4248;100
100;3;15;26,4248;100
100;3;15;26,4248;100
100;2;2;26,4248;100
100;2;2;26,4248;100
100;3;15;26,4248;100
100;2;2;26,4248;100
100;3;15;26,7583;100
100;2;2;26,7583;100
100;3;15;26,7583;100
100;3;15;26,7583;100
100;3;15;26,7583;100
100;3;15;26,7583;100
100;3;15;26,7583;100
100;3;15;26,7583;100
100;2;2;26,7583;100
100;2;2;27,0918;100
100;3;15;27,0918;100
100;3;15;27,0918;100
100;3;15;27,0918;100
100;2;2;27,0918;100
100;2;2;27,0918;100
100;3;15;27,0918;100
100;2;2;27,42529;100
100;3;15;27,42529;100
100;2;2;27,42529;100
100;3;15;27,42529;100
100;3;15;27,42529;100
100;2;2;27,42529;100
100;3;15;27,42529;100
100;2;2;27,42529;100
100;3;15;27,42529;100
100;3;15;27,42529;100
100;3;15;27,75879;100
100;2;2;27,75879;100
100;2;2;27,75879;100
100;3;15;27,75879;100
100;2;2;27,75879;100
100;2;2;27,75879;100
100;2;2;27,75879;100
100;2;2;28,09229;100
100;3;15;28,09229;100
100;3;15;28,09229;100
100;2;2;28,09229;100
100;2;2;28,09229;100
100;3;15;28,09229;100
100;2;2;28,09229;100
100;3;15;28,09229;100
100;2;2;28,09229;100
100;2;2;28,42578;100
100;3;15;28,42578;100
100;2;2;28,42578;100
100;3;15;28,42578;100
100;3;15;28,42578;100
100;2;2;28,42578;100
100;3;15;28,75928;100
100;3;15;28,75928;100
100;2;2;28,75928;100
100;2;2;28,75928;100
100;2;2;28,75928;100
100;3;15;28,75928;100
100;2;2;28,75928;100
100;2;2;28,75928;100
100;3;15;29,09277;100
100;3;15;29,09277;100
100;3;15;29,09277;100
100;3;15;29,09277;100
100;3;15;29,09277;100
100;2;2;29,09277;100
100;3;15;29,09277;100
100;2;2;29,09277;100
100;2;2;29,09277;100
100;3;15;29,42627;100
100;3;15;29,42627;100
100;2;2;29,42627;100
100;3;15;29,42627;100
100;3;15;29,42627;100
100;2;2;29,42627;100
100;2;2;29,42627;100
100;3;15;29,75977;100
100;2;2;29,75977;100
100;3;15;29,75977;100
100;2;2;29,75977;100
100;3;15;29,75977;100
100;3;15;29,75977;100
100;2;2;29,75977;100
100;3;15;29,75977;100
100;2;2;29,75977;100
100;2;2;30,09326;100
100;3;15;30,09326;100
100;3;15;30,09326;100
100;3;15;30,09326;100
100;2;2;30,09326;100
100;2;2;30,09326;100
100;3;15;30,09326;100
100;3;15;30,09326;100
100;3;15;30,09326;100
100;2;2;30,09326;100
100;3;15;30,42676;100
100;3;15;30,42676;100
100;3;15;30,42676;100
100;2;2;30,42676;100
100;3;15;30,42676;100
100;3;15;30,42676;100
100;3;15;30,42676;100
100;2;2;30,42676;100
100;2;2;30,42676;100
100;2;2;30,76025;100
100;3;15;30,76025;100
100;2;2;30,76025;100
100;2;2;30,76025;100
100;2;2;30,76025;100
100;2;2;30,76025;100
100;3;15;30,76025;100
100;2;2;30,76025;100
100;3;15;31,09375;100
100;2;2;31,09375;100
100;3;15;31,09375;100
100;2;2;31,09375;100
100;3;15;31,09375;100
100;2;2;31,09375;100
100;2;2;31,09375;100
100;2;2;31,09375;100
100;3;15;31,09375;100
100;3;15;31,42725;100
100;3;15;31,42725;100
100;3;15;31,42725;100
100;2;2;31,42725;100
100;2;2;31,42725;100
100;3;15;31,42725;100
100;2;2;31,42725;100
100;3;15;31,76074;100
100;3;15;31,76074;100
100;2;2;31,76074;100
100;3;15;31,76074;100
100;2;2;31,76074;100
100;3;15;31,76074;100
100;2;2;31,76074;100
100;2;2;32,09424;100
100;2;2;32,09424;100
100;3;15;32,09424;100
100;3;15;32,09424;100
100;3;15;32,09424;100
100;2;2;32,09424;100
100;3;15;32,09424;100
100;3;15;32,09424;100
100;2;2;32,42773;100
100;3;15;32,42773;100
100;3;15;32,42773;100
100;3;15;32,42773;100
100;2;2;32,42773;100
100;3;15;32,42773;100
100;2;2;32,42773;100
100;3;15;32,42773;100
100;3;15;32,42773;100
100;3;15;32,42773;100
100;3;15;32,42773;100
100;2;2;32,42773;100
100;3;15;32,42773;100
100;2;2;32,76123;100
100;3;15;32,76123;100
100;2;2;32,76123;100
100;2;2;32,76123;100
100;2;2;32,76123;100
100;3;15;32,76123;100
100;3;15;32,76123;100
100;2;2;32,76123;100
100;2;2;33,09473;100
100;3;15;33,09473;100
100;3;15;33,09473;100
100;3;15;33,09473;100
100;3;15;33,09473;100
100;3;15;33,09473;100
100;2;2;33,09473;100
100;2;2;33,42822;100
100;2;2;33,42822;100
100;3;15;33,42822;100
100;2;2;33,42822;100
100;3;15;33,42822;100
100;2;2;33,42822;100
100;3;15;33,76172;100
100;3;15;33,76172;100
100;2;2;33,76172;100
100;2;2;33,76172;100
100;2;2;33,76172;100
100;3;15;33,76172;100
100;3;15;33,76172;100
100;2;2;33,76172;100
100;2;2;33,76172;100
100;3;15;33,76172;100
100;2;2;34,09521;100
100;2;2;34,09521;100
100;3;15;34,09521;100
100;2;2;34,09521;100
100;3;15;34,09521;100
100;2;2;34,09521;100
100;3;15;34,09521;100
100;3;15;34,09521;100
100;3;15;34,09521;100
100;2;2;34,09521;100
100;3;15;34,09521;100
100;3;15;34,09521;100
100;3;15;34,09521;100
100;2;2;34,09521;100
100;2;2;34,42871;100
100;3;15;34,42871;100
100;3;15;34,42871;100
100;2;2;34,42871;100
100;3;15;34,42871;100
100;2;2;34,42871;100
100;3;15;34,42871;100
100;3;15;34,76221;100
100;2;2;34,76221;100
100;2;2;34,76221;100
100;2;2;34,76221;100
100;3;15;34,76221;100
100;2;2;34,76221;100
100;2;2;34,76221;100
100;3;15;34,76221;100
100;2;2;34,76221;100
100;3;15;34,76221;100
100;3;15;34,76221;100
100;3;15;35,0957;100
100;3;15;35,0957;100
100;3;15;35,0957;100
100;3;15;35,0957;100
100;3;15;35,0957;100
100;3;15;35,0957;100
100;2;2;35,0957;100
100;2;2;35,0957;100
100;3;15;35,0957;100
100;2;2;35,0957;100
100;3;15;35,0957;100
100;3;15;35,0957;100
100;3;15;35,0957;100
100;3;15;35,4292;100
100;2;2;35,4292;100
100;2;2;35,4292;100
100;2;2;35,4292;100
100;3;15;35,4292;100
100;2;2;35,4292;100
100;2;2;35,4292;100
100;2;2;35,4292;100
100;3;15;35,4292;100
100;2;2;35,7627;100
100;2;2;35,7627;100
100;3;15;35,7627;100
100;3;15;35,7627;100
100;2;2;35,7627;100
100;3;15;35,7627;100
100;2;2;35,7627;100
100;3;15;35,7627;100
100;2;2;35,7627;100
100;3;15;36,09619;100
100;3;15;36,09619;100
100;3;15;36,09619;100
100;2;2;36,09619;100
100;2;2;36,09619;100
100;2;2;36,09619;100
100;3;15;36,09619;100
100;3;15;36,09619;100
100;2;2;36,09619;100
100;2;2;36,42969;100
100;2;2;36,42969;100
100;2;2;36,42969;100
100;2;2;36,42969;100
100;2;2;36,42969;100
100;2;2;36,42969;100
100;3;15;36,42969;100
100;2;2;36,42969;100
100;2;2;36,42969;100
100;3;15;36,76318;100
100;2;2;36,76318;100
100;3;15;36,76318;100
100;3;15;36,76318;100
100;2;2;36,76318;100
100;3;15;36,76318;100
100;2;2;36,76318;100
100;3;15;36,76318;100
100;3;15;36,76318;100
100;3;15;36,76318;100
100;2;2;36,76318;100
100;2;2;37,09668;100
100;2;2;37,09668;100
100;3;15;37,09668;100
100;2;2;37,09668;100
100;2;2;37,09668;100
100;2;2;37,09668;100
100;3;15;37,09668;100
100;3;15;37,09668;100
100;3;15;37,43018;100
100;3;15;37,43018;100
100;2;2;37,43018;100
100;2;2;37,43018;100
100;3;15;37,43018;100
100;2;2;37,43018;100
100;3;15;37,43018;100
100;3;15;37,76367;100
100;2;2;37,76367;100
100;2;2;37,76367;100
100;3;15;37,76367;100
100;2;2;37,76367;100
100;2;2;37,76367;100
100;3;15;37,76367;100
100;3;15;37,76367;100
100;3;15;37,76367;100
100;2;2;38,09717;100
100;3;15;38,09717;100
100;3;15;38,09717;100
100;3;15;38,09717;100
100;3;15;38,09717;100
100;3;15;38,09717;100
100;2;2;38,09717;100
100;3;15;38,09717;100
100;3;15;38,09717;100
100;2;2;38,43066;100
100;2;2;38,43066;100
100;2;2;38,43066;100
100;3;15;38,43066;100
100;3;15;38,43066;100
100;3;15;38,43066;100
100;3;15;38,43066;100
100;2;2;38,43066;100
100;2;2;38,43066;100
100;3;15;38,76416;100
100;2;2;38,76416;100
100;2;2;38,76416;100
100;2;2;38,76416;100
100;3;15;38,76416;100
100;3;15;38,76416;100
100;3;15;38,76416;100
100;3;15;39,09766;100
100;3;15;39,09766;100
100;3;15;39,09766;100
100;2;2;39,09766;100
100;2;2;39,09766;100
100;3;15;39,09766;100
100;2;2;39,09766;100
100;3;15;39,09766;100
100;2;2;39,09766;100
100;3;15;39,43115;100
100;3;15;39,43115;100
100;2;2;39,43115;100
100;2;2;39,43115;100
100;2;2;39,43115;100
100;3;15;39,43115;100
100;3;15;39,43115;100
100;3;15;39,43115;100
100;3;15;39,43115;100
100;3;15;39,76465;100
100;2;2;39,76465;100
100;3;15;39,76465;100
100;3;15;39,76465;100
100;3;15;39,76465;100
100;3;15;39,76465;100
100;3;15;40,09814;100
100;3;15;40,09814;100
100;2;2;40,09814;100
100;2;2;40,09814;100
100;3;15;40,09814;100
100;3;15;40,09814;100
100;3;15;40,09814;100
100;3;15;40,09814;100
100;3;15;40,09814;100
100;2;2;40,09814;100
100;3;15;40,09814;100
100;3;15;40,43164;100
100;2;2;40,43164;100
100;2;2;40,43164;100
100;3;15;40,43164;100
100;2;2;40,43164;100
100;3;15;40,43164;100
100;3;15;40,43164;100
100;3;15;40,43164;100
100;3;15;40,43164;100
100;3;15;40,76514;100
100;2;2;40,76514;100
100;3;15;40,76514;100
100;2;2;40,76514;100
100;2;2;40,76514;100
100;2;2;40,76514;100
100;3;15;40,76514;100
100;2;2;41,09863;100
100;2;2;41,09863;100
100;3;15;41,09863;100
100;3;15;41,09863;100
100;3;15;41,09863;100
100;3;15;41,09863;100
100;2;2;41,09863;100
100;2;2;41,09863;100
100;2;2;41,09863;100
100;3;15;41,09863;100
100;3;15;41,43213;100
100;3;15;41,43213;100
100;2;2;41,43213;100
100;2;2;41,43213;100
100;3;15;41,43213;100
100;3;15;41,43213;100
100;3;15;41,43213;100
100;3;15;41,43213;100
100;3;15;41,43213;100
100;3;15;41,43213;100
100;3;15;41,43213;100
100;2;2;41,43213;100
100;3;15;41,76563;100
100;3;15;41,76563;100
100;3;15;41,76563;100
100;3;15;41,76563;100
100;3;15;41,76563;100
100;3;15;41,76563;100
100;3;15;41,76563;100
100;2;2;41,76563;100
100;2;2;41,76563;100
100;3;15;42,09912;100
100;2;2;42,09912;100
100;3;15;42,09912;100
100;3;15;42,09912;100
100;3;15;42,09912;100
100;3;15;42,09912;100
100;2;2;42,09912;100
100;2;2;42,09912;100
100;3;15;42,09912;100
100;2;2;42,43262;100
100;3;15;42,43262;100
100;2;2;42,43262;100
100;3;15;42,43262;100
100;2;2;42,43262;100
100;2;2;42,43262;100
100;3;15;42,43262;100
100;2;2;42,43262;100
100;3;15;42,43262;100
100;2;2;42,43262;100
100;3;15;42,43262;100
100;2;2;42,76611;100
100;3;15;42,76611;100
100;2;2;42,76611;100
100;3;15;42,76611;100
100;3;15;42,76611;100
100;3;15;42,76611;100
100;2;2;42,76611;100
100;2;2;42,76611;100
100;3;15;43,09961;100
100;3;15;43,09961;100
100;3;15;43,09961;100
100;2;2;43,09961;100
100;2;2;43,09961;100
100;2;2;43,09961;100
100;3;15;43,09961;100
100;2;2;43,43311;100
100;3;15;43,43311;100
100;3;15;43,43311;100
100;3;15;43,43311;100
100;2;2;43,43311;100
100;2;2;43,43311;100
100;2;2;43,7666;100
100;3;15;43,7666;100
100;2;2;43,7666;100
100;3;15;43,7666;100
100;2;2;43,7666;100
100;3;15;43,7666;100
100;2;2;43,7666;100
100;3;15;44,1001;100
100;3;15;44,1001;100
100;2;2;44,1001;100
100;2;2;44,1001;100
100;2;2;44,1001;100
100;2;2;44,1001;100
100;2;2;44,1001;100
100;3;15;44,1001;100
100;2;2;44,1001;100
100;3;15;44,43359;100
100;3;15;44,43359;100
100;3;15;44,43359;100
100;2;2;44,43359;100
100;2;2;44,43359;100
100;3;15;44,43359;100
100;2;2;44,43359;100
100;2;2;44,43359;100
100;3;15;44,43359;100
100;3;15;44,43359;100
100;2;2;44,43359;100
100;3;15;44,76709;100
100;3;15;44,76709;100
100;3;15;44,76709;100
100;2;2;44,76709;100
100;2;2;44,76709;100
100;2;2;44,76709;100
100;3;15;44,76709;100
100;3;15;44,76709;100
100;2;2;44,76709;100
100;2;2;44,76709;100
100;2;2;44,76709;100
100;3;15;45,10059;100
100;2;2;45,10059;100
100;3;15;45,10059;100
100;2;2;45,10059;100
100;2;2;45,10059;100
100;2;2;45,10059;100
100;2;2;45,10059;100
100;2;2;45,43408;100
100;3;15;45,43408;100
100;2;2;45,43408;100
100;3;15;45,43408;100
100;3;15;45,43408;100
100;2;2;45,43408;100
100;2;2;45,43408;100
100;3;15;45,43408;100
100;2;2;45,43408;100
100;2;2;45,43408;100
100;2;2;45,43408;100
100;2;2;45,76758;100
100;3;15;45,76758;100
100;2;2;45,76758;100
100;2;2;45,76758;100
100;2;2;45,76758;100
100;2;2;45,76758;100
100;2;2;45,76758;100
100;2;2;45,76758;100
100;2;2;45,76758;100
100;2;2;46,10107;100
100;2;2;46,10107;100
100;3;15;46,10107;100
100;3;15;46,10107;100
100;2;2;46,10107;100
100;3;15;46,10107;100
100;2;2;46,43457;100
100;2;2;46,43457;100
100;3;15;46,43457;100
100;2;2;46,43457;100
100;2;2;46,43457;100
100;3;15;46,43457;100
100;2;2;46,43457;100
100;3;15;46,43457;100
100;2;2;46,43457;100
100;3;15;46,43457;100
100;2;2;46,43457;100
100;2;2;46,76807;100
100;2;2;46,76807;100
100;3;15;46,76807;100
100;3;15;46,76807;100
100;2;2;46,76807;100
100;2;2;46,76807;100
100;3;15;46,76807;100
100;3;15;46,76807;100
100;3;15;47,10156;100
100;3;15;47,10156;100
100;3;15;47,10156;100
100;2;2;47,10156;100
100;3;15;47,10156;100
100;3;15;47,10156;100
100;3;15;47,10156;100
100;2;2;47,10156;100
100;2;2;47,10156;100
100;3;15;47,10156;100
100;3;15;47,10156;100
100;2;2;47,43506;100
100;3;15;47,43506;100
100;2;2;47,43506;100
100;3;15;47,43506;100
100;3;15;47,43506;100
100;3;15;47,43506;100
100;3;15;47,43506;100
100;3;15;47,43506;100
100;3;15;47,43506;100
100;2;2;47,43506;100
100;2;2;47,76855;100
100;3;15;47,76855;100
100;2;2;47,76855;100
100;3;15;47,76855;100
100;2;2;47,76855;100
100;3;15;47,76855;100
100;2;2;47,76855;100
100;2;2;47,76855;100
100;3;15;48,10205;100
100;3;15;48,10205;100
100;2;2;48,10205;100
100;2;2;48,10205;100
100;3;15;48,10205;100
100;3;15;48,10205;100
100;2;2;48,10205;100
100;3;15;48,10205;100
100;2;2;48,43555;100
100;2;2;48,43555;100
100;3;15;48,43555;100
100;3;15;48,43555;100
100;3;15;48,43555;100
100;3;15;48,43555;100
100;2;2;48,43555;100
100;2;2;48,43555;100
100;3;15;48,76904;100
100;3;15;48,76904;100
100;3;15;48,76904;100
100;3;15;48,76904;100
100;2;2;48,76904;100
100;3;15;48,76904;100
100;3;15;48,76904;100
100;2;2;48,76904;100
100;2;2;48,76904;100
100;2;2;48,76904;100
100;3;15;48,76904;100
100;2;2;48,76904;100
100;2;2;49,10254;100
100;3;15;49,10254;100
100;3;15;49,10254;100
100;2;2;49,10254;100
100;2;2;49,10254;100
100;3;15;49,10254;100
100;3;15;49,10254;100
100;2;2;49,10254;100
100;3;15;49,10254;100
100;3;15;49,10254;100
100;3;15;49,43604;100
100;2;2;49,43604;100
100;3;15;49,43604;100
100;2;2;49,43604;100
100;2;2;49,43604;100
100;3;15;49,43604;100
100;3;15;49,43604;100
100;3;15;49,43604;100
100;3;15;49,43604;100
100;3;15;49,43604;100
100;3;15;49,43604;100
100;2;2;49,43604;100
100;3;15;49,43604;100
100;3;15;49,76953;100
100;2;2;49,76953;100
100;3;15;49,76953;100
100;2;2;49,76953;100
100;2;2;49,76953;100
100;2;2;50,10303;100
100;2;2;50,10303;100
100;2;2;50,10303;100
100;3;15;50,10303;100
100;2;2;50,10303;100
100;3;15;50,10303;100
100;2;2;50,10303;100
100;3;15;50,10303;100
100;2;2;50,43652;100
100;3;15;50,43652;100
100;3;15;50,43652;100
100;3;15;50,43652;100
100;3;15;50,43652;100
100;3;15;50,43652;100
100;2;2;50,43652;100
100;2;2;50,43652;100
100;3;15;50,43652;100
100;2;2;50,77002;100
100;2;2;50,77002;100
100;2;2;50,77002;100
100;2;2;50,77002;100
100;3;15;50,77002;100
100;3;15;50,77002;100
100;2;2;50,77002;100
100;3;15;50,77002;100
100;3;15;51,10352;100
100;3;15;51,10352;100
100;2;2;51,10352;100
100;2;2;51,10352;100
100;3;15;51,10352;100
100;3;15;51,10352;100
100;2;2;51,10352;100
100;2;2;51,10352;100
100;3;15;51,43701;100
100;3;15;51,43701;100
100;2;2;51,43701;100
100;2;2;51,43701;100
100;2;2;51,43701;100
100;2;2;51,43701;100
100;3;15;51,43701;100
100;2;2;51,43701;100
100;3;15;51,43701;100
100;2;2;51,43701;100
100;3;15;51,43701;100
100;2;2;51,77051;100
100;2;2;51,77051;100
100;3;15;51,77051;100
100;2;2;51,77051;100
100;2;2;51,77051;100
100;3;15;51,77051;100
100;3;15;51,77051;100
100;3;15;51,77051;100
100;2;2;51,77051;100
100;3;15;52,104;100
100;3;15;52,104;100
100;2;2;52,104;100
100;3;15;52,104;100
100;3;15;52,104;100
100;3;15;52,104;100
100;3;15;52,4375;100
100;2;2;52,4375;100
100;3;15;52,4375;100
100;2;2;52,4375;100
100;3;15;52,4375;100
100;3;15;52,4375;100
100;2;2;52,4375;100
100;3;15;52,771;100
100;2;2;52,771;100
100;3;15;52,771;100
100;2;2;52,771;100
100;2;2;52,771;100
100;3;15;52,771;100
100;2;2;52,771;100
100;2;2;52,771;100
100;2;2;52,771;100
100;3;15;52,771;100
100;3;15;53,10449;100
100;2;2;53,10449;100
100;2;2;53,10449;100
100;2;2;53,10449;100
100;2;2;53,10449;100
100;3;15;53,10449;100
100;2;2;53,10449;100
100;2;2;53,10449;100
100;2;2;53,10449;100
100;2;2;53,10449;100
100;2;2;53,43799;100
100;3;15;53,43799;100
100;2;2;53,43799;100
100;2;2;53,43799;100
100;2;2;53,43799;100
100;3;15;53,43799;100
100;2;2;53,43799;100
100;3;15;53,77148;100
100;3;15;53,77148;100
100;2;2;53,77148;100
100;2;2;53,77148;100
100;3;15;53,77148;100
100;3;15;53,77148;100
100;3;15;53,77148;100
100;3;15;53,77148;100
100;2;2;53,77148;100
100;3;15;54,10498;100
100;3;15;54,10498;100
100;3;15;54,10498;100
100;3;15;54,10498;100
100;3;15;54,10498;100
100;2;2;54,10498;100
100;2;2;54,10498;100
100;2;2;54,10498;100
100;2;2;54,10498;100
100;2;2;54,43848;100
100;3;15;54,43848;100
100;3;15;54,43848;100
100;3;15;54,43848;100
100;2;2;54,43848;100
100;3;15;54,43848;100
100;2;2;54,43848;100
100;2;2;54,43848;100
100;2;2;54,43848;100
100;3;15;54,77197;100
100;2;2;54,77197;100
100;2;2;54,77197;100
100;2;2;54,77197;100
100;3;15;54,77197;100
100;2;2;54,77197;100
100;2;2;54,77197;100
100;2;2;54,77197;100
100;3;15;54,77197;100
100;2;2;54,77197;100
100;3;15;54,77197;100
100;3;15;54,77197;100
100;3;15;55,10547;100
100;2;2;55,10547;100
100;3;15;55,10547;100
100;2;2;55,10547;100
100;2;2;55,10547;100
100;3;15;55,10547;100
100;2;2;55,43896;100
100;3;15;55,43896;100
100;2;2;55,43896;100
100;2;2;55,43896;100
100;2;2;55,43896;100
100;2;2;55,43896;100
100;3;15;55,77246;100
100;3;15;55,77246;100
100;3;15;55,77246;100
100;2;2;55,77246;100
100;3;15;55,77246;100
100;3;15;55,77246;100
100;2;2;55,77246;100
100;2;2;56,10596;100
100;2;2;56,10596;100
100;2;2;56,10596;100
100;2;2;56,10596;100
100;3;15;56,10596;100
100;2;2;56,10596;100
100;3;15;56,43945;100
100;2;2;56,43945;100
100;3;15;56,43945;100
100;3;15;56,43945;100
100;3;15;56,43945;100
100;3;15;56,43945;100
100;3;15;56,43945;100
100;2;2;56,43945;100
100;2;2;56,43945;100
100;2;2;56,43945;100
100;2;2;56,43945;100
100;3;15;56,77295;100
100;2;2;56,77295;100
100;2;2;56,77295;100
100;3;15;56,77295;100
100;2;2;56,77295;100
100;3;15;56,77295;100
100;2;2;56,77295;100
100;2;2;56,77295;100
100;2;2;56,77295;100
100;3;15;56,77295;100
100;2;2;56,77295;100
100;3;15;56,77295;100
100;3;15;57,10645;100
100;2;2;57,10645;100
100;2;2;57,10645;100
100;2;2;57,10645;100
100;3;15;57,10645;100
100;2;2;57,10645;100
100;2;2;57,10645;100
100;3;15;57,10645;100
100;3;15;57,43994;100
100;2;2;57,43994;100
100;2;2;57,43994;100
100;2;2;57,43994;100
100;3;15;57,43994;100
100;2;2;57,43994;100
100;3;15;57,43994;100
100;2;2;57,43994;100
100;2;2;57,43994;100
100;2;2;57,43994;100
100;2;2;57,43994;100
100;2;2;57,77344;100
100;3;15;57,77344;100
100;2;2;57,77344;100
100;3;15;57,77344;100
100;3;15;57,77344;100
100;3;15;57,77344;100
100;2;2;57,77344;100
100;2;2;58,10693;100
100;2;2;58,10693;100
100;3;15;58,10693;100
100;3;15;58,10693;100
100;3;15;58,10693;100
100;2;2;58,10693;100
100;2;2;58,10693;100
100;3;15;58,10693;100
100;2;2;58,10693;100
100;3;15;58,44043;100
100;2;2;58,44043;100
100;3;15;58,44043;100
100;2;2;58,44043;100
100;2;2;58,44043;100
100;2;2;58,44043;100
100;3;15;58,44043;100
100;3;15;58,44043;100
100;3;15;58,44043;100
100;2;2;58,44043;100
100;2;2;58,77393;100
100;2;2;58,77393;100
100;3;15;58,77393;100
100;2;2;58,77393;100
100;2;2;58,77393;100
100;3;15;58,77393;100
100;3;15;58,77393;100
100;3;15;58,77393;100
100;2;2;58,77393;100
100;3;15;59,10742;100
100;3;15;59,10742;100
100;2;2;59,10742;100
100;3;15;59,10742;100
100;3;15;59,10742;100
100;3;15;59,10742;100
100;3;15;59,10742;100
100;3;15;59,10742;100
100;3;15;59,44092;100
100;3;15;59,44092;100
100;3;15;59,44092;100
100;3;15;59,44092;100
100;2;2;59,77441;100
100;2;2;59,77441;100
100;3;15;59,77441;100
100;2;2;59,77441;100
100;3;15;59,77441;100
100;2;2;59,77441;100
100;3;15;59,77441;100
100;3;15;59,77441;100
100;2;2;0,1079102;100
100;2;2;0,1079102;100
100;3;15;0,1079102;100
100;3;15;0,1079102;100
100;3;15;0,1079102;100
100;3;15;0,1079102;100
100;3;15;0,1079102;100
100;2;2;0,1079102;100
100;2;2;0,4414063;100
100;3;15;0,4414063;100
100;2;2;0,4414063;100
100;3;15;0,4414063;100
100;3;15;0,4414063;100
100;3;15;0,4414063;100
100;3;15;0,4414063;100
100;3;15;0,4414063;100
100;3;15;0,4414063;100
100;2;2;0,7749023;100
100;3;15;0,7749023;100
100;2;2;0,7749023;100
100;3;15;0,7749023;100
100;2;2;0,7749023;100
100;3;15;0,7749023;100
100;3;15;0,7749023;100
100;2;2;0,7749023;100
100;3;15;0,7749023;100
100;2;2;0,7749023;100
100;3;15;0,7749023;100
100;2;2;1,108398;100
100;3;15;1,108398;100
100;3;15;1,108398;100
100;2;2;1,108398;100
100;3;15;1,108398;100
100;2;2;1,108398;100
100;3;15;1,441895;100
100;3;15;1,441895;100
100;2;2;1,441895;100
100;2;2;1,441895;100
100;3;15;1,441895;100
100;2;2;1,441895;100
100;3;15;1,441895;100
100;3;15;1,441895;100
100;2;2;1,441895;100
100;3;15;1,441895;100
100;2;2;1,775391;100
100;2;2;1,775391;100
100;3;15;1,775391;100
100;2;2;1,775391;100
100;3;15;1,775391;100
100;2;2;1,775391;100
100;2;2;1,775391;100
100;3;15;2,108887;100
100;3;15;2,108887;100
100;3;15;2,108887;100
100;2;2;2,108887;100
100;3;15;2,108887;100
100;2;2;2,108887;100
100;2;2;2,108887;100
100;2;2;2,108887;100
100;2;2;2,442383;100
100;3;15;2,442383;100
100;3;15;2,442383;100
100;3;15;2,442383;100
100;3;15;2,442383;100
100;2;2;2,442383;100
100;3;15;2,442383;100
100;2;2;2,442383;100
100;2;2;2,775879;100
100;2;2;2,775879;100
100;3;15;2,775879;100
100;3;15;2,775879;100
100;2;2;2,775879;100
100;2;2;2,775879;100
100;2;2;2,775879;100
100;3;15;2,775879;100
100;2;2;3,109375;100
100;3;15;3,109375;100
100;2;2;3,109375;100
100;2;2;3,109375;100
100;2;2;3,109375;100
100;3;15;3,109375;100
100;2;2;3,109375;100
100;2;2;3,109375;100
100;2;2;3,109375;100
100;3;15;3,109375;100
100;3;15;3,109375;100
100;3;15;3,109375;100
100;2;2;3,442871;100
100;2;2;3,442871;100
100;3;15;3,442871;100
100;3;15;3,442871;100
100;3;15;3,442871;100
100;2;2;3,442871;100
100;2;2;3,442871;100
100;2;2;3,776367;100
100;2;2;3,776367;100
100;2;2;3,776367;100
100;3;15;3,776367;100
100;3;15;3,776367;100
100;2;2;3,776367;100
100;2;2;3,776367;100
100;2;2;3,776367;100
100;3;15;3,776367;100
100;3;15;4,109863;100
100;2;2;4,109863;100
100;2;2;4,109863;100
100;2;2;4,109863;100
100;2;2;4,109863;100
100;2;2;4,109863;100
100;3;15;4,109863;100
100;3;15;4,109863;100
100;2;2;4,109863;100
100;2;2;4,443359;100
100;3;15;4,443359;100
100;3;15;4,443359;100
100;3;15;4,443359;100
100;3;15;4,443359;100
100;3;15;4,443359;100
100;3;15;4,776855;100
100;2;2;4,776855;100
100;2;2;4,776855;100
100;2;2;4,776855;100
100;3;15;4,776855;100
100;2;2;4,776855;100
100;2;2;5,110352;100
100;2;2;5,110352;100
100;3;15;5,110352;100
100;2;2;5,110352;100
100;3;15;5,110352;100
100;2;2;5,110352;100
100;3;15;5,110352;100
100;3;15;5,443848;100
100;2;2;5,443848;100
100;2;2;5,443848;100
100;3;15;5,443848;100
100;2;2;5,443848;100
100;2;2;5,443848;100
100;2;2;5,443848;100
100;3;15;5,443848;100
100;3;15;5,777344;100
100;2;2;5,777344;100
100;2;2;5,777344;100
100;3;15;5,777344;100
100;2;2;5,777344;100
100;3;15;5,777344;100
100;3;15;5,777344;100
100;3;15;5,777344;100
100;2;2;5,777344;100
100;2;2;5,777344;100
100;3;15;5,777344;100
100;3;15;5,777344;100
100;3;15;5,777344;100
100;2;2;6,11084;100
100;3;15;6,11084;100
100;3;15;6,11084;100
100;2;2;6,11084;100
100;3;15;6,11084;100
100;3;15;6,11084;100
100;3;15;6,11084;100
100;3;15;6,11084;100
100;2;2;6,11084;100
100;3;15;6,11084;100
100;3;15;6,444336;100
100;3;15;6,444336;100
100;3;15;6,444336;100
100;3;15;6,444336;100
100;3;15;6,444336;100
100;3;15;6,444336;100
100;3;15;6,777832;100
100;2;2;6,777832;100
100;3;15;6,777832;100
100;2;2;6,777832;100
100;2;2;6,777832;100
100;3;15;6,777832;100
100;2;2;6,777832;100
100;2;2;7,111328;100
100;3;15;7,111328;100
100;2;2;7,111328;100
100;2;2;7,111328;100
100;2;2;7,111328;100
100;2;2;7,111328;100
100;3;15;7,111328;100
100;2;2;7,444824;100
100;3;15;7,444824;100
100;2;2;7,444824;100
100;3;15;7,444824;100
100;2;2;7,444824;100
100;3;15;7,444824;100
100;3;15;7,444824;100
100;2;2;7,77832;100
100;3;15;7,77832;100
100;3;15;7,77832;100
100;2;2;7,77832;100
100;3;15;7,77832;100
100;2;2;7,77832;100
100;3;15;7,77832;100
100;3;15;8,111816;100
100;2;2;8,111816;100
100;3;15;8,111816;100
100;3;15;8,111816;100
100;3;15;8,111816;100
100;3;15;8,111816;100
100;2;2;8,111816;100
100;3;15;8,111816;100
100;2;2;8,111816;100
100;2;2;8,445313;100
100;3;15;8,445313;100
100;2;2;8,445313;100
100;2;2;8,445313;100
100;2;2;8,445313;100
100;2;2;8,445313;100
100;2;2;8,445313;100
100;2;2;8,445313;100
100;3;15;8,445313;100
100;3;15;8,445313;100
100;3;15;8,445313;100
100;3;15;8,445313;100
100;3;15;8,778809;100
100;3;15;8,778809;100
100;2;2;8,778809;100
100;3;15;8,778809;100
100;3;15;8,778809;100
100;2;2;8,778809;100
100;2;2;8,778809;100
100;2;2;8,778809;100
100;3;15;8,778809;100
100;2;2;8,778809;100
100;2;2;9,112305;100
100;2;2;9,112305;100
100;3;15;9,112305;100
100;3;15;9,112305;100
100;2;2;9,112305;100
100;2;2;9,112305;100
100;2;2;9,112305;100
100;3;15;9,112305;100
100;2;2;9,112305;100
100;3;15;9,112305;100
100;3;15;9,112305;100
100;2;2;9,112305;100
100;2;2;9,445801;100
100;2;2;9,445801;100
100;2;2;9,445801;100
100;3;15;9,445801;100
100;3;15;9,445801;100
100;2;2;9,445801;100
100;2;2;9,445801;100
100;2;2;9,779297;100
100;2;2;9,779297;100
100;2;2;9,779297;100
100;2;2;9,779297;100
100;2;2;9,779297;100
100;3;15;9,779297;100
100;2;2;9,779297;100
100;2;2;9,779297;100
100;3;15;9,779297;100
100;2;2;10,11279;100
100;3;15;10,11279;100
100;2;2;10,11279;100
100;3;15;10,11279;100
100;3;15;10,11279;100
100;2;2;10,11279;100
100;2;2;10,11279;100
100;3;15;10,11279;100
100;3;15;10,11279;100
100;2;2;10,11279;100
100;3;15;10,11279;100
100;3;15;10,11279;100
100;3;15;10,44629;100
100;3;15;10,44629;100
100;3;15;10,44629;100
100;2;2;10,44629;100
100;3;15;10,44629;100
100;2;2;10,44629;100
100;2;2;10,44629;100
100;3;15;10,44629;100
100;2;2;10,44629;100
100;3;15;10,44629;100
100;2;2;10,44629;100
100;2;2;10,77979;100
100;2;2;10,77979;100
100;2;2;10,77979;100
100;2;2;10,77979;100
100;3;15;10,77979;100
100;2;2;10,77979;100
100;3;15;10,77979;100
100;2;2;10,77979;100
100;3;15;10,77979;100
100;3;15;11,11328;100
100;3;15;11,11328;100
100;2;2;11,11328;100
100;2;2;11,11328;100
100;2;2;11,11328;100
100;3;15;11,11328;100
100;3;15;11,11328;100
100;2;2;11,11328;100
100;3;15;11,11328;100
100;2;2;11,11328;100
100;3;15;11,11328;100
100;2;2;11,44678;100
100;3;15;11,44678;100
100;2;2;11,44678;100
100;3;15;11,44678;100
100;3;15;11,44678;100
100;3;15;11,44678;100
100;2;2;11,44678;100
100;2;2;11,78027;100
100;3;15;11,78027;100
100;2;2;11,78027;100
100;3;15;11,78027;100
100;3;15;11,78027;100
100;3;15;11,78027;100
100;2;2;12,11377;100
100;3;15;12,11377;100
100;2;2;12,11377;100
100;3;15;12,11377;100
100;3;15;12,11377;100
100;3;15;12,11377;100
100;3;15;12,11377;100
100;2;2;12,11377;100
100;3;15;12,44727;100
100;2;2;12,44727;100
100;2;2;12,44727;100
100;3;15;12,44727;100
100;2;2;12,44727;100
100;2;2;12,44727;100
100;3;15;12,78076;100
100;3;15;12,78076;100
100;2;2;12,78076;100
100;3;15;12,78076;100
100;2;2;12,78076;100
100;3;15;12,78076;100
100;3;15;12,78076;100
100;2;2;13,11426;100
100;3;15;13,11426;100
100;2;2;13,11426;100
100;2;2;13,11426;100
100;2;2;13,11426;100
100;2;2;13,11426;100
100;3;15;13,11426;100
100;3;15;13,11426;100
100;3;15;13,11426;100
100;3;15;13,44775;100
100;2;2;13,44775;100
100;2;2;13,44775;100
100;2;2;13,44775;100
100;2;2;13,44775;100
100;3;15;13,78125;100
100;3;15;13,78125;100
100;2;2;13,78125;100
100;2;2;13,78125;100
100;3;15;13,78125;100
100;2;2;14,11475;100
100;3;15;14,11475;100
100;3;15;14,11475;100
100;3;15;14,11475;100
100;3;15;14,11475;100
100;3;15;14,11475;100
100;2;2;14,11475;100
100;3;15;14,11475;100
100;2;2;14,11475;100
100;2;2;14,11475;100
100;3;15;14,11475;100
100;2;2;14,44824;100
100;3;15;14,44824;100
100;2;2;14,44824;100
100;2;2;14,44824;100
100;3;15;14,44824;100
100;3;15;14,44824;100
100;2;2;14,44824;100
100;2;2;14,44824;100
100;3;15;14,78174;100
100;2;2;14,78174;100
100;3;15;14,78174;100
100;2;2;14,78174;100
100;3;15;14,78174;100
100;2;2;14,78174;100
100;2;2;14,78174;100
100;2;2;14,78174;100
100;3;15;14,78174;100
100;3;15;14,78174;100
100;3;15;14,78174;100
100;3;15;14,78174;100
100;2;2;15,11523;100
100;3;15;15,11523;100
100;3;15;15,11523;100
100;3;15;15,11523;100
100;2;2;15,11523;100
100;2;2;15,11523;100
100;3;15;15,11523;100
100;3;15;15,44873;100
100;2;2;15,44873;100
100;3;15;15,44873;100
100;2;2;15,44873;100
100;3;15;15,44873;100
100;3;15;15,44873;100
100;3;15;15,44873;100
100;3;15;15,44873;100
100;3;15;15,78223;100
100;3;15;15,78223;100
100;2;2;15,78223;100
100;2;2;15,78223;100
100;2;2;15,78223;100
100;2;2;15,78223;100
100;2;2;15,78223;100
100;2;2;15,78223;100
100;3;15;15,78223;100
100;3;15;15,78223;100
100;3;15;15,78223;100
100;3;15;16,11572;100
100;2;2;16,11572;100
100;3;15;16,11572;100
100;2;2;16,11572;100
100;2;2;16,11572;100
100;3;15;16,11572;100
100;2;2;16,11572;100
100;3;15;16,11572;100
100;2;2;16,11572;100
100;2;2;16,11572;100
100;2;2;16,44922;100
100;2;2;16,44922;100
100;2;2;16,44922;100
100;3;15;16,44922;100
100;3;15;16,44922;100
100;3;15;16,78271;100
100;2;2;16,78271;100
100;3;15;16,78271;100
100;3;15;16,78271;100
100;3;15;16,78271;100
100;3;15;16,78271;100
100;3;15;17,11621;100
100;3;15;17,11621;100
100;3;15;17,11621;100
100;3;15;17,11621;100
100;2;2;17,11621;100
100;2;2;17,11621;100
100;3;15;17,11621;100
100;3;15;17,11621;100
100;2;2;17,11621;100
100;2;2;17,11621;100
100;2;2;17,11621;100
100;2;2;17,11621;100
100;3;15;17,44971;100
100;3;15;17,44971;100
100;3;15;17,44971;100
100;2;2;17,44971;100
100;2;2;17,44971;100
100;2;2;17,44971;100
100;2;2;17,44971;100
100;2;2;17,7832;100
100;3;15;17,7832;100
100;2;2;17,7832;100
100;3;15;17,7832;100
100;2;2;17,7832;100
100;2;2;17,7832;100
100;3;15;18,1167;100
100;2;2;18,1167;100
100;3;15;18,1167;100
100;3;15;18,1167;100
100;2;2;18,1167;100
100;3;15;18,1167;100
100;2;2;18,1167;100
100;2;2;18,4502;100
100;3;15;18,4502;100
100;2;2;18,4502;100
100;3;15;18,4502;100
100;2;2;18,4502;100
100;2;2;18,4502;100
100;2;2;18,4502;100
100;3;15;18,4502;100
100;3;15;18,4502;100
100;2;2;18,78369;100
100;2;2;18,78369;100
100;3;15;18,78369;100
100;3;15;18,78369;100
100;3;15;18,78369;100
100;3;15;18,78369;100
100;3;15;18,78369;100
100;3;15;18,78369;100
100;2;2;18,78369;100
100;2;2;18,78369;100
100;2;2;18,78369;100
100;2;2;19,11719;100
100;2;2;19,11719;100
100;3;15;19,11719;100
100;2;2;19,11719;100
100;2;2;19,11719;100
100;2;2;19,11719;100
100;3;15;19,11719;100
100;3;15;19,11719;100
100;2;2;19,11719;100
100;2;2;19,45068;100
100;3;15;19,45068;100
100;2;2;19,45068;100
100;3;15;19,45068;100
100;3;15;19,45068;100
100;2;2;19,45068;100
100;2;2;19,45068;100
100;2;2;19,78418;100
100;2;2;19,78418;100
100;2;2;19,78418;100
100;2;2;19,78418;100
100;3;15;19,78418;100
100;2;2;19,78418;100
100;2;2;19,78418;100
100;2;2;20,11768;100
100;3;15;20,11768;100
100;2;2;20,11768;100
100;3;15;20,11768;100
100;3;15;20,11768;100
100;2;2;20,11768;100
100;3;15;20,11768;100
100;3;15;20,11768;100
100;2;2;20,11768;100
100;2;2;20,11768;100
100;2;2;20,45117;100
100;3;15;20,45117;100
100;2;2;20,45117;100
100;3;15;20,45117;100
100;3;15;20,45117;100
100;3;15;20,45117;100
100;3;15;20,78467;100
100;2;2;20,78467;100
100;3;15;20,78467;100
100;2;2;20,78467;100
100;2;2;20,78467;100
100;3;15;20,78467;100
100;2;2;20,78467;100
100;3;15;20,78467;100
100;3;15;21,11816;100
100;2;2;21,11816;100
100;3;15;21,11816;100
100;2;2;21,11816;100
100;3;15;21,11816;100
100;3;15;21,11816;100
100;2;2;21,11816;100
100;2;2;21,45166;100
100;3;15;21,45166;100
100;3;15;21,45166;100
100;2;2;21,45166;100
100;2;2;21,45166;100
100;3;15;21,45166;100
100;2;2;21,78516;100
100;2;2;21,78516;100
100;2;2;21,78516;100
100;3;15;21,78516;100
100;2;2;21,78516;100
100;2;2;21,78516;100
100;3;15;21,78516;100
100;3;15;21,78516;100
100;3;15;22,11865;100
100;3;15;22,11865;100
100;2;2;22,11865;100
100;2;2;22,11865;100
100;2;2;22,11865;100
100;3;15;22,11865;100
100;2;2;22,11865;100
100;3;15;22,11865;100
100;3;15;22,45215;100
100;3;15;22,45215;100
100;3;15;22,45215;100
100;3;15;22,45215;100
100;2;2;22,45215;100
100;2;2;22,45215;100
100;2;2;22,45215;100
100;3;15;22,45215;100
100;2;2;22,45215;100
100;2;2;22,45215;100
100;2;2;22,78564;100
100;2;2;22,78564;100
100;2;2;22,78564;100
100;2;2;22,78564;100
100;2;2;22,78564;100
100;2;2;23,11914;100
100;3;15;23,11914;100
100;2;2;23,11914;100
100;2;2;23,11914;100
100;3;15;23,11914;100
100;2;2;23,11914;100
100;3;15;23,11914;100
100;3;15;23,11914;100
100;2;2;23,11914;100
100;2;2;23,45264;100
100;3;15;23,45264;100
100;3;15;23,45264;100
100;2;2;23,45264;100
100;2;2;23,45264;100
100;2;2;23,45264;100
100;3;15;23,45264;100
100;3;15;23,78613;100
100;3;15;23,78613;100
100;3;15;23,78613;100
100;2;2;23,78613;100
100;2;2;23,78613;100
100;3;15;23,78613;100
100;3;15;23,78613;100
100;2;2;23,78613;100
100;2;2;23,78613;100
100;2;2;24,11963;100
100;2;2;24,11963;100
100;2;2;24,11963;100
100;2;2;24,11963;100
100;2;2;24,11963;100
100;3;15;24,11963;100
100;2;2;24,11963;100
100;2;2;24,11963;100
100;3;15;24,11963;100
100;3;15;24,45313;100
100;2;2;24,45313;100
100;2;2;24,45313;100
100;3;15;24,45313;100
100;2;2;24,45313;100
100;3;15;24,45313;100
100;3;15;24,45313;100
100;3;15;24,78662;100
100;3;15;24,78662;100
100;2;2;24,78662;100
100;3;15;24,78662;100
100;3;15;24,78662;100
100;3;15;24,78662;100
100;2;2;24,78662;100
100;2;2;24,78662;100
100;3;15;24,78662;100
100;2;2;24,78662;100
100;3;15;25,12012;100
100;3;15;25,12012;100
100;3;15;25,12012;100
100;3;15;25,12012;100
100;2;2;25,12012;100
100;3;15;25,12012;100
100;2;2;25,12012;100
100;3;15;25,12012;100
100;3;15;25,45361;100
100;2;2;25,45361;100
100;2;2;25,45361;100
100;3;15;25,45361;100
100;2;2;25,45361;100
100;2;2;25,45361;100
100;3;15;25,45361;100
100;2;2;25,45361;100
100;3;15;25,45361;100
100;3;15;25,78711;100
100;2;2;25,78711;100
100;3;15;25,78711;100
100;3;15;25,78711;100
100;3;15;25,78711;100
100;3;15;25,78711;100
100;3;15;25,78711;100
100;3;15;25,78711;100
100;2;2;26,12061;100
100;2;2;26,12061;100
100;3;15;26,12061;100
100;3;15;26,12061;100
100;3;15;26,12061;100
100;3;15;26,12061;100
100;3;15;26,4541;100
100;3;15;26,4541;100
100;3;15;26,4541;100
100;3;15;26,4541;100
100;2;2;26,4541;100
100;2;2;26,7876;100
100;2;2;26,7876;100
100;3;15;26,7876;100
100;2;2;26,7876;100
100;2;2;26,7876;100
100;3;15;26,7876;100
100;3;15;26,7876;100
100;3;15;26,7876;100
100;3;15;26,7876;100
100;3;15;27,12109;100
100;2;2;27,12109;100
100;2;2;27,12109;100
100;2;2;27,12109;100
100;3;15;27,12109;100
100;2;2;27,12109;100
100;3;15;27,12109;100
100;3;15;27,12109;100
100;2;2;27,12109;100
100;2;2;27,12109;100
100;2;2;27,45459;100
100;3;15;27,45459;100
100;3;15;27,45459;100
100;2;2;27,45459;100
100;3;15;27,45459;100
100;3;15;27,45459;100
100;3;15;27,45459;100
100;3;15;27,45459;100
100;2;2;27,45459;100
100;2;2;27,78809;100
100;3;15;27,78809;100
100;3;15;27,78809;100
100;3;15;27,78809;100
100;2;2;27,78809;100
100;2;2;27,78809;100
100;2;2;27,78809;100
100;3;15;27,78809;100
100;3;15;28,12158;100
100;3;15;28,12158;100
100;2;2;28,12158;100
100;3;15;28,12158;100
100;3;15;28,12158;100
100;3;15;28,12158;100
100;2;2;28,12158;100
100;3;15;28,12158;100
100;3;15;28,45508;100
100;2;2;28,45508;100
100;3;15;28,45508;100
100;2;2;28,45508;100
100;2;2;28,45508;100
100;2;2;28,45508;100
100;2;2;28,45508;100
100;3;15;28,45508;100
100;3;15;28,45508;100
100;2;2;28,78857;100
100;2;2;28,78857;100
100;3;15;28,78857;100
100;3;15;28,78857;100
100;3;15;28,78857;100
100;3;15;28,78857;100
100;3;15;28,78857;100
100;3;15;28,78857;100
100;2;2;28,78857;100
100;3;15;28,78857;100
100;2;2;29,12207;100
100;3;15;29,12207;100
100;3;15;29,12207;100
100;3;15;29,12207;100
100;2;2;29,12207;100
100;2;2;29,12207;100
100;2;2;29,12207;100
100;3;15;29,12207;100
100;3;15;29,12207;100
100;2;2;29,45557;100
100;3;15;29,45557;100
100;2;2;29,45557;100
100;3;15;29,45557;100
100;3;15;29,45557;100
100;3;15;29,45557;100
100;2;2;29,45557;100
100;2;2;29,45557;100
100;2;2;29,78906;100
100;3;15;29,78906;100
100;3;15;29,78906;100
100;3;15;29,78906;100
100;3;15;29,78906;100
100;3;15;29,78906;100
100;2;2;29,78906;100
100;3;15;30,12256;100
100;3;15;30,12256;100
100;3;15;30,12256;100
100;2;2;30,12256;100
100;3;15;30,12256;100
100;3;15;30,12256;100
100;3;15;30,12256;100
100;2;2;30,12256;100
100;2;2;30,12256;100
100;2;2;30,12256;100
100;2;2;30,12256;100
100;3;15;30,45605;100
100;2;2;30,45605;100
100;2;2;30,45605;100
100;2;2;30,45605;100
100;3;15;30,45605;100
100;2;2;30,45605;100
100;2;2;30,45605;100
100;3;15;30,78955;100
100;3;15;30,78955;100
100;3;15;30,78955;100
100;2;2;30,78955;100
100;2;2;30,78955;100
100;2;2;30,78955;100
100;3;15;30,78955;100
100;3;15;31,12305;100
100;2;2;31,12305;100
100;3;15;31,12305;100
100;3;15;31,12305;100
100;2;2;31,12305;100
100;2;2;31,12305;100
100;3;15;31,12305;100
100;2;2;31,12305;100
100;3;15;31,12305;100
100;2;2;31,12305;100
100;2;2;31,45654;100
100;2;2;31,45654;100
100;3;15;31,45654;100
100;2;2;31,79004;100
100;2;2;31,79004;100
100;2;2;31,79004;100
100;2;2;31,79004;100
100;3;15;31,79004;100
100;2;2;32,12354;100
100;3;15;32,12354;100
100;3;15;32,12354;100
100;2;2;32,12354;100
100;2;2;32,12354;100
100;3;15;32,12354;100
100;2;2;32,12354;100
100;3;15;32,12354;100
100;3;15;32,12354;100
100;3;15;32,12354;100
100;2;2;32,12354;100
100;2;2;32,12354;100
100;2;2;32,45703;100
100;3;15;32,45703;100
100;3;15;32,45703;100
100;2;2;32,45703;100
100;2;2;32,45703;100
100;2;2;32,45703;100
100;3;15;32,45703;100
100;2;2;32,45703;100
100;3;15;32,45703;100
100;3;15;32,45703;100
100;3;15;32,45703;100
100;3;15;32,45703;100
100;2;2;32,79053;100
100;2;2;32,79053;100
100;3;15;32,79053;100
100;2;2;32,79053;100
100;2;2;32,79053;100
100;2;2;32,79053;100
100;3;15;33,12402;100
100;2;2;33,12402;100
100;2;2;33,12402;100
100;2;2;33,12402;100
100;2;2;33,12402;100
100;2;2;33,12402;100
100;3;15;33,12402;100
100;3;15;33,12402;100
100;3;15;33,12402;100
100;3;15;33,12402;100
100;3;15;33,45752;100
100;2;2;33,45752;100
100;3;15;33,45752;100
100;2;2;33,45752;100
100;2;2;33,45752;100
100;3;15;33,45752;100
100;2;2;33,79102;100
100;3;15;33,79102;100
100;3;15;33,79102;100
100;2;2;33,79102;100
100;3;15;33,79102;100
100;2;2;33,79102;100
100;2;2;33,79102;100
100;3;15;33,79102;100
100;3;15;33,79102;100
100;3;15;34,12451;100
100;2;2;34,12451;100
100;3;15;34,12451;100
100;3;15;34,12451;100
100;3;15;34,12451;100
100;3;15;34,12451;100
100;2;2;34,12451;100
100;3;15;34,12451;100
100;3;15;34,12451;100
100;3;15;34,12451;100
100;3;15;34,45801;100
100;3;15;34,45801;100
100;3;15;34,45801;100
100;3;15;34,45801;100
100;2;2;34,45801;100
100;3;15;34,45801;100
100;2;2;34,7915;100
100;2;2;34,7915;100
100;2;2;34,7915;100
100;3;15;34,7915;100
100;3;15;34,7915;100
100;3;15;34,7915;100
100;2;2;35,125;100
100;2;2;35,125;100
100;3;15;35,125;100
100;3;15;35,125;100
100;3;15;35,125;100
100;2;2;35,125;100
100;2;2;35,125;100
100;3;15;35,125;100
100;3;15;35,125;100
100;2;2;35,125;100
100;2;2;35,125;100
100;2;2;35,125;100
100;3;15;35,4585;100
100;2;2;35,4585;100
100;2;2;35,4585;100
100;2;2;35,4585;100
100;2;2;35,4585;100
100;2;2;35,4585;100
100;3;15;35,4585;100
100;2;2;35,79199;100
100;3;15;35,79199;100
100;2;2;35,79199;100
100;3;15;35,79199;100
100;3;15;35,79199;100
100;3;15;35,79199;100
100;3;15;35,79199;100
100;2;2;36,12549;100
100;2;2;36,12549;100
100;3;15;36,12549;100
100;2;2;36,12549;100
100;3;15;36,12549;100
100;3;15;36,12549;100
100;3;15;36,12549;100
100;3;15;36,12549;100
100;3;15;36,12549;100
100;3;15;36,12549;100
100;3;15;36,12549;100
100;2;2;36,45898;100
100;2;2;36,45898;100
100;3;15;36,45898;100
100;2;2;36,45898;100
100;2;2;36,45898;100
100;3;15;36,45898;100
100;3;15;36,45898;100
100;2;2;36,45898;100
100;3;15;36,45898;100
100;3;15;36,79248;100
100;2;2;36,79248;100
100;2;2;36,79248;100
100;3;15;36,79248;100
100;3;15;36,79248;100
100;2;2;36,79248;100
100;3;15;36,79248;100
100;2;2;36,79248;100
100;3;15;36,79248;100
100;3;15;37,12598;100
100;3;15;37,12598;100
100;3;15;37,12598;100
100;3;15;37,12598;100
100;2;2;37,12598;100
100;3;15;37,12598;100
100;2;2;37,45947;100
100;2;2;37,45947;100
100;3;15;37,45947;100
100;3;15;37,45947;100
100;3;15;37,45947;100
100;3;15;37,45947;100
100;3;15;37,45947;100
100;3;15;37,45947;100
100;3;15;37,45947;100
100;3;15;37,45947;100
100;3;15;37,79297;100
100;2;2;37,79297;100
100;3;15;37,79297;100
100;2;2;37,79297;100
100;3;15;37,79297;100
100;3;15;37,79297;100
100;2;2;37,79297;100
100;3;15;38,12646;100
100;2;2;38,12646;100
100;3;15;38,12646;100
100;2;2;38,12646;100
100;3;15;38,12646;100
100;3;15;38,12646;100
100;2;2;38,12646;100
100;2;2;38,12646;100
100;3;15;38,45996;100
100;3;15;38,45996;100
100;2;2;38,45996;100
100;2;2;38,45996;100
100;3;15;38,45996;100
100;3;15;38,45996;100
100;2;2;38,45996;100
100;3;15;38,79346;100
100;3;15;38,79346;100
100;3;15;38,79346;100
100;3;15;38,79346;100
100;3;15;38,79346;100
100;3;15;38,79346;100
100;2;2;38,79346;100
100;2;2;38,79346;100
100;3;15;39,12695;100
100;3;15;39,12695;100
100;3;15;39,12695;100
100;3;15;39,12695;100
100;2;2;39,12695;100
100;3;15;39,12695;100
100;2;2;39,12695;100
100;2;2;39,12695;100
100;3;15;39,46045;100
100;2;2;39,46045;100
100;3;15;39,46045;100
100;3;15;39,46045;100
100;3;15;39,46045;100
100;3;15;39,46045;100
100;3;15;39,46045;100
100;2;2;39,79395;100
100;3;15;39,79395;100
100;3;15;39,79395;100
100;2;2;39,79395;100
100;2;2;39,79395;100
100;3;15;39,79395;100
100;3;15;39,79395;100
100;3;15;39,79395;100
100;2;2;40,12744;100
100;2;2;40,12744;100
100;2;2;40,12744;100
100;2;2;40,12744;100
100;2;2;40,12744;100
100;2;2;40,12744;100
100;3;15;40,12744;100
100;2;2;40,12744;100
100;2;2;40,12744;100
100;2;2;40,12744;100
100;3;15;40,12744;100
100;2;2;40,12744;100
100;3;15;40,46094;100
100;3;15;40,46094;100
100;3;15;40,46094;100
100;3;15;40,46094;100
100;2;2;40,46094;100
100;3;15;40,46094;100
100;3;15;40,46094;100
100;2;2;40,46094;100
100;2;2;40,46094;100
100;3;15;40,79443;100
100;2;2;40,79443;100
100;3;15;40,79443;100
100;3;15;40,79443;100
100;3;15;40,79443;100
100;3;15;40,79443;100
100;3;15;40,79443;100
100;3;15;40,79443;100
100;2;2;41,12793;100
100;2;2;41,12793;100
100;3;15;41,12793;100
100;2;2;41,12793;100
100;2;2;41,12793;100
100;3;15;41,12793;100
100;2;2;41,12793;100
100;3;15;41,12793;100
100;3;15;41,46143;100
100;2;2;41,46143;100
100;2;2;41,46143;100
100;3;15;41,46143;100
100;2;2;41,46143;100
100;2;2;41,46143;100
100;2;2;41,79492;100
100;3;15;41,79492;100
100;3;15;41,79492;100
100;2;2;41,79492;100
100;2;2;41,79492;100
100;2;2;41,79492;100
100;2;2;41,79492;100
100;2;2;41,79492;100
100;2;2;41,79492;100
100;2;2;41,79492;100
100;2;2;42,12842;100
100;3;15;42,12842;100
100;2;2;42,12842;100
100;3;15;42,12842;100
100;3;15;42,12842;100
100;2;2;42,12842;100
100;2;2;42,12842;100
100;3;15;42,12842;100
100;3;15;42,46191;100
100;3;15;42,46191;100
100;2;2;42,46191;100
100;2;2;42,79541;100
100;3;15;42,79541;100
100;3;15;42,79541;100
100;3;15;42,79541;100
100;2;2;42,79541;100
100;3;15;42,79541;100
100;2;2;42,79541;100
100;3;15;42,79541;100
100;2;2;43,12891;100
100;3;15;43,12891;100
100;2;2;43,12891;100
100;2;2;43,12891;100
100;2;2;43,12891;100
100;3;15;43,12891;100
100;2;2;43,12891;100
100;2;2;43,12891;100
100;3;15;43,4624;100
100;2;2;43,4624;100
100;3;15;43,4624;100
100;3;15;43,4624;100
100;3;15;43,4624;100
100;2;2;43,4624;100
100;2;2;43,4624;100
100;2;2;43,4624;100
100;3;15;43,4624;100
100;3;15;43,7959;100
100;2;2;43,7959;100
100;2;2;43,7959;100
100;2;2;43,7959;100
100;2;2;43,7959;100
100;3;15;43,7959;100
100;2;2;43,7959;100
100;2;2;43,7959;100
100;3;15;44,12939;100
100;2;2;44,12939;100
100;3;15;44,12939;100
100;3;15;44,12939;100
100;2;2;44,12939;100
100;2;2;44,12939;100
100;3;15;44,12939;100
100;2;2;44,12939;100
100;3;15;44,12939;100
100;3;15;44,12939;100
100;3;15;44,46289;100
100;3;15;44,46289;100
100;3;15;44,46289;100
100;3;15;44,46289;100
100;2;2;44,46289;100
100;2;2;44,46289;100
100;2;2;44,46289;100
100;2;2;44,46289;100
100;3;15;44,46289;100
100;3;15;44,46289;100
100;3;15;44,79639;100
100;3;15;44,79639;100
100;3;15;44,79639;100
100;3;15;44,79639;100
100;3;15;44,79639;100
100;2;2;44,79639;100
100;2;2;44,79639;100
100;2;2;44,79639;100
100;3;15;44,79639;100
100;3;15;45,12988;100
100;3;15;45,12988;100
100;3;15;45,12988;100
100;2;2;45,12988;100
100;3;15;45,12988;100
100;3;15;45,12988;100
100;2;2;45,12988;100
100;2;2;45,12988;100
100;3;15;45,12988;100
100;3;15;45,12988;100
100;2;2;45,46338;100
100;2;2;45,46338;100
100;2;2;45,46338;100
100;2;2;45,46338;100
100;3;15;45,46338;100
100;2;2;45,46338;100
100;3;15;45,46338;100
100;3;15;45,79688;100
100;2;2;45,79688;100
100;3;15;45,79688;85
100;2;2;45,79688;85
100;3;15;45,79688;70
100;3;15;45,79688;55
100;2;2;45,79688;55
100;3;15;45,79688;40
100;2;2;45,79688;40
100;3;15;45,79688;25
100;2;2;46,13037;25
100;3;15;46,13037;10
92;2;2;46,13037;8
84;3;15;46,13037;-7
Player