92;2;2;33,9707;100
92;2;2;33,9707;100
92;3;15;33,9707;100
92;3;15;33,9707;100
92;2;2;34,30371;100
92;3;15;34,30371;100
92;3;15;34,30371;100
92;2;2;34,30371;100
92;3;15;34,30371;100
92;3;15;34,30371;100
92;2;2;34,30371;100
92;2;2;34,30371;100
92;3;15;34,30371;100
92;3;15;34,63672;100
92;3;15;34,63672;100
92;2;2;34,63672;100
92;3;15;34,63672;100
92;3;15;34,63672;100
92;2;2;34,63672;100
92;3;15;34,63672;100
92;3;15;34,63672;100
92;2;2;34,96973;100
92;3;15;34,96973;100
92;2;2;34,96973;100
92;2;2;34,96973;100
92;2;2;35,30273;100
92;3;15;35,30273;100
92;3;15;35,30273;100
92;2;2;35,30273;100
92;3;15;35,30273;100
92;3;15;35,30273;100
92;2;2;35,30273;100
92;2;2;35,30273;100
92;3;15;35,30273;100
92;2;2;35,63574;100
92;2;2;35,63574;100
92;3;15;35,63574;100
92;2;2;35,63574;100
92;2;2;35,63574;100
92;2;2;35,63574;100
92;2;2;35,63574;100
92;2;2;35,96875;100
92;3;15;35,96875;100
92;3;15;35,96875;100
92;2;2;35,96875;100
92;3;15;35,96875;100
92;3;15;35,96875;100
92;3;15;35,96875;100
92;2;2;35,96875;100
92;3;15;36,30176;100
92;3;15;36,30176;100
92;3;15;36,30176;100
92;2;2;36,30176;100
92;2;2;36,30176;100
92;2;2;36,63477;100
92;2;2;36,63477;100
92;2;2;36,63477;100
92;3;15;36,63477;100
92;2;2;36,63477;100
92;3;15;36,63477;100
92;2;2;36,96777;100
92;2;2;36,96777;100
92;3;15;36,96777;100
92;3;15;36,96777;100
92;2;2;36,96777;100
92;2;2;36,96777;100
92;2;2;36,96777;100
92;3;15;36,96777;100
92;3;15;36,96777;100
92;2;2;37,30078;100
92;3;15;37,30078;100
92;3;15;37,30078;100
92;2;2;37,30078;100
92;2;2;37,30078;100
92;2;2;37,30078;100
92;2;2;37,30078;100
92;2;2;37,30078;100
92;2;2;37,30078;100
92;3;15;37,30078;100
92;3;15;37,63379;100
92;3;15;37,63379;100
92;2;2;37,63379;100
92;2;2;37,63379;100
92;2;2;37,63379;100
92;2;2;37,63379;100
92;3;15;37,63379;100
92;2;2;37,9668;100
92;2;2;37,9668;100
92;3;15;37,9668;100
92;3;15;37,9668;100
92;3;15;37,9668;100
92;2;2;37,9668;100
92;3;15;37,9668;100
92;3;15;38,2998;100
92;2;2;38,2998;100
92;3;15;38,2998;100
92;2;2;38,2998;100
92;2;2;38,2998;100
92;2;2;38,2998;100
92;3;15;38,2998;100
92;2;2;38,2998;100
92;3;15;38,2998;100
92;2;2;38,63281;100
92;3;15;38,63281;100
92;2;2;38,63281;100
92;2;2;38,63281;100
92;2;2;38,63281;100
92;2;2;38,63281;100
92;2;2;38,96582;100
92;3;15;38,96582;100
92;3;15;38,96582;100
92;2;2;38,96582;100
92;3;15;38,96582;100
92;3;15;38,96582;100
92;2;2;38,96582;100
92;3;15;38,96582;100
92;2;2;38,96582;100
92;3;15;38,96582;100
92;2;2;38,96582;100
92;3;15;38,96582;100
92;3;15;39,29883;100
92;3;15;39,29883;100
92;3;15;39,29883;100
92;2;2;39,29883;100
92;3;15;39,29883;100
92;2;2;39,29883;100
92;2;2;39,29883;100
92;2;2;39,29883;100
92;2;2;39,63184;100
92;3;15;39,63184;100
92;3;15;39,63184;100
92;2;2;39,63184;100
92;3;15;39,63184;100
92;3;15;39,63184;100
92;3;15;39,63184;100
92;3;15;39,63184;100
92;2;2;39,63184;100
92;2;2;39,96484;100
92;3;15;39,96484;100
92;2;2;39,96484;100
92;2;2;39,96484;100
92;2;2;39,96484;100
92;3;15;39,96484;100
92;3;15;39,96484;100
92;2;2;39,96484;100
92;3;15;39,96484;100
92;2;2;40,29785;100
92;3;15;40,29785;100
92;2;2;40,29785;100
92;3;15;40,29785;100
92;3;15;40,29785;100
92;2;2;40,29785;100
92;2;2;40,63086;100
92;2;2;40,63086;100
92;3;15;40,63086;100
92;2;2;40,63086;100
92;3;15;40,63086;100
92;3;15;40,63086;100
92;2;2;40,63086;100
92;3;15;40,63086;100
92;3;15;40,63086;100
92;3;15;40,96387;100
92;3;15;40,96387;100
92;3;15;40,96387;100
92;3;15;40,96387;100
92;2;2;40,96387;100
92;2;2;40,96387;100
92;2;2;40,96387;100
92;3;15;41,29688;100
92;2;2;41,29688;100
92;3;15;41,29688;100
92;3;15;41,29688;100
92;3;15;41,29688;100
92;3;15;41,29688;100
92;3;15;41,29688;100
92;3;15;41,29688;100
92;2;2;41,29688;100
92;3;15;41,29688;100
92;2;2;41,62988;100
92;3;15;41,62988;100
92;2;2;41,62988;100
92;2;2;41,62988;100
92;3;15;41,62988;100
92;2;2;41,62988;100
92;3;15;41,62988;100
92;2;2;41,62988;100
92;3;15;41,62988;100
92;3;15;41,62988;100
92;3;15;41,96289;100
92;3;15;41,96289;100
92;3;15;41,96289;100
92;3;15;41,96289;100
92;2;2;41,96289;100
92;2;2;41,96289;100
92;2;2;41,96289;100
92;2;2;42,2959;100
92;2;2;42,2959;100
92;2;2;42,2959;100
92;2;2;42,2959;100
92;3;15;42,2959;100
92;2;2;42,2959;100
92;2;2;42,2959;100
92;3;15;42,2959;100
92;2;2;42,62891;100
92;2;2;42,62891;100
92;2;2;42,62891;100
92;2;2;42,62891;100
92;2;2;42,96191;100
92;3;15;42,96191;100
92;3;15;42,96191;100
92;3;15;42,96191;100
92;3;15;42,96191;100
92;3;15;42,96191;100
92;3;15;42,96191;100
92;2;2;42,96191;100
92;3;15;43,29492;100
92;2;2;43,29492;100
92;2;2;43,29492;100
92;3;15;43,29492;100
92;2;2;43,29492;100
92;2;2;43,29492;100
92;3;15;43,29492;100
92;2;2;43,62793;100
92;3;15;43,62793;100
92;3;15;43,62793;100
92;3;15;43,62793;100
92;3;15;43,62793;100
92;3;15;43,62793;100
92;3;15;43,62793;100
92;2;2;43,62793;100
92;3;15;43,96094;100
92;3;15;43,96094;100
92;3;15;43,96094;100
92;3;15;43,96094;100
92;2;2;44,29395;100
92;3;15;44,29395;100
92;2;2;44,29395;100
92;3;15;44,29395;100
92;2;2;44,29395;100
92;2;2;44,29395;100
92;2;2;44,29395;100
92;2;2;44,29395;100
92;2;2;44,29395;100
92;2;2;44,62695;100
92;3;15;44,62695;100
92;2;2;44,62695;100
92;3;15;44,62695;100
92;3;15;44,62695;100
92;2;2;44,95996;100
92;3;15;44,95996;100
92;3;15;44,95996;100
92;3;15;44,95996;100
92;2;2;44,95996;100
92;3;15;44,95996;100
92;2;2;44,95996;100
92;2;2;44,95996;100
92;2;2;44,95996;100
92;3;15;44,95996;100
92;2;2;44,95996;100
92;2;2;44,95996;100
92;3;15;45,29297;100
92;3;15;45,29297;100
92;2;2;45,29297;100
92;3;15;45,29297;100
92;2;2;45,29297;100
92;2;2;45,29297;100
92;2;2;45,29297;100
92;3;15;45,62598;100
92;2;2;45,62598;100
92;3;15;45,62598;100
92;2;2;45,62598;100
92;2;2;45,62598;100
92;2;2;45,62598;100
92;3;15;45,95898;100
92;3;15;45,95898;100
92;3;15;45,95898;100
92;2;2;45,95898;100
92;2;2;45,95898;100
92;3;15;46,29199;100
92;3;15;46,29199;100
92;3;15;46,29199;100
92;3;15;46,29199;100
92;2;2;46,29199;100
92;3;15;46,29199;100
92;2;2;46,625;100
92;2;2;46,625;100
92;3;15;46,625;100
92;3;15;46,625;100
92;2;2;46,625;100
92;3;15;46,625;100
92;3;15;46,625;100
92;3;15;46,95801;100
92;3;15;46,95801;100
92;3;15;46,95801;100
92;2;2;46,95801;100
92;3;15;46,95801;100
92;2;2;47,29102;100
92;3;15;47,29102;100
92;2;2;47,29102;100
92;2;2;47,29102;100
92;2;2;47,29102;100
92;2;2;47,29102;100
92;3;15;47,29102;100
92;2;2;47,29102;100
92;2;2;47,29102;100
92;3;15;47,29102;100
92;2;2;47,62402;100
92;2;2;47,95703;100
92;3;15;47,95703;100
92;3;15;47,95703;100
92;2;2;47,95703;100
92;2;2;48,29004;100
92;2;2;48,29004;100
92;3;15;48,29004;100
92;2;2;48,29004;100
92;3;15;48,29004;100
92;2;2;48,29004;100
92;2;2;48,29004;100
92;3;15;48,62305;100
92;2;2;48,62305;100
92;2;2;48,62305;100
92;2;2;48,62305;100
92;2;2;48,62305;100
92;2;2;48,62305;100
92;3;15;48,62305;100
92;3;15;48,62305;100
92;3;15;48,62305;100
92;3;15;48,62305;100
92;2;2;48,95605;100
92;2;2;48,95605;100
92;2;2;48,95605;100
92;2;2;48,95605;100
92;2;2;48,95605;100
92;2;2;48,95605;100
92;2;2;49,28906;100
92;2;2;49,28906;100
92;3;15;49,28906;100
92;3;15;49,28906;100
92;2;2;49,28906;100
92;3;15;49,28906;100
92;3;15;49,28906;100
92;3;15;49,28906;100
92;3;15;49,62207;100
92;2;2;49,62207;100
92;3;15;49,62207;100
92;2;2;49,62207;100
92;2;2;49,62207;100
92;3;15;49,62207;100
92;2;2;49,62207;100
92;2;2;49,62207;100
92;2;2;49,95508;100
92;3;15;49,95508;100
92;2;2;49,95508;100
92;3;15;49,95508;100
92;3;15;49,95508;100
92;2;2;49,95508;100
92;3;15;49,95508;100
92;3;15;49,95508;100
92;2;2;49,95508;100
92;2;2;49,95508;100
92;3;15;50,28809;100
92;3;15;50,28809;100
92;2;2;50,28809;100
92;3;15;50,28809;100
92;2;2;50,28809;100
92;3;15;50,62109;100
92;3;15;50,62109;100
92;3;15;50,62109;100
92;2;2;50,62109;100
92;3;15;50,62109;100
92;2;2;50,62109;100
92;2;2;50,62109;100
92;3;15;50,62109;100
92;3;15;50,62109;100
92;3;15;50,62109;100
92;3;15;50,62109;100
92;3;15;50,62109;100
92;2;2;50,9541;100
92;2;2;50,9541;100
92;2;2;50,9541;100
92;3;15;50,9541;100
92;3;15;50,9541;100
92;2;2;50,9541;100
92;3;15;50,9541;100
92;3;15;51,28711;100
92;3;15;51,28711;100
92;3;15;51,28711;100
92;2;2;51,28711;100
92;3;15;51,28711;100
92;3;15;51,28711;100
92;2;2;51,28711;100
92;2;2;51,28711;100
92;2;2;51,28711;100
92;3;15;51,62012;100
92;3;15;51,62012;100
92;2;2;51,62012;100
92;3;15;51,62012;100
92;3;15;51,62012;100
92;3;15;51,62012;100
92;3;15;51,62012;100
92;3;15;51,62012;100
92;2;2;51,62012;100
92;3;15;51,95313;100
92;3;15;51,95313;100
92;3;15;51,95313;100
92;2;2;51,95313;100
92;2;2;51,95313;100
92;3;15;51,95313;100
92;2;2;51,95313;100
92;2;2;51,95313;100
92;3;15;51,95313;100
92;3;15;51,95313;100
92;2;2;51,95313;100
92;2;2;52,28613;100
92;2;2;52,28613;100
92;2;2;52,28613;100
92;2;2;52,28613;100
92;3;15;52,28613;100
92;2;2;52,28613;100
92;2;2;52,28613;100
92;3;15;52,28613;100
92;2;2;52,28613;100
92;3;15;52,61914;100
92;2;2;52,61914;100
92;2;2;52,61914;100
92;2;2;52,61914;100
92;2;2;52,61914;100
92;3;15;52,61914;100
92;3;15;52,61914;100
92;2;2;52,95215;100
92;3;15;52,95215;100
92;2;2;52,95215;100
92;2;2;52,95215;100
92;2;2;52,95215;100
92;3;15;52,95215;100
92;3;15;52,95215;100
92;3;15;52,95215;100
92;2;2;53,28516;100
92;3;15;53,28516;100
92;2;2;53,28516;100
92;3;15;53,28516;100
92;2;2;53,28516;100
92;3;15;53,28516;100
92;2;2;53,28516;100
92;3;15;53,61816;100
92;3;15;53,61816;100
92;3;15;53,61816;100
92;3;15;53,61816;100
92;2;2;53,61816;100
92;3;15;53,61816;100
92;3;15;53,61816;100
92;2;2;53,61816;100
92;3;15;53,61816;100
92;3;15;53,61816;100
92;2;2;53,61816;100
92;3;15;53,95117;100
92;3;15;53,95117;100
92;2;2;53,95117;100
92;2;2;53,95117;100
92;3;15;53,95117;100
92;2;2;53,95117;100
92;3;15;53,95117;100
92;3;15;53,95117;100
92;3;15;53,95117;100
92;3;15;54,28418;100
92;2;2;54,28418;100
92;3;15;54,28418;100
92;3;15;54,28418;100
92;2;2;54,28418;100
92;3;15;54,28418;100
92;3;15;54,28418;100
92;2;2;54,28418;100
92;2;2;54,28418;100
92;3;15;54,28418;100
92;3;15;54,28418;100
92;2;2;54,61719;100
92;3;15;54,61719;100
92;2;2;54,61719;100
92;2;2;54,61719;100
92;2;2;54,61719;100
92;3;15;54,61719;100
92;3;15;54,61719;100
92;2;2;54,61719;100
92;2;2;54,61719;100
92;2;2;54,61719;100
92;2;2;54,9502;100
92;2;2;54,9502;100
92;3;15;54,9502;100
92;2;2;54,9502;100
92;3;15;54,9502;100
92;2;2;54,9502;100
92;2;2;54,9502;100
92;3;15;54,9502;100
92;3;15;55,2832;100
92;3;15;55,2832;100
92;2;2;55,2832;100
92;2;2;55,2832;100
92;2;2;55,2832;100
92;2;2;55,2832;100
92;2;2;55,2832;100
92;3;15;55,2832;100
92;3;15;55,2832;100
92;3;15;55,2832;100
92;2;2;55,61621;100
92;3;15;55,61621;100
92;3;15;55,61621;100
92;3;15;55,61621;100
92;3;15;55,61621;100
92;3;15;55,61621;100
92;3;15;55,61621;100
92;2;2;55,61621;100
92;2;2;55,61621;100
92;3;15;55,61621;100
92;3;15;55,61621;100
92;2;2;55,94922;100
92;3;15;55,94922;100
92;2;2;55,94922;100
92;3;15;55,94922;100
92;3;15;55,94922;100
92;2;2;55,94922;100
92;2;2;55,94922;100
92;3;15;55,94922;100
92;3;15;55,94922;100
92;2;2;55,94922;100
92;3;15;56,28223;100
92;3;15;56,28223;100
92;2;2;56,28223;100
92;3;15;56,28223;100
92;3;15;56,28223;100
92;3;15;56,28223;100
92;2;2;56,28223;100
92;3;15;56,28223;100
92;3;15;56,28223;100
92;2;2;56,61523;100
92;3;15;56,61523;100
92;2;2;56,61523;100
92;3;15;56,61523;100
92;2;2;56,61523;100
92;3;15;56,61523;100
92;2;2;56,61523;100
92;2;2;56,61523;100
92;2;2;56,61523;100
92;3;15;56,61523;100
92;2;2;56,61523;100
92;3;15;56,61523;100
92;3;15;56,94824;100
92;3;15;56,94824;100
92;3;15;56,94824;100
92;3;15;56,94824;100
92;2;2;56,94824;100
92;3;15;56,94824;100
92;2;2;56,94824;100
92;3;15;56,94824;100
92;2;2;56,94824;100
92;3;15;57,28125;100
92;2;2;57,28125;100
92;3;15;57,28125;100
92;2;2;57,28125;100
92;3;15;57,28125;100
92;2;2;57,28125;100
92;2;2;57,28125;100
92;2;2;57,28125;100
92;3;15;57,28125;100
92;2;2;57,28125;100
92;3;15;57,61426;100
92;3;15;57,61426;100
92;3;15;57,61426;100
92;2;2;57,61426;100
92;2;2;57,61426;100
92;3;15;57,61426;100
92;3;15;57,61426;100
92;2;2;57,61426;100
92;2;2;57,61426;100
92;2;2;57,61426;100
92;2;2;57,61426;100
92;2;2;57,94727;100
92;2;2;57,94727;100
92;2;2;57,94727;100
92;3;15;57,94727;100
92;3;15;57,94727;100
92;3;15;57,94727;100
92;3;15;57,94727;100
92;2;2;57,94727;100
92;2;2;57,94727;100
92;2;2;57,94727;100
92;2;2;57,94727;100
92;3;15;58,28027;100
92;2;2;58,28027;100
92;3;15;58,28027;100
92;2;2;58,28027;100
92;3;15;58,28027;100
92;3;15;58,28027;100
92;2;2;58,28027;100
92;2;2;58,28027;100
92;2;2;58,61328;100
92;2;2;58,61328;100
92;3;15;58,61328;100
92;2;2;58,61328;100
92;2;2;58,61328;100
92;2;2;58,61328;100
92;3;15;58,61328;100
92;2;2;58,61328;100
92;2;2;58,61328;100
92;3;15;58,94629;100
92;2;2;58,94629;100
92;3;15;58,94629;100
92;2;2;58,94629;100
92;3;15;58,94629;100
92;3;15;58,94629;100
92;2;2;58,94629;100
92;3;15;58,94629;100
92;2;2;58,94629;100
92;2;2;58,94629;100
92;3;15;59,2793;100
92;3;15;59,2793;100
92;2;2;59,2793;100
92;2;2;59,2793;100
92;2;2;59,2793;100
92;2;2;59,2793;100
92;3;15;59,2793;100
92;2;2;59,2793;100
92;2;2;59,2793;100
92;2;2;59,2793;100
92;2;2;59,2793;100
92;3;15;59,6123;100
92;3;15;59,6123;100
92;2;2;59,6123;100
92;3;15;59,6123;100
92;3;15;59,6123;100
92;3;15;59,6123;100
92;3;15;59,6123;100
92;3;15;59,94531;100
92;2;2;59,94531;100
92;2;2;59,94531;100
92;3;15;59,94531;100
92;2;2;59,94531;100
92;2;2;59,94531;100
92;3;15;59,94531;100
92;2;2;0,2783203;100
92;3;15;0,2783203;100
92;2;2;0,2783203;100
92;2;2;0,2783203;100
92;2;2;0,2783203;100
92;2;2;0,2783203;100
92;2;2;0,2783203;100
92;3;15;0,2783203;100
92;3;15;0,6113281;100
92;3;15;0,6113281;100
92;3;15;0,6113281;100
92;3;15;0,6113281;100
92;2;2;0,6113281;100
92;2;2;0,6113281;100
92;2;2;0,6113281;100
92;2;2;0,9443359;100
92;2;2;0,9443359;100
92;3;15;0,9443359;100
92;3;15;0,9443359;100
92;3;15;0,9443359;100
92;3;15;0,9443359;100
92;3;15;0,9443359;100
92;3;15;0,9443359;100
92;3;15;1,277344;100
92;2;2;1,277344;100
92;2;2;1,277344;100
92;3;15;1,277344;100
92;3;15;1,277344;100
92;2;2;1,277344;100
92;2;2;1,277344;100
92;2;2;1,610352;100
92;2;2;1,610352;100
92;3;15;1,610352;100
92;3;15;1,610352;100
92;3;15;1,610352;100
92;2;2;1,610352;100
92;2;2;1,610352;100
92;2;2;1,610352;100
92;3;15;1,610352;100
92;3;15;1,610352;100
92;2;2;1,943359;100
92;3;15;1,943359;100
92;3;15;1,943359;100
92;3;15;1,943359;100
92;3;15;1,943359;100
92;3;15;1,943359;100
92;3;15;1,943359;100
92;2;2;1,943359;100
92;2;2;1,943359;100
92;2;2;2,276367;100
92;2;2;2,276367;100
92;2;2;2,276367;100
92;2;2;2,276367;100
92;3;15;2,276367;100
92;2;2;2,276367;100
92;2;2;2,276367;100
92;3;15;2,609375;100
92;2;2;2,609375;100
92;3;15;2,609375;100
92;2;2;2,609375;100
92;3;15;2,609375;100
92;2;2;2,609375;100
92;2;2;2,609375;100
92;3;15;2,609375;100
92;2;2;2,609375;100
92;3;15;2,609375;100
92;2;2;2,609375;100
92;2;2;2,942383;100
92;3;15;2,942383;100
92;3;15;2,942383;100
92;2;2;2,942383;100
92;2;2;2,942383;100
92;2;2;2,942383;100
92;3;15;2,942383;100
92;2;2;2,942383;100
92;3;15;3,275391;100
92;2;2;3,275391;100
92;3;15;3,275391;100
92;3;15;3,275391;100
92;2;2;3,275391;100
92;3;15;3,275391;100
92;3;15;3,275391;100
92;3;15;3,275391;100
92;3;15;3,275391;100
92;2;2;3,275391;100
92;2;2;3,608398;100
92;2;2;3,608398;100
92;3;15;3,608398;100
92;2;2;3,608398;100
92;2;2;3,608398;100
92;2;2;3,608398;100
92;2;2;3,608398;100
92;3;15;3,608398;100
92;3;15;3,608398;100
92;3;15;3,608398;100
92;2;2;3,941406;100
92;3;15;3,941406;100
92;3;15;3,941406;100
92;3;15;3,941406;100
92;2;2;3,941406;100
100;3;15;3,941406;100
100;3;15;3,941406;100
100;3;15;3,941406;100
100;3;15;4,274414;100
100;2;2;4,274414;100
100;3;15;4,274414;100
100;3;15;4,274414;100
100;3;15;4,274414;100
100;3;15;4,274414;100
100;3;15;4,274414;100
100;3;15;4,607422;100
100;3;15;4,607422;100
100;3;15;4,607422;100
100;2;2;4,607422;100
100;2;2;4,607422;100
100;3;15;4,607422;100
100;3;15;4,607422;100
100;2;2;4,607422;100
100;3;15;4,607422;100
100;2;2;4,607422;100
100;2;2;4,607422;100
100;3;15;4,607422;100
100;2;2;4,94043;100
100;3;15;4,94043;100
100;3;15;4,94043;100
100;2;2;4,94043;100
100;2;2;4,94043;100
100;2;2;4,94043;100
100;2;2;5,273438;100
100;3;15;5,273438;100
100;2;2;5,273438;100
100;3;15;5,273438;100
100;3;15;5,273438;100
100;2;2;5,273438;100
100;2;2;5,273438;100
100;3;15;5,273438;100
100;3;15;5,273438;100
100;3;15;5,606445;100
100;2;2;5,606445;100
100;2;2;5,606445;100
100;2;2;5,606445;100
100;2;2;5,606445;100
100;3;15;5,606445;100
100;3;15;5,606445;100
100;2;2;5,939453;100
100;2;2;5,939453;100
100;3;15;5,939453;100
100;2;2;5,939453;100
100;2;2;5,939453;100
100;3;15;5,939453;100
100;2;2;6,272461;100
100;2;2;6,272461;100
100;3;15;6,272461;100
100;2;2;6,272461;100
100;3;15;6,272461;100
100;3;15;6,272461;100
100;2;2;6,272461;100
100;2;2;6,272461;100
100;2;2;6,272461;100
100;2;2;6,605469;100
100;3;15;6,605469;100
100;3;15;6,605469;100
100;3;15;6,605469;100
100;2;2;6,605469;100
100;3;15;6,605469;100
100;2;2;6,938477;100
100;3;15;6,938477;100
100;3;15;6,938477;100
100;2;2;6,938477;100
100;2;2;6,938477;100
100;2;2;6,938477;100
100;2;2;7,271484;100
100;2;2;7,271484;100
100;3;15;7,271484;100
100;3;15;7,271484;100
100;3;15;7,271484;100
100;2;2;7,271484;100
100;3;15;7,271484;100
100;3;15;7,271484;100
100;2;2;7,271484;100
100;2;2;7,271484;100
100;3;15;7,604492;100
100;2;2;7,604492;100
100;2;2;7,604492;100
100;2;2;7,604492;100
100;3;15;7,9375;100
100;2;2;7,9375;100
100;3;15;7,9375;100
100;2;2;7,9375;100
100;3;15;7,9375;100
100;2;2;7,9375;100
100;2;2;7,9375;100
100;3;15;7,9375;100
100;2;2;7,9375;100
100;2;2;7,9375;100
100;2;2;7,9375;100
100;3;15;7,9375;100
100;3;15;7,9375;100
100;3;15;8,270508;100
100;3;15;8,270508;100
100;3;15;8,270508;100
100;3;15;8,270508;100
100;3;15;8,270508;100
100;2;2;8,270508;100
100;2;2;8,270508;100
100;3;15;8,270508;100
100;2;2;8,270508;100
100;2;2;8,270508;100
100;2;2;8,270508;100
100;2;2;8,603516;100
100;3;15;8,603516;100
100;2;2;8,603516;100
100;3;15;8,603516;100
100;2;2;8,603516;100
100;2;2;8,603516;100
100;3;15;8,603516;100
100;2;2;8,603516;100
100;2;2;8,603516;100
100;3;15;8,603516;100
100;3;15;8,936523;100
100;3;15;8,936523;100
100;2;2;8,936523;100
100;2;2;8,936523;100
100;2;2;8,936523;100
100;2;2;8,936523;100
100;3;15;8,936523;100
100;3;15;8,936523;100
100;2;2;8,936523;100
100;2;2;8,936523;100
100;2;2;9,269531;100
100;2;2;9,269531;100
100;3;15;9,269531;100
100;3;15;9,269531;100
100;2;2;9,269531;100
100;2;2;9,269531;100
100;2;2;9,269531;100
100;2;2;9,269531;100
100;2;2;9,269531;100
100;3;15;9,269531;100
100;2;2;9,602539;100
100;3;15;9,602539;100
100;2;2;9,602539;100
100;3;15;9,602539;100
100;2;2;9,602539;100
100;2;2;9,602539;100
100;2;2;9,602539;100
100;2;2;9,935547;100
100;2;2;9,935547;100
100;2;2;9,935547;100
100;3;15;9,935547;100
100;2;2;9,935547;100
100;2;2;9,935547;100
100;2;2;9,935547;100
100;2;2;9,935547;100
100;3;15;9,935547;100
100;2;2;10,26855;100
100;2;2;10,26855;100
100;2;2;10,26855;100
100;2;2;10,26855;100
100;2;2;10,26855;100
100;3;15;10,26855;100
100;2;2;10,26855;100
100;3;15;10,60156;100
100;2;2;10,60156;100
100;2;2;10,60156;100
100;3;15;10,60156;100
100;2;2;10,60156;100
100;2;2;10,60156;100
100;3;15;10,60156;100
100;2;2;10,93457;100
100;3;15;10,93457;100
100;3;15;10,93457;100
100;2;2;10,93457;100
100;3;15;10,93457;100
100;2;2;10,93457;100
100;3;15;10,93457;100
100;3;15;10,93457;100
100;2;2;10,93457;100
100;2;2;10,93457;100
100;2;2;11,26758;100
100;2;2;11,26758;100
100;3;15;11,26758;100
100;3;15;11,26758;100
100;2;2;11,26758;100
100;3;15;11,26758;100
100;2;2;11,60059;100
100;2;2;11,60059;100
100;3;15;11,60059;100
100;3;15;11,60059;100
100;3;15;11,60059;100
100;3;15;11,60059;100
100;2;2;11,60059;100
100;3;15;11,60059;100
100;3;15;11,60059;100
100;2;2;11,60059;100
100;3;15;11,93359;100
100;3;15;11,93359;100
100;3;15;11,93359;100
100;2;2;11,93359;100
100;3;15;11,93359;100
100;3;15;12,2666;100
100;3;15;12,2666;100
100;2;2;12,2666;100
100;2;2;12,2666;100
100;2;2;12,2666;100
100;2;2;12,2666;100
100;2;2;12,2666;100
100;2;2;12,2666;100
100;2;2;12,2666;100
100;3;15;12,2666;100
100;2;2;12,59961;100
100;3;15;12,59961;100
100;3;15;12,59961;100
100;3;15;12,59961;100
100;3;15;12,59961;100
100;2;2;12,59961;100
100;2;2;12,59961;100
100;3;15;12,93262;100
100;3;15;12,93262;100
100;2;2;12,93262;100
100;2;2;12,93262;100
100;3;15;12,93262;100
100;2;2;12,93262;100
100;2;2;12,93262;100
100;2;2;12,93262;100
100;3;15;12,93262;100
100;2;2;13,26563;100
100;3;15;13,26563;100
100;3;15;13,26563;100
100;2;2;13,26563;100
100;2;2;13,26563;100
100;2;2;13,26563;100
100;3;15;13,59863;100
100;3;15;13,59863;100
100;3;15;13,59863;100
100;3;15;13,59863;100
100;3;15;13,59863;100
100;2;2;13,59863;100
100;2;2;13,59863;100
100;2;2;13,59863;100
100;3;15;13,93164;100
100;2;2;13,93164;100
100;2;2;13,93164;100
100;2;2;13,93164;100
100;2;2;13,93164;100
100;3;15;13,93164;100
100;3;15;13,93164;100
100;3;15;13,93164;100
100;2;2;14,26465;100
100;2;2;14,26465;100
100;2;2;14,26465;100
100;3;15;14,26465;100
100;3;15;14,26465;100
100;2;2;14,26465;100
100;2;2;14,26465;100
100;3;15;14,26465;100
100;2;2;14,26465;100
100;3;15;14,26465;100
100;2;2;14,59766;100
100;3;15;14,59766;100
100;2;2;14,59766;100
100;2;2;14,59766;100
100;3;15;14,59766;100
100;3;15;14,59766;100
100;3;15;14,59766;100
100;3;15;14,59766;100
100;3;15;14,93066;100
100;2;2;14,93066;100
100;2;2;14,93066;100
100;2;2;14,93066;100
100;3;15;14,93066;100
100;3;15;14,93066;100
100;3;15;14,93066;100
100;3;15;14,93066;100
100;2;2;14,93066;100
100;3;15;15,26367;100
100;3;15;15,26367;100
100;2;2;15,26367;100
100;3;15;15,26367;100
100;3;15;15,26367;100
100;3;15;15,26367;100
100;2;2;15,59668;100
100;3;15;15,59668;100
100;3;15;15,59668;100
100;2;2;15,59668;100
100;2;2;15,59668;100
100;3;15;15,59668;100
100;2;2;15,59668;100
100;2;2;15,59668;100
100;2;2;15,59668;100
100;2;2;15,92969;100
100;3;15;15,92969;100
100;3;15;15,92969;100
100;3;15;15,92969;100
100;2;2;15,92969;100
100;3;15;15,92969;100
100;2;2;15,92969;100
100;2;2;15,92969;100
100;2;2;15,92969;100
100;3;15;15,92969;100
100;3;15;15,92969;100
100;2;2;16,2627;100
100;3;15;16,2627;100
100;3;15;16,2627;100
100;3;15;16,2627;100
100;3;15;16,2627;100
100;3;15;16,2627;100
100;3;15;16,2627;100
100;3;15;16,2627;100
100;2;2;16,5957;100
100;3;15;16,5957;100
100;2;2;16,5957;100
100;2;2;16,5957;100
100;2;2;16,5957;100
100;3;15;16,5957;100
100;3;15;16,92871;100
100;3;15;16,92871;100
100;3;15;16,92871;100
100;3;15;16,92871;100
100;2;2;16,92871;100
100;2;2;16,92871;100
100;2;2;16,92871;100
100;3;15;17,26172;100
100;3;15;17,26172;100
100;2;2;17,26172;100
100;3;15;17,26172;100
100;3;15;17,26172;100
100;2;2;17,26172;100
100;2;2;17,26172;100
100;2;2;17,26172;100
100;2;2;17,26172;100
100;3;15;17,26172;100
100;2;2;17,26172;100
100;2;2;17,59473;100
100;2;2;17,59473;100
100;2;2;17,59473;100
100;3;15;17,59473;100
100;3;15;17,59473;100
100;2;2;17,59473;100
100;2;2;17,59473;100
100;2;2;17,59473;100
100;3;15;17,59473;100
100;3;15;17,92773;100
100;3;15;17,92773;100
100;2;2;17,92773;100
100;3;15;17,92773;100
100;2;2;17,92773;100
100;3;15;18,26074;100
100;3;15;18,26074;100
100;2;2;18,26074;100
100;3;15;18,26074;100
100;2;2;18,26074;100
100;3;15;18,26074;100
100;2;2;18,26074;100
100;2;2;18,26074;100
100;2;2;18,26074;100
100;2;2;18,26074;100
100;2;2;18,59375;100
100;3;15;18,59375;100
100;2;2;18,59375;100
100;3;15;18,59375;100
100;3;15;18,59375;100
100;2;2;18,59375;100
100;3;15;18,59375;100
100;3;15;18,59375;100
100;2;2;18,92676;100
100;2;2;18,92676;100
100;2;2;18,92676;100
100;3;15;18,92676;100
100;3;15;18,92676;100
100;2;2;18,92676;100
100;2;2;18,92676;100
100;3;15;18,92676;100
100;2;2;19,25977;100
100;3;15;19,25977;100
100;3;15;19,25977;100
100;2;2;19,25977;100
100;2;2;19,25977;100
100;3;15;19,25977;100
100;2;2;19,25977;100
100;3;15;19,25977;100
100;2;2;19,59277;100
100;2;2;19,59277;100
100;3;15;19,59277;100
100;3;15;19,59277;100
100;3;15;19,59277;100
100;2;2;19,59277;100
100;2;2;19,59277;100
100;3;15;19,59277;100
100;2;2;19,59277;100
100;2;2;19,59277;100
100;2;2;19,92578;100
100;2;2;19,92578;100
100;2;2;19,92578;100
100;3;15;19,92578;100
100;2;2;19,92578;100
100;3;15;19,92578;100
100;2;2;19,92578;100
100;2;2;20,25879;100
100;2;2;20,25879;100
100;3;15;20,25879;100
100;3;15;20,25879;100
100;2;2;20,25879;100
100;3;15;20,25879;100
100;3;15;20,25879;100
100;2;2;20,25879;100
100;3;15;20,5918;100
100;3;15;20,5918;100
100;2;2;20,5918;100
100;2;2;20,5918;100
100;2;2;20,5918;100
100;2;2;20,5918;100
100;3;15;20,5918;100
100;2;2;20,5918;100
100;2;2;20,5918;100
100;3;15;20,9248;100
100;2;2;20,9248;100
100;2;2;20,9248;100
100;2;2;20,9248;100
100;2;2;20,9248;100
100;2;2;20,9248;100
100;2;2;20,9248;100
100;2;2;20,9248;100
100;3;15;20,9248;100
100;3;15;20,9248;100
100;3;15;20,9248;100
100;3;15;21,25781;100
100;2;2;21,25781;100
100;3;15;21,25781;100
100;2;2;21,25781;100
100;2;2;21,25781;100
100;3;15;21,25781;100
100;3;15;21,25781;100
100;2;2;21,25781;100
100;3;15;21,59082;100
100;2;2;21,59082;100
100;3;15;21,59082;100
100;3;15;21,59082;100
100;3;15;21,59082;100
100;3;15;21,59082;100
100;3;15;21,59082;100
100;3;15;21,59082;100
100;3;15;21,59082;100
100;3;15;21,92383;100
100;2;2;21,92383;100
100;2;2;21,92383;100
100;2;2;21,92383;100
100;3;15;21,92383;100
100;3;15;21,92383;100
100;3;15;21,92383;100
100;3;15;21,92383;100
100;2;2;22,25684;100
100;3;15;22,25684;100
100;3;15;22,25684;100
100;3;15;22,25684;100
100;2;2;22,25684;100
100;2;2;22,25684;100
100;3;15;22,25684;100
100;3;15;22,25684;100
100;3;15;22,25684;100
100;3;15;22,25684;100
100;2;2;22,25684;100
100;2;2;22,25684;100
100;3;15;22,58984;100
100;3;15;22,58984;100
100;2;2;22,58984;100
100;2;2;22,58984;100
100;3;15;22,58984;100
100;3;15;22,58984;100
100;2;2;22,58984;100
100;3;15;22,58984;100
100;2;2;22,92285;100
100;2;2;22,92285;100
100;2;2;22,92285;100
100;3;15;22,92285;100
100;2;2;22,92285;100
100;3;15;22,92285;100
100;2;2;22,92285;100
100;2;2;22,92285;100
100;3;15;22,92285;100
100;2;2;22,92285;100
100;2;2;23,25586;100
100;3;15;23,25586;100
100;2;2;23,25586;100
100;2;2;23,25586;100
100;2;2;23,25586;100
100;2;2;23,25586;100
100;3;15;23,58887;100
100;2;2;23,58887;100
100;2;2;23,58887;100
100;2;2;23,58887;100
100;2;2;23,58887;100
100;3;15;23,58887;100
100;3;15;23,58887;100
100;2;2;23,58887;100
100;3;15;23,58887;100
100;2;2;23,92188;100
100;2;2;23,92188;100
100;3;15;23,92188;100
100;2;2;23,92188;100
100;3;15;23,92188;100
100;3;15;23,92188;100
100;3;15;23,92188;100
100;2;2;23,92188;100
100;3;15;23,92188;100
100;3;15;23,92188;100
100;3;15;23,92188;100
100;3;15;24,25488;100
100;2;2;24,25488;100
100;3;15;24,25488;100
100;3;15;24,25488;100
100;3;15;24,25488;100
100;2;2;24,25488;100
100;2;2;24,25488;100
100;2;2;24,25488;100
100;3;15;24,58789;100
100;3;15;24,58789;100
100;2;2;24,58789;100
100;2;2;24,58789;100
100;3;15;24,58789;100
100;3;15;24,58789;100
100;3;15;24,58789;100
100;2;2;24,58789;100
100;3;15;24,58789;100
100;3;15;24,58789;100
100;2;2;24,58789;100
100;3;15;24,58789;100
100;2;2;24,9209;100
100;3;15;24,9209;100
100;2;2;24,9209;100
100;2;2;24,9209;100
100;2;2;24,9209;100
100;2;2;24,9209;100
100;3;15;24,9209;100
100;3;15;24,9209;100
100;3;15;24,9209;100
100;2;2;24,9209;100
100;3;15;24,9209;100
100;3;15;25,25391;100
100;2;2;25,25391;100
100;3;15;25,25391;100
100;3;15;25,25391;100
100;2;2;25,25391;100
100;2;2;25,25391;100
100;3;15;25,58691;100
100;2;2;25,58691;100
100;2;2;25,58691;100
100;3;15;25,58691;100
100;3;15;25,58691;100
100;3;15;25,58691;100
100;2;2;25,58691;100
100;2;2;25,58691;100
100;2;2;25,91992;100
100;3;15;25,91992;100
100;3;15;25,91992;100
100;3;15;25,91992;100
100;3;15;25,91992;100
100;2;2;25,91992;100
100;3;15;25,91992;100
100;3;15;25,91992;100
100;3;15;25,91992;100
100;3;15;25,91992;100
100;3;15;25,91992;100
100;3;15;26,25293;100
100;2;2;26,25293;100
100;3;15;26,25293;100
100;3;15;26,25293;100
100;2;2;26,25293;100
100;2;2;26,25293;100
100;2;2;26,25293;100
100;3;15;26,25293;100
100;3;15;26,25293;100
100;2;2;26,58594;100
100;2;2;26,58594;100
100;2;2;26,58594;100
100;2;2;26,58594;100
100;2;2;26,58594;100
100;2;2;26,58594;100
100;2;2;26,58594;100
100;3;15;26,58594;100
100;3;15;26,58594;100
100;2;2;26,58594;100
100;2;2;26,91895;100
100;2;2;26,91895;100
100;2;2;26,91895;100
100;3;15;26,91895;100
100;2;2;26,91895;100
100;2;2;26,91895;100
100;2;2;26,91895;100
100;3;15;26,91895;100
100;3;15;26,91895;100
100;3;15;27,25195;100
100;2;2;27,25195;100
100;2;2;27,25195;100
100;2;2;27,25195;100
100;2;2;27,25195;100
100;3;15;27,25195;100
100;2;2;27,25195;100
100;2;2;27,25195;100
100;3;15;27,58496;100
100;3;15;27,58496;100
100;3;15;27,58496;100
100;2;2;27,58496;100
100;3;15;27,58496;100
100;2;2;27,58496;100
100;3;15;27,58496;100
100;2;2;27,58496;100
100;2;2;27,58496;100
100;3;15;27,58496;100
100;2;2;27,58496;100
100;3;15;27,58496;100
100;3;15;27,91797;100
100;3;15;27,91797;100
100;3;15;27,91797;100
100;3;15;27,91797;100
100;3;15;27,91797;100
100;3;15;27,91797;100
100;2;2;27,91797;100
100;3;15;27,91797;100
100;3;15;27,91797;100
100;2;2;27,91797;100
100;2;2;27,91797;100
100;2;2;28,25098;100
100;2;2;28,25098;100
100;3;15;28,25098;100
100;2;2;28,25098;100
100;2;2;28,25098;100
100;3;15;28,25098;100
100;3;15;28,25098;100
100;2;2;28,25098;100
100;3;15;28,25098;100
100;2;2;28,58398;100
100;3;15;28,58398;100
100;2;2;28,58398;100
100;3;15;28,58398;100
100;2;2;28,58398;100
100;3;15;28,58398;100
100;2;2;28,58398;100
100;3;15;28,58398;100
100;3;15;28,58398;100
100;2;2;28,91699;100
100;3;15;28,91699;100
100;3;15;28,91699;100
100;2;2;28,91699;100
100;2;2;28,91699;100
100;2;2;28,91699;100
100;3;15;28,91699;100
100;3;15;29,25;100
100;3;15;29,25;100
100;3;15;29,25;100
100;2;2;29,25;100
100;2;2;29,25;100
100;3;15;29,25;100
100;2;2;29,25;100
100;3;15;29,25;100
100;3;15;29,25;100
100;2;2;29,58301;100
100;3;15;29,58301;100
100;3;15;29,58301;100
100;2;2;29,58301;100
100;3;15;29,58301;100
100;2;2;29,58301;100
100;3;15;29,58301;100
100;2;2;29,58301;100
100;3;15;29,91602;100
100;3;15;29,91602;100
100;2;2;29,91602;100
100;3;15;29,91602;100
100;2;2;29,91602;100
100;2;2;29,91602;100
100;3;15;29,91602;100
100;3;15;30,24902;100
100;2;2;30,24902;100
100;2;2;30,24902;100
100;3;15;30,24902;100
100;3;15;30,24902;100
100;2;2;30,24902;100
100;3;15;30,24902;100
100;2;2;30,24902;100
100;3;15;30,24902;100
100;3;15;30,58203;100
100;3;15;30,58203;100
100;3;15;30,58203;100
100;2;2;30,58203;100
100;3;15;30,58203;100
100;2;2;30,58203;100
100;3;15;30,58203;100
100;3;15;30,58203;100
100;3;15;30,58203;100
100;2;2;30,58203;100
100;2;2;30,58203;100
100;3;15;30,91504;100
100;3;15;30,91504;100
100;3;15;30,91504;100
100;3;15;30,91504;100
100;2;2;30,91504;100
100;2;2;30,91504;100
100;3;15;31,24805;100
100;3;15;31,24805;100
100;2;2;31,24805;100
100;2;2;31,24805;100
100;2;2;31,24805;100
100;2;2;31,24805;100
100;2;2;31,58105;100
100;3;15;31,58105;100
100;2;2;31,58105;100
100;3;15;31,58105;100
100;3;15;31,58105;100
100;2;2;31,58105;100
100;2;2;31,58105;100
100;2;2;31,58105;100
100;2;2;31,58105;100
100;3;15;31,91406;100
100;3;15;31,91406;100
100;2;2;31,91406;100
100;3;15;31,91406;100
100;3;15;31,91406;100
100;2;2;31,91406;100
100;3;15;32,24707;100
100;2;2;32,24707;100
100;2;2;32,24707;100
100;3;15;32,24707;100
100;3;15;32,24707;100
100;2;2;32,24707;100
100;3;15;32,24707;100
100;2;2;32,24707;100
100;2;2;32,24707;100
100;3;15;32,58008;100
100;3;15;32,58008;100
100;2;2;32,58008;100
100;2;2;32,58008;100
100;3;15;32,58008;100
100;2;2;32,58008;100
100;3;15;32,58008;100
100;2;2;32,58008;100
100;3;15;32,58008;100
100;2;2;32,58008;100
100;2;2;32,58008;100
100;2;2;32,91309;100
100;3;15;32,91309;100
100;3;15;32,91309;100
100;2;2;32,91309;100
100;3;15;32,91309;100
100;2;2;32,91309;100
100;2;2;32,91309;100
100;2;2;32,91309;100
100;3;15;32,91309;100
100;3;15;32,91309;100
100;3;15;32,91309;100
100;2;2;33,24609;100
100;3;15;33,24609;100
100;3;15;33,24609;100
100;2;2;33,24609;100
100;3;15;33,24609;100
100;2;2;33,24609;100
100;3;15;33,24609;100
100;3;15;33,24609;100
100;3;15;33,5791;100
100;3;15;33,5791;100
100;3;15;33,5791;100
100;3;15;33,5791;100
100;2;2;33,5791;100
100;3;15;33,5791;100
100;3;15;33,91211;100
100;3;15;33,91211;100
100;3;15;33,91211;100
100;2;2;33,91211;100
100;2;2;33,91211;100
100;2;2;33,91211;100
100;2;2;33,91211;100
100;2;2;34,24512;100
100;2;2;34,24512;100
100;3;15;34,24512;100
100;3;15;34,24512;100
100;3;15;34,24512;100
100;3;15;34,24512;100
100;2;2;34,57813;100
100;2;2;34,57813;100
100;2;2;34,57813;100
100;2;2;34,57813;100
100;3;15;34,57813;100
100;3;15;34,57813;100
100;3;15;34,57813;100
100;3;15;34,91113;100
100;3;15;34,91113;100
100;3;15;34,91113;100
100;3;15;34,91113;100
100;3;15;34,91113;100
100;3;15;34,91113;100
100;2;2;34,91113;100
100;3;15;35,24414;100
100;3;15;35,24414;100
100;2;2;35,24414;100
100;2;2;35,24414;100
100;2;2;35,24414;100
100;2;2;35,24414;100
100;3;15;35,24414;100
100;2;2;35,24414;100
100;3;15;35,24414;100
100;3;15;35,24414;100
100;3;15;35,24414;100
100;3;15;35,57715;100
100;2;2;35,57715;100
100;3;15;35,57715;100
100;3;15;35,57715;100
100;2;2;35,57715;100
100;3;15;35,57715;100
100;2;2;35,57715;100
100;3;15;35,57715;100
100;3;15;35,57715;100
100;2;2;35,57715;100
100;2;2;35,91016;100
100;2;2;35,91016;100
100;2;2;35,91016;100
100;3;15;35,91016;100
100;3;15;35,91016;100
100;2;2;35,91016;100
100;2;2;35,91016;100
100;3;15;35,91016;100
100;2;2;35,91016;100
100;3;15;36,24316;100
100;2;2;36,24316;100
100;3;15;36,24316;100
100;2;2;36,24316;100
100;2;2;36,24316;100
100;2;2;36,24316;100
100;3;15;36,24316;100
100;3;15;36,57617;100
100;2;2;36,57617;100
100;3;15;36,57617;100
100;3;15;36,57617;100
100;2;2;36,57617;100
100;2;2;36,57617;100
100;2;2;36,57617;100
100;3;15;36,57617;100
100;2;2;36,57617;100
100;2;2;36,57617;100
100;2;2;36,90918;100
100;2;2;36,90918;100
100;3;15;36,90918;100
100;3;15;36,90918;100
100;3;15;36,90918;100
100;3;15;36,90918;100
100;3;15;37,24219;100
100;3;15;37,24219;100
100;3;15;37,24219;100
100;2;2;37,24219;100
100;3;15;37,24219;100
100;2;2;37,24219;100
100;3;15;37,5752;100
100;3;15;37,5752;100
100;3;15;37,5752;100
100;3;15;37,5752;100
100;3;15;37,5752;100
100;2;2;37,5752;100
100;2;2;37,5752;100
100;2;2;37,5752;100
100;3;15;37,5752;100
100;3;15;37,5752;100
100;2;2;37,9082;100
100;2;2;37,9082;100
100;2;2;37,9082;100
100;3;15;37,9082;100
100;3;15;37,9082;100
100;3;15;37,9082;100
100;2;2;37,9082;100
100;2;2;37,9082;100
100;3;15;37,9082;100
100;2;2;37,9082;100
100;2;2;38,24121;100
100;2;2;38,24121;100
100;3;15;38,24121;100
100;3;15;38,24121;100
100;2;2;38,24121;100
100;3;15;38,24121;100
100;2;2;38,24121;100
100;2;2;38,24121;100
100;3;15;38,24121;100
100;3;15;38,24121;100
100;2;2;38,24121;100
100;2;2;38,57422;100
100;2;2;38,57422;100
100;3;15;38,57422;100
100;3;15;38,57422;100
100;2;2;38,57422;100
100;2;2;38,57422;100
100;2;2;38,57422;100
100;3;15;38,90723;100
100;3;15;38,90723;100
100;2;2;38,90723;100
100;3;15;38,90723;100
100;2;2;38,90723;100
100;2;2;38,90723;100
100;2;2;38,90723;100
100;3;15;38,90723;100
100;3;15;38,90723;100
100;3;15;38,90723;100
100;2;2;38,90723;100
100;3;15;38,90723;100
100;3;15;39,24023;100
100;2;2;39,24023;100
100;2;2;39,24023;100
100;3;15;39,24023;100
100;2;2;39,24023;100
100;3;15;39,24023;100
100;3;15;39,24023;100
100;3;15;39,24023;100
100;3;15;39,24023;100
100;2;2;39,24023;100
100;3;15;39,24023;100
100;3;15;39,57324;100
100;3;15;39,57324;100
100;3;15;39,57324;100
100;3;15;39,57324;100
100;3;15;39,57324;100
100;3;15;39,57324;100
100;2;2;39,57324;100
100;3;15;39,90625;100
100;2;2;39,90625;100
100;2;2;39,90625;100
100;3;15;39,90625;100
100;2;2;39,90625;100
100;2;2;39,90625;100
100;3;15;40,23926;100
100;2;2;40,23926;100
100;3;15;40,23926;100
100;2;2;40,23926;100
100;2;2;40,23926;100
100;3;15;40,23926;100
100;3;15;40,23926;100
100;3;15;40,23926;100
100;3;15;40,57227;100
100;3;15;40,57227;100
100;3;15;40,57227;100
100;3;15;40,57227;100
100;2;2;40,57227;100
100;2;2;40,57227;100
100;3;15;40,90527;100
100;2;2;40,90527;100
100;3;15;40,90527;100
100;2;2;40,90527;100
100;3;15;40,90527;100
100;2;2;40,90527;100
100;2;2;40,90527;100
100;3;15;40,90527;100
100;3;15;40,90527;100
100;2;2;41,23828;100
100;2;2;41,23828;100
100;3;15;41,23828;100
100;3;15;41,23828;100
100;3;15;41,23828;100
100;2;2;41,23828;100
100;3;15;41,23828;100
100;3;15;41,57129;100
100;2;2;41,57129;100
100;2;2;41,57129;100
100;2;2;41,57129;100
100;2;2;41,57129;100
100;2;2;41,57129;100
100;2;2;41,57129;100
100;2;2;41,57129;100
100;2;2;41,9043;100
100;3;15;41,9043;100
100;3;15;41,9043;100
100;2;2;41,9043;100
100;2;2;41,9043;100
100;3;15;41,9043;100
100;2;2;41,9043;100
100;2;2;41,9043;100
100;3;15;41,9043;100
100;3;15;42,2373;100
100;3;15;42,2373;100
100;3;15;42,2373;100
100;2;2;42,2373;100
100;2;2;42,2373;100
100;2;2;42,2373;100
100;3;15;42,2373;100
100;2;2;42,2373;100
100;2;2;42,57031;100
100;3;15;42,57031;100
100;2;2;42,57031;100
100;3;15;42,57031;100
100;3;15;42,57031;100
100;3;15;42,57031;100
100;2;2;42,57031;100
100;3;15;42,57031;100
100;3;15;42,57031;100
100;2;2;42,57031;100
100;3;15;42,57031;100
100;3;15;42,90332;100
100;2;2;42,90332;100
100;2;2;42,90332;100
100;2;2;42,90332;100
100;2;2;42,90332;100
100;2;2;42,90332;100
100;3;15;42,90332;100
100;3;15;42,90332;100
100;2;2;42,90332;100
100;2;2;42,90332;100
100;2;2;43,23633;100
100;2;2;43,23633;100
100;2;2;43,23633;100
100;2;2;43,23633;100
100;3;15;43,23633;100
100;3;15;43,23633;100
100;2;2;43,23633;100
100;3;15;43,23633;100
100;3;15;43,23633;100
100;2;2;43,56934;100
100;3;15;43,56934;100
100;2;2;43,56934;100
100;3;15;43,56934;100
100;2;2;43,56934;100
100;3;15;43,56934;100
100;2;2;43,56934;100
100;3;15;43,56934;100
100;2;2;43,56934;100
100;2;2;43,56934;100
100;2;2;43,90234;100
100;3;15;43,90234;100
100;2;2;43,90234;100
100;2;2;43,90234;100
100;3;15;43,90234;100
100;3;15;43,90234;100
100;3;15;43,90234;100
100;2;2;43,90234;100
100;2;2;43,90234;100
100;3;15;43,90234;100
100;2;2;44,23535;100
100;3;15;44,23535;100
100;2;2;44,23535;100
100;2;2;44,23535;100
100;3;15;44,23535;100
100;2;2;44,23535;100
100;3;15;44,23535;100
100;2;2;44,23535;100
100;3;15;44,23535;100
100;2;2;44,23535;100
100;2;2;44,56836;100
100;2;2;44,56836;100
100;3;15;44,56836;100
100;3;15;44,56836;100
100;3;15;44,56836;100
100;2;2;44,56836;100
100;3;15;44,56836;100
100;3;15;44,56836;100
100;2;2;44,90137;100
100;2;2;44,90137;100
100;2;2;44,90137;100
100;2;2;44,90137;100
100;3;15;44,90137;100
100;3;15;44,90137;100
100;2;2;44,90137;100
100;2;2;44,90137;100
100;2;2;44,90137;100
100;3;15;45,23438;100
100;3;15;45,23438;100
100;3;15;45,23438;100
100;2;2;45,23438;100
100;3;15;45,23438;100
100;3;15;45,23438;100
100;3;15;45,23438;100
100;2;2;45,23438;100
100;2;2;45,23438;100
100;2;2;45,56738;100
100;3;15;45,56738;100
100;2;2;45,56738;100
100;2;2;45,56738;100
100;2;2;45,56738;100
100;2;2;45,56738;100
100;3;15;45,56738;100
100;3;15;45,90039;100
100;3;15;45,90039;100
100;2;2;45,90039;100
100;3;15;45,90039;100
100;2;2;45,90039;100
100;2;2;45,90039;100
100;2;2;45,90039;100
100;3;15;45,90039;100
100;3;15;45,90039;100
100;2;2;46,2334;100
100;3;15;46,2334;100
100;2;2;46,2334;100
100;3;15;46,2334;100
100;2;2;46,2334;100
100;3;15;46,2334;100
100;3;15;46,2334;100
100;2;2;46,2334;100
100;2;2;46,2334;100
100;2;2;46,56641;100
100;2;2;46,56641;100
100;3;15;46,56641;100
100;2;2;46,56641;100
100;3;15;46,56641;100
100;2;2;46,56641;100
100;3;15;46,56641;100
100;3;15;46,56641;100
100;2;2;46,56641;100
100;2;2;46,89941;100
100;3;15;46,89941;100
100;2;2;46,89941;100
100;2;2;46,89941;100
100;2;2;46,89941;100
100;3;15;46,89941;100
100;2;2;46,89941;100
100;3;15;47,23242;100
100;2;2;47,23242;100
100;3;15;47,23242;100
100;2;2;47,23242;100
100;3;15;47,23242;100
100;2;2;47,23242;100
100;2;2;47,23242;100
100;2;2;47,23242;100
100;3;15;47,23242;100
100;2;2;47,23242;100
100;2;2;47,23242;100
100;3;15;47,56543;100
100;2;2;47,56543;100
100;3;15;47,56543;100
100;3;15;47,56543;100
100;3;15;47,56543;100
100;2;2;47,56543;100
100;2;2;47,56543;100
100;2;2;47,56543;100
100;3;15;47,56543;100
100;3;15;47,56543;100
100;3;15;47,89844;100
100;2;2;47,89844;100
100;3;15;47,89844;100
100;2;2;47,89844;100
100;3;15;47,89844;100
100;2;2;47,89844;100
100;2;2;47,89844;100
100;3;15;47,89844;100
100;2;2;47,89844;100
100;2;2;48,23145;100
100;2;2;48,23145;100
100;2;2;48,23145;100
100;3;15;48,23145;100
100;3;15;48,23145;100
100;2;2;48,23145;100
100;3;15;48,23145;100
100;3;15;48,23145;100
100;2;2;48,23145;100
100;3;15;48,56445;100
100;3;15;48,56445;100
100;3;15;48,56445;100
100;3;15;48,56445;100
100;2;2;48,56445;100
100;3;15;48,56445;100
100;2;2;48,56445;100
100;3;15;48,89746;100
100;3;15;48,89746;100
100;3;15;48,89746;100
100;2;2;48,89746;100
100;3;15;48,89746;100
100;3;15;48,89746;100
100;3;15;48,89746;100
100;2;2;48,89746;100
100;2;2;48,89746;100
100;3;15;48,89746;100
100;3;15;48,89746;100
100;2;2;48,89746;100
100;2;2;48,89746;100
100;2;2;49,23047;100
100;3;15;49,23047;100
100;3;15;49,23047;100
100;3;15;49,23047;100
100;2;2;49,23047;100
100;2;2;49,23047;100
100;3;15;49,23047;100
100;2;2;49,23047;100
100;3;15;49,56348;100
100;2;2;49,56348;100
100;3;15;49,56348;100
100;2;2;49,56348;100
100;3;15;49,56348;100
100;3;15;49,56348;100
100;3;15;49,56348;100
100;3;15;49,89648;100
100;2;2;49,89648;100
100;3;15;49,89648;100
100;3;15;49,89648;100
100;2;2;49,89648;100
100;2;2;50,22949;100
100;3;15;50,22949;100
100;3;15;50,22949;100
100;3;15;50,22949;100
100;2;2;50,22949;100
100;2;2;50,5625;100
100;3;15;50,5625;100
100;2;2;50,5625;100
100;2;2;50,5625;100
100;2;2;50,5625;100
100;3;15;50,5625;100
100;2;2;50,5625;100
100;2;2;50,5625;100
100;3;15;50,5625;100
100;2;2;50,5625;100
100;3;15;50,89551;100
100;3;15;50,89551;100
100;3;15;50,89551;100
100;2;2;50,89551;100
100;3;15;50,89551;100
100;3;15;50,89551;100
100;2;2;50,89551;100
100;3;15;50,89551;100
100;3;15;51,22852;100
100;2;2;51,22852;100
100;3;15;51,22852;100
100;3;15;51,22852;100
100;2;2;51,22852;100
100;3;15;51,56152;100
100;3;15;51,56152;100
100;3;15;51,56152;100
100;3;15;51,56152;100
100;2;2;51,56152;100
100;2;2;51,56152;100
100;3;15;51,89453;100
100;3;15;51,89453;100
100;2;2;51,89453;100
100;3;15;51,89453;100
100;2;2;51,89453;100
100;2;2;51,89453;100
100;3;15;51,89453;100
100;3;15;51,89453;100
100;3;15;51,89453;100
100;2;2;52,22754;100
100;2;2;52,22754;100
100;2;2;52,22754;100
100;2;2;52,22754;100
100;3;15;52,22754;100
100;3;15;52,22754;100
100;3;15;52,56055;100
100;3;15;52,56055;100
100;3;15;52,56055;100
100;3;15;52,56055;100
100;3;15;52,56055;100
100;3;15;52,56055;100
100;3;15;52,56055;100
100;3;15;52,89355;100
100;2;2;52,89355;100
100;3;15;52,89355;100
100;2;2;52,89355;100
100;2;2;52,89355;100
100;2;2;52,89355;100
100;3;15;52,89355;100
100;2;2;52,89355;100
100;2;2;52,89355;100
100;2;2;52,89355;100
100;2;2;53,22656;100
100;2;2;53,22656;100
100;2;2;53,22656;100
100;3;15;53,22656;100
100;2;2;53,22656;100
100;2;2;53,22656;100
100;2;2;53,22656;100
100;2;2;53,22656;100
100;2;2;53,22656;100
100;2;2;53,22656;100
100;2;2;53,22656;100
100;3;15;53,22656;100
100;3;15;53,55957;100
100;3;15;53,55957;100
100;2;2;53,55957;100
100;2;2;53,55957;100
100;3;15;53,55957;100
100;2;2;53,89258;100
100;3;15;53,89258;100
100;3;15;53,89258;100
100;2;2;53,89258;100
100;2;2;53,89258;100
100;3;15;53,89258;100
100;2;2;53,89258;100
100;3;15;53,89258;100
100;2;2;53,89258;100
100;3;15;53,89258;100
100;3;15;53,89258;100
100;2;2;53,89258;100
100;2;2;53,89258;100
100;2;2;53,89258;100
100;3;15;54,22559;100
100;2;2;54,22559;100
100;3;15;54,22559;100
100;2;2;54,22559;100
100;3;15;54,22559;100
100;2;2;54,22559;100
100;3;15;54,22559;100
100;3;15;54,22559;100
100;2;2;54,22559;100
100;2;2;54,55859;100
100;3;15;54,55859;100
100;3;15;54,55859;100
100;2;2;54,55859;100
100;2;2;54,55859;100
100;3;15;54,55859;100
100;2;2;54,55859;100
100;2;2;54,8916;100
100;2;2;54,8916;100
100;3;15;54,8916;100
100;2;2;54,8916;100
100;2;2;54,8916;100
100;2;2;54,8916;100
100;2;2;54,8916;100
100;2;2;54,8916;100
100;3;15;55,22461;100
100;2;2;55,22461;100
100;2;2;55,22461;100
100;3;15;55,22461;100
100;2;2;55,22461;100
100;2;2;55,22461;100
100;3;15;55,22461;100
100;3;15;55,22461;100
100;3;15;55,22461;100
100;3;15;55,55762;100
100;2;2;55,55762;100
100;2;2;55,55762;100
100;3;15;55,55762;100
100;3;15;55,55762;100
100;2;2;55,55762;100
100;3;15;55,89063;100
100;3;15;55,89063;100
100;3;15;55,89063;100
100;2;2;55,89063;100
100;3;15;55,89063;100
100;3;15;55,89063;100
100;3;15;56,22363;100
100;2;2;56,22363;100
100;2;2;56,22363;100
100;3;15;56,22363;100
100;3;15;56,22363;100
100;2;2;56,22363;100
100;3;15;56,22363;100
100;2;2;56,55664;100
100;3;15;56,55664;100
100;3;15;56,55664;100
100;2;2;56,55664;100
100;2;2;56,55664;100
100;3;15;56,55664;100
100;3;15;56,55664;100
100;2;2;56,55664;100
100;2;2;56,55664;100
100;2;2;56,88965;100
100;2;2;56,88965;100
100;3;15;56,88965;100
100;2;2;56,88965;100
100;2;2;56,88965;100
100;2;2;56,88965;100
100;2;2;56,88965;100
100;3;15;56,88965;100
100;3;15;56,88965;100
100;3;15;56,88965;100
100;3;15;56,88965;100
100;2;2;57,22266;100
100;3;15;57,22266;100
100;3;15;57,22266;100
100;2;2;57,22266;100
100;2;2;57,22266;100
100;3;15;57,22266;100
100;2;2;57,22266;100
100;2;2;57,22266;100
100;3;15;57,22266;100
100;2;2;57,22266;100
100;2;2;57,55566;100
100;2;2;57,55566;100
100;3;15;57,55566;100
100;2;2;57,55566;100
100;2;2;57,55566;100
100;2;2;57,55566;100
100;3;15;57,55566;100
100;2;2;57,55566;100
100;2;2;57,55566;100
100;2;2;57,55566;100
100;2;2;57,88867;100
100;3;15;57,88867;100
100;3;15;57,88867;100
100;3;15;57,88867;100
100;2;2;57,88867;100
100;2;2;57,88867;100
100;3;15;57,88867;100
100;2;2;57,88867;100
100;2;2;57,88867;100
100;3;15;58,22168;100
100;3;15;58,22168;100
100;2;2;58,22168;100
100;2;2;58,22168;100
100;2;2;58,22168;100
100;3;15;58,22168;100
100;2;2;58,55469;100
100;2;2;58,55469;100
100;3;15;58,55469;100
100;2;2;58,55469;100
100;3;15;58,55469;100
100;3;15;58,55469;100
100;2;2;58,55469;100
100;2;2;58,55469;100
100;3;15;58,55469;100
100;3;15;58,55469;100
100;3;15;58,55469;100
100;2;2;58,8877;100
100;3;15;58,8877;100
100;3;15;58,8877;100
100;3;15;58,8877;100
100;2;2;58,8877;100
100;2;2;58,8877;100
100;3;15;58,8877;100
100;3;15;59,2207;100
100;3;15;59,2207;100
100;2;2;59,2207;100
100;3;15;59,2207;100
100;3;15;59,2207;100
100;2;2;59,2207;100
100;3;15;59,55371;100
100;3;15;59,55371;100
100;2;2;59,55371;100
100;3;15;59,55371;100
100;2;2;59,55371;100
100;3;15;59,55371;100
100;2;2;59,55371;100
100;3;15;59,55371;100
100;2;2;59,88672;100
100;3;15;59,88672;100
100;2;2;59,88672;100
100;3;15;59,88672;100
100;3;15;59,88672;100
100;3;15;59,88672;100
100;3;15;59,88672;100
100;3;15;0,2197266;100
100;2;2;0,2197266;100
100;2;2;0,2197266;100
100;3;15;0,2197266;100
100;2;2;0,2197266;100
100;2;2;0,5527344;100
100;3;15;0,5527344;100
100;3;15;0,5527344;100
100;2;2;0,5527344;100
100;3;15;0,5527344;100
100;2;2;0,5527344;100
100;2;2;0,5527344;100
100;2;2;0,5527344;100
100;3;15;0,5527344;100
100;2;2;0,5527344;100
100;2;2;0,5527344;100
100;2;2;0,8857422;100
100;2;2;0,8857422;100
100;3;15;0,8857422;100
100;3;15;0,8857422;100
100;3;15;0,8857422;100
100;3;15;0,8857422;100
100;3;15;0,8857422;100
100;3;15;0,8857422;100
100;2;2;0,8857422;100
100;2;2;1,21875;100
100;3;15;1,21875;100
100;3;15;1,21875;100
100;3;15;1,21875;100
100;2;2;1,21875;100
100;2;2;1,21875;100
100;2;2;1,21875;100
100;3;15;1,551758;100
100;2;2;1,551758;100
100;2;2;1,551758;100
100;2;2;1,551758;100
100;3;15;1,551758;100
100;2;2;1,551758;100
100;2;2;1,884766;100
100;2;2;1,884766;100
100;2;2;1,884766;100
100;2;2;1,884766;100
100;3;15;1,884766;100
100;2;2;1,884766;100
100;3;15;2,217773;100
100;3;15;2,217773;100
100;3;15;2,217773;100
100;3;15;2,217773;100
100;2;2;2,217773;100
100;3;15;2,217773;100
100;2;2;2,217773;100
100;3;15;2,217773;100
100;3;15;2,550781;100
100;2;2;2,550781;100
100;3;15;2,550781;100
100;3;15;2,550781;100
100;2;2;2,550781;100
100;2;2;2,550781;100
100;3;15;2,883789;100
100;3;15;2,883789;100
100;3;15;2,883789;100
100;3;15;2,883789;100
100;2;2;2,883789;100
100;3;15;2,883789;100
100;3;15;2,883789;100
100;3;15;2,883789;100
100;3;15;2,883789;100
100;2;2;2,883789;100
100;2;2;3,216797;100
100;3;15;3,216797;100
100;2;2;3,216797;100
100;2;2;3,216797;100
100;3;15;3,216797;100
100;2;2;3,216797;100
100;2;2;3,216797;100
100;3;15;3,216797;100
100;3;15;3,216797;100
100;3;15;3,216797;100
100;2;2;3,216797;100
100;3;15;3,549805;100
100;2;2;3,549805;100
100;3;15;3,549805;100
100;2;2;3,549805;100
100;2;2;3,549805;100
100;3;15;3,882813;100
100;2;2;3,882813;100
100;3;15;3,882813;100
100;3;15;3,882813;100
100;2;2;3,882813;100
100;3;15;3,882813;100
100;3;15;3,882813;100
100;2;2;4,21582;100
100;3;15;4,21582;100
100;3;15;4,21582;100
100;2;2;4,21582;100
100;3;15;4,21582;100
100;2;2;4,548828;100
100;3;15;4,548828;100
100;3;15;4,548828;100
100;2;2;4,548828;100
100;2;2;4,548828;100
100;2;2;4,548828;100
100;3;15;4,548828;100
100;3;15;4,881836;100
100;2;2;4,881836;100
100;3;15;4,881836;100
100;3;15;4,881836;100
100;2;2;4,881836;100
100;3;15;4,881836;100
100;2;2;4,881836;100
100;3;15;4,881836;100
100;3;15;4,881836;100
100;3;15;4,881836;100
100;2;2;5,214844;100
100;2;2;5,214844;100
100;2;2;5,214844;100
100;2;2;5,214844;100
100;3;15;5,214844;100
100;2;2;5,214844;100
100;2;2;5,214844;100
100;3;15;5,547852;100
100;3;15;5,547852;100
100;3;15;5,547852;100
100;3;15;5,547852;100
100;3;15;5,547852;100
100;3;15;5,547852;100
100;3;15;5,547852;100
100;3;15;5,547852;100
100;2;2;5,547852;100
100;2;2;5,547852;100
100;3;15;5,547852;100
100;3;15;5,547852;100
100;2;2;5,547852;100
100;3;15;5,880859;100
100;3;15;5,880859;100
100;3;15;5,880859;100
100;3;15;5,880859;100
100;2;2;5,880859;100
100;2;2;5,880859;100
100;3;15;5,880859;100
100;2;2;5,880859;100
100;2;2;5,880859;100
100;3;15;6,213867;100
100;3;15;6,213867;100
100;2;2;6,213867;100
100;2;2;6,213867;100
100;2;2;6,213867;100
100;2;2;6,213867;100
100;2;2;6,213867;100
100;2;2;6,213867;100
100;2;2;6,213867;100
100;3;15;6,213867;100
100;2;2;6,213867;100
100;3;15;6,546875;100
100;3;15;6,546875;100
100;3;15;6,546875;100
100;3;15;6,546875;100
100;2;2;6,546875;100
100;2;2;6,546875;100
100;3;15;6,546875;100
100;3;15;6,546875;100
100;2;2;6,546875;100
100;3;15;6,546875;100
100;3;15;6,546875;100
100;2;2;6,546875;100
100;2;2;6,879883;100
100;2;2;6,879883;100
100;2;2;6,879883;100
100;2;2;6,879883;100
100;2;2;6,879883;100
100;3;15;6,879883;100
100;3;15;6,879883;100
100;2;2;6,879883;100
100;3;15;6,879883;100
100;2;2;6,879883;100
100;3;15;6,879883;100
100;2;2;6,879883;100
100;3;15;6,879883;100
100;3;15;6,879883;100
100;3;15;7,212891;100
100;3;15;7,212891;100
100;3;15;7,212891;100
100;2;2;7,212891;100
100;2;2;7,212891;100
100;3;15;7,212891;100
100;2;2;7,212891;100
100;2;2;7,545898;100
100;3;15;7,545898;100
100;2;2;7,545898;100
100;3;15;7,545898;100
100;3;15;7,545898;100
100;2;2;7,545898;100
100;2;2;7,545898;100
100;2;2;7,545898;100
100;3;15;7,878906;100
100;3;15;7,878906;100
100;3;15;7,878906;100
100;3;15;7,878906;100
100;2;2;7,878906;100
100;3;15;7,878906;100
100;3;15;7,878906;100
100;2;2;7,878906;100
100;2;2;8,211914;100
100;2;2;8,211914;100
100;3;15;8,211914;100
100;2;2;8,211914;100
100;3;15;8,211914;100
100;2;2;8,211914;100
100;2;2;8,211914;100
100;3;15;8,211914;100
100;3;15;8,544922;100
100;2;2;8,544922;100
100;3;15;8,544922;100
100;3;15;8,544922;100
100;2;2;8,544922;100
100;3;15;8,544922;100
100;3;15;8,544922;100
100;3;15;8,87793;100
100;3;15;8,87793;100
100;2;2;8,87793;100
100;2;2;8,87793;100
100;3;15;8,87793;100
100;3;15;8,87793;100
100;2;2;8,87793;100
100;3;15;8,87793;100
100;3;15;8,87793;100
100;3;15;9,210938;100
100;3;15;9,210938;100
100;3;15;9,210938;100
100;3;15;9,210938;100
100;2;2;9,210938;100
100;3;15;9,210938;100
100;2;2;9,210938;100
100;2;2;9,210938;100
100;2;2;9,210938;100
100;2;2;9,210938;100
100;3;15;9,543945;100
100;3;15;9,543945;100
100;3;15;9,543945;100
100;3;15;9,543945;100
100;3;15;9,543945;100
100;2;2;9,543945;100
100;3;15;9,876953;100
100;3;15;9,876953;100
100;2;2;9,876953;100
100;3;15;9,876953;100
100;3;15;9,876953;100
100;2;2;9,876953;100
100;3;15;9,876953;100
100;2;2;9,876953;100
100;2;2;10,20996;100
100;2;2;10,20996;100
100;3;15;10,20996;100
100;3;15;10,20996;100
100;3;15;10,20996;100
100;3;15;10,20996;100
100;3;15;10,20996;100
100;2;2;10,20996;100
100;2;2;10,54297;100
100;3;15;10,54297;100
100;2;2;10,54297;100
100;3;15;10,54297;100
100;2;2;10,54297;100
100;2;2;10,54297;100
100;3;15;10,54297;100
100;2;2;10,54297;100
100;3;15;10,87598;100
100;2;2;10,87598;100
100;3;15;10,87598;100
100;2;2;10,87598;100
100;3;15;10,87598;100
100;3;15;10,87598;100
100;3;15;10,87598;100
100;3;15;10,87598;100
100;2;2;11,20898;100
100;3;15;11,20898;100
100;2;2;11,20898;100
100;3;15;11,20898;100
100;2;2;11,20898;100
100;2;2;11,20898;100
100;3;15;11,20898;100
100;3;15;11,20898;100
100;3;15;11,20898;100
100;3;15;11,20898;100
100;2;2;11,20898;100
100;3;15;11,54199;100
100;2;2;11,54199;100
100;2;2;11,54199;100
100;3;15;11,54199;100
100;3;15;11,54199;100
100;2;2;11,54199;100
100;2;2;11,54199;100
100;3;15;11,875;100
100;2;2;11,875;100
100;2;2;11,875;100
100;2;2;11,875;100
100;3;15;11,875;100
100;2;2;11,875;100
100;3;15;12,20801;100
100;2;2;12,20801;100
100;2;2;12,20801;100
100;3;15;12,20801;100
100;3;15;12,20801;100
100;2;2;12,20801;100
100;2;2;12,20801;100
100;3;15;12,20801;100
100;3;15;12,20801;100
100;3;15;12,54102;100
100;3;15;12,54102;100
100;2;2;12,54102;100
100;2;2;12,54102;100
100;2;2;12,54102;100
100;2;2;12,54102;100
100;3;15;12,54102;100
100;3;15;12,87402;100
100;3;15;12,87402;100
100;3;15;12,87402;100
100;3;15;12,87402;100
100;2;2;12,87402;100
100;3;15;12,87402;100
100;2;2;12,87402;100
100;2;2;12,87402;100
100;2;2;12,87402;100
100;2;2;13,20703;100
100;2;2;13,20703;100
100;3;15;13,20703;100
100;3;15;13,20703;100
100;2;2;13,54004;100
100;2;2;13,54004;100
100;3;15;13,54004;100
100;3;15;13,54004;100
100;2;2;13,54004;100
100;2;2;13,54004;100
100;2;2;13,54004;100
100;2;2;13,54004;100
100;3;15;13,54004;100
100;2;2;13,87305;100
100;2;2;13,87305;100
100;3;15;13,87305;100
100;2;2;13,87305;100
100;3;15;13,87305;100
100;3;15;13,87305;100
100;2;2;13,87305;100
100;3;15;13,87305;100
100;3;15;13,87305;100
100;3;15;13,87305;100
100;3;15;13,87305;100
100;2;2;13,87305;100
100;2;2;14,20605;100
100;3;15;14,20605;100
100;3;15;14,20605;100
100;3;15;14,20605;100
100;3;15;14,53906;100
100;3;15;14,53906;100
100;2;2;14,53906;100
100;2;2;14,53906;100
100;3;15;14,53906;100
100;3;15;14,53906;100
100;2;2;14,53906;100
100;3;15;14,53906;100
100;3;15;14,53906;100
100;2;2;14,87207;100
100;2;2;14,87207;100
100;3;15;14,87207;100
100;3;15;14,87207;100
100;2;2;14,87207;100
100;3;15;14,87207;100
100;3;15;14,87207;100
100;2;2;14,87207;100
100;2;2;14,87207;100
100;3;15;15,20508;100
100;2;2;15,20508;100
100;3;15;15,20508;100
100;2;2;15,20508;100
100;3;15;15,20508;100
100;2;2;15,20508;100
100;2;2;15,20508;100
100;2;2;15,20508;100
100;3;15;15,20508;100
100;2;2;15,20508;100
100;3;15;15,20508;100
100;3;15;15,53809;100
100;2;2;15,53809;100
100;2;2;15,53809;100
100;3;15;15,53809;100
100;2;2;15,53809;100
100;3;15;15,53809;100
100;3;15;15,53809;100
100;3;15;15,53809;100
100;3;15;15,53809;100
100;2;2;15,53809;100
100;2;2;15,53809;100
100;2;2;15,53809;100
100;3;15;15,87109;100
100;2;2;15,87109;100
100;2;2;15,87109;100
100;3;15;15,87109;100
100;2;2;15,87109;100
100;2;2;15,87109;100
100;2;2;15,87109;100
100;3;15;15,87109;100
100;3;15;15,87109;100
100;2;2;16,2041;100
100;3;15;16,2041;100
100;2;2;16,2041;100
100;3;15;16,2041;100
100;3;15;16,2041;100
100;2;2;16,2041;100
100;2;2;16,2041;100
100;2;2;16,2041;100
100;2;2;16,2041;100
100;3;15;16,2041;100
100;3;15;16,53711;100
100;2;2;16,53711;100
100;3;15;16,53711;100
100;2;2;16,53711;100
100;3;15;16,53711;100
100;3;15;16,53711;100
100;2;2;16,53711;100
100;3;15;16,53711;100
100;2;2;16,53711;100
100;2;2;16,53711;100
100;2;2;16,53711;100
100;2;2;16,53711;100
100;3;15;16,53711;100
100;3;15;16,87012;100
100;3;15;16,87012;100
100;3;15;16,87012;100
100;3;15;16,87012;100
100;2;2;16,87012;100
100;3;15;16,87012;100
100;3;15;17,20313;100
100;2;2;17,20313;100
100;3;15;17,20313;100
100;2;2;17,20313;100
100;2;2;17,20313;100
100;3;15;17,20313;100
100;3;15;17,53613;100
100;3;15;17,53613;100
100;2;2;17,53613;100
100;3;15;17,53613;100
100;3;15;17,53613;100
100;3;15;17,53613;100
100;3;15;17,53613;100
100;3;15;17,53613;100
100;2;2;17,53613;100
100;3;15;17,53613;100
100;2;2;17,86914;100
100;2;2;17,86914;100
100;2;2;17,86914;100
100;3;15;17,86914;100
100;2;2;17,86914;100
100;3;15;17,86914;100
100;3;15;18,20215;100
100;2;2;18,20215;100
100;3;15;18,20215;100
100;2;2;18,20215;100
100;2;2;18,20215;100
100;2;2;18,53516;100
100;3;15;18,53516;100
100;2;2;18,53516;100
100;3;15;18,53516;100
100;3;15;18,53516;100
100;3;15;18,53516;100
100;2;2;18,53516;100
100;2;2;18,53516;100
100;3;15;18,86816;100
100;3;15;18,86816;100
100;3;15;18,86816;100
100;2;2;18,86816;100
100;3;15;18,86816;100
100;3;15;18,86816;100
100;3;15;18,86816;100
100;3;15;19,20117;100
100;3;15;19,20117;100
100;2;2;19,20117;100
100;3;15;19,20117;100
100;2;2;19,20117;100
100;3;15;19,20117;100
100;3;15;19,20117;100
100;3;15;19,53418;100
100;3;15;19,53418;100
100;3;15;19,53418;100
100;2;2;19,53418;100
100;3;15;19,53418;100
100;3;15;19,53418;100
100;2;2;19,53418;100
100;3;15;19,53418;100
100;2;2;19,53418;100
100;3;15;19,53418;100
100;2;2;19,53418;100
100;2;2;19,86719;100
100;2;2;19,86719;100
100;2;2;19,86719;100
100;3;15;19,86719;100
100;3;15;19,86719;100
100;2;2;19,86719;100
100;2;2;19,86719;100
100;2;2;19,86719;100
100;2;2;19,86719;100
100;3;15;19,86719;100
100;3;15;19,86719;100
100;2;2;19,86719;100
100;3;15;19,86719;100
100;3;15;20,2002;100
100;2;2;20,2002;100
100;3;15;20,2002;100
100;2;2;20,2002;100
100;2;2;20,2002;100
100;2;2;20,2002;100
100;2;2;20,2002;100
100;2;2;20,2002;100
100;3;15;20,2002;100
100;2;2;20,2002;100
100;2;2;20,2002;100
100;3;15;20,5332;100
100;2;2;20,5332;100
100;2;2;20,5332;100
100;2;2;20,5332;100
100;3;15;20,5332;100
100;2;2;20,5332;100
100;2;2;20,5332;100
100;2;2;20,5332;100
100;3;15;20,5332;100
100;2;2;20,5332;100
100;3;15;20,5332;100
100;2;2;20,86621;100
100;2;2;20,86621;100
100;3;15;20,86621;100
100;2;2;20,86621;100
100;2;2;20,86621;100
100;2;2;20,86621;100
100;2;2;20,86621;100
100;2;2;20,86621;100
100;3;15;20,86621;100
100;2;2;21,19922;100
100;3;15;21,19922;100
100;2;2;21,19922;100
100;3;15;21,19922;100
100;2;2;21,19922;100
100;2;2;21,19922;100
100;2;2;21,19922;100
100;3;15;21,19922;100
100;3;15;21,19922;100
100;3;15;21,53223;100
100;2;2;21,53223;100
100;2;2;21,53223;100
100;2;2;21,53223;100
100;3;15;21,53223;100
100;2;2;21,53223;100
100;2;2;21,53223;100
100;3;15;21,53223;100
100;3;15;21,53223;100
100;2;2;21,53223;100
100;2;2;21,86523;100
100;2;2;21,86523;100
100;2;2;21,86523;100
100;3;15;21,86523;100
100;3;15;21,86523;100
100;2;2;21,86523;100
100;2;2;21,86523;100
100;2;2;21,86523;100
100;2;2;21,86523;100
100;3;15;21,86523;100
100;3;15;22,19824;100
100;3;15;22,19824;100
100;2;2;22,19824;100
100;2;2;22,19824;100
100;2;2;22,19824;100
100;3;15;22,19824;100
100;3;15;22,19824;100
100;3;15;22,19824;100
100;2;2;22,19824;100
100;2;2;22,19824;100
100;2;2;22,19824;100
100;2;2;22,19824;100
100;3;15;22,53125;100
100;3;15;22,53125;100
100;3;15;22,53125;100
100;2;2;22,53125;100
100;2;2;22,53125;100
100;2;2;22,53125;100
100;2;2;22,53125;100
100;3;15;22,53125;100
100;2;2;22,53125;100
100;3;15;22,86426;100
100;3;15;22,86426;100
100;3;15;22,86426;100
100;3;15;22,86426;100
100;3;15;22,86426;100
100;2;2;22,86426;100
100;3;15;22,86426;100
100;2;2;22,86426;100
100;2;2;22,86426;100
100;2;2;22,86426;100
100;2;2;23,19727;100
100;3;15;23,19727;100
100;2;2;23,19727;100
100;3;15;23,19727;100
100;3;15;23,19727;100
100;2;2;23,19727;100
100;3;15;23,19727;100
100;3;15;23,19727;100
100;3;15;23,19727;100
100;3;15;23,53027;85
100;2;2;23,53027;85
100;3;15;23,53027;70
100;3;15;23,53027;55
100;2;2;23,53027;55
100;3;15;23,53027;40
100;3;15;23,53027;25
100;3;15;23,53027;10
100;3;15;23,53027;-5
Player