92;3;15;17,79004;100
92;3;15;17,79004;100
92;2;2;17,79004;100
92;3;15;17,79004;100
92;3;15;18,12354;100
92;3;15;18,12354;100
92;2;2;18,12354;100
92;3;15;18,12354;100
92;3;15;18,12354;100
92;3;15;18,12354;100
92;2;2;18,12354;100
92;2;2;18,12354;100
92;2;2;18,12354;100
92;2;2;18,12354;100
92;2;2;18,12354;100
92;2;2;18,45703;100
92;3;15;18,45703;100
92;2;2;18,45703;100
92;3;15;18,45703;100
92;2;2;18,45703;100
92;2;2;18,45703;100
92;3;15;18,45703;100
92;3;15;18,45703;100
92;2;2;18,45703;100
92;2;2;18,45703;100
92;3;15;18,45703;100
92;2;2;18,79053;100
92;2;2;18,79053;100
92;3;15;18,79053;100
92;3;15;18,79053;100
92;2;2;18,79053;100
92;3;15;19,12402;100
92;3;15;19,12402;100
92;2;2;19,12402;100
92;3;15;19,12402;100
92;3;15;19,12402;100
92;3;15;19,12402;100
92;3;15;19,12402;100
92;3;15;19,45752;100
92;3;15;19,45752;100
92;2;2;19,45752;100
92;3;15;19,45752;100
92;2;2;19,45752;100
92;3;15;19,45752;100
92;3;15;19,45752;100
92;3;15;19,79102;100
92;2;2;19,79102;100
92;2;2;19,79102;100
92;3;15;19,79102;100
92;3;15;19,79102;100
92;3;15;20,12451;100
92;3;15;20,12451;100
92;3;15;20,12451;100
92;3;15;20,12451;100
92;3;15;20,12451;100
92;3;15;20,12451;100
92;2;2;20,12451;100
92;3;15;20,45801;100
92;2;2;20,45801;100
92;3;15;20,45801;100
92;2;2;20,45801;100
92;2;2;20,45801;100
92;3;15;20,45801;100
92;3;15;20,45801;100
92;3;15;20,45801;100
92;2;2;20,45801;100
92;3;15;20,7915;100
92;3;15;20,7915;100
92;2;2;20,7915;100
92;3;15;20,7915;100
92;3;15;20,7915;100
92;3;15;21,125;100
92;3;15;21,125;100
92;3;15;21,125;100
92;2;2;21,125;100
92;3;15;21,125;100
92;3;15;21,125;100
92;3;15;21,125;100
92;3;15;21,125;100
92;2;2;21,4585;100
92;2;2;21,4585;100
92;2;2;21,4585;100
92;3;15;21,4585;100
92;2;2;21,4585;100
92;3;15;21,79199;100
92;3;15;21,79199;100
92;3;15;21,79199;100
92;2;2;21,79199;100
92;2;2;21,79199;100
92;3;15;21,79199;100
92;3;15;21,79199;100
92;3;15;21,79199;100
92;3;15;22,12549;100
92;2;2;22,12549;100
92;2;2;22,12549;100
92;3;15;22,12549;100
92;2;2;22,12549;100
92;2;2;22,12549;100
92;3;15;22,12549;100
92;3;15;22,45898;100
92;3;15;22,45898;100
92;3;15;22,45898;100
92;3;15;22,45898;100
92;3;15;22,45898;100
92;3;15;22,45898;100
92;3;15;22,45898;100
92;2;2;22,45898;100
92;3;15;22,79248;100
92;3;15;22,79248;100
92;3;15;22,79248;100
92;2;2;22,79248;100
92;2;2;22,79248;100
92;2;2;22,79248;100
92;3;15;22,79248;100
92;2;2;22,79248;100
92;2;2;22,79248;100
92;2;2;22,79248;100
92;2;2;23,12598;100
92;2;2;23,12598;100
92;3;15;23,12598;100
92;2;2;23,12598;100
92;3;15;23,12598;100
92;3;15;23,12598;100
92;3;15;23,45947;100
92;3;15;23,45947;100
92;2;2;23,45947;100
92;2;2;23,45947;100
92;3;15;23,45947;100
92;3;15;23,45947;100
92;3;15;23,79297;100
92;2;2;23,79297;100
92;2;2;23,79297;100
92;3;15;23,79297;100
92;2;2;23,79297;100
92;2;2;23,79297;100
92;3;15;23,79297;100
92;3;15;23,79297;100
92;3;15;24,12646;100
92;2;2;24,12646;100
92;3;15;24,12646;100
92;2;2;24,12646;100
92;3;15;24,12646;100
92;2;2;24,12646;100
92;3;15;24,12646;100
92;3;15;24,12646;100
92;3;15;24,45996;100
92;3;15;24,45996;100
92;3;15;24,45996;100
92;3;15;24,45996;100
92;2;2;24,45996;100
92;2;2;24,45996;100
92;2;2;24,45996;100
92;2;2;24,45996;100
92;2;2;24,45996;100
92;3;15;24,79346;100
92;2;2;24,79346;100
92;2;2;24,79346;100
92;2;2;24,79346;100
92;3;15;24,79346;100
92;2;2;25,12695;100
92;2;2;25,12695;100
92;3;15;25,12695;100
92;2;2;25,12695;100
92;3;15;25,12695;100
92;2;2;25,12695;100
92;3;15;25,12695;100
92;2;2;25,12695;100
92;2;2;25,46045;100
92;3;15;25,46045;100
92;2;2;25,46045;100
92;3;15;25,46045;100
92;3;15;25,46045;100
92;3;15;25,46045;100
92;2;2;25,46045;100
92;3;15;25,79395;100
92;2;2;25,79395;100
92;3;15;25,79395;100
92;2;2;25,79395;100
92;3;15;25,79395;100
92;3;15;25,79395;100
92;2;2;26,12744;100
92;2;2;26,12744;100
92;2;2;26,12744;100
92;2;2;26,12744;100
92;3;15;26,12744;100
92;3;15;26,12744;100
92;2;2;26,12744;100
92;2;2;26,12744;100
92;3;15;26,12744;100
92;3;15;26,46094;100
92;3;15;26,46094;100
92;3;15;26,46094;100
92;2;2;26,46094;100
92;3;15;26,46094;100
92;2;2;26,46094;100
92;2;2;26,46094;100
92;2;2;26,46094;100
92;3;15;26,46094;100
92;3;15;26,46094;100
92;3;15;26,79443;100
92;2;2;26,79443;100
92;3;15;26,79443;100
92;2;2;26,79443;100
92;2;2;26,79443;100
92;2;2;27,12793;100
92;3;15;27,12793;100
92;2;2;27,12793;100
92;2;2;27,12793;100
92;2;2;27,12793;100
92;2;2;27,12793;100
92;3;15;27,12793;100
92;3;15;27,46143;100
92;2;2;27,46143;100
92;2;2;27,46143;100
92;3;15;27,46143;100
92;3;15;27,46143;100
92;3;15;27,46143;100
92;3;15;27,79492;100
92;3;15;27,79492;100
92;3;15;27,79492;100
92;3;15;27,79492;100
92;2;2;27,79492;100
92;2;2;27,79492;100
92;2;2;27,79492;100
92;3;15;27,79492;100
92;2;2;27,79492;100
92;2;2;28,12842;100
92;3;15;28,12842;100
92;3;15;28,12842;100
92;3;15;28,12842;100
92;3;15;28,12842;100
92;3;15;28,12842;100
92;3;15;28,12842;100
92;3;15;28,12842;100
92;2;2;28,12842;100
92;3;15;28,46191;100
92;2;2;28,46191;100
92;2;2;28,46191;100
92;2;2;28,46191;100
92;2;2;28,46191;100
92;2;2;28,46191;100
92;2;2;28,79541;100
92;3;15;28,79541;100
92;3;15;28,79541;100
92;3;15;28,79541;100
92;2;2;28,79541;100
92;2;2;28,79541;100
92;2;2;29,12891;100
92;2;2;29,12891;100
92;3;15;29,12891;100
92;3;15;29,12891;100
92;3;15;29,12891;100
92;3;15;29,12891;100
92;2;2;29,12891;100
92;2;2;29,12891;100
92;3;15;29,4624;100
92;3;15;29,4624;100
92;2;2;29,4624;100
92;2;2;29,4624;100
92;3;15;29,4624;100
92;2;2;29,4624;100
92;3;15;29,4624;100
92;3;15;29,4624;100
92;3;15;29,4624;100
92;2;2;29,7959;100
92;3;15;29,7959;100
92;3;15;29,7959;100
92;2;2;29,7959;100
92;2;2;29,7959;100
92;2;2;29,7959;100
92;3;15;29,7959;100
92;3;15;29,7959;100
92;2;2;29,7959;100
92;2;2;29,7959;100
92;3;15;29,7959;100
92;3;15;30,12939;100
92;3;15;30,12939;100
92;2;2;30,12939;100
92;3;15;30,12939;100
92;2;2;30,12939;100
92;3;15;30,12939;100
92;2;2;30,12939;100
92;3;15;30,12939;100
92;3;15;30,46289;100
92;2;2;30,46289;100
92;2;2;30,46289;100
92;2;2;30,46289;100
92;3;15;30,46289;100
92;3;15;30,46289;100
92;3;15;30,46289;100
92;2;2;30,46289;100
92;3;15;30,46289;100
92;2;2;30,46289;100
92;3;15;30,79639;100
92;2;2;30,79639;100
92;3;15;30,79639;100
92;3;15;30,79639;100
92;2;2;30,79639;100
92;2;2;31,12988;100
92;2;2;31,12988;100
92;3;15;31,12988;100
92;3;15;31,12988;100
92;2;2;31,46338;100
92;2;2;31,46338;100
92;3;15;31,46338;100
92;3;15;31,46338;100
92;2;2;31,46338;100
92;2;2;31,46338;100
92;3;15;31,46338;100
92;3;15;31,46338;100
92;2;2;31,46338;100
92;2;2;31,46338;100
92;2;2;31,79688;100
92;3;15;31,79688;100
92;2;2;31,79688;100
92;2;2;31,79688;100
92;3;15;31,79688;100
92;3;15;31,79688;100
92;2;2;31,79688;100
92;2;2;31,79688;100
92;3;15;32,13037;100
92;2;2;32,13037;100
92;2;2;32,13037;100
92;2;2;32,13037;100
92;3;15;32,13037;100
92;2;2;32,46387;100
92;3;15;32,46387;100
92;3;15;32,46387;100
92;3;15;32,46387;100
92;2;2;32,46387;100
92;3;15;32,46387;100
92;3;15;32,46387;100
92;3;15;32,79736;100
92;3;15;32,79736;100
92;3;15;32,79736;100
92;2;2;32,79736;100
92;2;2;32,79736;100
92;2;2;32,79736;100
92;3;15;32,79736;100
92;2;2;32,79736;100
92;3;15;32,79736;100
92;3;15;32,79736;100
92;2;2;32,79736;100
92;2;2;32,79736;100
92;3;15;32,79736;100
92;2;2;33,13086;100
92;3;15;33,13086;100
92;3;15;33,13086;100
92;3;15;33,13086;100
92;3;15;33,13086;100
92;2;2;33,13086;100
92;2;2;33,13086;100
92;2;2;33,46436;100
92;2;2;33,46436;100
92;2;2;33,46436;100
92;3;15;33,46436;100
92;3;15;33,46436;100
92;3;15;33,46436;100
92;2;2;33,46436;100
92;3;15;33,46436;100
92;2;2;33,79785;100
92;2;2;33,79785;100
92;3;15;33,79785;100
92;3;15;33,79785;100
92;3;15;33,79785;100
92;3;15;34,13135;100
92;3;15;34,13135;100
92;2;2;34,13135;100
92;3;15;34,13135;100
92;3;15;34,13135;100
92;2;2;34,13135;100
92;2;2;34,13135;100
92;2;2;34,13135;100
92;2;2;34,46484;100
92;3;15;34,46484;100
92;3;15;34,46484;100
92;2;2;34,46484;100
92;2;2;34,46484;100
92;3;15;34,46484;100
92;2;2;34,46484;100
92;3;15;34,46484;100
92;3;15;34,46484;100
92;2;2;34,46484;100
92;3;15;34,46484;100
92;3;15;34,79834;100
92;3;15;34,79834;100
92;2;2;34,79834;100
92;3;15;34,79834;100
92;2;2;34,79834;100
92;2;2;35,13184;100
92;2;2;35,13184;100
92;3;15;35,13184;100
92;2;2;35,13184;100
92;2;2;35,13184;100
92;2;2;35,13184;100
92;2;2;35,13184;100
92;3;15;35,13184;100
92;2;2;35,13184;100
92;2;2;35,46533;100
92;2;2;35,46533;100
92;2;2;35,46533;100
92;2;2;35,46533;100
92;3;15;35,46533;100
92;2;2;35,46533;100
92;2;2;35,46533;100
92;2;2;35,46533;100
92;3;15;35,46533;100
92;3;15;35,79883;100
92;2;2;35,79883;100
92;2;2;35,79883;100
92;2;2;35,79883;100
92;3;15;35,79883;100
92;3;15;35,79883;100
92;3;15;35,79883;100
92;2;2;35,79883;100
92;2;2;35,79883;100
92;3;15;35,79883;100
92;2;2;35,79883;100
92;2;2;36,13232;100
92;3;15;36,13232;100
92;3;15;36,13232;100
92;3;15;36,13232;100
92;2;2;36,13232;100
92;3;15;36,13232;100
92;2;2;36,46582;100
92;2;2;36,46582;100
92;3;15;36,46582;100
92;3;15;36,46582;100
92;2;2;36,46582;100
92;3;15;36,46582;100
92;2;2;36,46582;100
92;3;15;36,46582;100
92;2;2;36,46582;100
92;2;2;36,79932;100
92;3;15;36,79932;100
92;3;15;36,79932;100
92;2;2;36,79932;100
92;3;15;36,79932;100
92;3;15;36,79932;100
92;3;15;37,13281;100
92;3;15;37,13281;100
92;2;2;37,13281;100
92;2;2;37,13281;100
92;2;2;37,13281;100
92;3;15;37,13281;100
92;3;15;37,13281;100
92;2;2;37,13281;100
92;3;15;37,13281;100
92;3;15;37,46631;85
92;2;2;37,46631;85
92;3;15;37,46631;70
92;3;15;37,46631;55
92;2;2;37,46631;55
92;3;15;37,7998;40
92;3;15;37,7998;40
92;2;2;37,7998;40
92;2;2;37,7998;40
92;3;15;37,7998;40
92;2;2;37,7998;40
92;2;2;37,7998;40
92;2;2;37,7998;40
92;3;15;37,7998;40
92;2;2;37,7998;40
92;3;15;38,1333;40
92;2;2;38,1333;40
92;2;2;38,1333;40
92;3;15;38,1333;40
92;2;2;38,1333;40
92;2;2;38,1333;40
92;3;15;38,1333;40
92;2;2;38,1333;40
92;2;2;38,4668;40
92;3;15;38,4668;25
92;3;15;38,4668;10
92;2;2;38,4668;10
92;2;2;38,4668;10
92;3;15;38,4668;-5
Player