100;2;2;7,203125;100
100;2;2;7,203125;100
100;2;2;7,203125;100
100;3;15;7,203125;100
100;2;2;7,536133;100
100;3;15;7,536133;100
100;2;2;7,536133;100
100;3;15;7,536133;100
100;3;15;7,536133;100
100;3;15;7,536133;100
100;2;2;7,536133;100
100;3;15;7,536133;100
100;3;15;7,536133;100
100;2;2;7,869141;100
100;3;15;7,869141;100
100;2;2;7,869141;100
100;2;2;7,869141;100
100;3;15;7,869141;100
100;2;2;7,869141;100
100;2;2;8,202148;100
100;2;2;8,202148;100
100;2;2;8,202148;100
100;3;15;8,202148;100
100;3;15;8,202148;100
100;2;2;8,202148;100
100;2;2;8,202148;100
100;3;15;8,202148;100
100;2;2;8,202148;100
100;3;15;8,202148;100
100;3;15;8,535156;100
100;3;15;8,535156;100
100;2;2;8,535156;100
100;3;15;8,535156;100
100;3;15;8,535156;100
100;2;2;8,535156;100
100;3;15;8,535156;100
100;2;2;8,535156;100
100;3;15;8,535156;100
100;3;15;8,535156;100
100;3;15;8,535156;100
100;3;15;8,535156;100
100;2;2;8,868164;100
100;2;2;8,868164;100
100;2;2;8,868164;100
100;2;2;8,868164;100
100;3;15;8,868164;100
100;2;2;8,868164;100
100;3;15;8,868164;100
100;3;15;8,868164;100
100;2;2;9,201172;100
100;3;15;9,201172;100
100;3;15;9,201172;100
100;3;15;9,201172;100
100;3;15;9,201172;100
100;3;15;9,201172;100
100;3;15;9,201172;100
100;2;2;9,201172;100
100;2;2;9,201172;100
100;3;15;9,201172;100
100;3;15;9,201172;100
100;3;15;9,53418;100
100;3;15;9,53418;100
100;3;15;9,53418;100
100;3;15;9,53418;100
100;3;15;9,53418;100
100;3;15;9,53418;100
100;3;15;9,53418;100
100;2;2;9,53418;100
100;3;15;9,53418;100
100;3;15;9,867188;100
100;2;2;9,867188;100
100;2;2;9,867188;100
100;2;2;9,867188;100
100;3;15;9,867188;100
100;2;2;9,867188;100
100;3;15;9,867188;100
100;2;2;9,867188;100
100;3;15;10,2002;100
100;3;15;10,2002;100
100;3;15;10,2002;100
100;2;2;10,2002;100
100;3;15;10,2002;100
100;2;2;10,2002;100
100;2;2;10,2002;100
100;3;15;10,2002;100
100;3;15;10,5332;100
100;3;15;10,5332;100
100;3;15;10,5332;100
100;2;2;10,5332;100
100;2;2;10,5332;100
100;2;2;10,5332;100
100;3;15;10,5332;100
100;2;2;10,5332;100
100;3;15;10,5332;100
100;2;2;10,5332;100
100;3;15;10,86621;100
100;2;2;10,86621;100
100;3;15;10,86621;100
100;2;2;10,86621;100
100;2;2;10,86621;100
100;2;2;10,86621;100
100;3;15;10,86621;100
100;2;2;10,86621;100
100;2;2;10,86621;100
100;3;15;10,86621;100
100;2;2;11,19922;100
100;3;15;11,19922;100
100;3;15;11,19922;100
100;3;15;11,19922;100
100;3;15;11,19922;100
100;3;15;11,19922;100
100;2;2;11,19922;100
100;2;2;11,19922;100
100;3;15;11,19922;100
100;2;2;11,19922;100
100;3;15;11,53223;100
100;2;2;11,53223;100
100;2;2;11,53223;100
100;2;2;11,53223;100
100;2;2;11,53223;100
100;3;15;11,53223;100
100;2;2;11,53223;100
100;2;2;11,53223;100
100;3;15;11,53223;100
100;2;2;11,53223;100
100;2;2;11,86523;100
100;3;15;11,86523;100
100;3;15;11,86523;100
100;2;2;11,86523;100
100;2;2;11,86523;100
100;2;2;11,86523;100
100;2;2;11,86523;100
100;2;2;11,86523;100
100;3;15;11,86523;100
100;3;15;11,86523;100
100;3;15;11,86523;100
100;3;15;11,86523;100
100;2;2;12,19824;100
100;2;2;12,19824;100
100;3;15;12,19824;100
100;3;15;12,19824;100
100;2;2;12,19824;100
100;3;15;12,19824;100
100;3;15;12,19824;100
100;3;15;12,19824;100
100;2;2;12,19824;100
100;3;15;12,19824;100
100;2;2;12,53125;100
100;3;15;12,53125;100
100;2;2;12,53125;100
100;3;15;12,53125;100
100;2;2;12,53125;100
100;2;2;12,53125;100
100;3;15;12,53125;100
100;2;2;12,53125;100
100;2;2;12,53125;100
100;2;2;12,53125;100
100;3;15;12,53125;100
100;3;15;12,86426;100
100;2;2;12,86426;100
100;3;15;12,86426;100
100;3;15;12,86426;100
100;2;2;12,86426;100
100;3;15;12,86426;100
100;2;2;12,86426;100
100;3;15;12,86426;100
100;2;2;12,86426;100
100;2;2;13,19727;100
100;3;15;13,19727;100
100;2;2;13,19727;100
100;3;15;13,19727;100
100;2;2;13,19727;100
100;2;2;13,19727;100
100;3;15;13,19727;100
100;2;2;13,19727;100
100;3;15;13,19727;100
100;3;15;13,19727;100
100;3;15;13,19727;100
100;3;15;13,19727;100
100;3;15;13,53027;100
100;3;15;13,53027;100
100;2;2;13,53027;100
100;2;2;13,53027;100
100;3;15;13,53027;100
100;2;2;13,53027;100
100;3;15;13,53027;100
100;3;15;13,53027;100
100;2;2;13,53027;100
100;3;15;13,86328;100
100;3;15;13,86328;100
100;2;2;13,86328;100
100;3;15;13,86328;100
100;3;15;13,86328;100
100;3;15;13,86328;100
100;2;2;13,86328;100
100;2;2;13,86328;100
100;2;2;13,86328;100
100;3;15;13,86328;100
100;3;15;13,86328;100
100;3;15;14,19629;100
100;2;2;14,19629;100
100;2;2;14,19629;100
100;3;15;14,19629;100
100;2;2;14,19629;100
100;3;15;14,19629;100
100;3;15;14,19629;100
100;3;15;14,5293;100
100;2;2;14,5293;100
100;2;2;14,5293;100
100;3;15;14,5293;100
100;3;15;14,5293;100
100;2;2;14,5293;100
100;3;15;14,5293;100
100;3;15;14,5293;100
100;3;15;14,8623;100
100;3;15;14,8623;100
100;2;2;14,8623;100
100;3;15;14,8623;100
100;3;15;14,8623;100
100;3;15;14,8623;100
100;2;2;14,8623;100
100;3;15;14,8623;100
100;3;15;15,19531;100
100;2;2;15,19531;100
100;3;15;15,19531;100
100;2;2;15,19531;100
100;3;15;15,19531;100
100;2;2;15,19531;100
100;3;15;15,19531;100
100;3;15;15,52832;100
100;3;15;15,52832;100
100;2;2;15,52832;100
100;3;15;15,52832;100
100;3;15;15,52832;100
100;3;15;15,52832;100
100;2;2;15,52832;100
100;3;15;15,86133;100
100;3;15;15,86133;100
100;2;2;15,86133;100
100;2;2;15,86133;100
100;2;2;15,86133;100
100;3;15;15,86133;100
100;2;2;16,19434;100
100;2;2;16,19434;100
100;2;2;16,19434;100
100;3;15;16,19434;100
100;3;15;16,19434;100
100;2;2;16,19434;100
100;3;15;16,19434;100
100;3;15;16,19434;100
100;3;15;16,19434;100
100;2;2;16,52734;100
100;2;2;16,52734;100
100;3;15;16,52734;100
100;2;2;16,52734;100
100;3;15;16,52734;100
100;2;2;16,52734;100
100;3;15;16,52734;100
100;2;2;16,52734;100
100;2;2;16,86035;100
100;3;15;16,86035;100
100;3;15;16,86035;100
100;3;15;16,86035;100
100;3;15;16,86035;100
100;2;2;16,86035;100
100;3;15;16,86035;100
100;3;15;17,19336;100
100;2;2;17,19336;100
100;3;15;17,19336;100
100;3;15;17,19336;100
100;2;2;17,19336;100
100;3;15;17,19336;100
100;3;15;17,19336;100
100;3;15;17,19336;100
100;2;2;17,19336;100
100;2;2;17,19336;100
100;2;2;17,52637;100
100;3;15;17,52637;100
100;3;15;17,52637;100
100;3;15;17,52637;100
100;3;15;17,52637;100
100;3;15;17,52637;100
100;2;2;17,52637;100
100;3;15;17,52637;100
100;3;15;17,52637;100
100;3;15;17,85938;100
100;2;2;17,85938;100
100;3;15;17,85938;100
100;2;2;17,85938;100
100;2;2;17,85938;100
100;3;15;17,85938;100
100;3;15;17,85938;100
100;2;2;17,85938;100
100;2;2;17,85938;100
100;3;15;17,85938;100
100;3;15;18,19238;100
100;2;2;18,19238;100
100;2;2;18,19238;100
100;3;15;18,19238;100
100;3;15;18,19238;100
100;3;15;18,19238;100
100;3;15;18,19238;100
100;2;2;18,19238;100
100;3;15;18,52539;100
100;2;2;18,52539;100
100;3;15;18,52539;100
100;2;2;18,52539;100
100;3;15;18,52539;100
100;3;15;18,52539;100
100;2;2;18,52539;100
100;3;15;18,52539;100
100;3;15;18,52539;100
100;3;15;18,52539;100
100;3;15;18,52539;100
100;2;2;18,8584;100
100;3;15;18,8584;85
100;3;15;18,8584;70
100;2;2;18,8584;70
100;2;2;18,8584;70
100;3;15;18,8584;55
100;2;2;18,8584;55
100;2;2;18,8584;55
100;3;15;18,8584;40
100;2;2;18,8584;40
100;2;2;19,19141;40
100;2;2;19,19141;40
100;2;2;19,19141;40
100;3;15;19,19141;40
100;3;15;19,19141;40
100;2;2;19,19141;40
100;3;15;19,19141;40
100;2;2;19,19141;40
100;2;2;19,19141;40
100;2;2;19,19141;40
100;3;15;19,52441;40
100;3;15;19,52441;40
100;3;15;19,52441;40
100;2;2;19,52441;40
100;3;15;19,52441;40
100;2;2;19,52441;40
100;2;2;19,52441;40
100;2;2;19,52441;40
100;2;2;19,85742;40
100;3;15;19,85742;25
100;3;15;19,85742;10
100;3;15;19,85742;-5
Player