100;2;2;30,0752;100
100;3;15;30,0752;100
100;2;2;30,0752;100
100;2;2;30,40869;100
100;2;2;30,40869;100
100;2;2;30,40869;100
100;2;2;30,40869;100
100;3;15;30,40869;100
100;3;15;30,40869;100
100;3;15;30,40869;100
100;2;2;30,40869;100
100;3;15;30,74219;100
100;2;2;30,74219;100
100;3;15;30,74219;100
100;2;2;30,74219;100
100;3;15;30,74219;100
100;3;15;30,74219;100
100;3;15;30,74219;100
100;2;2;30,74219;100
100;2;2;30,74219;100
100;3;15;30,74219;100
100;3;15;30,74219;100
100;2;2;31,07568;100
100;3;15;31,07568;100
100;3;15;31,07568;100
100;2;2;31,07568;100
100;3;15;31,07568;100
100;2;2;31,07568;100
100;3;15;31,07568;100
100;2;2;31,07568;100
100;3;15;31,40918;100
100;2;2;31,40918;100
100;3;15;31,40918;100
100;2;2;31,40918;100
100;3;15;31,40918;100
100;2;2;31,40918;100
100;2;2;31,40918;100
100;3;15;31,40918;100
100;3;15;31,74268;100
100;2;2;31,74268;100
100;2;2;31,74268;100
100;2;2;31,74268;100
100;2;2;31,74268;100
100;2;2;31,74268;100
100;3;15;31,74268;100
100;2;2;31,74268;100
100;2;2;31,74268;100
100;3;15;31,74268;100
100;3;15;32,07617;100
100;3;15;32,07617;100
100;3;15;32,07617;100
100;2;2;32,07617;100
100;3;15;32,07617;100
100;2;2;32,07617;100
100;2;2;32,07617;100
100;3;15;32,40967;100
100;3;15;32,40967;100
100;2;2;32,40967;100
100;3;15;32,40967;100
100;3;15;32,40967;100
100;2;2;32,40967;100
100;3;15;32,40967;100
100;3;15;32,74316;100
100;3;15;32,74316;100
100;3;15;32,74316;100
100;3;15;32,74316;100
100;2;2;32,74316;100
100;2;2;33,07666;100
100;3;15;33,07666;100
100;2;2;33,07666;100
100;2;2;33,07666;100
100;3;15;33,07666;100
100;3;15;33,07666;100
100;3;15;33,07666;100
100;2;2;33,07666;100
100;2;2;33,07666;100
100;2;2;33,07666;100
100;2;2;33,07666;100
100;3;15;33,07666;100
100;2;2;33,07666;100
100;2;2;33,41016;100
100;2;2;33,41016;100
100;2;2;33,41016;100
100;3;15;33,41016;100
100;3;15;33,41016;100
100;3;15;33,41016;100
100;2;2;33,41016;100
100;3;15;33,41016;100
100;3;15;33,74365;100
100;3;15;33,74365;100
100;3;15;33,74365;100
100;2;2;33,74365;100
100;2;2;33,74365;100
100;2;2;33,74365;100
100;3;15;33,74365;100
100;2;2;33,74365;100
100;3;15;34,07715;100
100;3;15;34,07715;100
100;3;15;34,07715;100
100;3;15;34,07715;100
100;2;2;34,07715;100
100;2;2;34,07715;100
100;3;15;34,07715;100
100;2;2;34,07715;100
100;3;15;34,41064;100
100;3;15;34,41064;100
100;3;15;34,41064;100
100;2;2;34,41064;100
100;3;15;34,41064;100
100;3;15;34,41064;100
100;3;15;34,41064;100
100;2;2;34,74414;100
100;3;15;34,74414;100
100;3;15;34,74414;100
100;3;15;34,74414;100
100;3;15;34,74414;100
100;3;15;34,74414;100
100;2;2;34,74414;100
100;3;15;35,07764;100
100;3;15;35,07764;100
100;3;15;35,07764;100
100;2;2;35,07764;100
100;3;15;35,07764;100
100;3;15;35,07764;100
100;2;2;35,07764;100
100;2;2;35,07764;100
100;3;15;35,07764;100
100;2;2;35,07764;100
100;2;2;35,41113;100
100;2;2;35,41113;100
100;3;15;35,41113;100
100;2;2;35,41113;100
100;2;2;35,41113;100
100;3;15;35,41113;100
100;2;2;35,41113;100
100;3;15;35,41113;100
100;2;2;35,41113;100
100;2;2;35,41113;100
100;2;2;35,41113;100
100;2;2;35,74463;100
100;2;2;35,74463;100
100;3;15;35,74463;100
100;2;2;35,74463;100
100;2;2;35,74463;100
100;2;2;35,74463;100
100;2;2;35,74463;100
100;3;15;35,74463;100
100;2;2;35,74463;100
100;3;15;35,74463;100
100;2;2;35,74463;100
100;3;15;36,07813;100
100;2;2;36,07813;100
100;3;15;36,07813;100
100;3;15;36,07813;100
100;2;2;36,07813;100
100;3;15;36,07813;100
100;2;2;36,07813;100
100;2;2;36,07813;100
100;3;15;36,07813;100
100;2;2;36,41162;100
100;2;2;36,41162;100
100;2;2;36,41162;100
100;2;2;36,41162;100
100;2;2;36,41162;100
100;3;15;36,41162;100
100;2;2;36,41162;100
100;3;15;36,74512;100
100;2;2;36,74512;100
100;2;2;36,74512;100
100;2;2;36,74512;100
100;3;15;36,74512;100
100;3;15;36,74512;100
100;3;15;36,74512;100
100;2;2;36,74512;100
100;2;2;36,74512;100
100;2;2;36,74512;100
100;2;2;37,07861;100
100;2;2;37,07861;100
100;2;2;37,07861;100
100;3;15;37,07861;100
100;2;2;37,07861;100
100;3;15;37,07861;100
100;2;2;37,07861;100
100;3;15;37,07861;100
100;3;15;37,07861;100
100;2;2;37,41211;100
100;2;2;37,41211;100
100;2;2;37,41211;100
100;2;2;37,41211;100
100;3;15;37,41211;100
100;3;15;37,74561;100
100;3;15;37,74561;100
100;3;15;37,74561;100
100;3;15;37,74561;100
100;3;15;37,74561;100
100;2;2;37,74561;100
100;2;2;37,74561;100
100;2;2;37,74561;100
100;2;2;37,74561;100
100;3;15;38,0791;100
100;2;2;38,0791;100
100;2;2;38,0791;100
100;3;15;38,0791;100
100;2;2;38,4126;100
100;2;2;38,4126;100
100;2;2;38,4126;100
100;2;2;38,4126;100
100;3;15;38,4126;100
100;2;2;38,4126;100
100;3;15;38,74609;100
100;2;2;38,74609;100
100;2;2;38,74609;100
100;3;15;38,74609;100
100;2;2;38,74609;100
100;3;15;38,74609;100
100;2;2;38,74609;100
100;2;2;38,74609;100
100;3;15;38,74609;100
100;2;2;39,07959;100
100;3;15;39,07959;100
100;2;2;39,07959;100
100;2;2;39,07959;100
100;3;15;39,07959;100
100;2;2;39,07959;100
100;2;2;39,07959;100
100;2;2;39,07959;100
100;3;15;39,41309;100
100;3;15;39,41309;100
100;2;2;39,41309;100
100;3;15;39,41309;100
100;3;15;39,41309;100
100;3;15;39,74658;100
100;3;15;39,74658;100
100;3;15;39,74658;100
100;2;2;39,74658;100
100;3;15;39,74658;100
100;2;2;39,74658;100
100;2;2;39,74658;100
100;2;2;39,74658;100
100;3;15;40,08008;100
100;3;15;40,08008;100
100;3;15;40,08008;100
100;2;2;40,08008;100
100;3;15;40,08008;100
100;3;15;40,41357;100
100;3;15;40,41357;100
100;2;2;40,41357;100
100;2;2;40,41357;100
100;2;2;40,41357;100
100;3;15;40,41357;100
100;2;2;40,74707;100
100;2;2;40,74707;100
100;3;15;40,74707;100
100;2;2;40,74707;100
100;2;2;40,74707;100
100;3;15;40,74707;100
100;2;2;40,74707;100
100;2;2;40,74707;100
100;3;15;40,74707;100
100;2;2;41,08057;100
100;3;15;41,08057;100
100;2;2;41,08057;100
100;2;2;41,08057;100
100;2;2;41,08057;100
100;2;2;41,08057;100
100;2;2;41,08057;100
100;3;15;41,08057;100
100;2;2;41,41406;100
100;3;15;41,41406;100
100;3;15;41,41406;100
100;3;15;41,41406;100
100;2;2;41,41406;100
100;3;15;41,41406;100
100;2;2;41,74756;100
100;2;2;41,74756;100
100;2;2;41,74756;100
100;3;15;41,74756;100
100;3;15;41,74756;100
100;3;15;41,74756;100
100;3;15;41,74756;100
100;2;2;41,74756;100
100;2;2;42,08105;100
100;3;15;42,08105;100
100;3;15;42,08105;100
100;2;2;42,08105;100
100;3;15;42,08105;100
100;2;2;42,41455;100
100;3;15;42,41455;100
100;3;15;42,41455;100
100;3;15;42,41455;100
100;2;2;42,41455;100
100;3;15;42,41455;100
100;3;15;42,41455;100
100;3;15;42,41455;100
100;3;15;42,41455;100
100;3;15;42,74805;100
100;2;2;42,74805;100
100;3;15;42,74805;100
100;3;15;42,74805;100
100;3;15;42,74805;100
100;3;15;43,08154;100
100;2;2;43,08154;100
100;3;15;43,08154;100
100;2;2;43,08154;100
100;3;15;43,08154;100
100;3;15;43,08154;100
100;3;15;43,08154;100
100;3;15;43,41504;100
100;3;15;43,41504;100
100;2;2;43,41504;100
100;3;15;43,41504;100
100;2;2;43,41504;100
100;2;2;43,41504;100
100;2;2;43,41504;100
100;2;2;43,74854;100
100;2;2;43,74854;100
100;3;15;43,74854;100
100;3;15;43,74854;100
100;3;15;43,74854;100
100;3;15;43,74854;100
100;2;2;43,74854;100
100;3;15;43,74854;100
100;2;2;44,08203;100
100;2;2;44,08203;100
100;3;15;44,08203;100
100;2;2;44,08203;100
100;2;2;44,08203;100
100;2;2;44,08203;100
100;3;15;44,08203;100
100;3;15;44,08203;100
100;2;2;44,41553;100
100;2;2;44,41553;100
100;3;15;44,41553;100
100;3;15;44,41553;100
100;2;2;44,74902;100
100;3;15;44,74902;100
100;3;15;44,74902;100
100;3;15;44,74902;100
100;3;15;44,74902;100
100;3;15;44,74902;100
100;3;15;45,08252;100
100;3;15;45,08252;100
100;3;15;45,08252;100
100;3;15;45,08252;100
100;3;15;45,08252;100
100;3;15;45,08252;100
100;2;2;45,41602;100
100;3;15;45,41602;100
100;3;15;45,41602;100
100;3;15;45,41602;100
100;2;2;45,41602;100
100;3;15;45,41602;100
100;3;15;45,41602;100
100;2;2;45,74951;100
100;2;2;45,74951;100
100;3;15;45,74951;100
100;3;15;45,74951;100
100;2;2;45,74951;100
100;3;15;45,74951;100
100;3;15;46,08301;100
100;3;15;46,08301;100
100;3;15;46,08301;100
100;2;2;46,08301;100
100;3;15;46,08301;100
100;3;15;46,08301;100
100;3;15;46,08301;100
100;2;2;46,08301;100
100;3;15;46,08301;100
100;3;15;46,08301;100
100;3;15;46,4165;100
100;2;2;46,4165;100
100;2;2;46,4165;100
100;2;2;46,4165;100
100;3;15;46,4165;100
100;3;15;46,4165;100
100;3;15;46,4165;100
100;3;15;46,4165;100
100;2;2;46,75;100
100;3;15;46,75;100
100;3;15;46,75;100
100;2;2;46,75;100
100;2;2;46,75;100
100;3;15;46,75;100
100;2;2;46,75;100
100;3;15;46,75;100
100;3;15;46,75;100
100;2;2;46,75;100
100;3;15;47,0835;100
100;2;2;47,0835;100
100;3;15;47,0835;100
100;2;2;47,0835;100
100;2;2;47,0835;100
100;2;2;47,0835;100
100;3;15;47,0835;100
100;2;2;47,41699;100
100;2;2;47,41699;100
100;2;2;47,41699;100
100;3;15;47,41699;100
100;2;2;47,41699;100
100;3;15;47,41699;100
100;2;2;47,41699;100
100;2;2;47,41699;100
100;3;15;47,41699;100
100;2;2;47,41699;100
100;2;2;47,75049;100
100;3;15;47,75049;100
100;2;2;47,75049;100
100;3;15;47,75049;100
100;3;15;47,75049;100
100;2;2;47,75049;100
100;2;2;47,75049;100
100;2;2;47,75049;100
100;3;15;48,08398;100
100;3;15;48,08398;100
100;3;15;48,08398;100
100;2;2;48,08398;100
100;2;2;48,08398;100
100;2;2;48,08398;100
100;3;15;48,08398;100
100;2;2;48,41748;100
100;3;15;48,41748;100
100;2;2;48,41748;100
100;3;15;48,41748;100
100;3;15;48,41748;100
100;3;15;48,41748;100
100;2;2;48,41748;100
100;2;2;48,41748;100
100;2;2;48,41748;100
100;3;15;48,41748;100
100;2;2;48,75098;100
100;2;2;48,75098;100
100;3;15;48,75098;100
100;3;15;48,75098;100
100;3;15;48,75098;100
100;3;15;48,75098;100
100;2;2;48,75098;100
100;2;2;48,75098;100
100;3;15;48,75098;100
100;2;2;48,75098;100
100;3;15;49,08447;100
100;3;15;49,08447;100
100;3;15;49,08447;100
100;3;15;49,08447;100
100;3;15;49,08447;100
100;3;15;49,08447;100
100;2;2;49,08447;100
100;2;2;49,08447;100
100;2;2;49,08447;100
100;3;15;49,08447;100
100;2;2;49,41797;100
100;3;15;49,41797;100
100;3;15;49,41797;100
100;3;15;49,41797;100
100;2;2;49,41797;100
100;3;15;49,41797;100
100;3;15;49,41797;100
100;3;15;49,41797;100
100;3;15;49,41797;100
100;3;15;49,41797;100
100;2;2;49,41797;100
100;2;2;49,75146;100
100;3;15;49,75146;100
100;2;2;49,75146;100
100;2;2;49,75146;100
100;3;15;49,75146;100
100;3;15;49,75146;100
100;3;15;49,75146;100
100;2;2;50,08496;100
100;3;15;50,08496;100
100;2;2;50,08496;100
100;3;15;50,08496;100
100;3;15;50,08496;100
100;2;2;50,08496;100
100;3;15;50,41846;100
100;2;2;50,41846;100
100;2;2;50,41846;100
100;3;15;50,41846;100
100;2;2;50,41846;100
100;2;2;50,41846;100
100;2;2;50,41846;100
100;2;2;50,41846;100
100;3;15;50,41846;100
100;2;2;50,41846;100
100;3;15;50,75195;100
100;2;2;50,75195;100
100;2;2;50,75195;100
100;3;15;50,75195;100
100;2;2;50,75195;100
100;2;2;50,75195;100
100;3;15;50,75195;100
100;3;15;50,75195;100
100;3;15;51,08545;100
100;2;2;51,08545;100
100;2;2;51,08545;100
100;3;15;51,08545;100
100;3;15;51,08545;100
100;3;15;51,08545;100
100;2;2;51,08545;100
100;3;15;51,41895;100
100;2;2;51,41895;100
100;2;2;51,41895;100
100;2;2;51,41895;100
100;3;15;51,41895;100
100;3;15;51,41895;100
100;3;15;51,41895;100
100;3;15;51,41895;100
100;3;15;51,75244;100
100;2;2;51,75244;100
100;3;15;51,75244;100
100;3;15;51,75244;100
100;3;15;51,75244;100
100;3;15;51,75244;100
100;2;2;51,75244;100
100;2;2;51,75244;100
100;3;15;52,08594;100
100;3;15;52,08594;100
100;2;2;52,08594;100
100;3;15;52,08594;100
100;3;15;52,08594;100
100;2;2;52,08594;100
100;3;15;52,08594;100
100;3;15;52,08594;100
100;2;2;52,08594;100
100;2;2;52,41943;100
100;3;15;52,41943;100
100;2;2;52,41943;100
100;2;2;52,41943;100
100;3;15;52,41943;100
100;3;15;52,41943;100
100;2;2;52,41943;100
100;3;15;52,41943;100
100;2;2;52,41943;100
100;2;2;52,41943;100
100;3;15;52,75293;100
100;2;2;52,75293;100
100;2;2;52,75293;100
100;3;15;52,75293;100
100;3;15;52,75293;100
100;3;15;52,75293;100
100;2;2;52,75293;100
100;3;15;52,75293;100
100;2;2;52,75293;100
100;2;2;52,75293;100
100;3;15;52,75293;100
100;2;2;52,75293;100
100;3;15;53,08643;100
100;2;2;53,08643;100
100;3;15;53,08643;100
100;2;2;53,08643;100
100;3;15;53,08643;100
100;3;15;53,08643;100
100;3;15;53,08643;100
100;3;15;53,08643;100
100;2;2;53,41992;100
100;3;15;53,41992;100
100;3;15;53,41992;100
100;3;15;53,41992;100
100;3;15;53,41992;100
100;2;2;53,41992;100
100;3;15;53,41992;100
100;2;2;53,41992;100
100;2;2;53,41992;100
100;2;2;53,41992;100
100;3;15;53,75342;100
100;3;15;53,75342;100
100;3;15;53,75342;100
100;2;2;53,75342;100
100;2;2;53,75342;100
100;3;15;53,75342;100
100;3;15;53,75342;100
100;3;15;53,75342;100
100;2;2;53,75342;100
100;2;2;53,75342;100
100;3;15;54,08691;100
100;2;2;54,08691;100
100;2;2;54,08691;100
100;2;2;54,08691;100
100;3;15;54,08691;100
100;3;15;54,08691;100
100;3;15;54,08691;100
100;3;15;54,08691;100
100;3;15;54,08691;100
100;2;2;54,42041;100
100;2;2;54,42041;100
100;3;15;54,42041;100
100;2;2;54,42041;100
100;3;15;54,42041;100
100;2;2;54,42041;100
100;3;15;54,42041;100
100;2;2;54,42041;100
100;2;2;54,42041;100
100;2;2;54,75391;100
100;3;15;54,75391;100
100;2;2;54,75391;100
100;2;2;54,75391;100
100;3;15;54,75391;100
100;2;2;54,75391;100
100;3;15;54,75391;100
100;2;2;54,75391;100
100;3;15;55,0874;100
100;3;15;55,0874;100
100;2;2;55,0874;100
100;2;2;55,0874;100
100;2;2;55,0874;100
100;3;15;55,0874;100
100;3;15;55,0874;100
100;3;15;55,0874;100
100;2;2;55,0874;100
100;2;2;55,0874;100
100;3;15;55,0874;100
100;3;15;55,4209;100
100;3;15;55,4209;100
100;3;15;55,4209;100
100;2;2;55,4209;100
100;2;2;55,4209;100
100;3;15;55,4209;100
100;2;2;55,4209;100
100;2;2;55,75439;100
100;3;15;55,75439;100
100;2;2;55,75439;100
100;2;2;55,75439;100
100;2;2;55,75439;100
100;3;15;55,75439;100
100;3;15;55,75439;100
100;2;2;56,08789;100
100;2;2;56,08789;100
100;2;2;56,08789;100
100;3;15;56,08789;100
100;2;2;56,08789;100
100;3;15;56,08789;100
100;3;15;56,08789;100
100;2;2;56,08789;100
100;3;15;56,08789;100
100;3;15;56,08789;100
100;2;2;56,42139;100
100;2;2;56,42139;100
100;2;2;56,42139;100
100;2;2;56,42139;100
100;3;15;56,42139;100
100;3;15;56,42139;100
100;3;15;56,42139;100
100;3;15;56,75488;100
100;3;15;56,75488;100
100;2;2;56,75488;100
100;3;15;56,75488;100
100;3;15;57,08838;100
100;2;2;57,08838;100
100;2;2;57,08838;100
100;3;15;57,08838;100
100;2;2;57,08838;100
100;3;15;57,08838;100
100;3;15;57,08838;100
100;2;2;57,08838;100
100;3;15;57,42188;100
100;3;15;57,42188;100
100;3;15;57,42188;100
100;3;15;57,42188;100
100;3;15;57,42188;100
100;3;15;57,42188;100
100;3;15;57,42188;100
100;2;2;57,75537;100
100;3;15;57,75537;85
100;3;15;57,75537;70
100;2;2;57,75537;70
100;3;15;57,75537;55
100;2;2;57,75537;55
100;3;15;57,75537;40
100;3;15;57,75537;25
100;3;15;58,08887;10
100;3;15;58,08887;10
100;2;2;58,08887;10
100;3;15;58,08887;10
100;2;2;58,08887;10
100;3;15;58,08887;10
100;2;2;58,08887;10
100;2;2;58,42236;10
100;2;2;58,42236;10
100;2;2;58,42236;10
100;3;15;58,42236;10
100;3;15;58,42236;10
100;3;15;58,42236;10
100;2;2;58,42236;10
100;3;15;58,42236;10
100;2;2;58,42236;10
100;3;15;58,42236;10
100;3;15;58,75586;10
100;2;2;58,75586;10
100;2;2;58,75586;10
100;3;15;58,75586;10
100;2;2;58,75586;10
100;3;15;58,75586;10
100;2;2;58,75586;10
100;3;15;58,75586;10
100;3;15;58,75586;10
100;3;15;59,08936;10
100;2;2;59,08936;10
100;2;2;59,08936;10
100;3;15;59,08936;10
100;3;15;59,08936;10
100;3;15;59,08936;10
100;3;15;59,08936;10
100;2;2;59,08936;10
100;3;15;59,08936;10
100;2;2;59,42285;10
100;3;15;59,42285;10
100;3;15;59,42285;10
100;3;15;59,42285;10
100;3;15;59,42285;10
100;3;15;59,42285;10
100;3;15;59,42285;10
100;2;2;59,75635;10
100;2;2;59,75635;10
100;3;15;59,75635;10
100;3;15;59,75635;10
100;2;2;0,08984375;10
100;2;2;0,08984375;10
100;2;2;0,08984375;10
100;3;15;0,08984375;-5
Player