100;2;2;18,19629;100
100;2;2;18,19629;100
100;2;2;18,19629;100
100;2;2;18,19629;100
100;2;2;18,19629;100
100;3;15;18,52954;100
100;3;15;18,52954;100
100;3;15;18,52954;100
100;2;2;18,52954;100
100;3;15;18,52954;100
100;3;15;18,52954;100
100;2;2;18,52954;100
100;3;15;18,52954;100
100;2;2;18,52954;100
100;3;15;18,52954;100
100;2;2;18,86279;100
100;3;15;18,86279;100
100;3;15;18,86279;100
100;3;15;18,86279;100
100;3;15;18,86279;100
100;3;15;18,86279;100
100;3;15;19,19604;100
100;3;15;19,19604;100
100;3;15;19,19604;100
100;3;15;19,19604;100
100;2;2;19,19604;100
100;2;2;19,19604;100
100;3;15;19,19604;100
100;2;2;19,5293;100
100;3;15;19,5293;100
100;3;15;19,5293;100
100;2;2;19,5293;100
100;3;15;19,5293;100
100;2;2;19,5293;100
100;2;2;19,5293;100
100;2;2;19,5293;100
100;2;2;19,5293;100
100;2;2;19,5293;100
100;3;15;19,86255;100
100;2;2;19,86255;100
100;2;2;19,86255;100
100;3;15;19,86255;100
100;2;2;19,86255;100
100;2;2;19,86255;100
100;3;15;19,86255;100
100;3;15;19,86255;100
100;3;15;20,1958;100
100;2;2;20,1958;100
100;3;15;20,1958;100
100;2;2;20,1958;100
100;2;2;20,1958;100
100;3;15;20,1958;100
100;2;2;20,52905;100
100;3;15;20,52905;100
100;2;2;20,52905;100
100;2;2;20,52905;100
100;3;15;20,52905;100
100;3;15;20,52905;100
100;3;15;20,52905;100
100;2;2;20,52905;100
100;2;2;20,52905;100
100;2;2;20,52905;100
100;3;15;20,8623;100
100;3;15;20,8623;100
100;3;15;20,8623;100
100;3;15;20,8623;100
100;3;15;20,8623;100
100;3;15;20,8623;100
100;2;2;20,8623;100
100;3;15;20,8623;100
100;2;2;21,19556;100
100;2;2;21,19556;100
100;3;15;21,19556;100
100;2;2;21,19556;100
100;3;15;21,19556;100
100;2;2;21,19556;100
100;2;2;21,19556;100
100;2;2;21,19556;100
100;2;2;21,19556;100
100;2;2;21,52881;100
100;3;15;21,52881;100
100;3;15;21,52881;100
100;2;2;21,52881;100
100;2;2;21,52881;100
100;3;15;21,52881;100
100;2;2;21,52881;100
100;3;15;21,52881;100
100;3;15;21,86206;100
100;2;2;21,86206;100
100;2;2;21,86206;100
100;2;2;21,86206;100
100;3;15;21,86206;100
100;3;15;21,86206;100
100;3;15;21,86206;100
100;3;15;21,86206;100
100;2;2;22,19531;100
100;3;15;22,19531;100
100;3;15;22,19531;100
100;2;2;22,19531;100
100;2;2;22,19531;100
100;3;15;22,19531;100
100;2;2;22,19531;100
100;2;2;22,19531;100
100;3;15;22,19531;100
100;3;15;22,52856;100
100;3;15;22,52856;100
100;3;15;22,52856;100
100;3;15;22,52856;100
100;2;2;22,52856;100
100;2;2;22,52856;100
100;3;15;22,52856;100
100;2;2;22,52856;100
100;3;15;22,86182;100
100;3;15;22,86182;100
100;3;15;22,86182;100
100;2;2;22,86182;100
100;3;15;22,86182;100
100;3;15;22,86182;100
100;3;15;22,86182;100
100;2;2;22,86182;100
100;2;2;22,86182;100
100;2;2;23,19507;100
100;3;15;23,19507;100
100;3;15;23,19507;100
100;2;2;23,19507;100
100;2;2;23,19507;100
100;3;15;23,19507;100
100;2;2;23,19507;100
100;2;2;23,19507;100
100;2;2;23,52832;100
100;3;15;23,52832;100
100;2;2;23,52832;100
100;3;15;23,52832;100
100;3;15;23,52832;100
100;3;15;23,52832;100
100;3;15;23,52832;100
100;3;15;23,52832;100
100;2;2;23,52832;100
100;2;2;23,52832;100
100;3;15;23,86157;100
100;2;2;23,86157;100
100;3;15;23,86157;100
100;2;2;23,86157;100
100;3;15;23,86157;100
100;3;15;23,86157;100
100;3;15;23,86157;100
100;3;15;23,86157;100
100;3;15;24,19482;100
100;2;2;24,19482;100
100;2;2;24,19482;100
100;3;15;24,19482;100
100;3;15;24,19482;100
100;3;15;24,19482;100
100;2;2;24,19482;100
100;3;15;24,19482;100
100;2;2;24,19482;100
100;3;15;24,19482;100
100;3;15;24,52808;100
100;3;15;24,52808;100
100;3;15;24,52808;100
100;3;15;24,52808;100
100;2;2;24,52808;100
100;3;15;24,52808;100
100;2;2;24,52808;100
100;3;15;24,86133;100
100;2;2;24,86133;100
100;2;2;24,86133;100
100;3;15;24,86133;100
100;2;2;24,86133;100
100;3;15;24,86133;100
100;3;15;24,86133;100
100;3;15;24,86133;100
100;3;15;25,19458;100
100;2;2;25,19458;100
100;3;15;25,19458;100
100;3;15;25,19458;100
100;2;2;25,19458;100
100;3;15;25,19458;100
100;2;2;25,19458;100
100;3;15;25,19458;100
100;2;2;25,19458;100
100;2;2;25,19458;100
100;2;2;25,19458;100
100;3;15;25,52783;100
100;2;2;25,52783;100
100;2;2;25,52783;100
100;2;2;25,52783;100
100;3;15;25,52783;100
100;3;15;25,52783;100
100;2;2;25,52783;100
100;3;15;25,52783;100
100;3;15;25,52783;100
100;3;15;25,52783;100
100;2;2;25,86108;100
100;3;15;25,86108;100
100;2;2;25,86108;100
100;3;15;25,86108;100
100;3;15;25,86108;100
100;2;2;25,86108;100
100;2;2;26,19434;100
100;3;15;26,19434;100
100;3;15;26,19434;100
100;2;2;26,19434;100
100;3;15;26,19434;100
100;3;15;26,19434;100
100;3;15;26,19434;100
100;3;15;26,19434;100
100;2;2;26,52759;100
100;2;2;26,52759;100
100;2;2;26,52759;100
100;3;15;26,52759;100
100;2;2;26,52759;100
100;2;2;26,52759;100
100;3;15;26,52759;100
100;3;15;26,52759;100
100;3;15;26,86084;100
100;3;15;26,86084;100
100;2;2;26,86084;100
100;2;2;26,86084;100
100;3;15;26,86084;100
100;3;15;26,86084;100
100;3;15;26,86084;100
100;2;2;27,19409;100
100;3;15;27,19409;100
100;2;2;27,19409;100
100;3;15;27,19409;100
100;2;2;27,19409;100
100;3;15;27,19409;100
100;3;15;27,19409;100
100;3;15;27,19409;100
100;2;2;27,52734;100
100;3;15;27,52734;100
100;2;2;27,52734;100
100;2;2;27,52734;100
100;3;15;27,52734;100
100;2;2;27,52734;100
100;3;15;27,52734;100
100;3;15;27,52734;100
100;2;2;27,52734;100
100;3;15;27,8606;100
100;2;2;27,8606;100
100;2;2;27,8606;100
100;3;15;27,8606;100
100;2;2;27,8606;100
100;3;15;27,8606;100
100;2;2;27,8606;100
100;2;2;28,19385;100
100;3;15;28,19385;100
100;2;2;28,19385;100
100;3;15;28,19385;100
100;2;2;28,19385;100
100;2;2;28,19385;100
100;3;15;28,19385;100
100;2;2;28,19385;100
100;3;15;28,19385;100
100;3;15;28,19385;100
100;2;2;28,5271;100
100;2;2;28,5271;100
100;2;2;28,5271;100
100;3;15;28,5271;100
100;3;15;28,5271;100
100;2;2;28,5271;100
100;3;15;28,5271;100
100;3;15;28,5271;100
100;2;2;28,5271;100
100;2;2;28,5271;100
100;3;15;28,5271;100
100;3;15;28,5271;100
100;3;15;28,86035;100
100;2;2;28,86035;100
100;3;15;28,86035;100
100;3;15;28,86035;100
100;2;2;28,86035;100
100;2;2;28,86035;100
100;2;2;28,86035;100
100;2;2;29,1936;100
100;3;15;29,1936;100
100;2;2;29,1936;100
100;3;15;29,1936;100
100;3;15;29,1936;100
100;3;15;29,1936;100
100;2;2;29,1936;100
100;3;15;29,1936;100
100;2;2;29,52686;100
100;3;15;29,52686;100
100;2;2;29,52686;100
100;2;2;29,52686;100
100;2;2;29,52686;100
100;2;2;29,52686;100
100;3;15;29,52686;100
100;2;2;29,52686;100
100;2;2;29,52686;100
100;3;15;29,86011;100
100;2;2;29,86011;100
100;3;15;29,86011;100
100;2;2;29,86011;100
100;2;2;29,86011;100
100;3;15;29,86011;100
100;3;15;29,86011;100
100;2;2;29,86011;100
100;3;15;29,86011;100
100;2;2;29,86011;100
100;3;15;30,19336;100
100;2;2;30,19336;100
100;2;2;30,19336;100
100;3;15;30,19336;100
100;3;15;30,19336;100
100;2;2;30,19336;100
100;2;2;30,19336;100
100;2;2;30,19336;100
100;3;15;30,19336;100
100;3;15;30,19336;100
100;2;2;30,19336;100
100;2;2;30,19336;100
100;2;2;30,52661;100
100;3;15;30,52661;100
100;2;2;30,52661;100
100;2;2;30,52661;100
100;2;2;30,52661;100
100;3;15;30,52661;100
100;2;2;30,52661;100
100;3;15;30,85986;100
100;2;2;30,85986;100
100;2;2;30,85986;100
100;2;2;30,85986;100
100;2;2;30,85986;100
100;2;2;30,85986;100
100;2;2;30,85986;100
100;3;15;30,85986;100
100;3;15;30,85986;100
100;3;15;30,85986;100
100;2;2;30,85986;100
100;2;2;31,19312;100
100;3;15;31,19312;100
100;3;15;31,19312;100
100;2;2;31,19312;100
100;2;2;31,19312;100
100;2;2;31,19312;100
100;3;15;31,19312;100
100;2;2;31,19312;100
100;2;2;31,19312;100
100;2;2;31,19312;100
100;2;2;31,52637;100
100;2;2;31,52637;100
100;3;15;31,52637;100
100;3;15;31,52637;100
100;2;2;31,52637;100
100;3;15;31,52637;100
100;2;2;31,52637;100
100;2;2;31,52637;100
100;3;15;31,52637;100
100;2;2;31,85962;100
100;3;15;31,85962;100
100;3;15;31,85962;100
100;2;2;31,85962;100
100;3;15;31,85962;100
100;2;2;31,85962;100
100;2;2;31,85962;100
100;3;15;31,85962;100
100;3;15;31,85962;100
100;3;15;31,85962;100
100;2;2;32,19287;100
100;3;15;32,19287;100
100;2;2;32,19287;100
100;2;2;32,19287;100
100;2;2;32,19287;100
100;2;2;32,19287;100
100;3;15;32,19287;100
100;2;2;32,19287;100
100;2;2;32,19287;100
100;2;2;32,19287;100
100;2;2;32,52612;100
100;2;2;32,52612;100
100;3;15;32,52612;100
100;3;15;32,52612;100
100;3;15;32,52612;100
100;2;2;32,52612;100
100;2;2;32,52612;100
100;3;15;32,52612;100
100;2;2;32,52612;100
100;2;2;32,52612;100
100;3;15;32,52612;100
100;3;15;32,85938;100
100;3;15;32,85938;100
100;2;2;32,85938;100
100;3;15;32,85938;100
100;3;15;32,85938;100
100;3;15;32,85938;100
100;3;15;32,85938;100
100;3;15;32,85938;100
100;3;15;32,85938;100
100;2;2;32,85938;100
100;2;2;33,19263;100
100;3;15;33,19263;100
100;3;15;33,19263;100
100;3;15;33,19263;100
100;2;2;33,19263;100
100;3;15;33,19263;100
100;2;2;33,19263;100
100;3;15;33,19263;100
100;2;2;33,52588;100
100;3;15;33,52588;100
100;3;15;33,52588;100
100;3;15;33,52588;100
100;3;15;33,52588;100
100;2;2;33,52588;100
100;3;15;33,52588;100
100;2;2;33,52588;100
100;3;15;33,52588;100
100;2;2;33,52588;100
100;2;2;33,52588;100
100;3;15;33,52588;100
100;3;15;33,85913;100
100;2;2;33,85913;100
100;2;2;33,85913;100
100;3;15;33,85913;100
100;2;2;33,85913;100
100;2;2;33,85913;100
100;3;15;33,85913;100
100;3;15;33,85913;100
100;3;15;33,85913;100
100;2;2;33,85913;100
100;3;15;34,19238;100
100;2;2;34,19238;100
100;2;2;34,19238;100
100;2;2;34,19238;100
100;2;2;34,19238;100
100;2;2;34,19238;100
100;2;2;34,19238;100
100;3;15;34,19238;100
100;3;15;34,19238;100
100;2;2;34,52563;100
100;3;15;34,52563;100
100;2;2;34,52563;100
100;3;15;34,52563;100
100;2;2;34,52563;100
100;2;2;34,52563;100
100;2;2;34,52563;100
100;2;2;34,52563;100
100;3;15;34,52563;100
100;3;15;34,52563;100
100;3;15;34,52563;100
100;2;2;34,85889;100
100;2;2;34,85889;100
100;3;15;34,85889;100
100;2;2;34,85889;100
100;3;15;34,85889;100
100;3;15;34,85889;100
100;3;15;34,85889;100
100;3;15;35,19214;100
100;3;15;35,19214;100
100;2;2;35,19214;100
100;3;15;35,19214;100
100;2;2;35,19214;100
100;2;2;35,19214;100
100;3;15;35,19214;100
100;2;2;35,19214;100
100;3;15;35,52539;100
100;3;15;35,52539;100
100;3;15;35,52539;100
100;2;2;35,52539;100
100;3;15;35,52539;100
100;3;15;35,85864;100
100;2;2;35,85864;100
100;3;15;35,85864;100
100;3;15;35,85864;100
100;2;2;35,85864;100
100;3;15;35,85864;100
100;2;2;35,85864;100
100;2;2;35,85864;100
100;3;15;36,19189;100
100;3;15;36,19189;100
100;3;15;36,19189;100
100;2;2;36,19189;100
100;3;15;36,19189;100
100;2;2;36,19189;100
100;3;15;36,52515;100
100;2;2;36,52515;100
100;2;2;36,52515;100
100;2;2;36,52515;100
100;2;2;36,52515;100
100;3;15;36,52515;100
100;3;15;36,52515;100
100;3;15;36,52515;100
100;2;2;36,52515;100
100;2;2;36,52515;100
100;2;2;36,8584;100
100;2;2;36,8584;100
100;3;15;36,8584;100
100;3;15;36,8584;100
100;2;2;36,8584;100
100;2;2;36,8584;100
100;2;2;36,8584;100
100;3;15;37,19165;100
100;2;2;37,19165;100
100;3;15;37,19165;100
100;3;15;37,19165;100
100;3;15;37,19165;100
100;3;15;37,19165;100
100;3;15;37,19165;100
100;2;2;37,5249;100
100;2;2;37,5249;100
100;3;15;37,5249;100
100;3;15;37,5249;100
100;3;15;37,5249;100
100;2;2;37,5249;100
100;2;2;37,5249;100
100;2;2;37,5249;100
100;2;2;37,5249;100
100;3;15;37,5249;100
100;2;2;37,85815;100
100;3;15;37,85815;100
100;2;2;37,85815;100
100;3;15;37,85815;100
100;2;2;37,85815;100
100;2;2;37,85815;100
100;2;2;37,85815;100
100;3;15;38,19141;100
100;2;2;38,19141;100
100;3;15;38,19141;100
100;2;2;38,19141;100
100;2;2;38,19141;100
100;2;2;38,19141;100
100;3;15;38,19141;100
100;3;15;38,19141;100
100;2;2;38,52466;100
100;2;2;38,52466;100
100;2;2;38,52466;100
100;3;15;38,52466;100
100;3;15;38,52466;100
100;2;2;38,52466;100
100;3;15;38,52466;100
100;3;15;38,52466;100
100;3;15;38,52466;100
100;3;15;38,52466;100
100;3;15;38,85791;100
100;2;2;38,85791;100
100;3;15;38,85791;100
100;2;2;38,85791;100
100;3;15;38,85791;100
100;2;2;38,85791;100
100;2;2;38,85791;100
100;2;2;38,85791;100
100;2;2;38,85791;100
100;3;15;39,19116;100
100;3;15;39,19116;100
100;2;2;39,19116;100
100;3;15;39,19116;100
100;3;15;39,19116;100
100;2;2;39,19116;100
100;2;2;39,19116;100
100;2;2;39,19116;100
100;2;2;39,19116;100
100;2;2;39,19116;100
100;3;15;39,19116;100
100;2;2;39,19116;100
100;2;2;39,19116;100
100;3;15;39,52441;100
100;3;15;39,52441;100
100;2;2;39,52441;100
100;3;15;39,52441;100
100;2;2;39,52441;100
100;2;2;39,52441;100
100;3;15;39,52441;100
100;2;2;39,85767;100
100;2;2;39,85767;100
100;2;2;39,85767;100
100;2;2;39,85767;100
100;2;2;39,85767;100
100;3;15;39,85767;100
100;3;15;39,85767;100
100;3;15;39,85767;100
100;2;2;39,85767;100
100;2;2;40,19092;100
100;3;15;40,19092;100
100;2;2;40,19092;100
100;2;2;40,19092;100
100;3;15;40,19092;100
100;3;15;40,19092;100
100;3;15;40,19092;100
100;3;15;40,19092;100
100;2;2;40,52417;100
100;3;15;40,52417;100
100;2;2;40,52417;100
100;2;2;40,52417;100
100;2;2;40,52417;100
100;3;15;40,52417;100
100;2;2;40,85742;100
100;2;2;40,85742;100
100;3;15;40,85742;100
100;3;15;40,85742;100
100;2;2;40,85742;100
100;2;2;40,85742;100
100;2;2;40,85742;100
100;2;2;40,85742;100
100;2;2;40,85742;100
100;3;15;40,85742;100
100;2;2;40,85742;100
100;3;15;41,19067;100
100;3;15;41,19067;100
100;2;2;41,19067;100
100;3;15;41,19067;100
100;3;15;41,19067;100
100;3;15;41,19067;100
100;3;15;41,19067;100
100;3;15;41,19067;100
100;2;2;41,19067;100
100;2;2;41,19067;100
100;2;2;41,19067;100
100;3;15;41,52393;100
100;2;2;41,52393;100
100;2;2;41,52393;100
100;2;2;41,52393;100
100;3;15;41,52393;100
100;2;2;41,52393;100
100;2;2;41,52393;100
100;3;15;41,52393;100
100;3;15;41,52393;100
100;2;2;41,52393;100
100;2;2;41,52393;100
100;3;15;41,85718;100
100;3;15;41,85718;100
100;2;2;41,85718;100
100;2;2;41,85718;100
100;3;15;41,85718;100
100;3;15;41,85718;100
100;2;2;41,85718;100
100;2;2;41,85718;100
100;3;15;42,19043;100
100;2;2;42,19043;100
100;2;2;42,19043;100
100;3;15;42,19043;100
100;2;2;42,19043;100
100;2;2;42,19043;100
100;2;2;42,19043;100
100;2;2;42,19043;100
100;2;2;42,19043;100
100;2;2;42,19043;100
100;2;2;42,19043;100
100;2;2;42,19043;100
100;3;15;42,19043;100
100;2;2;42,52368;100
100;3;15;42,52368;100
100;3;15;42,52368;100
100;3;15;42,52368;100
100;2;2;42,52368;100
100;2;2;42,85693;100
100;3;15;42,85693;100
100;3;15;42,85693;100
100;3;15;42,85693;100
100;2;2;42,85693;100
100;2;2;42,85693;100
100;2;2;42,85693;100
100;2;2;42,85693;100
100;2;2;43,19019;100
100;3;15;43,19019;100
100;2;2;43,19019;100
100;2;2;43,19019;100
100;3;15;43,19019;100
100;3;15;43,19019;100
100;3;15;43,19019;100
100;2;2;43,19019;100
100;3;15;43,52344;100
100;2;2;43,52344;100
100;2;2;43,52344;100
100;2;2;43,52344;100
100;3;15;43,52344;100
100;3;15;43,52344;100
100;2;2;43,52344;100
100;3;15;43,52344;100
100;2;2;43,52344;100
100;2;2;43,85669;100
100;3;15;43,85669;100
100;2;2;43,85669;100
100;2;2;43,85669;100
100;3;15;43,85669;100
100;2;2;44,18994;100
100;2;2;44,18994;100
100;3;15;44,18994;100
100;2;2;44,18994;100
100;2;2;44,18994;100
100;3;15;44,18994;100
100;2;2;44,52319;100
100;2;2;44,52319;100
100;2;2;44,52319;100
100;2;2;44,52319;100
100;2;2;44,52319;100
100;2;2;44,52319;100
100;3;15;44,85645;100
100;2;2;44,85645;100
100;2;2;44,85645;100
100;3;15;44,85645;100
100;3;15;44,85645;100
100;2;2;44,85645;100
100;2;2;44,85645;100
100;3;15;44,85645;100
100;3;15;44,85645;100
100;3;15;44,85645;100
100;2;2;44,85645;100
100;2;2;44,85645;100
100;3;15;45,1897;100
100;2;2;45,1897;100
100;3;15;45,1897;100
100;3;15;45,1897;100
100;3;15;45,1897;100
100;3;15;45,1897;100
100;3;15;45,1897;100
100;2;2;45,1897;100
100;3;15;45,1897;100
100;3;15;45,1897;100
100;3;15;45,1897;100
100;2;2;45,52295;100
100;3;15;45,52295;100
100;2;2;45,52295;100
100;3;15;45,52295;100
100;2;2;45,52295;100
100;3;15;45,52295;100
100;3;15;45,52295;100
100;2;2;45,52295;100
100;3;15;45,8562;100
100;3;15;45,8562;100
100;2;2;45,8562;100
100;2;2;45,8562;100
100;2;2;45,8562;100
100;2;2;45,8562;100
100;3;15;45,8562;100
100;2;2;45,8562;100
100;3;15;45,8562;100
100;3;15;45,8562;100
100;3;15;46,18945;100
100;3;15;46,18945;100
100;2;2;46,18945;100
100;3;15;46,18945;100
100;2;2;46,18945;100
100;2;2;46,18945;100
100;3;15;46,52271;100
100;3;15;46,52271;100
100;2;2;46,52271;100
100;3;15;46,52271;100
100;3;15;46,52271;100
100;2;2;46,52271;100
100;2;2;46,52271;100
100;3;15;46,52271;100
100;2;2;46,52271;100
100;2;2;46,52271;100
100;3;15;46,85596;100
100;3;15;46,85596;100
100;3;15;46,85596;100
100;3;15;46,85596;100
100;3;15;46,85596;100
100;2;2;46,85596;100
100;3;15;46,85596;100
100;2;2;46,85596;100
100;2;2;47,18921;100
100;2;2;47,18921;100
100;3;15;47,18921;100
100;2;2;47,18921;100
100;2;2;47,18921;100
100;2;2;47,18921;100
100;2;2;47,18921;100
100;3;15;47,18921;100
100;2;2;47,18921;100
100;3;15;47,18921;100
100;2;2;47,18921;100
100;3;15;47,52246;100
100;3;15;47,52246;100
100;2;2;47,52246;100
100;2;2;47,52246;100
100;3;15;47,52246;100
100;2;2;47,52246;100
100;2;2;47,52246;100
100;3;15;47,52246;100
100;3;15;47,85571;100
100;2;2;47,85571;100
100;2;2;47,85571;100
100;2;2;47,85571;100
100;3;15;48,18896;100
100;2;2;48,18896;100
100;3;15;48,18896;100
100;3;15;48,18896;100
100;3;15;48,18896;100
100;2;2;48,18896;100
100;2;2;48,18896;100
100;3;15;48,18896;100
100;3;15;48,18896;100
100;2;2;48,52222;100
100;2;2;48,52222;100
100;2;2;48,52222;100
100;2;2;48,52222;100
100;3;15;48,52222;100
100;3;15;48,52222;100
100;2;2;48,52222;100
100;3;15;48,52222;100
100;2;2;48,52222;100
100;3;15;48,52222;100
100;2;2;48,85547;100
100;3;15;48,85547;100
100;3;15;48,85547;100
100;2;2;48,85547;100
100;2;2;48,85547;100
100;3;15;48,85547;100
100;3;15;48,85547;100
100;2;2;48,85547;100
100;3;15;49,18872;100
100;3;15;49,18872;100
100;2;2;49,18872;100
100;2;2;49,18872;100
100;3;15;49,18872;100
100;3;15;49,18872;100
100;3;15;49,18872;100
100;3;15;49,18872;100
100;2;2;49,18872;100
100;2;2;49,52197;100
100;2;2;49,52197;100
100;2;2;49,52197;100
100;3;15;49,52197;100
100;2;2;49,52197;100
100;2;2;49,52197;100
100;3;15;49,85522;100
100;2;2;49,85522;100
100;3;15;49,85522;100
100;3;15;49,85522;100
100;2;2;49,85522;100
100;3;15;49,85522;100
100;3;15;49,85522;100
100;3;15;50,18848;100
100;2;2;50,18848;100
100;2;2;50,18848;100
100;3;15;50,18848;100
100;3;15;50,18848;100
100;2;2;50,52173;100
100;2;2;50,52173;100
100;2;2;50,52173;100
100;2;2;50,52173;100
100;2;2;50,52173;100
100;2;2;50,52173;100
100;2;2;50,85498;100
100;2;2;50,85498;100
100;2;2;50,85498;100
100;2;2;50,85498;100
100;2;2;50,85498;100
100;2;2;50,85498;100
100;3;15;51,18823;100
100;2;2;51,18823;100
100;2;2;51,18823;100
100;3;15;51,18823;100
100;3;15;51,18823;100
100;2;2;51,18823;100
100;3;15;51,18823;100
100;2;2;51,18823;100
100;2;2;51,18823;100
100;3;15;51,52148;100
100;2;2;51,52148;100
100;2;2;51,52148;100
100;3;15;51,52148;100
100;3;15;51,52148;100
100;3;15;51,52148;100
100;2;2;51,52148;100
100;2;2;51,85474;100
100;2;2;51,85474;100
100;3;15;51,85474;100
100;2;2;51,85474;100
100;3;15;51,85474;100
100;3;15;51,85474;100
100;3;15;51,85474;100
100;2;2;51,85474;100
100;2;2;52,18799;100
100;2;2;52,18799;100
100;2;2;52,18799;100
100;2;2;52,18799;100
100;3;15;52,18799;100
100;2;2;52,18799;100
100;2;2;52,18799;100
100;3;15;52,18799;100
100;2;2;52,18799;100
100;2;2;52,18799;100
100;3;15;52,52124;100
100;3;15;52,52124;100
100;2;2;52,52124;100
100;3;15;52,52124;100
100;3;15;52,52124;100
100;2;2;52,52124;100
100;3;15;52,52124;100
100;2;2;52,52124;100
100;2;2;52,52124;100
100;3;15;52,52124;100
100;3;15;52,52124;100
100;2;2;52,85449;100
100;2;2;52,85449;100
100;3;15;52,85449;100
100;3;15;52,85449;100
100;3;15;52,85449;100
100;3;15;52,85449;100
100;2;2;52,85449;100
100;2;2;52,85449;100
100;3;15;53,18774;100
100;3;15;53,18774;100
100;2;2;53,18774;100
100;3;15;53,18774;100
100;2;2;53,18774;100
100;2;2;53,18774;100
100;3;15;53,18774;100
100;2;2;53,18774;100
100;3;15;53,18774;100
100;3;15;53,18774;100
100;3;15;53,18774;100
100;2;2;53,18774;100
100;3;15;53,18774;100
100;3;15;53,521;100
100;2;2;53,521;100
100;3;15;53,521;100
100;3;15;53,521;100
100;2;2;53,521;100
100;3;15;53,521;100
100;3;15;53,521;100
100;3;15;53,521;100
100;3;15;53,85425;100
100;3;15;53,85425;100
100;3;15;53,85425;100
100;2;2;53,85425;100
100;2;2;53,85425;100
100;2;2;53,85425;100
100;3;15;53,85425;100
100;2;2;54,1875;100
100;3;15;54,1875;100
100;3;15;54,1875;100
100;3;15;54,1875;100
100;3;15;54,1875;100
100;3;15;54,1875;100
100;2;2;54,1875;100
100;2;2;54,1875;100
100;2;2;54,1875;100
100;3;15;54,52075;100
100;3;15;54,52075;100
100;3;15;54,52075;100
100;3;15;54,52075;100
100;3;15;54,52075;100
100;3;15;54,52075;100
100;2;2;54,52075;100
100;2;2;54,854;100
100;2;2;54,854;100
100;3;15;54,854;100
100;3;15;54,854;100
100;2;2;54,854;100
100;3;15;54,854;100
100;3;15;54,854;100
100;2;2;54,854;100
100;2;2;55,18726;100
100;3;15;55,18726;100
100;3;15;55,18726;100
100;3;15;55,18726;100
100;3;15;55,18726;100
100;2;2;55,18726;100
100;3;15;55,18726;100
100;3;15;55,18726;100
100;2;2;55,18726;100
100;2;2;55,18726;100
100;2;2;55,52051;100
100;3;15;55,52051;100
100;2;2;55,85376;100
100;3;15;55,85376;100
100;3;15;55,85376;100
100;2;2;55,85376;100
100;3;15;55,85376;100
100;2;2;55,85376;100
100;2;2;55,85376;100
100;2;2;56,18701;100
100;3;15;56,18701;100
100;2;2;56,18701;100
100;3;15;56,18701;100
100;3;15;56,18701;100
100;3;15;56,18701;100
100;2;2;56,18701;100
100;2;2;56,18701;100
100;3;15;56,18701;100
100;2;2;56,18701;100
100;2;2;56,18701;100
100;2;2;56,52026;100
100;3;15;56,52026;100
100;2;2;56,52026;100
100;3;15;56,52026;100
100;2;2;56,52026;100
100;2;2;56,85352;100
100;3;15;56,85352;100
100;2;2;56,85352;100
100;3;15;56,85352;100
100;3;15;56,85352;100
100;3;15;56,85352;100
100;2;2;56,85352;100
100;2;2;57,18677;100
100;3;15;57,18677;100
100;2;2;57,18677;100
100;2;2;57,18677;100
100;2;2;57,18677;100
100;3;15;57,18677;100
100;3;15;57,18677;100
100;2;2;57,18677;100
100;3;15;57,52002;100
100;3;15;57,52002;100
100;2;2;57,52002;100
100;3;15;57,52002;100
100;3;15;57,52002;100
100;2;2;57,52002;100
100;2;2;57,52002;100
100;3;15;57,52002;100
100;3;15;57,52002;100
100;3;15;57,85327;100
100;3;15;57,85327;100
100;2;2;57,85327;100
100;2;2;57,85327;100
100;3;15;57,85327;100
100;3;15;57,85327;100
100;3;15;57,85327;100
100;2;2;57,85327;100
100;2;2;57,85327;100
100;2;2;57,85327;100
100;2;2;58,18652;100
100;2;2;58,18652;100
100;3;15;58,18652;100
100;3;15;58,18652;100
100;3;15;58,18652;100
100;2;2;58,18652;100
100;3;15;58,18652;100
100;2;2;58,18652;100
100;3;15;58,18652;100
100;2;2;58,18652;100
100;2;2;58,51978;100
100;3;15;58,51978;100
100;3;15;58,51978;100
100;3;15;58,51978;100
100;2;2;58,51978;100
100;3;15;58,51978;100
100;2;2;58,51978;100
100;3;15;58,51978;100
100;3;15;58,85303;100
100;3;15;58,85303;100
100;2;2;58,85303;100
100;3;15;58,85303;100
100;2;2;58,85303;100
100;2;2;58,85303;100
100;2;2;58,85303;100
100;3;15;58,85303;100
100;2;2;58,85303;100
100;2;2;59,18628;100
100;3;15;59,18628;100
100;3;15;59,18628;100
100;2;2;59,18628;100
100;2;2;59,18628;100
100;2;2;59,18628;100
100;3;15;59,18628;100
100;2;2;59,51953;100
100;2;2;59,51953;100
100;2;2;59,51953;100
100;2;2;59,51953;100
100;2;2;59,51953;100
100;2;2;59,51953;100
100;2;2;59,51953;100
100;3;15;59,51953;100
100;3;15;59,85278;100
100;2;2;59,85278;100
100;3;15;59,85278;100
100;3;15;59,85278;100
100;2;2;59,85278;100
100;2;2;59,85278;100
100;3;15;59,85278;100
100;3;15;59,85278;100
100;3;15;59,85278;100
100;2;2;59,85278;100
100;2;2;0,1860352;100
100;3;15;0,1860352;100
100;2;2;0,1860352;100
100;2;2;0,1860352;100
100;3;15;0,1860352;100
100;3;15;0,1860352;100
100;2;2;0,1860352;100
100;2;2;0,1860352;100
100;2;2;0,1860352;100
100;3;15;0,5192871;100
100;2;2;0,5192871;100
100;2;2;0,5192871;100
100;3;15;0,5192871;100
100;2;2;0,5192871;100
100;3;15;0,5192871;100
100;3;15;0,5192871;100
100;3;15;0,8525391;100
100;2;2;0,8525391;100
100;2;2;0,8525391;100
100;2;2;0,8525391;100
100;3;15;0,8525391;100
100;2;2;0,8525391;100
100;2;2;0,8525391;100
100;3;15;0,8525391;100
100;3;15;1,185791;100
100;2;2;1,185791;100
100;2;2;1,185791;100
100;3;15;1,185791;100
100;3;15;1,185791;100
100;2;2;1,185791;100
100;2;2;1,185791;100
100;2;2;1,185791;100
100;3;15;1,185791;100
100;3;15;1,519043;100
100;2;2;1,519043;100
100;2;2;1,519043;100
100;3;15;1,519043;100
100;3;15;1,519043;100
100;3;15;1,519043;100
100;3;15;1,519043;100
100;3;15;1,519043;100
100;2;2;1,519043;100
100;2;2;1,519043;100
100;2;2;1,519043;100
100;2;2;1,852295;100
100;3;15;1,852295;100
100;3;15;1,852295;100
100;2;2;1,852295;100
100;3;15;1,852295;100
100;2;2;1,852295;100
100;3;15;2,185547;100
100;3;15;2,185547;100
100;3;15;2,185547;100
100;3;15;2,185547;100
100;3;15;2,185547;100
100;2;2;2,185547;100
100;3;15;2,185547;100
100;3;15;2,518799;100
100;3;15;2,518799;100
100;2;2;2,518799;100
100;3;15;2,518799;100
100;2;2;2,518799;100
100;2;2;2,518799;100
100;3;15;2,852051;100
100;2;2;2,852051;100
100;3;15;2,852051;100
100;3;15;2,852051;100
100;2;2;2,852051;100
100;3;15;2,852051;100
100;3;15;2,852051;100
100;2;2;3,185303;100
100;2;2;3,185303;100
100;2;2;3,185303;100
100;2;2;3,185303;100
100;2;2;3,185303;100
100;2;2;3,185303;100
100;2;2;3,185303;100
100;2;2;3,518555;100
100;3;15;3,518555;100
100;3;15;3,518555;100
100;3;15;3,518555;100
100;2;2;3,518555;100
100;3;15;3,518555;100
100;2;2;3,518555;100
100;2;2;3,518555;100
100;2;2;3,518555;100
100;2;2;3,851807;100
100;2;2;3,851807;100
100;3;15;3,851807;100
100;2;2;3,851807;100
100;3;15;3,851807;100
100;2;2;3,851807;100
100;2;2;3,851807;100
100;3;15;4,185059;100
100;3;15;4,185059;100
100;3;15;4,185059;100
100;3;15;4,185059;100
100;2;2;4,185059;100
100;2;2;4,185059;100
100;2;2;4,185059;100
100;3;15;4,185059;100
100;2;2;4,185059;100
100;3;15;4,185059;100
100;2;2;4,185059;100
100;3;15;4,518311;100
100;3;15;4,518311;100
100;3;15;4,518311;100
100;2;2;4,518311;100
100;3;15;4,518311;100
100;3;15;4,518311;100
100;3;15;4,518311;100
100;2;2;4,518311;100
100;3;15;4,518311;100
100;3;15;4,851563;100
100;3;15;4,851563;100
100;3;15;4,851563;100
100;3;15;4,851563;100
100;2;2;4,851563;100
100;2;2;4,851563;100
100;3;15;5,184814;100
100;2;2;5,184814;100
100;2;2;5,184814;100
100;2;2;5,184814;100
100;3;15;5,184814;100
100;2;2;5,184814;100
100;3;15;5,184814;100
100;2;2;5,184814;100
100;3;15;5,184814;100
100;3;15;5,184814;100
100;3;15;5,184814;100
100;3;15;5,518066;100
100;3;15;5,518066;100
100;2;2;5,518066;100
100;2;2;5,518066;100
100;3;15;5,518066;100
100;3;15;5,518066;100
100;3;15;5,518066;100
100;2;2;5,518066;100
100;3;15;5,851318;100
100;3;15;5,851318;100
100;3;15;5,851318;100
100;2;2;5,851318;100
100;2;2;5,851318;100
100;3;15;5,851318;100
100;3;15;5,851318;100
100;2;2;5,851318;100
100;2;2;6,18457;100
100;3;15;6,18457;100
100;2;2;6,18457;100
100;2;2;6,18457;100
100;2;2;6,18457;100
100;2;2;6,18457;100
100;3;15;6,18457;100
100;2;2;6,18457;100
100;2;2;6,18457;100
100;2;2;6,517822;100
100;2;2;6,517822;100
100;3;15;6,517822;100
100;3;15;6,517822;100
100;2;2;6,517822;100
100;2;2;6,517822;100
100;3;15;6,517822;100
100;2;2;6,517822;100
100;2;2;6,517822;100
100;2;2;6,517822;100
100;2;2;6,517822;100
100;2;2;6,517822;100
100;2;2;6,851074;100
100;2;2;6,851074;100
100;2;2;6,851074;100
100;2;2;6,851074;100
100;3;15;6,851074;100
100;2;2;6,851074;100
100;3;15;6,851074;100
100;3;15;6,851074;100
100;3;15;6,851074;100
100;2;2;7,184326;100
100;3;15;7,184326;100
100;3;15;7,184326;100
100;2;2;7,184326;100
100;3;15;7,184326;100
100;3;15;7,184326;100
100;3;15;7,184326;100
100;3;15;7,184326;100
100;2;2;7,517578;100
100;3;15;7,517578;100
100;3;15;7,517578;100
100;3;15;7,517578;100
100;2;2;7,517578;100
100;3;15;7,517578;100
100;3;15;7,517578;100
100;2;2;7,85083;100
100;2;2;7,85083;100
100;3;15;7,85083;100
100;2;2;7,85083;100
100;2;2;7,85083;100
100;3;15;8,184082;100
100;3;15;8,184082;100
100;2;2;8,184082;100
100;3;15;8,184082;100
100;3;15;8,184082;100
100;3;15;8,184082;100
100;2;2;8,184082;100
100;2;2;8,184082;100
100;2;2;8,184082;100
100;2;2;8,184082;100
100;3;15;8,184082;100
100;3;15;8,184082;100
100;3;15;8,517334;100
100;3;15;8,517334;100
100;3;15;8,517334;100
100;3;15;8,517334;100
100;2;2;8,517334;100
100;3;15;8,517334;100
100;3;15;8,517334;100
100;3;15;8,517334;100
100;2;2;8,517334;100
100;2;2;8,850586;100
100;2;2;8,850586;100
100;3;15;8,850586;100
100;2;2;8,850586;100
100;2;2;8,850586;100
100;2;2;8,850586;100
100;2;2;8,850586;100
100;2;2;8,850586;100
100;3;15;8,850586;100
100;3;15;9,183838;100
100;2;2;9,183838;100
100;2;2;9,183838;100
100;2;2;9,183838;100
100;2;2;9,183838;100
100;2;2;9,183838;100
100;2;2;9,183838;100
100;3;15;9,183838;100
100;3;15;9,183838;100
100;3;15;9,183838;100
100;2;2;9,183838;100
100;2;2;9,183838;100
100;3;15;9,183838;100
100;2;2;9,51709;100
100;2;2;9,51709;100
100;3;15;9,51709;100
100;3;15;9,51709;100
100;3;15;9,51709;100
100;2;2;9,51709;100
100;2;2;9,51709;100
100;2;2;9,51709;100
100;2;2;9,850342;100
100;3;15;9,850342;100
100;3;15;9,850342;100
100;2;2;9,850342;100
100;3;15;9,850342;100
100;2;2;9,850342;100
100;2;2;9,850342;100
100;2;2;10,18359;100
100;2;2;10,18359;100
100;2;2;10,18359;100
100;2;2;10,18359;100
100;3;15;10,18359;100
100;3;15;10,18359;100
100;2;2;10,18359;100
100;3;15;10,18359;100
100;2;2;10,18359;100
100;2;2;10,51685;100
100;2;2;10,51685;100
100;3;15;10,51685;100
100;3;15;10,51685;100
100;3;15;10,51685;100
100;3;15;10,51685;100
100;3;15;10,51685;100
100;2;2;10,51685;100
100;3;15;10,51685;100
100;3;15;10,8501;100
100;3;15;10,8501;100
100;2;2;10,8501;100
100;3;15;10,8501;100
100;2;2;10,8501;100
100;2;2;10,8501;100
100;3;15;11,18335;100
100;2;2;11,18335;100
100;2;2;11,18335;100
100;3;15;11,18335;100
100;3;15;11,18335;100
100;2;2;11,18335;100
100;2;2;11,18335;100
100;3;15;11,5166;100
100;2;2;11,5166;100
100;3;15;11,5166;100
100;3;15;11,5166;100
100;2;2;11,5166;100
100;3;15;11,5166;100
100;3;15;11,5166;100
100;3;15;11,84985;100
100;2;2;11,84985;100
100;2;2;11,84985;100
100;2;2;11,84985;100
100;2;2;11,84985;100
100;3;15;11,84985;100
100;2;2;11,84985;100
100;3;15;12,18311;100
100;3;15;12,18311;100
100;2;2;12,18311;100
100;2;2;12,18311;100
100;3;15;12,18311;100
100;3;15;12,18311;100
100;3;15;12,18311;100
100;3;15;12,18311;100
100;2;2;12,18311;100
100;3;15;12,18311;100
100;3;15;12,18311;100
100;3;15;12,51636;100
100;3;15;12,51636;100
100;2;2;12,51636;100
100;2;2;12,51636;100
100;3;15;12,51636;100
100;2;2;12,51636;100
100;3;15;12,51636;100
100;3;15;12,51636;100
100;2;2;12,51636;100
100;2;2;12,51636;100
100;3;15;12,84961;100
100;2;2;12,84961;100
100;3;15;12,84961;100
100;3;15;12,84961;100
100;3;15;12,84961;100
100;3;15;12,84961;100
100;3;15;12,84961;100
100;2;2;12,84961;100
100;3;15;12,84961;100
100;3;15;12,84961;100
100;3;15;12,84961;100
100;2;2;12,84961;100
100;3;15;12,84961;100
100;3;15;13,18286;100
100;3;15;13,18286;100
100;3;15;13,18286;100
100;3;15;13,18286;100
100;3;15;13,18286;100
100;2;2;13,18286;100
100;2;2;13,18286;100
100;2;2;13,18286;100
100;2;2;13,18286;100
100;3;15;13,18286;100
100;2;2;13,51611;100
100;2;2;13,51611;100
100;3;15;13,51611;100
100;2;2;13,51611;100
100;2;2;13,51611;100
100;3;15;13,51611;100
100;3;15;13,51611;100
100;3;15;13,51611;100
100;2;2;13,51611;100
100;2;2;13,84937;100
100;3;15;13,84937;100
100;2;2;13,84937;100
100;3;15;13,84937;100
100;3;15;13,84937;100
100;3;15;13,84937;100
100;2;2;13,84937;100
100;3;15;13,84937;100
100;2;2;14,18262;100
100;3;15;14,18262;100
100;3;15;14,18262;100
100;3;15;14,18262;100
100;3;15;14,18262;100
100;2;2;14,18262;100
100;3;15;14,18262;100
100;2;2;14,18262;100
100;2;2;14,18262;100
100;3;15;14,51587;100
100;2;2;14,51587;100
100;2;2;14,51587;100
100;3;15;14,51587;100
100;2;2;14,51587;100
100;3;15;14,51587;100
100;3;15;14,84912;100
100;3;15;14,84912;100
100;2;2;14,84912;100
100;3;15;14,84912;100
100;2;2;14,84912;100
100;3;15;15,18237;100
100;3;15;15,18237;100
100;3;15;15,18237;100
100;2;2;15,18237;100
100;2;2;15,18237;100
100;3;15;15,18237;100
100;2;2;15,18237;100
100;3;15;15,51563;100
100;2;2;15,51563;100
100;2;2;15,51563;100
100;3;15;15,51563;100
100;2;2;15,51563;100
100;2;2;15,51563;100
100;3;15;15,51563;100
100;2;2;15,51563;100
100;2;2;15,51563;100
100;3;15;15,84888;100
100;3;15;15,84888;100
100;2;2;15,84888;100
100;3;15;15,84888;100
100;3;15;15,84888;100
100;2;2;15,84888;100
100;2;2;15,84888;100
100;3;15;15,84888;100
100;2;2;16,18213;100
100;3;15;16,18213;100
100;3;15;16,18213;100
100;3;15;16,18213;100
100;3;15;16,18213;100
100;3;15;16,18213;100
100;2;2;16,18213;100
100;3;15;16,18213;100
100;2;2;16,18213;100
100;3;15;16,51538;100
100;3;15;16,51538;100
100;3;15;16,51538;100
100;2;2;16,51538;100
100;3;15;16,51538;100
100;2;2;16,51538;100
100;3;15;16,51538;100
100;3;15;16,51538;100
100;3;15;16,51538;100
100;3;15;16,84863;85
100;2;2;16,84863;85
100;3;15;16,84863;70
100;3;15;16,84863;55
100;3;15;16,84863;40
100;3;15;16,84863;25
100;2;2;16,84863;25
100;3;15;17,18188;10
100;3;15;17,18188;10
100;3;15;17,18188;10
100;2;2;17,18188;10
100;2;2;17,18188;10
100;3;15;17,18188;10
100;3;15;17,18188;10
100;3;15;17,18188;10
100;3;15;17,51514;10
100;3;15;17,51514;-5
Player