100;2;2;0;100
100;2;2;0;100
100;1;3;0;100
100;1;3;0;100
100;1;3;0;100
100;1;3;0;100
100;2;2;0,3333333;100
100;2;2;0;100
100;1;3;0;100
100;2;2;0;100
100;1;3;0;100
100;1;3;0;100
100;2;2;0;100
100;2;2;0;100
100;1;3;0,3333333;100
100;2;2;0;100
100;2;2;0;100
100;2;2;0;100
100;1;3;0;100
100;2;2;0,3333333;100
100;1;3;0;100
100;1;3;0;100
100;1;3;0;100
100;2;2;0;100
100;1;3;0;100
100;1;3;0;100
100;2;2;0;100
100;2;2;0;100
100;1;3;0;100
100;2;2;0,3333333;100
100;2;2;0;100
100;1;3;0;100
100;2;2;0;100
100;1;3;0;100
100;1;3;0,3333333;100
100;2;2;0;100
100;2;2;0;100
100;1;3;0;100
100;2;2;0;100
100;2;2;0;100
100;2;2;0;100
100;2;2;0,3333333;100
100;1;3;0;100
100;1;3;0;100
100;2;2;0;100
100;2;2;0;100
100;2;2;0;100
100;1;3;0;100
100;1;3;0;100
100;2;2;0;100
100;2;2;0;100
100;2;2;0,3333333;100
100;1;3;0;100
100;2;2;0;100
100;1;3;0;100
100;1;3;0;100
100;1;3;0;100
100;2;2;0;100
100;2;2;0;100
100;1;3;0,3333333;100
100;1;3;0;100
100;1;3;0;100
100;2;2;0;100
100;1;3;0;100
100;1;3;0,3333333;100
100;2;2;0;100
100;1;3;0;100
100;2;2;0,3333333;100
100;2;2;0;100
100;2;2;0;100
100;1;3;0;100
100;1;3;0;100
100;2;2;0;100
100;2;2;0;100
100;2;2;0;100
100;1;3;0;100
100;1;3;0,3333333;100
100;1;3;0;100
100;1;3;0;100
100;2;2;0;100
100;2;2;0;100
100;1;3;0;100
100;1;3;0;100
100;1;3;0,3333333;100
100;1;3;0;100
100;2;2;0;100
100;2;2;0;100
100;1;3;0;100
100;2;2;0;100
100;2;2;0;100
100;2;2;0;100
100;2;2;0;100
100;2;2;0;100
100;2;2;0,3333333;100
100;2;2;0;100
100;2;2;0;100
100;1;3;0;100
100;2;2;0;100
100;1;3;0;100
100;1;3;0;100
100;1;3;0,3333333;100
100;2;2;0;100
100;2;2;0;100
100;1;3;0;100
100;2;2;0;100
100;2;2;0;100
100;1;3;0;100
100;2;2;0;100
100;1;3;0,3333333;100
100;2;2;0;100
100;2;2;0;100
100;1;3;0;100
100;1;3;0;100
100;1;3;0;100
100;1;3;0,3333333;100
100;1;3;0;100
100;1;3;0;100
100;1;3;0;100
100;1;3;0;100
100;2;2;0;100
100;2;2;0,3333333;100
100;2;2;0;100
100;1;3;0;100
100;1;3;0;100
100;1;3;0;100
100;1;3;0;100
100;2;2;0;100
100;2;2;0;100
100;1;3;0,3333333;100
100;2;2;0;98
100;1;3;0;98
100;1;3;0;98
100;1;3;0;98
100;1;3;0;98
100;1;3;0;98
100;2;2;0;96
100;2;2;0,3333333;94
100;2;2;0;92
100;1;3;0;92
100;2;2;0;90
100;1;3;0;90
100;1;3;0;90
100;1;3;0,3333333;90
100;1;3;0;90
100;1;3;0;90
100;2;2;0;88
100;2;2;0;86
100;2;2;0,3333333;84
100;2;2;0;82
100;2;2;0;80
100;1;3;0;77
100;2;2;0;75
100;1;3;0;72
100;2;2;0;70
100;1;3;0;67
96;1;3;0,3333333;64
96;2;2;0;62
96;2;2;0;60
96;1;3;0;57
96;2;2;0;55
96;2;2;0;53
96;2;2;0;51
96;1;3;0;48
96;1;3;0;45
96;2;2;0,3333333;43
96;2;2;0;41
96;1;3;0;38
96;1;3;0;35
96;1;3;0;32
96;2;2;0;30
96;2;2;0;28
96;2;2;0;26
96;1;3;0;23
96;2;2;0,3333333;21
96;1;3;0;18
96;2;2;0;16
96;2;2;0;14
96;2;2;0;12
96;1;3;0;9
96;1;3;0;6
96;2;2;0;4
96;2;2;0;2
96;1;3;0,3333333;-1
Player